0,83.5,43.995,37.361,32.216,43.957,46.069,40.833,48.497,38.115,38.461,33.925,40.197,34.405,46.767,32.885,38.11,30.493,30.212,31.378,38.231,32.372,38.342,23.18,29.436,33.682,26.95,23.148,20.65,24.181,17.628,22.383,22.731,15.752,21.877,24.678,25.636,47.641,43.919,37.361,37.361,36.914,45.572,44.583,43.357,35.239,37.324,29.812,44.247,40.519,39.309,39.471,43.423,35.445,35.059,33.597,33.489,32.307,30.287,33.543,36.641,29.751,29.112,29.73,29.751,26.892,21.784,16.686,14.922,14.85,14.046,14.046,25.644,2.844,5.476,2.546,25.644,24.678,29,35.134,36.646,37.361,24.678,21.083,21.083,21.745,21.833,24.66,26.094,31.238,30.648,27.422,51.457
83.5,0,71.751,64.262,56.902,97.673,99.785,94.549,71.351,85.319,85.665,87.641,93.913,88.121,73.343,86.601,79.493,86.055,85.964,80.061,62.94,79.875,63.028,85.754,74.537,88.817,70.048,69.27,83.224,64.282,80.346,67.18,67.704,81.182,68.991,71.003,71.961,70.495,70.495,64.19,64.412,65.766,69.163,69.163,71.113,79.051,78.707,71.195,97.963,94.235,93.025,93.187,97.139,89.161,88.775,87.313,87.205,86.023,84.003,80.747,83.845,84.539,85.281,85.482,85.313,83.087,84.358,79.26,77.496,77.568,78.372,79.476,80.238,77.812,84.268,78.408,70.338,61.224,56.902,24.183,61.332,62.07,68.197,68.197,67.38,66.718,66.63,67.758,71.195,78.741,79.331,82.557,105.17
43.995,71.751,0,12.303,19.663,37.359,31.866,34.235,15.722,25.005,25.351,27.327,33.599,27.807,17.714,26.287,19.523,16.495,16.235,22.459,15.365,23.453,16.929,24.477,25.797,24.763,29.203,25.401,32.143,29.711,32.793,32.609,33.133,33.629,34.949,37.677,38.635,14.866,14.866,12.375,12.153,12.153,12.153,18.737,0.319,18.737,18.737,18.737,29.22,33.921,32.711,32.873,29.22,28.847,28.461,26.999,26.891,25.709,23.689,20.433,23.531,24.225,15.753,15.753,15.753,17.973,23.081,28.179,29.943,30.015,30.819,31.923,33.889,38.307,44.763,38.903,36.315,27.201,22.879,23.385,15.233,14.495,34.871,34.155,32.809,32.147,32.059,26.913,22.455,22.319,21.729,18.503,36.43
37.361,64.262,12.303,0,18.407,38.225,40.337,35.101,11.975,25.871,26.217,28.193,34.465,28.673,13.967,27.153,20.389,26.607,26.665,27.14,14.109,27.544,15.673,31.237,22.449,32.67,21.397,19.107,33.061,19.107,30.183,22.005,22.529,30.018,24.263,26.275,27.233,11.119,11.119,11.119,11.119,9.715,9.715,9.715,11.665,19.603,19.603,16.817,38.515,34.787,33.577,33.739,37.691,29.713,29.327,27.865,27.757,26.575,24.555,21.299,24.397,25.091,26.399,26.183,25.865,26.41,29.841,29.097,27.333,27.405,28.209,28.312,28.312,31.673,38.129,32.269,26.414,19.107,15.896,15.896,13.977,13.239,23.469,23.469,22.205,21.543,21.455,19.107,19.107,26.41,26.41,26.41,45.725
32.216,56.902,19.663,18.407,0,45.585,47.697,42.461,19.263,33.231,33.577,35.553,41.825,36.033,21.255,34.513,27.405,33.967,33.876,27.973,19.977,27.787,20.803,34.497,22.449,36.729,21.397,19.107,33.061,15.916,30.183,18.814,19.338,29.856,16.903,18.915,19.873,18.407,18.407,19.107,18.407,17.075,17.075,17.075,19.025,26.963,26.619,19.107,45.875,42.147,40.937,41.099,45.051,37.073,36.687,35.225,35.117,33.935,31.915,28.659,31.757,32.451,33.193,33.394,33.225,30.999,33.101,29.097,27.333,27.405,28.15,28.15,28.15,26.528,32.984,27.124,19.054,12.858,8.536,8.536,19.107,19.107,16.109,16.109,19.014,18.352,18.264,19.107,19.107,26.653,27.243,30.469,53.085
43.957,97.673,37.359,38.225,45.585,0,13.784,6.95,41.824,36.061,36.407,5.344,7.018,5.692,43.816,6.114,32.275,16.457,16.197,22.421,41.287,23.415,42.851,24.439,33.169,24.725,36.575,32.773,32.105,37.761,32.755,40.659,41.183,33.591,42.999,45.879,46.837,40.968,40.968,38.297,38.075,36.721,38.075,36.721,36.721,31.489,31.489,31.489,11.138,2.929,2.324,2.243,11.138,4.256,4.449,5.18,5.234,5.825,6.835,31.489,34.587,31.489,15.715,15.715,15.715,17.935,23.043,28.141,29.905,29.977,30.781,31.885,33.851,38.269,44.725,38.865,45.743,40.819,45.141,49.307,41.155,40.417,43.073,42.205,40.859,40.197,40.109,34.285,29.827,22.281,21.691,18.465,18.348
46.069,99.785,31.866,40.337,47.697,13.784,0,18.388,38.718,25.986,26.332,15.176,18.524,15.872,44.432,16.716,27.396,18.569,18.309,24.533,43.399,25.527,44.963,26.551,35.281,26.837,38.687,34.885,34.217,39.873,34.867,42.771,43.295,35.703,45.111,47.991,48.949,37.862,41.584,40.409,40.187,38.833,34.532,33.178,31.228,23.11,26.61,33.601,7.926,7.926,9.136,9.298,1.323,13,13.386,14.848,14.956,16.138,18.158,21.414,24.512,18.694,17.827,17.827,17.827,20.047,25.155,30.253,32.017,32.089,32.893,33.997,35.963,40.381,46.837,40.977,47.855,42.931,47.253,51.419,43.267,42.529,45.185,44.317,42.971,42.309,42.221,36.397,31.939,24.393,23.803,20.577,15.136
40.833,94.549,34.235,35.101,42.461,6.95,18.388,0,38.7,32.937,33.283,3.782,5.456,4.13,40.692,4.552,29.151,13.333,13.073,19.297,38.163,20.291,39.727,21.315,30.045,21.601,33.451,29.649,28.981,34.637,29.631,37.535,38.059,30.467,39.875,42.755,43.713,37.844,37.844,35.173,34.951,33.597,34.951,33.597,33.597,28.365,28.365,28.365,15.742,5.231,4.626,4.707,15.742,2.694,2.887,3.618,3.672,4.263,5.273,28.365,31.463,28.365,12.591,12.591,12.591,14.811,19.919,25.017,26.781,26.853,27.657,28.761,30.727,35.145,41.601,35.741,42.619,37.695,42.017,46.183,38.031,37.293,39.949,39.081,37.735,37.073,36.985,31.161,26.703,19.157,18.567,15.341,22.952
48.497,71.351,15.722,11.975,19.263,41.824,38.718,38.7,0,29.47,29.816,31.792,38.064,32.272,14.823,30.752,24.003,23.347,23.087,29.311,14.965,30.305,16.529,31.329,27.296,31.615,30.702,26.9,38.995,29.859,37.976,32.757,33.281,38.812,35.097,37.339,38.297,0.428,11.975,11.975,11.975,13.134,11.975,13.134,15.084,23.202,23.217,20.236,36.072,38.386,37.176,37.338,36.072,33.312,32.926,31.464,31.356,30.174,28.154,24.898,27.996,28.69,22.605,22.605,22.605,24.825,29.933,35.031,35.126,35.198,36.002,37.106,39.072,42.809,49.265,43.405,35.915,26.801,22.479,22.985,14.833,14.095,34.533,34.303,32.957,32.295,32.207,28.412,23.954,29.171,28.581,25.355,43.282
38.115,85.319,25.005,25.871,33.231,36.061,25.986,32.937,29.47,0,1.647,26.029,32.301,26.509,31.462,24.989,23.177,10.615,10.355,16.579,28.933,17.573,30.497,18.597,25.733,18.883,29.139,25.337,26.263,30.325,26.913,33.223,33.747,27.749,35.239,37.251,38.209,28.614,28.614,25.943,25.721,24.367,25.721,24.367,24.367,22.391,22.391,22.391,23.34,32.623,31.413,31.575,23.34,27.549,27.163,25.701,25.593,24.411,22.391,2.286,0.737,22.391,9.873,9.873,9.873,12.093,17.201,22.299,24.063,24.135,24.939,26.043,28.009,32.427,38.883,33.023,39.746,33.383,36.372,36.953,28.801,28.063,34.445,34.445,33.423,32.761,32.673,26.849,22.391,16.439,15.849,12.623,30.55
38.461,85.665,25.351,26.217,33.577,36.407,26.332,33.283,29.816,1.647,0,26.375,32.647,26.855,31.808,25.335,23.523,10.961,10.701,16.925,29.279,17.919,30.843,18.943,26.079,19.229,29.485,25.683,26.609,30.671,27.259,33.569,34.093,28.095,35.585,37.597,38.555,28.96,28.96,26.289,26.067,24.713,26.067,24.713,24.713,22.737,22.737,22.737,23.686,32.969,31.759,31.921,23.686,27.895,27.509,26.047,25.939,24.757,22.737,2.459,0.91,22.737,10.219,10.219,10.219,12.439,17.547,22.645,24.409,24.481,25.285,26.389,28.355,32.773,39.229,33.369,40.092,33.729,36.718,37.299,29.147,28.409,34.791,34.791,33.769,33.107,33.019,27.195,22.737,16.785,16.195,12.969,30.896
33.925,87.641,27.327,28.193,35.553,5.344,15.176,3.782,31.792,26.029,26.375,0,3.464,0.676,33.784,1.098,22.243,6.425,6.165,12.389,31.255,13.383,32.819,14.407,23.137,14.693,26.543,22.741,22.073,27.729,22.723,30.627,31.151,23.559,32.967,35.847,36.805,30.936,30.936,28.265,28.043,26.689,28.043,26.689,26.689,21.457,21.457,21.457,12.53,3.625,3.02,3.101,12.53,1.088,0.895,0.164,0.218,0.809,1.819,21.457,24.555,21.457,5.683,5.683,5.683,7.903,13.011,18.109,19.873,19.945,20.749,21.853,23.819,28.237,34.693,28.833,35.711,30.787,35.109,39.275,31.123,30.385,33.041,32.173,30.827,30.165,30.077,24.253,19.795,12.249,11.659,8.433,19.74
40.197,93.913,33.599,34.465,41.825,7.018,18.524,5.456,38.064,32.301,32.647,3.464,0,3.812,40.056,4.234,28.515,12.697,12.437,18.661,37.527,19.655,39.091,20.679,29.409,20.965,32.815,29.013,28.345,34.001,28.995,36.899,37.423,29.831,39.239,42.119,43.077,37.208,37.208,34.537,34.315,32.961,34.315,32.961,32.961,27.729,27.729,27.729,15.878,5.299,4.694,4.775,15.878,2.762,2.569,3.3,3.354,3.945,4.955,27.729,30.827,27.729,11.955,11.955,11.955,14.175,19.283,24.381,26.145,26.217,27.021,28.125,30.091,34.509,40.965,35.105,41.983,37.059,41.381,45.547,37.395,36.657,39.313,38.445,37.099,36.437,36.349,30.525,26.067,18.521,17.931,14.705,23.088
34.405,88.121,27.807,28.673,36.033,5.692,15.872,4.13,32.272,26.509,26.855,0.676,3.812,0,34.264,1.338,22.723,6.905,6.645,12.869,31.735,13.863,33.299,14.887,23.617,15.173,27.023,23.221,22.553,28.209,23.203,31.107,31.631,24.039,33.447,36.327,37.285,31.416,31.416,28.745,28.523,27.169,28.523,27.169,27.169,21.937,21.937,21.937,13.226,3.973,3.368,3.449,13.226,1.436,1.243,0.512,0.458,1.049,2.059,21.937,25.035,21.937,6.163,6.163,6.163,8.383,13.491,18.589,20.353,20.425,21.229,22.333,24.299,28.717,35.173,29.313,36.191,31.267,35.589,39.755,31.603,30.865,33.521,32.653,31.307,30.645,30.557,24.733,20.275,12.729,12.139,8.913,20.436
46.767,73.343,17.714,13.967,21.255,43.816,44.432,40.692,14.823,31.462,31.808,33.784,40.056,34.264,0,32.744,25.995,29.061,28.801,32.746,16.957,33.15,18.521,37.043,29.288,37.329,30.803,28.513,41.605,28.513,39.589,31.411,31.935,39.496,33.597,35.609,36.567,13.967,1.424,13.967,13.967,15.126,13.967,15.126,17.076,25.194,25.209,22.228,41.786,40.378,39.168,39.33,41.786,35.304,34.918,33.456,33.348,32.166,30.146,26.89,29.988,30.682,28.319,28.319,28.319,30.539,35.647,37.641,36.739,36.811,37.615,37.79,37.79,41.079,47.535,41.675,35.748,28.513,24.471,24.977,16.825,16.087,32.803,32.803,31.611,30.949,30.861,28.513,25.946,32.016,32.016,31.069,48.996
32.885,86.601,26.287,27.153,34.513,6.114,16.716,4.552,30.752,24.989,25.335,1.098,4.234,1.338,32.744,0,21.203,5.385,5.125,11.349,30.215,12.343,31.779,13.367,22.097,13.653,25.503,21.701,21.033,26.689,21.683,29.587,30.111,22.519,31.927,34.807,35.765,29.896,29.896,27.225,27.003,25.649,27.003,25.649,25.649,20.417,20.417,20.417,14.07,4.395,3.79,3.871,14.07,1.858,1.665,0.934,0.88,0.289,1.299,20.417,23.515,20.417,4.643,4.643,4.643,6.863,11.971,17.069,18.833,18.905,19.709,20.813,22.779,27.197,33.653,27.793,34.671,29.747,34.069,38.235,30.083,29.345,32.001,31.133,29.787,29.125,29.037,23.213,18.755,11.209,10.619,7.393,21.28
38.11,79.493,19.523,20.389,27.405,32.275,27.396,29.151,24.003,23.177,23.523,22.243,28.515,22.723,25.995,21.203,0,12.025,11.765,17.989,23.451,18.983,25.015,20.007,21.947,20.293,25.353,21.551,27.673,26.539,27.08,29.437,29.961,27.916,26.257,28.269,29.227,23.147,23.147,20.461,20.239,18.885,20.239,18.885,18.885,18.605,0.393,18.605,24.75,28.837,27.627,27.789,24.75,23.763,23.377,21.915,21.807,20.625,18.605,18.605,21.703,18.605,11.283,11.283,11.283,13.503,18.611,23.709,24.23,24.302,25.106,26.21,28.004,32.422,38.878,33.018,30.969,27.405,27.405,31.127,23.319,22.581,25.463,25.463,29.637,28.975,28.887,23.063,18.605,17.849,17.259,14.033,31.96
30.493,86.055,16.495,26.607,33.967,16.457,18.569,13.333,23.347,10.615,10.961,6.425,12.697,6.905,29.061,5.385,12.025,0,2.733,8.957,29.669,9.951,31.233,10.975,19.705,11.261,23.111,19.309,18.641,24.297,19.291,27.195,27.719,20.127,29.535,32.043,33.001,22.491,26.213,26.679,26.457,25.103,19.161,17.807,15.857,7.739,11.239,18.751,16.747,13.019,11.809,11.971,15.923,7.945,7.559,6.097,5.989,4.807,2.787,6.043,9.141,2.251,2.251,2.251,0.371,4.471,9.579,14.677,16.441,16.513,17.317,18.421,20.387,24.805,31.261,25.401,32.279,27.355,31.677,37.689,29.537,28.799,29.237,28.741,27.395,26.733,26.645,20.821,16.363,8.817,8.227,5.001,23.957
30.212,85.964,16.235,26.665,33.876,16.197,18.309,13.073,23.087,10.355,10.701,6.165,12.437,6.645,28.801,5.125,11.765,2.733,0,8.697,29.727,9.691,31.291,10.715,19.445,11.001,22.851,19.049,18.381,24.037,19.031,26.935,27.459,19.867,29.275,31.465,32.423,22.231,25.953,26.737,26.515,25.161,18.901,17.547,15.597,7.479,10.979,18.491,16.487,12.759,11.549,11.711,15.663,7.685,7.299,5.837,5.729,4.547,2.527,5.783,8.881,1.991,1.991,0.241,1.991,4.211,9.319,14.417,16.181,16.253,17.057,18.161,20.106,24.524,30.98,25.12,31.998,27.095,31.417,37.598,29.595,28.857,28.659,28.481,27.135,26.473,26.385,20.561,16.103,8.557,7.967,4.741,23.697
31.378,80.061,22.459,27.14,27.973,22.421,24.533,19.297,29.311,16.579,16.925,12.389,18.661,12.869,32.746,11.349,17.989,8.957,8.697,0,28.843,19.381,29.669,19.643,21.589,24.507,22.049,18.247,22.211,23.235,21.097,26.133,26.657,21.933,23.107,25.119,26.077,28.455,29.898,27.212,26.99,25.636,25.125,23.771,21.821,13.703,17.203,18.549,22.711,18.983,17.773,17.935,21.887,13.909,13.523,12.061,11.953,10.771,8.751,12.007,15.105,8.215,18.549,8.215,8.215,18.247,18.247,18.247,18.247,18.319,19.123,20.227,21.272,25.69,32.146,26.286,27.819,26.293,27.973,31.695,27.973,27.973,22.313,22.313,26.333,25.671,25.583,19.759,18.247,18.247,0.365,18.247,29.921
38.231,62.94,15.365,14.109,19.977,41.287,43.399,38.163,14.965,28.933,29.279,31.255,37.527,31.735,16.957,30.215,23.451,29.669,29.727,28.843,0,28.657,21.673,34.299,23.319,35.732,22.267,19.977,33.931,19.977,31.053,22.875,23.399,31.889,22.941,24.953,25.911,14.109,14.109,19.977,14.109,12.777,12.777,12.777,14.727,22.665,22.665,19.879,41.577,37.849,36.639,36.801,40.753,32.775,32.389,30.927,30.819,29.637,27.617,24.361,27.459,28.153,29.461,29.245,28.927,29.472,32.903,29.967,28.203,28.275,29.079,30.183,31.374,32.543,38.999,33.139,25.092,18.896,14.574,14.574,19.977,0.435,22.147,22.147,23.075,22.413,22.325,19.977,19.977,27.523,28.113,29.472,48.787
32.372,79.875,23.453,27.544,27.787,23.415,25.527,20.291,30.305,17.573,17.919,13.383,19.655,13.863,33.15,12.343,18.983,9.951,9.691,19.381,28.657,0,29.483,20.047,21.993,24.911,22.453,18.651,22.615,23.639,21.501,26.537,27.061,22.337,22.921,24.933,25.891,29.449,30.302,27.616,27.394,26.04,26.119,24.765,22.815,14.697,18.197,18.953,23.705,19.977,18.767,18.929,22.881,14.903,14.517,13.055,12.947,11.765,9.745,13.001,16.099,9.209,18.953,9.209,9.209,18.651,18.651,18.651,18.651,18.723,19.527,20.631,22.266,26.684,33.14,27.28,27.633,26.697,27.787,31.509,27.787,27.787,22.127,22.127,26.737,26.075,25.987,20.163,18.651,0.567,18.651,18.651,30.915
38.342,63.028,16.929,15.673,20.803,42.851,44.963,39.727,16.529,30.497,30.843,32.819,39.091,33.299,18.521,31.779,25.015,31.233,31.291,29.669,21.673,29.483,0,35.863,24.145,37.296,23.093,20.803,34.757,20.803,31.879,23.701,24.225,32.715,23.029,25.041,25.999,15.673,15.673,20.803,15.673,14.341,14.341,14.341,16.291,24.229,24.229,20.803,43.141,39.413,38.203,38.365,42.317,34.339,33.953,32.491,32.383,31.201,29.181,25.925,29.023,29.717,31.025,30.809,30.491,31.036,34.467,30.793,29.029,29.101,29.905,31.009,32.938,32.654,39.11,33.25,25.18,18.984,14.662,14.662,0.848,20.803,22.235,22.235,23.901,23.239,23.151,20.803,20.803,28.349,28.939,31.036,50.351
23.18,85.754,24.477,31.237,34.497,24.439,26.551,21.315,31.329,18.597,18.943,14.407,20.679,14.887,37.043,13.367,20.007,10.975,10.715,19.643,34.299,20.047,35.863,0,22.255,25.173,22.715,18.913,22.877,23.901,21.763,26.799,27.323,14.78,27.779,27.666,28.624,30.473,34.195,31.309,31.087,29.733,27.143,25.789,23.839,15.721,19.221,22.631,24.729,21.001,19.791,19.953,23.905,15.927,15.541,14.079,13.971,12.789,10.769,14.025,17.123,10.233,21.133,10.233,10.233,18.913,0.698,18.913,18.913,18.985,19.789,13.074,13.074,17.492,23.948,18.088,24.966,26.959,31.281,37.388,34.167,33.429,26.985,26.985,26.999,26.337,26.249,20.425,18.913,18.913,18.913,18.913,31.939
29.436,74.537,25.797,22.449,22.449,33.169,35.281,30.045,27.296,25.733,26.079,23.137,29.409,23.617,29.288,22.097,21.947,19.705,19.445,21.589,23.319,21.993,24.145,22.255,0,27.119,24.661,20.859,24.823,22.449,23.709,23.342,23.778,21.036,17.583,19.595,20.553,26.44,26.44,22.449,22.449,22.449,23.727,23.727,25.159,21.161,21.161,21.161,33.459,29.731,28.521,28.683,32.635,24.657,24.271,22.809,22.701,21.519,19.499,21.161,24.259,18.963,21.161,18.963,18.963,20.859,20.859,20.859,20.859,20.931,21.735,19.33,19.33,23.748,30.204,24.344,22.295,22.449,22.449,26.171,22.449,22.449,16.789,16.789,22.792,22.792,22.792,22.371,1.671,20.859,20.859,20.859,40.669
33.682,88.817,24.763,32.67,36.729,24.725,26.837,21.601,31.615,18.883,19.229,14.693,20.965,15.173,37.329,13.653,20.293,11.261,11.001,24.507,35.732,24.911,37.296,25.173,27.119,0,27.579,23.777,27.741,28.765,26.627,31.663,32.187,25.282,31.863,33.875,34.833,30.759,34.481,32.742,32.52,31.166,27.429,26.075,24.125,16.007,19.507,24.079,25.015,21.287,20.077,20.239,24.191,16.213,15.827,14.365,14.257,13.075,11.055,14.311,17.409,10.519,24.079,10.519,10.519,23.777,23.777,23.777,23.777,23.849,24.653,23.576,23.576,27.994,34.45,28.59,35.468,31.823,36.145,40.451,35.6,34.862,31.069,31.069,31.863,31.201,31.113,25.289,23.777,23.777,23.777,3.13,32.225
26.95,70.048,29.203,21.397,21.397,36.575,38.687,33.451,30.702,29.139,29.485,26.543,32.815,27.023,30.803,25.503,25.353,23.111,22.851,22.049,22.267,22.453,23.093,22.715,24.661,27.579,0,21.397,25.283,21.397,24.169,17.832,18.268,18.55,12.073,14.085,15.043,29.846,27.955,21.397,21.397,21.397,27.133,27.133,28.565,24.567,24.567,21.397,36.865,33.137,31.927,32.089,36.041,28.063,27.677,26.215,26.107,24.925,22.905,24.567,27.665,22.369,23.539,22.369,22.369,21.319,21.319,21.319,21.319,21.391,22.195,16.844,16.844,21.262,27.718,21.858,16.785,17.282,21.397,21.682,21.397,21.397,11.279,11.279,17.282,17.282,17.282,1.145,21.319,21.319,21.319,21.319,44.075
23.148,69.27,25.401,19.107,19.107,32.773,34.885,29.649,26.9,25.337,25.683,22.741,29.013,23.221,28.513,21.701,21.551,19.309,19.049,18.247,19.977,18.651,20.803,18.913,20.859,23.777,21.397,0,21.481,19.107,20.367,17.054,17.49,14.748,11.295,13.307,14.265,26.044,25.665,19.107,19.107,19.107,23.331,23.331,24.763,20.765,20.765,19.107,33.063,29.335,28.125,28.287,32.239,24.261,23.875,22.413,22.305,21.123,19.103,20.765,23.863,18.567,19.737,18.567,18.567,17.517,17.517,17.517,17.517,17.589,18.393,13.042,13.042,17.46,23.916,18.056,16.007,16.504,19.107,20.904,19.107,19.107,10.501,10.501,16.504,16.504,16.504,19.107,17.517,17.517,17.517,17.517,40.273
20.65,83.224,32.143,33.061,33.061,32.105,34.217,28.981,38.995,26.263,26.609,22.073,28.345,22.553,41.605,21.033,27.673,18.641,18.381,22.211,33.931,22.615,34.757,22.877,24.823,27.741,25.283,21.481,0,25.684,24.331,26.234,26.67,12.25,25.249,25.136,26.094,38.139,38.757,33.061,33.061,32.301,34.809,33.455,31.505,23.387,26.887,25.199,32.395,28.667,27.457,27.619,31.571,23.593,23.207,21.745,21.637,20.455,18.435,21.691,24.789,17.899,23.701,17.899,17.899,21.481,21.481,1.982,21.481,21.553,22.357,10.544,10.544,14.962,21.418,15.558,22.436,26.34,30.662,34.858,33.061,33.061,24.455,24.455,25.684,25.684,25.684,22.993,21.481,21.481,21.481,21.481,39.605
24.181,64.282,29.711,19.107,15.916,37.761,39.873,34.637,29.859,30.325,30.671,27.729,34.001,28.209,28.513,26.689,26.539,24.297,24.037,23.235,19.977,23.639,20.803,23.901,22.449,28.765,21.397,19.107,25.684,0,22.734,12.066,12.502,19.736,6.307,8.319,9.277,29.003,25.665,19.107,19.107,19.107,27.318,27.123,29.073,25.753,25.753,19.107,38.051,34.323,33.113,33.275,37.227,29.249,28.863,27.401,27.293,26.111,24.091,25.753,28.851,23.555,24.725,23.555,23.555,22.505,22.505,21.72,19.956,19.956,19.956,18.03,18.03,18.493,24.949,19.089,11.019,11.516,15.838,15.916,19.107,19.107,5.513,5.513,11.516,11.516,11.516,19.107,19.107,22.505,22.505,22.505,45.261
17.628,80.346,32.793,30.183,30.183,32.755,34.867,29.631,37.976,26.913,27.259,22.723,28.995,23.203,39.589,21.683,27.08,19.291,19.031,21.097,31.053,21.501,31.879,21.763,23.709,26.627,24.169,20.367,24.331,22.734,0,23.284,23.72,9.228,22.371,22.114,23.072,37.12,36.741,30.183,30.183,30.183,34.407,33.381,32.155,24.037,26.294,24.085,33.045,29.317,28.107,28.269,32.221,24.243,23.857,22.395,22.287,21.105,19.085,22.341,25.439,18.549,22.587,18.549,18.549,20.367,20.367,20.367,22.734,1.389,22.734,7.522,7.522,11.94,18.396,12.536,19.414,23.39,27.712,31.98,30.183,30.183,21.577,21.577,22.734,22.734,22.734,21.879,20.367,20.367,20.367,20.367,40.255
22.383,67.18,32.609,22.005,18.814,40.659,42.771,37.535,32.757,33.223,33.569,30.627,36.899,31.107,31.411,29.587,29.437,27.195,26.935,26.133,22.875,26.537,23.701,26.799,23.342,31.663,17.832,17.054,26.234,12.066,23.284,0,13.052,22.212,4.509,6.521,7.479,31.901,28.563,22.005,22.005,22.005,30.216,30.021,31.971,28.651,28.651,22.005,40.949,37.221,36.011,36.173,40.125,32.147,31.761,30.299,30.191,29.009,26.989,28.651,31.749,26.453,27.623,26.453,26.453,25.403,25.403,22.27,20.506,20.506,20.506,20.506,20.506,16.695,23.151,17.291,9.221,12.066,16.388,18.814,22.005,22.005,3.715,3.715,12.066,12.066,0.275,15.542,20,25.403,25.403,25.403,48.159
22.731,67.704,33.133,22.529,19.338,41.183,43.295,38.059,33.281,33.747,34.093,31.151,37.423,31.631,31.935,30.111,29.961,27.719,27.459,26.657,23.399,27.061,24.225,27.323,23.778,32.187,18.268,17.49,26.67,12.502,23.72,13.052,0,22.648,4.857,6.869,7.827,32.425,29.087,22.529,22.529,22.529,30.74,30.545,32.495,29.175,29.175,22.529,41.473,37.745,36.535,36.697,40.649,32.671,32.285,30.823,30.715,29.533,27.513,29.175,32.273,26.977,28.147,26.977,26.977,25.927,25.927,22.706,20.942,20.942,20.942,20.942,20.942,17.043,23.499,17.639,9.569,12.502,16.824,19.338,22.529,22.529,4.063,4.063,12.502,0.493,12.502,15.978,20.436,25.927,25.927,25.927,48.683
15.752,81.182,33.629,30.018,29.856,33.591,35.703,30.467,38.812,27.749,28.095,23.559,29.831,24.039,39.496,22.519,27.916,20.127,19.867,21.933,31.889,22.337,32.715,14.78,21.036,25.282,18.55,14.748,12.25,19.736,9.228,22.212,22.648,0,22.615,20.238,21.196,37.956,36.648,30.09,29.868,28.514,35.243,34.217,32.991,24.873,27.13,21.412,33.881,30.153,28.943,29.105,33.057,25.079,24.693,23.231,23.123,21.941,19.921,23.177,26.275,19.385,20.712,19.385,19.385,18.492,13.384,8.286,6.522,6.45,5.646,0.853,5.646,10.064,16.52,10.66,17.538,22.318,26.64,32.816,31.019,31.019,21.662,21.821,21.662,21.662,21.662,16.26,17.694,21.203,21.203,19.022,41.091
21.877,68.991,34.949,24.263,16.903,42.999,45.111,39.875,35.097,35.239,35.585,32.967,39.239,33.447,33.597,31.927,26.257,29.535,29.275,23.107,22.941,22.921,23.029,27.779,17.583,31.863,12.073,11.295,25.249,6.307,22.371,4.509,4.857,22.615,0,6.015,6.973,34.241,30.749,24.191,24.345,24.345,32.556,32.361,34.311,28.971,25.471,17.959,43.289,39.561,38.351,38.513,42.465,34.487,34.101,32.639,32.531,31.349,29.329,30.667,33.765,28.793,28.353,28.793,28.793,26.133,26.383,21.285,19.521,19.593,20.397,20.909,20.607,16.189,22.645,16.785,8.715,9.365,13.687,20.625,21.333,22.071,3.209,0.397,3.209,3.871,3.959,9.783,14.241,21.787,22.377,25.603,50.499
24.678,71.003,37.677,26.275,18.915,45.879,47.991,42.755,37.339,37.251,37.597,35.847,42.119,36.327,35.609,34.807,28.269,32.043,31.465,25.119,24.953,24.933,25.041,27.666,19.595,33.875,14.085,13.307,25.136,8.319,22.114,6.521,6.869,20.238,6.015,0,0.479,36.483,32.761,26.203,26.425,27.073,34.831,35.089,37.039,30.983,27.483,19.971,46.169,42.441,41.231,41.393,45.345,37.367,36.981,35.519,35.411,34.229,32.209,32.679,35.777,31.673,30.365,30.983,31.301,28.145,26.27,21.172,19.408,19.336,18.532,18.532,19.956,18.99,25.446,19.586,11.516,11.377,15.699,22.637,23.345,24.083,11.516,5.221,5.221,5.883,5.971,11.795,16.253,23.799,24.389,27.615,53.379
25.636,71.961,38.635,27.233,19.873,46.837,48.949,43.713,38.297,38.209,38.555,36.805,43.077,37.285,36.567,35.765,29.227,33.001,32.423,26.077,25.911,25.891,25.999,28.624,20.553,34.833,15.043,14.265,26.094,9.277,23.072,7.479,7.827,21.196,6.973,0.479,0,37.441,33.719,27.161,27.383,28.031,35.789,36.047,37.997,31.941,28.441,20.929,47.127,43.399,42.189,42.351,46.303,38.325,37.939,36.477,36.369,35.187,33.167,33.637,36.735,32.631,31.323,31.941,32.259,29.103,27.228,22.13,20.366,20.294,19.49,19.49,20.914,19.948,26.404,20.544,12.474,12.335,16.657,23.595,24.303,25.041,12.474,6.179,6.179,6.841,6.929,12.753,17.211,24.757,25.347,28.573,54.337
47.641,70.495,14.866,11.119,18.407,40.968,37.862,37.844,0.428,28.614,28.96,30.936,37.208,31.416,13.967,29.896,23.147,22.491,22.231,28.455,14.109,29.449,15.673,30.473,26.44,30.759,29.846,26.044,38.139,29.003,37.12,31.901,32.425,37.956,34.241,36.483,37.441,0,11.119,11.119,11.119,12.278,11.119,12.278,14.228,22.346,22.361,19.38,35.216,37.53,36.32,36.482,35.216,32.456,32.07,30.608,30.5,29.318,27.298,24.042,27.14,27.834,21.749,21.749,21.749,23.969,29.077,34.175,34.27,34.342,35.146,36.25,38.216,41.953,48.409,42.549,35.059,25.945,21.623,22.129,13.977,13.239,33.677,33.447,32.101,31.439,31.351,27.556,23.098,28.315,27.725,24.499,42.426
43.919,70.495,14.866,11.119,18.407,40.968,41.584,37.844,11.975,28.614,28.96,30.936,37.208,31.416,1.424,29.896,23.147,26.213,25.953,29.898,14.109,30.302,15.673,34.195,26.44,34.481,27.955,25.665,38.757,25.665,36.741,28.563,29.087,36.648,30.749,32.761,33.719,11.119,0,11.119,11.119,12.278,11.119,12.278,14.228,22.346,22.361,19.38,38.938,37.53,36.32,36.482,38.938,32.456,32.07,30.608,30.5,29.318,27.298,24.042,27.14,27.834,25.471,25.471,25.471,27.691,32.799,34.793,33.891,33.963,34.767,34.942,34.942,38.231,44.687,38.827,32.9,25.665,21.623,22.129,13.977,13.239,29.955,29.955,28.763,28.101,28.013,25.665,23.098,29.168,29.168,28.221,46.148
37.361,64.19,12.375,11.119,19.107,38.297,40.409,35.173,11.975,25.943,26.289,28.265,34.537,28.745,13.967,27.225,20.461,26.679,26.737,27.212,19.977,27.616,20.803,31.309,22.449,32.742,21.397,19.107,33.061,19.107,30.183,22.005,22.529,30.09,24.191,26.203,27.161,11.119,11.119,0,11.119,9.787,9.787,9.787,11.737,19.675,19.675,16.889,38.587,34.859,33.649,33.811,37.763,29.785,29.399,27.937,27.829,26.647,24.627,21.371,24.469,25.163,26.471,26.255,25.937,26.482,29.913,29.097,27.333,27.405,28.209,28.384,28.384,31.673,38.129,32.269,26.342,19.107,15.824,15.824,19.107,19.107,23.397,23.397,22.205,21.543,21.455,19.107,19.107,26.482,26.482,26.482,45.797
37.361,64.412,12.153,11.119,18.407,38.075,40.187,34.951,11.975,25.721,26.067,28.043,34.315,28.523,13.967,27.003,20.239,26.457,26.515,26.99,14.109,27.394,15.673,31.087,22.449,32.52,21.397,19.107,33.061,19.107,30.183,22.005,22.529,29.868,24.345,26.425,27.383,11.119,11.119,11.119,0,9.565,9.565,9.565,11.515,19.453,19.453,16.667,38.365,34.637,33.427,33.589,37.541,29.563,29.177,27.715,27.607,26.425,24.405,21.149,24.247,24.941,26.249,26.033,25.715,26.26,29.691,29.097,27.333,27.405,28.209,28.162,28.162,31.673,38.129,32.269,26.564,19.107,16.046,16.046,13.977,13.239,23.619,23.551,22.205,21.543,21.455,19.107,19.107,26.26,26.26,26.26,45.575
36.914,65.766,12.153,9.715,17.075,36.721,38.833,33.597,13.134,24.367,24.713,26.689,32.961,27.169,15.126,25.649,18.885,25.103,25.161,25.636,12.777,26.04,14.341,29.733,22.449,31.166,21.397,19.107,32.301,19.107,30.183,22.005,22.529,28.514,24.345,27.073,28.031,12.278,12.278,9.787,9.565,0,9.565,9.565,11.515,18.099,18.099,18.099,37.011,33.283,32.073,32.235,36.187,28.209,27.823,26.361,26.253,25.071,23.051,19.795,22.893,23.587,24.895,24.679,24.361,24.906,28.337,28.337,27.333,27.405,28.209,26.808,26.808,31.226,37.682,31.822,27.565,19.107,17.4,17.4,12.645,11.907,24.267,23.551,22.205,21.543,21.455,19.107,19.107,24.906,24.906,24.906,44.221
45.572,69.163,12.153,9.715,17.075,38.075,34.532,34.951,11.975,25.721,26.067,28.043,34.315,28.523,13.967,27.003,20.239,19.161,18.901,25.125,12.777,26.119,14.341,27.143,23.727,27.429,27.133,23.331,34.809,27.318,34.407,30.216,30.74,35.243,32.556,34.831,35.789,11.119,11.119,9.787,9.565,9.565,0,9.565,11.515,19.453,19.453,16.667,31.886,34.637,33.427,33.589,31.886,29.563,29.177,27.715,27.607,26.425,24.405,21.149,24.247,24.941,18.419,18.419,18.419,20.639,25.747,30.845,31.557,31.629,32.433,33.537,35.503,39.884,46.34,40.48,33.727,24.613,20.291,20.797,12.645,11.907,32.025,31.762,30.416,29.754,29.666,24.843,20.385,24.985,24.395,21.169,39.096
44.583,69.163,18.737,9.715,17.075,36.721,33.178,33.597,13.134,24.367,24.713,26.689,32.961,27.169,15.126,25.649,18.885,17.807,17.547,23.771,12.777,24.765,14.341,25.789,23.727,26.075,27.133,23.331,33.455,27.123,33.381,30.021,30.545,34.217,32.361,35.089,36.047,12.278,12.278,9.787,9.565,9.565,9.565,0,18.099,18.099,18.099,16.667,30.532,33.283,32.073,32.235,30.532,28.209,27.823,26.361,26.253,25.071,23.051,19.795,22.893,23.587,17.065,17.065,17.065,19.285,24.393,29.491,30.531,30.603,31.407,32.511,34.477,38.895,45.351,39.491,33.727,24.613,20.291,20.797,12.645,11.907,32.283,31.567,30.221,29.559,29.471,24.843,20.385,23.631,23.041,19.815,37.742
43.357,71.113,0.319,11.665,19.025,36.721,31.228,33.597,15.084,24.367,24.713,26.689,32.961,27.169,17.076,25.649,18.885,15.857,15.597,21.821,14.727,22.815,16.291,23.839,25.159,24.125,28.565,24.763,31.505,29.073,32.155,31.971,32.495,32.991,34.311,37.039,37.997,14.228,14.228,11.737,11.515,11.515,11.515,18.099,0,18.099,18.099,18.099,28.582,33.283,32.073,32.235,28.582,28.209,27.823,26.361,26.253,25.071,23.051,19.795,22.893,23.587,15.115,15.115,15.115,17.335,22.443,27.541,29.305,29.377,30.181,31.285,33.251,37.669,44.125,38.265,35.677,26.563,22.241,22.747,14.595,13.857,34.233,33.517,32.171,31.509,31.421,26.275,21.817,21.681,21.091,17.865,35.792
35.239,79.051,18.737,19.603,26.963,31.489,23.11,28.365,23.202,22.391,22.737,21.457,27.729,21.937,25.194,20.417,18.605,7.739,7.479,13.703,22.665,14.697,24.229,15.721,21.161,16.007,24.567,20.765,23.387,25.753,24.037,28.651,29.175,24.873,28.971,30.983,31.941,22.346,22.346,19.675,19.453,18.099,19.453,18.099,18.099,0,17.819,17.819,20.464,28.051,26.841,27.003,20.464,22.977,22.591,21.129,21.021,19.839,17.819,17.819,20.917,17.819,6.997,6.997,6.997,9.217,14.325,19.423,21.187,21.259,22.063,23.167,25.133,29.551,36.007,30.147,33.683,28.811,30.104,30.685,22.533,21.795,28.177,28.177,28.851,28.189,28.101,22.277,17.819,13.563,12.973,9.747,27.674
37.324,78.707,18.737,19.603,26.619,31.489,26.61,28.365,23.217,22.391,22.737,21.457,27.729,21.937,25.209,20.417,0.393,11.239,10.979,17.203,22.665,18.197,24.229,19.221,21.161,19.507,24.567,20.765,26.887,25.753,26.294,28.651,29.175,27.13,25.471,27.483,28.441,22.361,22.361,19.675,19.453,18.099,19.453,18.099,18.099,17.819,0,17.819,23.964,28.051,26.841,27.003,23.964,22.977,22.591,21.129,21.021,19.839,17.819,17.819,20.917,17.819,10.497,10.497,10.497,12.717,17.825,22.923,23.444,23.516,24.32,25.424,27.218,31.636,38.092,32.232,30.183,26.619,26.619,30.341,22.533,21.795,24.677,24.677,28.851,28.189,28.101,22.277,17.819,17.063,16.473,13.247,31.174
29.812,71.195,18.737,16.817,19.107,31.489,33.601,28.365,20.236,22.391,22.737,21.457,27.729,21.937,22.228,20.417,18.605,18.751,18.491,18.549,19.879,18.953,20.803,22.631,21.161,24.079,21.397,19.107,25.199,19.107,24.085,22.005,22.529,21.412,17.959,19.971,20.929,19.38,19.38,16.889,16.667,18.099,16.667,16.667,18.099,17.819,17.819,0,31.476,28.051,26.841,27.003,30.955,22.977,22.591,21.129,21.021,19.839,17.819,17.819,20.917,17.819,17.819,18.009,18.009,17.819,21.235,21.235,21.235,21.307,22.111,19.706,19.706,24.124,30.58,24.72,22.671,19.107,19.107,22.829,19.107,19.009,17.165,17.165,22.205,21.543,21.455,19.107,17.819,17.819,17.819,17.819,38.686
44.247,97.963,29.22,38.515,45.875,11.138,7.926,15.742,36.072,23.34,23.686,12.53,15.878,13.226,41.786,14.07,24.75,16.747,16.487,22.711,41.577,23.705,43.141,24.729,33.459,25.015,36.865,33.063,32.395,38.051,33.045,40.949,41.473,33.881,43.289,46.169,47.127,35.216,38.938,38.587,38.365,37.011,31.886,30.532,28.582,20.464,23.964,31.476,0,5.28,6.49,6.652,5.28,10.354,10.74,12.202,12.31,13.492,15.512,18.768,21.866,16.048,16.005,16.005,16.005,18.225,23.333,28.431,30.195,30.267,31.071,32.175,34.141,38.559,45.015,39.155,46.033,41.109,45.431,49.597,41.445,40.707,43.363,42.495,41.149,40.487,40.399,34.575,30.117,22.571,21.981,18.755,3.605
40.519,94.235,33.921,34.787,42.147,2.929,7.926,5.231,38.386,32.623,32.969,3.625,5.299,3.973,40.378,4.395,28.837,13.019,12.759,18.983,37.849,19.977,39.413,21.001,29.731,21.287,33.137,29.335,28.667,34.323,29.317,37.221,37.745,30.153,39.561,42.441,43.399,37.53,37.53,34.859,34.637,33.283,34.637,33.283,33.283,28.051,28.051,28.051,5.28,0,0.605,0.686,5.28,2.537,2.73,3.461,3.515,4.106,5.116,28.051,31.149,28.051,12.277,12.277,12.277,14.497,19.605,24.703,26.467,26.539,27.343,28.447,30.413,34.831,41.287,35.427,42.305,37.381,41.703,45.869,37.717,36.979,39.635,38.767,37.421,36.759,36.671,30.847,26.389,18.843,18.253,15.027,12.49
39.309,93.025,32.711,33.577,40.937,2.324,9.136,4.626,37.176,31.413,31.759,3.02,4.694,3.368,39.168,3.79,27.627,11.809,11.549,17.773,36.639,18.767,38.203,19.791,28.521,20.077,31.927,28.125,27.457,33.113,28.107,36.011,36.535,28.943,38.351,41.231,42.189,36.32,36.32,33.649,33.427,32.073,33.427,32.073,32.073,26.841,26.841,26.841,6.49,0.605,0,0.081,6.49,1.932,2.125,2.856,2.91,3.501,4.511,26.841,29.939,26.841,11.067,11.067,11.067,13.287,18.395,23.493,25.257,25.329,26.133,27.237,29.203,33.621,40.077,34.217,41.095,36.171,40.493,44.659,36.507,35.769,38.425,37.557,36.211,35.549,35.461,29.637,25.179,17.633,17.043,13.817,13.7
39.471,93.187,32.873,33.739,41.099,2.243,9.298,4.707,37.338,31.575,31.921,3.101,4.775,3.449,39.33,3.871,27.789,11.971,11.711,17.935,36.801,18.929,38.365,19.953,28.683,20.239,32.089,28.287,27.619,33.275,28.269,36.173,36.697,29.105,38.513,41.393,42.351,36.482,36.482,33.811,33.589,32.235,33.589,32.235,32.235,27.003,27.003,27.003,6.652,0.686,0.081,0,6.652,2.013,2.206,2.937,2.991,3.582,4.592,27.003,30.101,27.003,11.229,11.229,11.229,13.449,18.557,23.655,25.419,25.491,26.295,27.399,29.365,33.783,40.239,34.379,41.257,36.333,40.655,44.821,36.669,35.931,38.587,37.719,36.373,35.711,35.623,29.799,25.341,17.795,17.205,13.979,13.862
43.423,97.139,29.22,37.691,45.051,11.138,1.323,15.742,36.072,23.34,23.686,12.53,15.878,13.226,41.786,14.07,24.75,15.923,15.663,21.887,40.753,22.881,42.317,23.905,32.635,24.191,36.041,32.239,31.571,37.227,32.221,40.125,40.649,33.057,42.465,45.345,46.303,35.216,38.938,37.763,37.541,36.187,31.886,30.532,28.582,20.464,23.964,30.955,5.28,5.28,6.49,6.652,0,10.354,10.74,12.202,12.31,13.492,15.512,18.768,21.866,16.048,15.181,15.181,15.181,17.401,22.509,27.607,29.371,29.443,30.247,31.351,33.317,37.735,44.191,38.331,45.209,40.285,44.607,48.773,40.621,39.883,42.539,41.671,40.325,39.663,39.575,33.751,29.293,21.747,21.157,17.931,12.49
35.445,89.161,28.847,29.713,37.073,4.256,13,2.694,33.312,27.549,27.895,1.088,2.762,1.436,35.304,1.858,23.763,7.945,7.685,13.909,32.775,14.903,34.339,15.927,24.657,16.213,28.063,24.261,23.593,29.249,24.243,32.147,32.671,25.079,34.487,37.367,38.325,32.456,32.456,29.785,29.563,28.209,29.563,28.209,28.209,22.977,22.977,22.977,10.354,2.537,1.932,2.013,10.354,0,0.193,0.924,0.978,1.569,2.579,22.977,26.075,22.977,7.203,7.203,7.203,9.423,14.531,19.629,21.393,21.465,22.269,23.373,25.339,29.757,36.213,30.353,37.231,32.307,36.629,40.795,32.643,31.905,34.561,33.693,32.347,31.685,31.597,25.773,21.315,13.769,13.179,9.953,17.564
35.059,88.775,28.461,29.327,36.687,4.449,13.386,2.887,32.926,27.163,27.509,0.895,2.569,1.243,34.918,1.665,23.377,7.559,7.299,13.523,32.389,14.517,33.953,15.541,24.271,15.827,27.677,23.875,23.207,28.863,23.857,31.761,32.285,24.693,34.101,36.981,37.939,32.07,32.07,29.399,29.177,27.823,29.177,27.823,27.823,22.591,22.591,22.591,10.74,2.73,2.125,2.206,10.74,0.193,0,0.731,0.785,1.376,2.386,22.591,25.689,22.591,6.817,6.817,6.817,9.037,14.145,19.243,21.007,21.079,21.883,22.987,24.953,29.371,35.827,29.967,36.845,31.921,36.243,40.409,32.257,31.519,34.175,33.307,31.961,31.299,31.211,25.387,20.929,13.383,12.793,9.567,17.95
33.597,87.313,26.999,27.865,35.225,5.18,14.848,3.618,31.464,25.701,26.047,0.164,3.3,0.512,33.456,0.934,21.915,6.097,5.837,12.061,30.927,13.055,32.491,14.079,22.809,14.365,26.215,22.413,21.745,27.401,22.395,30.299,30.823,23.231,32.639,35.519,36.477,30.608,30.608,27.937,27.715,26.361,27.715,26.361,26.361,21.129,21.129,21.129,12.202,3.461,2.856,2.937,12.202,0.924,0.731,0,0.054,0.645,1.655,21.129,24.227,21.129,5.355,5.355,5.355,7.575,12.683,17.781,19.545,19.617,20.421,21.525,23.491,27.909,34.365,28.505,35.383,30.459,34.781,38.947,30.795,30.057,32.713,31.845,30.499,29.837,29.749,23.925,19.467,11.921,11.331,8.105,19.412
33.489,87.205,26.891,27.757,35.117,5.234,14.956,3.672,31.356,25.593,25.939,0.218,3.354,0.458,33.348,0.88,21.807,5.989,5.729,11.953,30.819,12.947,32.383,13.971,22.701,14.257,26.107,22.305,21.637,27.293,22.287,30.191,30.715,23.123,32.531,35.411,36.369,30.5,30.5,27.829,27.607,26.253,27.607,26.253,26.253,21.021,21.021,21.021,12.31,3.515,2.91,2.991,12.31,0.978,0.785,0.054,0,0.591,1.601,21.021,24.119,21.021,5.247,5.247,5.247,7.467,12.575,17.673,19.437,19.509,20.313,21.417,23.383,27.801,34.257,28.397,35.275,30.351,34.673,38.839,30.687,29.949,32.605,31.737,30.391,29.729,29.641,23.817,19.359,11.813,11.223,7.997,19.52
32.307,86.023,25.709,26.575,33.935,5.825,16.138,4.263,30.174,24.411,24.757,0.809,3.945,1.049,32.166,0.289,20.625,4.807,4.547,10.771,29.637,11.765,31.201,12.789,21.519,13.075,24.925,21.123,20.455,26.111,21.105,29.009,29.533,21.941,31.349,34.229,35.187,29.318,29.318,26.647,26.425,25.071,26.425,25.071,25.071,19.839,19.839,19.839,13.492,4.106,3.501,3.582,13.492,1.569,1.376,0.645,0.591,0,1.01,19.839,22.937,19.839,4.065,4.065,4.065,6.285,11.393,16.491,18.255,18.327,19.131,20.235,22.201,26.619,33.075,27.215,34.093,29.169,33.491,37.657,29.505,28.767,31.423,30.555,29.209,28.547,28.459,22.635,18.177,10.631,10.041,6.815,20.702
30.287,84.003,23.689,24.555,31.915,6.835,18.158,5.273,28.154,22.391,22.737,1.819,4.955,2.059,30.146,1.299,18.605,2.787,2.527,8.751,27.617,9.745,29.181,10.769,19.499,11.055,22.905,19.103,18.435,24.091,19.085,26.989,27.513,19.921,29.329,32.209,33.167,27.298,27.298,24.627,24.405,23.051,24.405,23.051,23.051,17.819,17.819,17.819,15.512,5.116,4.511,4.592,15.512,2.579,2.386,1.655,1.601,1.01,0,17.819,20.917,17.819,2.045,2.045,2.045,4.265,9.373,14.471,16.235,16.307,17.111,18.215,20.181,24.599,31.055,25.195,32.073,27.149,31.471,35.637,27.485,26.747,29.403,28.535,27.189,26.527,26.439,20.615,16.157,8.611,8.021,4.795,22.722
33.543,80.747,20.433,21.299,28.659,31.489,21.414,28.365,24.898,2.286,2.459,21.457,27.729,21.937,26.89,20.417,18.605,6.043,5.783,12.007,24.361,13.001,25.925,14.025,21.161,14.311,24.567,20.765,21.691,25.753,22.341,28.651,29.175,23.177,30.667,32.679,33.637,24.042,24.042,21.371,21.149,19.795,21.149,19.795,19.795,17.819,17.819,17.819,18.768,28.051,26.841,27.003,18.768,22.977,22.591,21.129,21.021,19.839,17.819,0,1.549,17.819,5.301,5.301,5.301,7.521,12.629,17.727,19.491,19.563,20.367,21.471,23.437,27.855,34.311,28.451,35.174,28.811,31.8,32.381,24.229,23.491,29.873,29.873,28.851,28.189,28.101,22.277,17.819,11.867,11.277,8.051,25.978
36.641,83.845,23.531,24.397,31.757,34.587,24.512,31.463,27.996,0.737,0.91,24.555,30.827,25.035,29.988,23.515,21.703,9.141,8.881,15.105,27.459,16.099,29.023,17.123,24.259,17.409,27.665,23.863,24.789,28.851,25.439,31.749,32.273,26.275,33.765,35.777,36.735,27.14,27.14,24.469,24.247,22.893,24.247,22.893,22.893,20.917,20.917,20.917,21.866,31.149,29.939,30.101,21.866,26.075,25.689,24.227,24.119,22.937,20.917,1.549,0,20.917,8.399,8.399,8.399,10.619,15.727,20.825,22.589,22.661,23.465,24.569,26.535,30.953,37.409,31.549,38.272,31.909,34.898,35.479,27.327,26.589,32.971,32.971,31.949,31.287,31.199,25.375,20.917,14.965,14.375,11.149,29.076
29.751,84.539,24.225,25.091,32.451,31.489,18.694,28.365,28.69,22.391,22.737,21.457,27.729,21.937,30.682,20.417,18.605,2.251,1.991,8.215,28.153,9.209,29.717,10.233,18.963,10.519,22.369,18.567,17.899,23.555,18.549,26.453,26.977,19.385,28.793,31.673,32.631,27.834,27.834,25.163,24.941,23.587,24.941,23.587,23.587,17.819,17.819,17.819,16.048,28.051,26.841,27.003,16.048,22.977,22.591,21.129,21.021,19.839,17.819,17.819,20.917,0,1.509,1.509,1.509,3.729,8.837,13.935,15.699,15.771,16.575,17.679,19.645,24.063,30.519,24.659,31.537,26.613,30.935,36.173,28.021,27.283,28.867,27.999,26.653,25.991,25.903,20.079,15.621,8.075,7.485,4.259,23.258
29.112,85.281,15.753,26.399,33.193,15.715,17.827,12.591,22.605,9.873,10.219,5.683,11.955,6.163,28.319,4.643,11.283,2.251,1.991,18.549,29.461,18.953,31.025,21.133,21.161,24.079,23.539,19.737,23.701,24.725,22.587,27.623,28.147,20.712,28.353,30.365,31.323,21.749,25.471,26.471,26.249,24.895,18.419,17.065,15.115,6.997,10.497,17.819,16.005,12.277,11.067,11.229,15.181,7.203,6.817,5.355,5.247,4.065,2.045,5.301,8.399,1.509,0,1.509,1.509,17.819,19.737,19.737,19.737,19.809,20.613,19.006,19.006,23.424,29.88,24.02,30.898,27.783,32.105,36.915,29.329,28.591,27.559,27.559,27.823,27.161,27.073,21.249,17.819,17.819,17.819,17.819,23.215
