0,83.5,49.477,39.576,32.216,60.229,62.665,58.617,49.077,53.113,53.459,51.709,57.981,52.189,48.91,50.669,44.131,47.905,47.327,40.981,38.254,40.795,38.342,45.653,35.457,49.737,29.947,29.169,43.123,24.181,17.628,22.383,22.731,15.752,21.877,24.678,25.636,48.221,46.062,39.504,39.726,40.727,46.889,46.889,48.839,46.845,43.345,35.833,60.843,57.115,55.905,55.743,60.019,53.229,52.843,51.381,51.273,50.091,48.071,48.541,51.639,47.535,46.227,46.845,47.163,44.007,44.257,39.159,37.395,14.85,14.046,14.046,5.053,2.844,5.476,2.546,6.581,24.678,29,35.134,36.646,37.384,24.678,21.083,21.083,21.745,21.833,27.657,32.115,39.661,40.251,43.477,68.053
83.5,0,71.751,64.262,56.902,96.161,98.597,94.549,71.351,85.319,85.665,87.641,93.913,88.121,73.343,86.601,79.493,86.055,85.964,80.061,62.94,79.875,63.028,85.754,74.537,88.817,70.048,69.27,83.224,64.282,88.154,67.18,67.704,85.902,68.991,71.003,71.961,70.495,70.495,64.19,64.412,65.766,69.163,69.163,71.113,79.051,78.707,71.195,96.775,93.047,91.837,91.675,95.951,89.161,88.775,87.313,87.205,86.023,84.003,80.747,83.845,84.539,85.281,85.482,85.313,83.087,84.358,79.26,77.496,85.376,84.572,84.196,82.23,77.812,84.268,78.408,70.338,61.224,56.902,24.183,61.332,62.07,68.197,68.197,67.38,66.718,66.63,67.758,71.195,78.741,79.331,82.557,103.98
49.477,71.751,0,12.303,19.663,26.622,28.896,34.235,15.722,25.005,25.351,27.327,33.599,27.807,17.714,26.287,19.523,16.495,16.235,22.459,15.365,23.453,16.929,24.477,25.797,24.763,29.203,25.401,32.143,29.711,54.859,32.609,33.133,51.879,34.949,37.677,38.635,14.866,14.866,12.375,12.153,12.153,12.153,18.737,0.319,18.737,18.737,18.737,27.074,23.346,22.136,22.136,26.25,28.847,28.461,26.999,26.891,25.709,23.689,20.433,23.531,24.225,15.753,15.753,15.753,17.973,23.081,28.179,29.943,52.081,51.277,50.173,48.207,43.789,50.245,44.385,36.315,27.201,22.879,23.385,15.233,14.495,34.871,34.155,32.809,32.147,32.059,26.913,22.455,22.319,21.729,18.503,34.284
39.576,64.262,12.303,0,18.407,36.713,39.149,35.101,11.975,25.871,26.217,28.193,34.465,28.673,13.967,27.153,20.389,26.607,26.665,27.14,14.109,27.544,15.673,31.237,22.449,32.67,21.397,19.107,33.061,19.107,43.426,22.005,22.529,41.55,24.263,26.275,27.233,11.119,11.119,11.119,11.119,9.715,9.715,9.715,11.665,19.603,19.603,16.817,37.327,33.599,32.389,32.227,36.503,29.713,29.327,27.865,27.757,26.575,24.555,21.299,24.397,25.091,26.399,26.183,25.865,26.41,29.841,29.097,27.333,40.648,39.844,39.844,38.306,33.888,40.344,34.484,26.414,19.107,15.896,15.896,13.977,13.239,23.469,23.469,22.205,21.543,21.455,19.107,19.107,26.41,26.41,26.41,44.537
32.216,56.902,19.663,18.407,0,44.073,46.509,42.461,19.263,33.231,33.577,35.553,41.825,36.033,21.255,34.513,27.405,33.967,33.876,27.973,19.977,27.787,20.803,34.497,22.449,36.729,21.397,19.107,33.061,15.916,36.066,18.814,19.338,34.19,16.903,18.915,19.873,18.407,18.407,19.107,18.407,17.075,17.075,17.075,19.025,26.963,26.619,19.107,44.687,40.959,39.749,39.587,43.863,37.073,36.687,35.225,35.117,33.935,31.915,28.659,31.757,32.451,33.193,33.394,33.225,30.999,33.101,29.097,27.333,33.288,32.484,32.484,30.946,26.528,32.984,27.124,19.054,12.858,8.536,8.536,19.107,19.107,16.109,16.109,19.014,18.352,18.264,19.107,19.107,26.653,27.243,30.469,51.897
60.229,96.161,26.622,36.713,44.073,0,13.784,13.144,33.474,20.742,21.088,9.932,13.28,10.628,39.188,11.472,22.152,14.945,14.685,20.909,39.775,21.903,41.339,22.927,31.657,23.213,35.063,31.261,30.593,36.249,65.611,39.147,39.671,62.631,41.487,44.367,45.325,32.618,36.34,36.785,36.563,35.209,29.288,27.934,25.984,17.866,21.366,28.878,11.138,8.966,7.756,2.243,11.138,7.756,8.142,9.604,9.712,10.894,12.914,16.17,19.268,13.45,14.203,14.203,14.203,16.423,21.531,26.629,28.393,62.833,62.029,60.925,58.959,54.541,60.997,55.137,47.067,39.307,43.629,47.795,39.643,38.905,41.561,40.693,39.347,38.685,38.597,32.773,28.315,20.769,20.179,16.953,18.348
62.665,98.597,28.896,39.149,46.509,13.784,0,15.418,35.748,23.016,23.362,12.206,15.554,12.902,41.462,13.746,24.426,17.24,17.121,23.345,42.211,24.339,43.775,25.363,34.093,25.649,37.499,33.697,33.029,38.685,68.047,41.583,42.107,65.067,43.923,46.803,47.761,34.892,38.614,39.221,38.999,37.645,31.562,30.208,28.258,20.14,23.64,31.152,7.926,7.926,9.136,9.298,1.323,10.03,10.416,11.878,11.986,13.168,15.188,18.444,21.542,15.724,16.639,16.639,16.498,18.859,23.967,29.065,30.829,65.269,64.465,63.361,61.395,56.977,63.433,57.573,49.503,41.743,46.065,50.231,42.079,41.341,43.997,43.129,41.783,41.121,41.033,35.209,30.751,23.205,22.615,19.389,15.136
58.617,94.549,34.235,35.101,42.461,13.144,15.418,0,38.7,32.937,33.283,3.782,5.456,4.13,40.692,4.552,29.151,13.333,13.073,19.297,38.163,20.291,39.727,21.315,30.045,21.601,33.451,29.649,28.981,34.637,63.999,37.535,38.059,61.019,39.875,42.755,43.713,37.844,37.844,35.173,34.951,33.597,34.951,33.597,33.597,28.365,28.365,28.365,13.596,9.868,8.658,8.658,12.772,2.694,2.887,3.618,3.672,4.263,5.273,28.365,31.463,28.365,12.591,12.591,12.591,14.811,19.919,25.017,26.781,61.221,60.417,59.313,57.347,52.929,59.385,53.525,45.455,37.695,42.017,46.183,38.031,37.293,39.949,39.081,37.735,37.073,36.985,31.161,26.703,19.157,18.567,15.341,20.806
49.077,71.351,15.722,11.975,19.263,33.474,35.748,38.7,0,29.47,29.816,31.792,38.064,32.272,14.823,30.752,24.003,23.347,23.087,29.311,14.965,30.305,16.529,31.329,27.296,31.615,30.702,26.9,38.995,29.859,54.459,32.757,33.281,51.479,35.097,37.339,38.297,0.428,11.975,11.975,11.975,13.134,11.975,13.134,15.084,23.202,23.217,20.236,33.926,30.198,28.988,28.988,33.102,33.312,32.926,31.464,31.356,30.174,28.154,24.898,27.996,28.69,22.605,22.605,22.605,24.825,29.933,35.031,35.126,51.681,50.877,49.773,47.807,43.389,49.845,43.985,35.915,26.801,22.479,22.985,14.833,14.095,34.533,34.303,32.957,32.295,32.207,28.412,23.954,29.171,28.581,25.355,41.136
53.113,85.319,25.005,25.871,33.231,20.742,23.016,32.937,29.47,0,1.647,26.029,32.301,26.509,31.462,24.989,23.177,10.615,10.355,16.579,28.933,17.573,30.497,18.597,25.733,18.883,29.139,25.337,26.263,30.325,58.495,33.223,33.747,55.515,35.239,37.251,38.209,28.614,28.614,25.943,25.721,24.367,25.721,24.367,24.367,22.391,22.391,22.391,21.194,17.466,16.256,16.256,20.37,27.549,27.163,25.701,25.593,24.411,22.391,2.286,0.737,22.391,9.873,9.873,9.873,12.093,17.201,22.299,24.063,55.717,54.913,53.809,51.843,47.425,53.881,48.021,39.951,33.383,36.372,36.953,28.801,28.063,34.445,34.445,33.423,32.761,32.673,26.849,22.391,16.439,15.849,12.623,28.404
53.459,85.665,25.351,26.217,33.577,21.088,23.362,33.283,29.816,1.647,0,26.375,32.647,26.855,31.808,25.335,23.523,10.961,10.701,16.925,29.279,17.919,30.843,18.943,26.079,19.229,29.485,25.683,26.609,30.671,58.841,33.569,34.093,55.861,35.585,37.597,38.555,28.96,28.96,26.289,26.067,24.713,26.067,24.713,24.713,22.737,22.737,22.737,21.54,17.812,16.602,16.602,20.716,27.895,27.509,26.047,25.939,24.757,22.737,2.459,0.91,22.737,10.219,10.219,10.219,12.439,17.547,22.645,24.409,56.063,55.259,54.155,52.189,47.771,54.227,48.367,40.297,33.729,36.718,37.299,29.147,28.409,34.791,34.791,33.769,33.107,33.019,27.195,22.737,16.785,16.195,12.969,28.75
51.709,87.641,27.327,28.193,35.553,9.932,12.206,3.782,31.792,26.029,26.375,0,3.464,0.676,33.784,1.098,22.243,6.425,6.165,12.389,31.255,13.383,32.819,14.407,23.137,14.693,26.543,22.741,22.073,27.729,57.091,30.627,31.151,54.111,32.967,35.847,36.805,30.936,30.936,28.265,28.043,26.689,28.043,26.689,26.689,21.457,21.457,21.457,10.384,6.656,5.446,5.446,9.56,1.088,0.895,0.164,0.218,0.809,1.819,21.457,24.555,21.457,5.683,5.683,5.683,7.903,13.011,18.109,19.873,54.313,53.509,52.405,50.439,46.021,52.477,46.617,38.547,30.787,35.109,39.275,31.123,30.385,33.041,32.173,30.827,30.165,30.077,24.253,19.795,12.249,11.659,8.433,17.594
57.981,93.913,33.599,34.465,41.825,13.28,15.554,5.456,38.064,32.301,32.647,3.464,0,3.812,40.056,4.234,28.515,12.697,12.437,18.661,37.527,19.655,39.091,20.679,29.409,20.965,32.815,29.013,28.345,34.001,63.363,36.899,37.423,60.383,39.239,42.119,43.077,37.208,37.208,34.537,34.315,32.961,34.315,32.961,32.961,27.729,27.729,27.729,13.732,10.004,8.794,8.794,12.908,2.762,2.569,3.3,3.354,3.945,4.955,27.729,30.827,27.729,11.955,11.955,11.955,14.175,19.283,24.381,26.145,60.585,59.781,58.677,56.711,52.293,58.749,52.889,44.819,37.059,41.381,45.547,37.395,36.657,39.313,38.445,37.099,36.437,36.349,30.525,26.067,18.521,17.931,14.705,20.942
52.189,88.121,27.807,28.673,36.033,10.628,12.902,4.13,32.272,26.509,26.855,0.676,3.812,0,34.264,1.338,22.723,6.905,6.645,12.869,31.735,13.863,33.299,14.887,23.617,15.173,27.023,23.221,22.553,28.209,57.571,31.107,31.631,54.591,33.447,36.327,37.285,31.416,31.416,28.745,28.523,27.169,28.523,27.169,27.169,21.937,21.937,21.937,11.08,7.352,6.142,6.142,10.256,1.436,1.243,0.512,0.458,1.049,2.059,21.937,25.035,21.937,6.163,6.163,6.163,8.383,13.491,18.589,20.353,54.793,53.989,52.885,50.919,46.501,52.957,47.097,39.027,31.267,35.589,39.755,31.603,30.865,33.521,32.653,31.307,30.645,30.557,24.733,20.275,12.729,12.139,8.913,18.29
48.91,73.343,17.714,13.967,21.255,39.188,41.462,40.692,14.823,31.462,31.808,33.784,40.056,34.264,0,32.744,25.995,29.061,28.801,32.746,16.957,33.15,18.521,37.043,29.288,37.329,30.803,28.513,41.605,28.513,52.76,31.411,31.935,50.884,33.597,35.609,36.567,13.967,1.424,13.967,13.967,15.126,13.967,15.126,17.076,25.194,25.209,22.228,39.64,35.912,34.702,34.702,38.816,35.304,34.918,33.456,33.348,32.166,30.146,26.89,29.988,30.682,28.319,28.319,28.319,30.539,35.647,37.641,36.739,49.982,49.178,49.178,47.64,43.222,49.678,43.818,35.748,28.513,24.471,24.977,16.825,16.087,32.803,32.803,31.611,30.949,30.861,28.513,25.946,32.016,32.016,31.069,46.85
50.669,86.601,26.287,27.153,34.513,11.472,13.746,4.552,30.752,24.989,25.335,1.098,4.234,1.338,32.744,0,21.203,5.385,5.125,11.349,30.215,12.343,31.779,13.367,22.097,13.653,25.503,21.701,21.033,26.689,56.051,29.587,30.111,53.071,31.927,34.807,35.765,29.896,29.896,27.225,27.003,25.649,27.003,25.649,25.649,20.417,20.417,20.417,11.924,8.196,6.986,6.986,11.1,1.858,1.665,0.934,0.88,0.289,1.299,20.417,23.515,20.417,4.643,4.643,4.643,6.863,11.971,17.069,18.833,53.273,52.469,51.365,49.399,44.981,51.437,45.577,37.507,29.747,34.069,38.235,30.083,29.345,32.001,31.133,29.787,29.125,29.037,23.213,18.755,11.209,10.619,7.393,19.134
44.131,79.493,19.523,20.389,27.405,22.152,24.426,29.151,24.003,23.177,23.523,22.243,28.515,22.723,25.995,21.203,0,12.025,11.765,17.989,23.451,18.983,25.015,20.007,21.947,20.293,25.353,21.551,27.673,26.539,49.513,29.437,29.961,46.533,26.257,28.269,29.227,23.147,23.147,20.461,20.239,18.885,20.239,18.885,18.885,18.605,0.393,18.605,22.604,18.876,17.666,17.666,21.78,23.763,23.377,21.915,21.807,20.625,18.605,18.605,21.703,18.605,11.283,11.283,11.283,13.503,18.611,23.709,24.23,46.735,45.931,44.827,42.861,38.443,44.899,39.039,30.969,27.405,27.405,31.127,23.319,22.581,25.463,25.463,29.637,28.975,28.887,23.063,18.605,17.849,17.259,14.033,29.814
47.905,86.055,16.495,26.607,33.967,14.945,17.24,13.333,23.347,10.615,10.961,6.425,12.697,6.905,29.061,5.385,12.025,0,2.733,8.957,29.669,9.951,31.233,10.975,19.705,11.261,23.111,19.309,18.641,24.297,53.287,27.195,27.719,50.307,29.535,32.043,33.001,22.491,26.213,26.679,26.457,25.103,19.161,17.807,15.857,7.739,11.239,18.751,15.418,11.69,10.48,10.459,14.594,7.945,7.559,6.097,5.989,4.807,2.787,6.043,9.141,2.251,2.251,2.251,0.371,4.471,9.579,14.677,16.441,50.509,49.705,48.601,46.635,42.217,48.673,42.813,34.743,27.355,31.677,37.689,29.537,28.799,29.237,28.741,27.395,26.733,26.645,20.821,16.363,8.817,8.227,5.001,22.628
47.327,85.964,16.235,26.665,33.876,14.685,17.121,13.073,23.087,10.355,10.701,6.165,12.437,6.645,28.801,5.125,11.765,2.733,0,8.697,29.727,9.691,31.291,10.715,19.445,11.001,22.851,19.049,18.381,24.037,52.709,26.935,27.459,49.729,29.275,31.465,32.423,22.231,25.953,26.737,26.515,25.161,18.901,17.547,15.597,7.479,10.979,18.491,15.299,11.571,10.361,10.199,14.475,7.685,7.299,5.837,5.729,4.547,2.527,5.783,8.881,1.991,1.991,0.241,1.991,4.211,9.319,14.417,16.181,49.931,49.127,48.023,46.057,41.639,48.095,42.235,34.165,27.095,31.417,37.598,29.595,28.857,28.659,28.481,27.135,26.473,26.385,20.561,16.103,8.557,7.967,4.741,22.509
40.981,80.061,22.459,27.14,27.973,20.909,23.345,19.297,29.311,16.579,16.925,12.389,18.661,12.869,32.746,11.349,17.989,8.957,8.697,0,28.843,19.381,29.669,19.643,21.589,24.507,22.049,18.247,22.211,23.235,46.363,26.133,26.657,43.383,23.107,25.119,26.077,28.455,29.898,27.212,26.99,25.636,25.125,23.771,21.821,13.703,17.203,18.549,21.523,17.795,16.585,16.423,20.699,13.909,13.523,12.061,11.953,10.771,8.751,12.007,15.105,8.215,18.549,8.215,8.215,18.247,18.247,18.247,18.247,43.585,42.781,41.677,39.711,35.293,41.749,35.889,27.819,26.293,27.973,31.695,27.973,27.973,22.313,22.313,26.333,25.671,25.583,19.759,18.247,18.247,0.365,18.247,28.733
38.254,62.94,15.365,14.109,19.977,39.775,42.211,38.163,14.965,28.933,29.279,31.255,37.527,31.735,16.957,30.215,23.451,29.669,29.727,28.843,0,28.657,21.673,34.299,23.319,35.732,22.267,19.977,33.931,19.977,42.104,22.875,23.399,40.228,22.941,24.953,25.911,14.109,14.109,19.977,14.109,12.777,12.777,12.777,14.727,22.665,22.665,19.879,40.389,36.661,35.451,35.289,39.565,32.775,32.389,30.927,30.819,29.637,27.617,24.361,27.459,28.153,29.461,29.245,28.927,29.472,32.903,29.967,28.203,39.326,38.522,38.522,36.984,32.566,39.022,33.162,25.092,18.896,14.574,14.574,19.977,0.435,22.147,22.147,23.075,22.413,22.325,19.977,19.977,27.523,28.113,29.472,47.599
40.795,79.875,23.453,27.544,27.787,21.903,24.339,20.291,30.305,17.573,17.919,13.383,19.655,13.863,33.15,12.343,18.983,9.951,9.691,19.381,28.657,0,29.483,20.047,21.993,24.911,22.453,18.651,22.615,23.639,46.177,26.537,27.061,43.197,22.921,24.933,25.891,29.449,30.302,27.616,27.394,26.04,26.119,24.765,22.815,14.697,18.197,18.953,22.517,18.789,17.579,17.417,21.693,14.903,14.517,13.055,12.947,11.765,9.745,13.001,16.099,9.209,18.953,9.209,9.209,18.651,18.651,18.651,18.651,43.399,42.595,41.491,39.525,35.107,41.563,35.703,27.633,26.697,27.787,31.509,27.787,27.787,22.127,22.127,26.737,26.075,25.987,20.163,18.651,0.567,18.651,18.651,29.727
38.342,63.028,16.929,15.673,20.803,41.339,43.775,39.727,16.529,30.497,30.843,32.819,39.091,33.299,18.521,31.779,25.015,31.233,31.291,29.669,21.673,29.483,0,35.863,24.145,37.296,23.093,20.803,34.757,20.803,42.192,23.701,24.225,40.316,23.029,25.041,25.999,15.673,15.673,20.803,15.673,14.341,14.341,14.341,16.291,24.229,24.229,20.803,41.953,38.225,37.015,36.853,41.129,34.339,33.953,32.491,32.383,31.201,29.181,25.925,29.023,29.717,31.025,30.809,30.491,31.036,34.467,30.793,29.029,39.414,38.61,38.61,37.072,32.654,39.11,33.25,25.18,18.984,14.662,14.662,0.848,20.803,22.235,22.235,23.901,23.239,23.151,20.803,20.803,28.349,28.939,31.036,49.163
45.653,85.754,24.477,31.237,34.497,22.927,25.363,21.315,31.329,18.597,18.943,14.407,20.679,14.887,37.043,13.367,20.007,10.975,10.715,19.643,34.299,20.047,35.863,0,22.255,25.173,22.715,18.913,22.877,23.901,51.035,26.799,27.323,48.055,27.779,29.791,30.749,30.473,34.195,31.309,31.087,29.733,27.143,25.789,23.839,15.721,19.221,22.631,23.541,19.813,18.603,18.441,22.717,15.927,15.541,14.079,13.971,12.789,10.769,14.025,17.123,10.233,21.133,10.233,10.233,18.913,0.698,18.913,18.913,48.257,47.453,46.349,44.383,39.965,46.421,40.561,32.491,26.959,31.281,37.388,34.167,33.429,26.985,26.985,26.999,26.337,26.249,20.425,18.913,18.913,18.913,18.913,30.751
35.457,74.537,25.797,22.449,22.449,31.657,34.093,30.045,27.296,25.733,26.079,23.137,29.409,23.617,29.288,22.097,21.947,19.705,19.445,21.589,23.319,21.993,24.145,22.255,0,27.119,24.661,20.859,24.823,22.449,40.839,23.342,23.778,37.859,17.583,19.595,20.553,26.44,26.44,22.449,22.449,22.449,23.727,23.727,25.159,21.161,21.161,21.161,32.271,28.543,27.333,27.171,31.447,24.657,24.271,22.809,22.701,21.519,19.499,21.161,24.259,18.963,21.161,18.963,18.963,20.859,20.859,20.859,20.859,38.061,37.257,36.153,34.187,29.769,36.225,30.365,22.295,22.449,22.449,26.171,22.449,22.449,16.789,16.789,22.792,22.792,22.792,22.371,1.671,20.859,20.859,20.859,39.481
49.737,88.817,24.763,32.67,36.729,23.213,25.649,21.601,31.615,18.883,19.229,14.693,20.965,15.173,37.329,13.653,20.293,11.261,11.001,24.507,35.732,24.911,37.296,25.173,27.119,0,27.579,23.777,27.741,28.765,55.119,31.663,32.187,52.139,31.863,33.875,34.833,30.759,34.481,32.742,32.52,31.166,27.429,26.075,24.125,16.007,19.507,24.079,23.827,20.099,18.889,18.727,23.003,16.213,15.827,14.365,14.257,13.075,11.055,14.311,17.409,10.519,24.079,10.519,10.519,23.777,23.777,23.777,23.777,52.341,51.537,50.433,48.467,44.049,50.505,44.645,36.575,31.823,36.145,40.451,35.6,34.862,31.069,31.069,31.863,31.201,31.113,25.289,23.777,23.777,23.777,3.13,31.037
29.947,70.048,29.203,21.397,21.397,35.063,37.499,33.451,30.702,29.139,29.485,26.543,32.815,27.023,30.803,25.503,25.353,23.111,22.851,22.049,22.267,22.453,23.093,22.715,24.661,27.579,0,21.397,25.283,21.397,35.329,17.832,18.268,32.349,12.073,14.085,15.043,29.846,27.955,21.397,21.397,21.397,27.133,27.133,28.565,24.567,24.567,21.397,35.677,31.949,30.739,30.577,34.853,28.063,27.677,26.215,26.107,24.925,22.905,24.567,27.665,22.369,23.539,22.369,22.369,21.319,21.319,21.319,21.319,32.551,31.747,30.643,28.677,24.259,30.715,24.855,16.785,17.282,21.397,21.682,21.397,21.397,11.279,11.279,17.282,17.282,17.282,1.145,21.319,21.319,21.319,21.319,42.887
29.169,69.27,25.401,19.107,19.107,31.261,33.697,29.649,26.9,25.337,25.683,22.741,29.013,23.221,28.513,21.701,21.551,19.309,19.049,18.247,19.977,18.651,20.803,18.913,20.859,23.777,21.397,0,21.481,19.107,34.551,17.054,17.49,31.571,11.295,13.307,14.265,26.044,25.665,19.107,19.107,19.107,23.331,23.331,24.763,20.765,20.765,19.107,31.875,28.147,26.937,26.775,31.051,24.261,23.875,22.413,22.305,21.123,19.103,20.765,23.863,18.567,19.737,18.567,18.567,17.517,17.517,17.517,17.517,31.773,30.969,29.865,27.899,23.481,29.937,24.077,16.007,16.504,19.107,20.904,19.107,19.107,10.501,10.501,16.504,16.504,16.504,19.107,17.517,17.517,17.517,17.517,39.085
43.123,83.224,32.143,33.061,33.061,30.593,33.029,28.981,38.995,26.263,26.609,22.073,28.345,22.553,41.605,21.033,27.673,18.641,18.381,22.211,33.931,22.615,34.757,22.877,24.823,27.741,25.283,21.481,0,26.469,48.505,29.367,29.891,45.525,25.249,27.261,28.219,38.139,38.757,33.061,33.061,32.301,34.809,33.455,31.505,23.387,26.887,25.199,31.207,27.479,26.269,26.107,30.383,23.593,23.207,21.745,21.637,20.455,18.435,21.691,24.789,17.899,23.701,17.899,17.899,21.481,21.481,1.982,21.481,45.727,44.923,43.819,41.853,37.435,43.891,38.031,29.961,29.527,33.061,34.858,33.061,33.061,24.455,24.455,29.567,28.905,28.817,22.993,21.481,21.481,21.481,21.481,38.417
24.181,64.282,29.711,19.107,15.916,36.249,38.685,34.637,29.859,30.325,30.671,27.729,34.001,28.209,28.513,26.689,26.539,24.297,24.037,23.235,19.977,23.639,20.803,23.901,22.449,28.765,21.397,19.107,26.469,0,29.563,12.066,12.502,26.583,6.307,8.319,9.277,29.003,25.665,19.107,19.107,19.107,27.318,27.123,29.073,25.753,25.753,19.107,36.863,33.135,31.925,31.763,36.039,29.249,28.863,27.401,27.293,26.111,24.091,25.753,28.851,23.555,24.725,23.555,23.555,22.505,22.505,22.505,22.505,26.785,25.981,24.877,22.911,18.493,24.949,19.089,11.019,11.516,15.838,15.916,19.107,19.107,5.513,5.513,11.516,11.516,11.516,19.107,19.107,22.505,22.505,22.505,44.073
17.628,88.154,54.859,43.426,36.066,65.611,68.047,63.999,54.459,58.495,58.841,57.091,63.363,57.571,52.76,56.051,49.513,53.287,52.709,46.363,42.104,46.177,42.192,51.035,40.839,55.119,35.329,34.551,48.505,29.563,0,27.765,28.113,9.228,26.942,22.114,23.072,53.603,49.912,43.354,43.576,44.93,51.982,52.271,54.221,52.227,48.727,41.215,66.225,62.497,61.287,61.125,65.401,58.611,58.225,56.763,56.655,55.473,53.453,53.923,57.021,52.917,51.609,52.227,52.545,49.389,49.639,44.541,42.777,1.389,1.791,7.522,7.522,11.94,18.396,12.536,19.414,28.528,32.85,39.788,40.496,41.234,24.92,26.148,26.465,27.127,27.215,33.039,37.497,45.043,45.633,48.859,73.435
22.383,67.18,32.609,22.005,18.814,39.147,41.583,37.535,32.757,33.223,33.569,30.627,36.899,31.107,31.411,29.587,29.437,27.195,26.935,26.133,22.875,26.537,23.701,26.799,23.342,31.663,17.832,17.054,29.367,12.066,27.765,0,13.052,24.785,4.509,6.521,7.479,31.901,28.563,22.005,22.005,22.005,30.216,30.021,31.971,28.651,28.651,22.005,39.761,36.033,34.823,34.661,38.937,32.147,31.761,30.299,30.191,29.009,26.989,28.651,31.749,26.453,27.623,26.453,26.453,25.403,25.403,25.403,25.28,24.987,24.183,23.079,21.113,16.695,23.151,17.291,9.221,12.066,16.388,18.814,22.005,22.005,3.715,3.715,12.066,12.066,0.275,15.542,20,25.403,25.403,25.403,46.971
22.731,67.704,33.133,22.529,19.338,39.671,42.107,38.059,33.281,33.747,34.093,31.151,37.423,31.631,31.935,30.111,29.961,27.719,27.459,26.657,23.399,27.061,24.225,27.323,23.778,32.187,18.268,17.49,29.891,12.502,28.113,13.052,0,25.133,4.857,6.869,7.827,32.425,29.087,22.529,22.529,22.529,30.74,30.545,32.495,29.175,29.175,22.529,40.285,36.557,35.347,35.185,39.461,32.671,32.285,30.823,30.715,29.533,27.513,29.175,32.273,26.977,28.147,26.977,26.977,25.927,25.927,25.927,25.716,25.335,24.531,23.427,21.461,17.043,23.499,17.639,9.569,12.502,16.824,19.338,22.529,22.529,4.063,4.063,12.502,0.493,12.502,15.978,20.436,25.927,25.927,25.927,47.495
15.752,85.902,51.879,41.55,34.19,62.631,65.067,61.019,51.479,55.515,55.861,54.111,60.383,54.591,50.884,53.071,46.533,50.307,49.729,43.383,40.228,43.197,40.316,48.055,37.859,52.139,32.349,31.571,45.525,26.583,9.228,24.785,25.133,0,24.279,20.238,21.196,50.623,48.036,41.478,41.7,43.054,49.291,49.291,51.241,49.247,45.747,38.235,63.245,59.517,58.307,58.145,62.421,55.631,55.245,53.783,53.675,52.493,50.473,50.943,54.041,49.937,48.629,49.247,49.565,46.409,46.659,41.561,39.797,6.45,5.646,0.853,5.646,10.064,16.52,10.66,17.538,26.652,30.974,37.536,38.62,39.358,23.044,23.485,23.485,24.147,24.235,30.059,34.517,42.063,42.653,45.879,70.455
21.877,68.991,34.949,24.263,16.903,41.487,43.923,39.875,35.097,35.239,35.585,32.967,39.239,33.447,33.597,31.927,26.257,29.535,29.275,23.107,22.941,22.921,23.029,27.779,17.583,31.863,12.073,11.295,25.249,6.307,26.942,4.509,4.857,24.279,0,6.015,6.973,34.241,30.749,24.191,24.345,24.345,32.556,32.361,34.311,28.971,25.471,17.959,42.101,38.373,37.163,37.001,41.277,34.487,34.101,32.639,32.531,31.349,29.329,30.667,33.765,28.793,28.353,28.793,28.793,26.133,26.383,21.285,19.521,24.164,23.36,22.573,20.607,16.189,22.645,16.785,8.715,9.365,13.687,20.625,21.333,22.071,3.209,0.397,3.209,3.871,3.959,9.783,14.241,21.787,22.377,25.603,49.311
24.678,71.003,37.677,26.275,18.915,44.367,46.803,42.755,37.339,37.251,37.597,35.847,42.119,36.327,35.609,34.807,28.269,32.043,31.465,25.119,24.953,24.933,25.041,29.791,19.595,33.875,14.085,13.307,27.261,8.319,22.114,6.521,6.869,20.238,6.015,0,0.479,36.483,32.761,26.203,26.425,27.073,34.831,35.089,37.039,30.983,27.483,19.971,44.981,41.253,40.043,39.881,44.157,37.367,36.981,35.519,35.411,34.229,32.209,32.679,35.777,31.673,30.365,30.983,31.301,28.145,28.395,23.297,21.533,19.336,18.532,18.532,23.408,18.99,25.446,19.586,11.516,11.377,15.699,22.637,23.345,24.083,11.516,5.221,5.221,5.883,5.971,11.795,16.253,23.799,24.389,27.615,52.191
25.636,71.961,38.635,27.233,19.873,45.325,47.761,43.713,38.297,38.209,38.555,36.805,43.077,37.285,36.567,35.765,29.227,33.001,32.423,26.077,25.911,25.891,25.999,30.749,20.553,34.833,15.043,14.265,28.219,9.277,23.072,7.479,7.827,21.196,6.973,0.479,0,37.441,33.719,27.161,27.383,28.031,35.789,36.047,37.997,31.941,28.441,20.929,45.939,42.211,41.001,40.839,45.115,38.325,37.939,36.477,36.369,35.187,33.167,33.637,36.735,32.631,31.323,31.941,32.259,29.103,29.353,24.255,22.491,20.294,19.49,19.49,24.366,19.948,26.404,20.544,12.474,12.335,16.657,23.595,24.303,25.041,12.474,6.179,6.179,6.841,6.929,12.753,17.211,24.757,25.347,28.573,53.149
48.221,70.495,14.866,11.119,18.407,32.618,34.892,37.844,0.428,28.614,28.96,30.936,37.208,31.416,13.967,29.896,23.147,22.491,22.231,28.455,14.109,29.449,15.673,30.473,26.44,30.759,29.846,26.044,38.139,29.003,53.603,31.901,32.425,50.623,34.241,36.483,37.441,0,11.119,11.119,11.119,12.278,11.119,12.278,14.228,22.346,22.361,19.38,33.07,29.342,28.132,28.132,32.246,32.456,32.07,30.608,30.5,29.318,27.298,24.042,27.14,27.834,21.749,21.749,21.749,23.969,29.077,34.175,34.27,50.825,50.021,48.917,46.951,42.533,48.989,43.129,35.059,25.945,21.623,22.129,13.977,13.239,33.677,33.447,32.101,31.439,31.351,27.556,23.098,28.315,27.725,24.499,40.28
46.062,70.495,14.866,11.119,18.407,36.34,38.614,37.844,11.975,28.614,28.96,30.936,37.208,31.416,1.424,29.896,23.147,26.213,25.953,29.898,14.109,30.302,15.673,34.195,26.44,34.481,27.955,25.665,38.757,25.665,49.912,28.563,29.087,48.036,30.749,32.761,33.719,11.119,0,11.119,11.119,12.278,11.119,12.278,14.228,22.346,22.361,19.38,36.792,33.064,31.854,31.854,35.968,32.456,32.07,30.608,30.5,29.318,27.298,24.042,27.14,27.834,25.471,25.471,25.471,27.691,32.799,34.793,33.891,47.134,46.33,46.33,44.792,40.374,46.83,40.97,32.9,25.665,21.623,22.129,13.977,13.239,29.955,29.955,28.763,28.101,28.013,25.665,23.098,29.168,29.168,28.221,44.002
39.504,64.19,12.375,11.119,19.107,36.785,39.221,35.173,11.975,25.943,26.289,28.265,34.537,28.745,13.967,27.225,20.461,26.679,26.737,27.212,19.977,27.616,20.803,31.309,22.449,32.742,21.397,19.107,33.061,19.107,43.354,22.005,22.529,41.478,24.191,26.203,27.161,11.119,11.119,0,11.119,9.787,9.787,9.787,11.737,19.675,19.675,16.889,37.399,33.671,32.461,32.299,36.575,29.785,29.399,27.937,27.829,26.647,24.627,21.371,24.469,25.163,26.471,26.255,25.937,26.482,29.913,29.097,27.333,40.576,39.772,39.772,38.234,33.816,40.272,34.412,26.342,19.107,15.824,15.824,19.107,19.107,23.397,23.397,22.205,21.543,21.455,19.107,19.107,26.482,26.482,26.482,44.609
39.726,64.412,12.153,11.119,18.407,36.563,38.999,34.951,11.975,25.721,26.067,28.043,34.315,28.523,13.967,27.003,20.239,26.457,26.515,26.99,14.109,27.394,15.673,31.087,22.449,32.52,21.397,19.107,33.061,19.107,43.576,22.005,22.529,41.7,24.345,26.425,27.383,11.119,11.119,11.119,0,9.565,9.565,9.565,11.515,19.453,19.453,16.667,37.177,33.449,32.239,32.077,36.353,29.563,29.177,27.715,27.607,26.425,24.405,21.149,24.247,24.941,26.249,26.033,25.715,26.26,29.691,29.097,27.333,40.798,39.994,39.994,38.456,34.038,40.494,34.634,26.564,19.107,16.046,16.046,13.977,13.239,23.619,23.551,22.205,21.543,21.455,19.107,19.107,26.26,26.26,26.26,44.387
40.727,65.766,12.153,9.715,17.075,35.209,37.645,33.597,13.134,24.367,24.713,26.689,32.961,27.169,15.126,25.649,18.885,25.103,25.161,25.636,12.777,26.04,14.341,29.733,22.449,31.166,21.397,19.107,32.301,19.107,44.93,22.005,22.529,43.054,24.345,27.073,28.031,12.278,12.278,9.787,9.565,0,9.565,9.565,11.515,18.099,18.099,18.099,35.823,32.095,30.885,30.723,34.999,28.209,27.823,26.361,26.253,25.071,23.051,19.795,22.893,23.587,24.895,24.679,24.361,24.906,28.337,28.337,27.333,42.152,41.348,41.348,39.457,35.039,41.495,35.635,27.565,19.107,17.4,17.4,12.645,11.907,24.267,23.551,22.205,21.543,21.455,19.107,19.107,24.906,24.906,24.906,43.033
46.889,69.163,12.153,9.715,17.075,29.288,31.562,34.951,11.975,25.721,26.067,28.043,34.315,28.523,13.967,27.003,20.239,19.161,18.901,25.125,12.777,26.119,14.341,27.143,23.727,27.429,27.133,23.331,34.809,27.318,51.982,30.216,30.74,49.291,32.556,34.831,35.789,11.119,11.119,9.787,9.565,9.565,0,9.565,11.515,19.453,19.453,16.667,29.74,26.012,24.802,24.802,28.916,29.563,29.177,27.715,27.607,26.425,24.405,21.149,24.247,24.941,18.419,18.419,18.419,20.639,25.747,30.845,31.557,49.204,48.4,47.585,45.619,41.201,47.657,41.797,33.727,24.613,20.291,20.797,12.645,11.907,32.025,31.762,30.416,29.754,29.666,24.843,20.385,24.985,24.395,21.169,36.95
46.889,69.163,18.737,9.715,17.075,27.934,30.208,33.597,13.134,24.367,24.713,26.689,32.961,27.169,15.126,25.649,18.885,17.807,17.547,23.771,12.777,24.765,14.341,25.789,23.727,26.075,27.133,23.331,33.455,27.123,52.271,30.021,30.545,49.291,32.361,35.089,36.047,12.278,12.278,9.787,9.565,9.565,9.565,0,18.099,18.099,18.099,16.667,28.386,24.658,23.448,23.448,27.562,28.209,27.823,26.361,26.253,25.071,23.051,19.795,22.893,23.587,17.065,17.065,17.065,19.285,24.393,29.491,30.531,49.493,48.689,47.585,45.619,41.201,47.657,41.797,33.727,24.613,20.291,20.797,12.645,11.907,32.283,31.567,30.221,29.559,29.471,24.843,20.385,23.631,23.041,19.815,35.596
48.839,71.113,0.319,11.665,19.025,25.984,28.258,33.597,15.084,24.367,24.713,26.689,32.961,27.169,17.076,25.649,18.885,15.857,15.597,21.821,14.727,22.815,16.291,23.839,25.159,24.125,28.565,24.763,31.505,29.073,54.221,31.971,32.495,51.241,34.311,37.039,37.997,14.228,14.228,11.737,11.515,11.515,11.515,18.099,0,18.099,18.099,18.099,26.436,22.708,21.498,21.498,25.612,28.209,27.823,26.361,26.253,25.071,23.051,19.795,22.893,23.587,15.115,15.115,15.115,17.335,22.443,27.541,29.305,51.443,50.639,49.535,47.569,43.151,49.607,43.747,35.677,26.563,22.241,22.747,14.595,13.857,34.233,33.517,32.171,31.509,31.421,26.275,21.817,21.681,21.091,17.865,33.646
46.845,79.051,18.737,19.603,26.963,17.866,20.14,28.365,23.202,22.391,22.737,21.457,27.729,21.937,25.194,20.417,18.605,7.739,7.479,13.703,22.665,14.697,24.229,15.721,21.161,16.007,24.567,20.765,23.387,25.753,52.227,28.651,29.175,49.247,28.971,30.983,31.941,22.346,22.346,19.675,19.453,18.099,19.453,18.099,18.099,0,17.819,17.819,18.318,14.59,13.38,13.38,17.494,22.977,22.591,21.129,21.021,19.839,17.819,17.819,20.917,17.819,6.997,6.997,6.997,9.217,14.325,19.423,21.187,49.449,48.645,47.541,45.575,41.157,47.613,41.753,33.683,28.811,30.104,30.685,22.533,21.795,28.177,28.177,28.851,28.189,28.101,22.277,17.819,13.563,12.973,9.747,25.528
43.345,78.707,18.737,19.603,26.619,21.366,23.64,28.365,23.217,22.391,22.737,21.457,27.729,21.937,25.209,20.417,0.393,11.239,10.979,17.203,22.665,18.197,24.229,19.221,21.161,19.507,24.567,20.765,26.887,25.753,48.727,28.651,29.175,45.747,25.471,27.483,28.441,22.361,22.361,19.675,19.453,18.099,19.453,18.099,18.099,17.819,0,17.819,21.818,18.09,16.88,16.88,20.994,22.977,22.591,21.129,21.021,19.839,17.819,17.819,20.917,17.819,10.497,10.497,10.497,12.717,17.825,22.923,23.444,45.949,45.145,44.041,42.075,37.657,44.113,38.253,30.183,26.619,26.619,30.341,22.533,21.795,24.677,24.677,28.851,28.189,28.101,22.277,17.819,17.063,16.473,13.247,29.028
35.833,71.195,18.737,16.817,19.107,28.878,31.152,28.365,20.236,22.391,22.737,21.457,27.729,21.937,22.228,20.417,18.605,18.751,18.491,18.549,19.879,18.953,20.803,22.631,21.161,24.079,21.397,19.107,25.199,19.107,41.215,22.005,22.529,38.235,17.959,19.971,20.929,19.38,19.38,16.889,16.667,18.099,16.667,16.667,18.099,17.819,17.819,0,29.33,25.602,24.392,24.392,28.506,22.977,22.591,21.129,21.021,19.839,17.819,17.819,20.917,17.819,17.819,18.009,18.009,17.819,21.235,21.235,21.235,38.437,37.633,36.529,34.563,30.145,36.601,30.741,22.671,19.107,19.107,22.829,19.107,19.009,17.165,17.165,22.205,21.543,21.455,19.107,17.819,17.819,17.819,17.819,36.54
60.843,96.775,27.074,37.327,44.687,11.138,7.926,13.596,33.926,21.194,21.54,10.384,13.732,11.08,39.64,11.924,22.604,15.418,15.299,21.523,40.389,22.517,41.953,23.541,32.271,23.827,35.677,31.875,31.207,36.863,66.225,39.761,40.285,63.245,42.101,44.981,45.939,33.07,36.792,37.399,37.177,35.823,29.74,28.386,26.436,18.318,21.818,29.33,0,5.28,6.49,6.652,5.28,8.208,8.594,10.056,10.164,11.346,13.366,16.622,19.72,13.902,14.817,14.817,14.676,17.037,22.145,27.243,29.007,63.447,62.643,61.539,59.573,55.155,61.611,55.751,47.681,39.921,44.243,48.409,40.257,39.519,42.175,41.307,39.961,39.299,39.211,33.387,28.929,21.383,20.793,17.567,3.605
57.115,93.047,23.346,33.599,40.959,8.966,7.926,9.868,30.198,17.466,17.812,6.656,10.004,7.352,35.912,8.196,18.876,11.69,11.571,17.795,36.661,18.789,38.225,19.813,28.543,20.099,31.949,28.147,27.479,33.135,62.497,36.033,36.557,59.517,38.373,41.253,42.211,29.342,33.064,33.671,33.449,32.095,26.012,24.658,22.708,14.59,18.09,25.602,5.28,0,0.605,4.48,5.28,4.48,4.866,6.328,6.436,7.618,9.638,12.894,15.992,10.174,11.089,11.089,10.948,13.309,18.417,23.515,25.279,59.719,58.915,57.811,55.845,51.427,57.883,52.023,43.953,36.193,40.515,44.681,36.529,35.791,38.447,37.579,36.233,35.571,35.483,29.659,25.201,17.655,17.065,13.839,12.49
55.905,91.837,22.136,32.389,39.749,7.756,9.136,8.658,28.988,16.256,16.602,5.446,8.794,6.142,34.702,6.986,17.666,10.48,10.361,16.585,35.451,17.579,37.015,18.603,27.333,18.889,30.739,26.937,26.269,31.925,61.287,34.823,35.347,58.307,37.163,40.043,41.001,28.132,31.854,32.461,32.239,30.885,24.802,23.448,21.498,13.38,16.88,24.392,6.49,0.605,0,3.27,6.49,3.27,3.656,5.118,5.226,6.408,8.428,11.684,14.782,8.964,9.879,9.879,9.738,12.099,17.207,22.305,24.069,58.509,57.705,56.601,54.635,50.217,56.673,50.813,42.743,34.983,39.305,43.471,35.319,34.581,37.237,36.369,35.023,34.361,34.273,28.449,23.991,16.445,15.855,12.629,13.7
55.743,91.675,22.136,32.227,39.587,2.243,9.298,8.658,28.988,16.256,16.602,5.446,8.794,6.142,34.702,6.986,17.666,10.459,10.199,16.423,35.289,17.417,36.853,18.441,27.171,18.727,30.577,26.775,26.107,31.763,61.125,34.661,35.185,58.145,37.001,39.881,40.839,28.132,31.854,32.299,32.077,30.723,24.802,23.448,21.498,13.38,16.88,24.392,6.652,4.48,3.27,0,6.652,3.27,3.656,5.118,5.226,6.408,8.428,11.684,14.782,8.964,9.717,9.717,9.717,11.937,17.045,22.143,23.907,58.347,57.543,56.439,54.473,50.055,56.511,50.651,42.581,34.821,39.143,43.309,35.157,34.419,37.075,36.207,34.861,34.199,34.111,28.287,23.829,16.283,15.693,12.467,13.862
60.019,95.951,26.25,36.503,43.863,11.138,1.323,12.772,33.102,20.37,20.716,9.56,12.908,10.256,38.816,11.1,21.78,14.594,14.475,20.699,39.565,21.693,41.129,22.717,31.447,23.003,34.853,31.051,30.383,36.039,65.401,38.937,39.461,62.421,41.277,44.157,45.115,32.246,35.968,36.575,36.353,34.999,28.916,27.562,25.612,17.494,20.994,28.506,5.28,5.28,6.49,6.652,0,7.384,7.77,9.232,9.34,10.522,12.542,15.798,18.896,13.078,13.993,13.993,13.852,16.213,21.321,26.419,28.183,62.623,61.819,60.715,58.749,54.331,60.787,54.927,46.857,39.097,43.419,47.585,39.433,38.695,41.351,40.483,39.137,38.475,38.387,32.563,28.105,20.559,19.969,16.743,12.49
53.229,89.161,28.847,29.713,37.073,7.756,10.03,2.694,33.312,27.549,27.895,1.088,2.762,1.436,35.304,1.858,23.763,7.945,7.685,13.909,32.775,14.903,34.339,15.927,24.657,16.213,28.063,24.261,23.593,29.249,58.611,32.147,32.671,55.631,34.487,37.367,38.325,32.456,32.456,29.785,29.563,28.209,29.563,28.209,28.209,22.977,22.977,22.977,8.208,4.48,3.27,3.27,7.384,0,0.193,0.924,0.978,1.569,2.579,22.977,26.075,22.977,7.203,7.203,7.203,9.423,14.531,19.629,21.393,55.833,55.029,53.925,51.959,47.541,53.997,48.137,40.067,32.307,36.629,40.795,32.643,31.905,34.561,33.693,32.347,31.685,31.597,25.773,21.315,13.769,13.179,9.953,15.418
52.843,88.775,28.461,29.327,36.687,8.142,10.416,2.887,32.926,27.163,27.509,0.895,2.569,1.243,34.918,1.665,23.377,7.559,7.299,13.523,32.389,14.517,33.953,15.541,24.271,15.827,27.677,23.875,23.207,28.863,58.225,31.761,32.285,55.245,34.101,36.981,37.939,32.07,32.07,29.399,29.177,27.823,29.177,27.823,27.823,22.591,22.591,22.591,8.594,4.866,3.656,3.656,7.77,0.193,0,0.731,0.785,1.376,2.386,22.591,25.689,22.591,6.817,6.817,6.817,9.037,14.145,19.243,21.007,55.447,54.643,53.539,51.573,47.155,53.611,47.751,39.681,31.921,36.243,40.409,32.257,31.519,34.175,33.307,31.961,31.299,31.211,25.387,20.929,13.383,12.793,9.567,15.804
51.381,87.313,26.999,27.865,35.225,9.604,11.878,3.618,31.464,25.701,26.047,0.164,3.3,0.512,33.456,0.934,21.915,6.097,5.837,12.061,30.927,13.055,32.491,14.079,22.809,14.365,26.215,22.413,21.745,27.401,56.763,30.299,30.823,53.783,32.639,35.519,36.477,30.608,30.608,27.937,27.715,26.361,27.715,26.361,26.361,21.129,21.129,21.129,10.056,6.328,5.118,5.118,9.232,0.924,0.731,0,0.054,0.645,1.655,21.129,24.227,21.129,5.355,5.355,5.355,7.575,12.683,17.781,19.545,53.985,53.181,52.077,50.111,45.693,52.149,46.289,38.219,30.459,34.781,38.947,30.795,30.057,32.713,31.845,30.499,29.837,29.749,23.925,19.467,11.921,11.331,8.105,17.266
51.273,87.205,26.891,27.757,35.117,9.712,11.986,3.672,31.356,25.593,25.939,0.218,3.354,0.458,33.348,0.88,21.807,5.989,5.729,11.953,30.819,12.947,32.383,13.971,22.701,14.257,26.107,22.305,21.637,27.293,56.655,30.191,30.715,53.675,32.531,35.411,36.369,30.5,30.5,27.829,27.607,26.253,27.607,26.253,26.253,21.021,21.021,21.021,10.164,6.436,5.226,5.226,9.34,0.978,0.785,0.054,0,0.591,1.601,21.021,24.119,21.021,5.247,5.247,5.247,7.467,12.575,17.673,19.437,53.877,53.073,51.969,50.003,45.585,52.041,46.181,38.111,30.351,34.673,38.839,30.687,29.949,32.605,31.737,30.391,29.729,29.641,23.817,19.359,11.813,11.223,7.997,17.374
50.091,86.023,25.709,26.575,33.935,10.894,13.168,4.263,30.174,24.411,24.757,0.809,3.945,1.049,32.166,0.289,20.625,4.807,4.547,10.771,29.637,11.765,31.201,12.789,21.519,13.075,24.925,21.123,20.455,26.111,55.473,29.009,29.533,52.493,31.349,34.229,35.187,29.318,29.318,26.647,26.425,25.071,26.425,25.071,25.071,19.839,19.839,19.839,11.346,7.618,6.408,6.408,10.522,1.569,1.376,0.645,0.591,0,1.01,19.839,22.937,19.839,4.065,4.065,4.065,6.285,11.393,16.491,18.255,52.695,51.891,50.787,48.821,44.403,50.859,44.999,36.929,29.169,33.491,37.657,29.505,28.767,31.423,30.555,29.209,28.547,28.459,22.635,18.177,10.631,10.041,6.815,18.556
48.071,84.003,23.689,24.555,31.915,12.914,15.188,5.273,28.154,22.391,22.737,1.819,4.955,2.059,30.146,1.299,18.605,2.787,2.527,8.751,27.617,9.745,29.181,10.769,19.499,11.055,22.905,19.103,18.435,24.091,53.453,26.989,27.513,50.473,29.329,32.209,33.167,27.298,27.298,24.627,24.405,23.051,24.405,23.051,23.051,17.819,17.819,17.819,13.366,9.638,8.428,8.428,12.542,2.579,2.386,1.655,1.601,1.01,0,17.819,20.917,17.819,2.045,2.045,2.045,4.265,9.373,14.471,16.235,50.675,49.871,48.767,46.801,42.383,48.839,42.979,34.909,27.149,31.471,35.637,27.485,26.747,29.403,28.535,27.189,26.527,26.439,20.615,16.157,8.611,8.021,4.795,20.576
48.541,80.747,20.433,21.299,28.659,16.17,18.444,28.365,24.898,2.286,2.459,21.457,27.729,21.937,26.89,20.417,18.605,6.043,5.783,12.007,24.361,13.001,25.925,14.025,21.161,14.311,24.567,20.765,21.691,25.753,53.923,28.651,29.175,50.943,30.667,32.679,33.637,24.042,24.042,21.371,21.149,19.795,21.149,19.795,19.795,17.819,17.819,17.819,16.622,12.894,11.684,11.684,15.798,22.977,22.591,21.129,21.021,19.839,17.819,0,1.549,17.819,5.301,5.301,5.301,7.521,12.629,17.727,19.491,51.145,50.341,49.237,47.271,42.853,49.309,43.449,35.379,28.811,31.8,32.381,24.229,23.491,29.873,29.873,28.851,28.189,28.101,22.277,17.819,11.867,11.277,8.051,23.832
51.639,83.845,23.531,24.397,31.757,19.268,21.542,31.463,27.996,0.737,0.91,24.555,30.827,25.035,29.988,23.515,21.703,9.141,8.881,15.105,27.459,16.099,29.023,17.123,24.259,17.409,27.665,23.863,24.789,28.851,57.021,31.749,32.273,54.041,33.765,35.777,36.735,27.14,27.14,24.469,24.247,22.893,24.247,22.893,22.893,20.917,20.917,20.917,19.72,15.992,14.782,14.782,18.896,26.075,25.689,24.227,24.119,22.937,20.917,1.549,0,20.917,8.399,8.399,8.399,10.619,15.727,20.825,22.589,54.243,53.439,52.335,50.369,45.951,52.407,46.547,38.477,31.909,34.898,35.479,27.327,26.589,32.971,32.971,31.949,31.287,31.199,25.375,20.917,14.965,14.375,11.149,26.93
47.535,84.539,24.225,25.091,32.451,13.45,15.724,28.365,28.69,22.391,22.737,21.457,27.729,21.937,30.682,20.417,18.605,2.251,1.991,8.215,28.153,9.209,29.717,10.233,18.963,10.519,22.369,18.567,17.899,23.555,52.917,26.453,26.977,49.937,28.793,31.673,32.631,27.834,27.834,25.163,24.941,23.587,24.941,23.587,23.587,17.819,17.819,17.819,13.902,10.174,8.964,8.964,13.078,22.977,22.591,21.129,21.021,19.839,17.819,17.819,20.917,0,1.509,1.509,1.509,3.729,8.837,13.935,15.699,50.139,49.335,48.231,46.265,41.847,48.303,42.443,34.373,26.613,30.935,36.173,28.021,27.283,28.867,27.999,26.653,25.991,25.903,20.079,15.621,8.075,7.485,4.259,21.112
46.227,85.281,15.753,26.399,33.193,14.203,16.639,12.591,22.605,9.873,10.219,5.683,11.955,6.163,28.319,4.643,11.283,2.251,1.991,18.549,29.461,18.953,31.025,21.133,21.161,24.079,23.539,19.737,23.701,24.725,51.609,27.623,28.147,48.629,28.353,30.365,31.323,21.749,25.471,26.471,26.249,24.895,18.419,17.065,15.115,6.997,10.497,17.819,14.817,11.089,9.879,9.717,13.993,7.203,6.817,5.355,5.247,4.065,2.045,5.301,8.399,1.509,0,1.509,1.509,17.819,19.737,19.737,19.737,48.831,48.027,46.923,44.957,40.539,46.995,41.135,33.065,27.783,32.105,36.915,29.329,28.591,27.559,27.559,27.823,27.161,27.073,21.249,17.819,17.819,17.819,17.819,22.027
