0,83.5,45.066,37.361,32.216,43.402,45.676,41.904,48.497,39.186,39.532,34.996,41.268,35.476,46.767,33.956,38.11,30.79,30.212,31.378,38.231,32.372,38.342,23.18,29.436,33.682,26.95,23.148,20.65,24.181,17.628,22.383,22.731,15.752,21.877,24.678,25.636,47.641,43.919,37.361,37.361,36.914,45.572,44.784,44.428,36.31,37.324,29.812,43.854,40.126,38.916,38.916,43.03,36.516,36.13,34.668,34.56,33.378,31.358,34.614,37.712,30.822,29.112,29.73,30.048,26.892,21.784,16.686,14.922,14.85,14.046,14.046,25.644,2.844,5.476,2.546,25.644,24.678,29,35.134,36.646,37.361,24.678,21.083,21.083,21.745,21.833,24.66,26.094,31.238,30.648,27.422,51.064
83.5,0,71.751,64.262,56.902,96.161,98.597,94.549,71.351,85.319,85.665,87.641,93.913,88.121,73.343,86.601,79.493,86.055,85.964,80.061,62.94,79.875,63.028,85.754,74.537,88.817,70.048,69.27,83.224,64.282,80.346,67.18,67.704,81.182,68.991,71.003,71.961,70.495,70.495,64.19,64.412,65.766,69.163,69.163,71.113,79.051,78.707,71.195,96.775,93.047,91.837,91.675,95.951,89.161,88.775,87.313,87.205,86.023,84.003,80.747,83.845,84.539,85.307,85.482,85.313,83.087,84.358,79.26,77.496,77.568,78.372,79.476,80.238,77.812,84.268,78.408,70.338,61.224,56.902,24.183,61.332,62.07,68.197,68.197,67.38,66.718,66.63,67.758,71.195,78.741,79.331,82.557,103.98
45.066,71.751,0,12.303,19.663,26.622,28.896,34.235,15.722,25.005,25.351,27.327,33.599,27.807,17.714,26.287,19.523,25.741,25.799,26.475,15.365,26.879,16.929,32.249,25.797,32.005,29.203,25.401,35.334,29.711,34.22,32.609,33.133,35.056,34.949,37.677,38.635,14.866,14.866,12.375,12.153,12.153,12.153,18.737,0.319,18.737,18.737,18.737,27.074,23.346,22.136,22.136,26.25,28.847,28.461,26.999,26.891,25.709,23.689,20.433,23.531,24.225,25.745,25.317,24.999,25.745,30.853,31.37,31.37,31.442,32.246,33.35,34.96,39.378,45.834,39.974,36.315,27.201,22.879,23.385,15.233,14.495,34.871,34.155,32.809,32.147,32.059,26.913,22.455,25.745,25.745,25.745,34.284
37.361,64.262,12.303,0,18.407,36.713,39.149,35.101,11.975,25.871,26.217,28.193,34.465,28.673,13.967,27.153,20.389,26.607,26.665,27.341,14.109,27.745,15.673,31.237,22.449,32.871,21.397,19.107,33.061,19.107,30.183,22.005,22.529,30.018,24.263,26.275,27.233,11.119,11.119,11.119,11.119,9.715,9.715,9.715,11.665,19.603,19.603,16.817,37.327,33.599,32.389,32.227,36.503,29.713,29.327,27.865,27.757,26.575,24.555,21.299,24.397,25.091,26.611,26.183,25.865,26.611,29.841,29.097,27.333,27.405,28.209,28.312,28.312,31.673,38.129,32.269,26.414,19.107,15.896,15.896,13.977,13.239,23.469,23.469,22.205,21.543,21.455,19.107,19.107,26.611,26.611,26.611,44.537
32.216,56.902,19.663,18.407,0,44.073,46.509,42.461,19.263,33.231,33.577,35.553,41.825,36.033,21.255,34.513,27.405,33.967,33.876,27.973,19.977,27.787,20.803,34.497,22.449,36.729,21.397,19.107,33.061,15.916,30.183,18.814,19.338,29.856,16.903,18.915,19.873,18.407,18.407,19.107,18.407,17.075,17.075,17.075,19.025,26.963,26.619,19.107,44.687,40.959,39.749,39.587,43.863,37.073,36.687,35.225,35.117,33.935,31.915,28.659,31.757,32.451,33.219,33.394,33.225,30.999,33.101,29.097,27.333,27.405,28.15,28.15,28.15,26.528,32.984,27.124,19.054,12.858,8.536,8.536,19.107,19.107,16.109,16.109,19.014,18.352,18.264,19.107,19.107,26.653,27.243,30.469,51.897
43.402,96.161,26.622,36.713,44.073,0,13.784,13.144,33.474,20.742,21.088,9.932,13.28,10.628,39.188,11.472,22.152,14.966,15.024,21.866,39.775,22.86,41.339,23.884,32.614,24.17,36.02,32.218,31.55,37.206,32.2,40.104,40.628,33.036,42.444,44.769,45.727,32.618,36.34,36.785,36.563,35.209,29.288,27.934,25.984,17.866,21.366,28.878,11.138,8.966,7.756,2.243,11.138,7.756,8.142,9.604,9.712,10.894,12.914,16.17,19.268,13.45,15.16,14.542,14.224,17.38,22.488,27.586,29.35,29.422,30.226,31.33,33.296,37.714,44.17,38.31,45.188,40.264,44.586,47.795,39.643,38.905,41.963,41.65,40.304,39.642,39.554,33.73,29.272,21.726,21.136,17.91,18.348
45.676,98.597,28.896,39.149,46.509,13.784,0,15.418,35.748,23.016,23.362,12.206,15.554,12.902,41.462,13.746,24.426,17.24,17.298,24.14,42.211,25.134,43.775,26.158,34.888,26.444,38.294,34.492,33.824,39.48,34.474,42.378,42.902,35.31,44.718,47.205,48.163,34.892,38.614,39.221,38.999,37.645,31.562,30.208,28.258,20.14,23.64,31.152,7.926,7.926,9.136,9.298,1.323,10.03,10.416,11.878,11.986,13.168,15.188,18.444,21.542,15.724,17.434,16.816,16.498,19.654,24.762,29.86,31.624,31.696,32.5,33.604,35.57,39.988,46.444,40.584,47.462,42.538,46.86,50.231,42.079,41.341,44.399,43.924,42.578,41.916,41.828,36.004,31.546,24,23.41,20.184,15.136
41.904,94.549,34.235,35.101,42.461,13.144,15.418,0,38.7,33.138,33.484,3.782,5.456,4.13,40.692,4.552,29.352,29.308,29.048,29.296,38.163,29.7,39.727,33.925,31.908,34.826,35.314,31.512,36.493,36.5,35.379,39.398,39.922,33.504,41.145,43.157,44.115,37.844,37.844,35.173,34.951,33.597,34.951,33.597,33.597,28.566,28.566,28.566,13.596,9.868,8.658,8.658,12.772,2.694,2.887,3.618,3.672,4.263,5.273,28.566,31.664,28.566,28.566,28.566,28.566,28.566,32.529,32.529,32.529,32.601,33.405,31.798,31.798,36.216,42.672,36.812,43.69,39.558,43.88,46.183,38.031,37.293,40.351,40.351,39.598,38.936,38.848,33.024,28.566,28.566,28.566,28.566,20.806
48.497,71.351,15.722,11.975,19.263,33.474,35.748,38.7,0,29.47,29.816,31.792,38.064,32.272,14.823,30.752,24.003,30.206,30.264,30.955,14.965,31.359,16.529,36.729,27.296,36.485,30.702,26.9,39.814,29.859,37.976,32.757,33.281,38.812,35.097,37.339,38.297,0.428,11.975,11.975,11.975,13.134,11.975,13.134,15.084,23.202,23.217,20.236,33.926,30.198,28.988,28.988,33.102,33.312,32.926,31.464,31.356,30.174,28.154,24.898,27.996,28.69,30.225,29.782,29.464,30.225,35.333,35.85,35.126,35.198,36.002,37.106,39.072,42.809,49.265,43.405,35.915,26.801,22.479,22.985,14.833,14.095,34.533,34.303,32.957,32.295,32.207,28.412,23.954,30.225,30.225,30.225,41.136
39.186,85.319,25.005,25.871,33.231,20.742,23.016,33.138,29.47,0,1.647,26.23,32.502,26.71,31.462,25.19,23.378,23.334,23.074,23.322,28.933,23.726,30.497,29.096,25.934,28.852,29.34,25.538,32.181,30.526,31.067,33.424,33.948,30.786,35.239,37.251,38.209,28.614,28.614,25.943,25.721,24.367,25.721,24.367,24.367,22.592,22.592,22.592,21.194,17.466,16.256,16.256,20.37,27.75,27.364,25.902,25.794,24.612,22.592,2.286,0.737,22.592,22.592,22.592,22.592,22.592,27.7,28.217,28.217,28.289,29.093,29.08,29.08,33.498,39.954,34.094,39.947,33.584,36.372,36.953,28.801,28.063,34.445,34.445,33.624,32.962,32.874,27.05,22.592,22.592,22.592,22.592,28.404
39.532,85.665,25.351,26.217,33.577,21.088,23.362,33.484,29.816,1.647,0,26.576,32.848,27.056,31.808,25.536,23.724,23.68,23.42,23.668,29.279,24.072,30.843,29.442,26.28,29.198,29.686,25.884,32.527,30.872,31.413,33.77,34.294,31.132,35.585,37.597,38.555,28.96,28.96,26.289,26.067,24.713,26.067,24.713,24.713,22.938,22.938,22.938,21.54,17.812,16.602,16.602,20.716,28.096,27.71,26.248,26.14,24.958,22.938,2.459,0.91,22.938,22.938,22.938,22.938,22.938,28.046,28.563,28.563,28.635,29.439,29.426,29.426,33.844,40.3,34.44,40.293,33.93,36.718,37.299,29.147,28.409,34.791,34.791,33.97,33.308,33.22,27.396,22.938,22.938,22.938,22.938,28.75
34.996,87.641,27.327,28.193,35.553,9.932,12.206,3.782,31.792,26.23,26.576,0,3.464,0.676,33.784,1.098,22.444,22.4,22.14,22.388,31.255,22.792,32.819,27.017,25,27.918,28.406,24.604,29.585,29.592,28.471,32.49,33.014,26.596,34.237,36.249,37.207,30.936,30.936,28.265,28.043,26.689,28.043,26.689,26.689,21.658,21.658,21.658,10.384,6.656,5.446,5.446,9.56,1.088,0.895,0.164,0.218,0.809,1.819,21.658,24.756,21.658,21.658,21.658,21.658,21.658,25.621,25.621,25.621,25.693,26.497,24.89,24.89,29.308,35.764,29.904,36.782,32.65,36.972,39.275,31.123,30.385,33.443,33.443,32.69,32.028,31.94,26.116,21.658,21.658,21.658,21.658,17.594
41.268,93.913,33.599,34.465,41.825,13.28,15.554,5.456,38.064,32.502,32.848,3.464,0,3.812,40.056,4.234,28.716,28.672,28.412,28.66,37.527,29.064,39.091,33.289,31.272,34.19,34.678,30.876,35.857,35.864,34.743,38.762,39.286,32.868,40.509,42.521,43.479,37.208,37.208,34.537,34.315,32.961,34.315,32.961,32.961,27.93,27.93,27.93,13.732,10.004,8.794,8.794,12.908,2.762,2.569,3.3,3.354,3.945,4.955,27.93,31.028,27.93,27.93,27.93,27.93,27.93,31.893,31.893,31.893,31.965,32.769,31.162,31.162,35.58,42.036,36.176,43.054,38.922,43.244,45.547,37.395,36.657,39.715,39.715,38.962,38.3,38.212,32.388,27.93,27.93,27.93,27.93,20.942
35.476,88.121,27.807,28.673,36.033,10.628,12.902,4.13,32.272,26.71,27.056,0.676,3.812,0,34.264,1.338,22.924,22.88,22.62,22.868,31.735,23.272,33.299,27.497,25.48,28.398,28.886,25.084,30.065,30.072,28.951,32.97,33.494,27.076,34.717,36.729,37.687,31.416,31.416,28.745,28.523,27.169,28.523,27.169,27.169,22.138,22.138,22.138,11.08,7.352,6.142,6.142,10.256,1.436,1.243,0.512,0.458,1.049,2.059,22.138,25.236,22.138,22.138,22.138,22.138,22.138,26.101,26.101,26.101,26.173,26.977,25.37,25.37,29.788,36.244,30.384,37.262,33.13,37.452,39.755,31.603,30.865,33.923,33.923,33.17,32.508,32.42,26.596,22.138,22.138,22.138,22.138,18.29
46.767,73.343,17.714,13.967,21.255,39.188,41.462,40.692,14.823,31.462,31.808,33.784,40.056,34.264,0,32.744,25.995,32.198,32.256,32.947,16.957,33.351,18.521,38.721,29.288,38.477,30.803,28.513,41.806,28.513,39.589,31.411,31.935,39.496,33.597,35.609,36.567,13.967,1.424,13.967,13.967,15.126,13.967,15.126,17.076,25.194,25.209,22.228,39.64,35.912,34.702,34.702,38.816,35.304,34.918,33.456,33.348,32.166,30.146,26.89,29.988,30.682,32.217,31.774,31.456,32.217,37.325,37.842,36.739,36.811,37.615,37.79,37.79,41.079,47.535,41.675,35.748,28.513,24.471,24.977,16.825,16.087,32.803,32.803,31.611,30.949,30.861,28.513,25.946,32.217,32.217,32.217,46.85
33.956,86.601,26.287,27.153,34.513,11.472,13.746,4.552,30.752,25.19,25.536,1.098,4.234,1.338,32.744,0,21.404,21.36,21.1,21.348,30.215,21.752,31.779,25.977,23.96,26.878,27.366,23.564,28.545,28.552,27.431,31.45,31.974,25.556,33.197,35.209,36.167,29.896,29.896,27.225,27.003,25.649,27.003,25.649,25.649,20.618,20.618,20.618,11.924,8.196,6.986,6.986,11.1,1.858,1.665,0.934,0.88,0.289,1.299,20.618,23.716,20.618,20.618,20.618,20.618,20.618,24.581,24.581,24.581,24.653,25.457,23.85,23.85,28.268,34.724,28.864,35.742,31.61,35.932,38.235,30.083,29.345,32.403,32.403,31.65,30.988,30.9,25.076,20.618,20.618,20.618,20.618,19.134
38.11,79.493,19.523,20.389,27.405,22.152,24.426,29.352,24.003,23.378,23.724,22.444,28.716,22.924,25.995,21.404,0,19.548,19.288,19.536,23.451,19.94,25.015,25.31,22.148,25.066,25.554,21.752,28.395,26.74,27.281,29.638,30.162,28.117,26.257,28.269,29.227,23.147,23.147,20.461,20.239,18.885,20.239,18.885,18.885,18.806,0.393,18.806,22.604,18.876,17.666,17.666,21.78,23.964,23.578,22.116,22.008,20.826,18.806,18.806,21.904,18.806,18.806,18.806,18.806,18.806,23.914,24.431,24.431,24.503,25.307,26.411,28.004,32.422,38.878,33.018,30.969,27.405,27.405,31.127,23.319,22.581,25.463,25.463,29.838,29.176,29.088,23.264,18.806,18.806,18.806,18.806,29.814
30.79,86.055,25.741,26.607,33.967,14.966,17.24,29.308,30.206,23.334,23.68,22.4,28.672,22.88,32.198,21.36,19.548,0,19.244,19.492,29.669,19.896,31.233,22.811,22.104,25.022,25.217,21.415,25.379,26.403,24.265,29.301,29.825,22.39,30.031,32.043,33.001,29.35,29.35,26.679,26.457,25.103,26.457,25.103,25.103,18.762,18.762,18.762,15.418,11.69,10.48,10.48,14.594,23.92,23.534,22.072,21.964,20.782,18.762,18.762,21.86,18.762,18.762,18.762,0.371,18.762,21.415,21.415,21.415,21.487,22.291,20.684,20.684,25.102,31.558,25.698,32.576,29.461,33.783,37.689,29.537,28.799,29.237,29.237,29.501,28.839,28.751,22.927,18.762,18.762,18.762,18.762,22.628
30.212,85.964,25.799,26.665,33.876,15.024,17.298,29.048,30.264,23.074,23.42,22.14,28.412,22.62,32.256,21.1,19.288,19.244,0,19.232,29.727,19.636,31.291,22.233,21.844,24.762,24.639,20.837,24.801,25.825,23.687,28.723,29.247,21.812,29.453,31.465,32.423,29.408,29.408,26.737,26.515,25.161,26.515,25.161,25.161,18.502,18.502,18.502,15.476,11.748,10.538,10.538,14.652,23.66,23.274,21.812,21.704,20.522,18.502,18.502,21.6,18.502,18.502,0.241,18.502,18.502,20.837,20.837,20.837,20.909,21.713,20.106,20.106,24.524,30.98,25.12,31.998,28.883,33.205,37.598,29.595,28.857,28.659,28.659,28.923,28.261,28.173,22.349,18.502,18.502,18.502,18.502,22.686
31.378,80.061,26.475,27.341,27.973,21.866,24.14,29.296,30.955,23.322,23.668,22.388,28.66,22.868,32.947,21.348,19.536,19.492,19.232,0,28.843,19.381,29.669,19.643,21.589,24.507,22.049,18.247,22.211,23.235,21.097,26.133,26.657,21.933,23.107,25.119,26.077,30.099,30.099,27.413,27.191,25.837,27.191,25.837,25.837,18.75,18.75,18.75,22.318,18.59,17.38,17.38,21.494,23.908,23.522,22.06,21.952,20.77,18.75,18.75,21.848,18.75,18.75,18.75,18.75,18.247,18.247,18.247,18.247,18.319,19.123,20.227,21.272,25.69,32.146,26.286,27.819,26.293,27.973,31.695,27.973,27.973,22.313,22.313,26.333,25.671,25.583,19.759,18.247,18.247,0.365,18.247,29.528
38.231,62.94,15.365,14.109,19.977,39.775,42.211,38.163,14.965,28.933,29.279,31.255,37.527,31.735,16.957,30.215,23.451,29.669,29.727,28.843,0,28.657,21.673,34.299,23.319,35.933,22.267,19.977,33.931,19.977,31.053,22.875,23.399,31.889,22.941,24.953,25.911,14.109,14.109,19.977,14.109,12.777,12.777,12.777,14.727,22.665,22.665,19.879,40.389,36.661,35.451,35.289,39.565,32.775,32.389,30.927,30.819,29.637,27.617,24.361,27.459,28.153,29.673,29.245,28.927,29.673,32.903,29.967,28.203,28.275,29.079,30.183,31.374,32.543,38.999,33.139,25.092,18.896,14.574,14.574,19.977,0.435,22.147,22.147,23.075,22.413,22.325,19.977,19.977,27.523,28.113,29.673,47.599
32.372,79.875,26.879,27.745,27.787,22.86,25.134,29.7,31.359,23.726,24.072,22.792,29.064,23.272,33.351,21.752,19.94,19.896,19.636,19.381,28.657,0,29.483,20.047,21.993,24.911,22.453,18.651,22.615,23.639,21.501,26.537,27.061,22.337,22.921,24.933,25.891,30.503,30.503,27.787,27.595,26.241,27.595,26.241,26.241,19.154,19.154,19.154,23.312,19.584,18.374,18.374,22.488,24.312,23.926,22.464,22.356,21.174,19.154,19.154,22.252,19.154,19.154,19.154,19.154,18.651,18.651,18.651,18.651,18.723,19.527,20.631,22.266,26.684,33.14,27.28,27.633,26.697,27.787,31.509,27.787,27.787,22.127,22.127,26.737,26.075,25.987,20.163,18.651,0.567,18.651,18.651,30.522
38.342,63.028,16.929,15.673,20.803,41.339,43.775,39.727,16.529,30.497,30.843,32.819,39.091,33.299,18.521,31.779,25.015,31.233,31.291,29.669,21.673,29.483,0,35.863,24.145,37.497,23.093,20.803,34.757,20.803,31.879,23.701,24.225,32.715,23.029,25.041,25.999,15.673,15.673,20.803,15.673,14.341,14.341,14.341,16.291,24.229,24.229,20.803,41.953,38.225,37.015,36.853,41.129,34.339,33.953,32.491,32.383,31.201,29.181,25.925,29.023,29.717,31.237,30.809,30.491,31.237,34.467,30.793,29.029,29.101,29.905,31.009,32.938,32.654,39.11,33.25,25.18,18.984,14.662,14.662,0.848,20.803,22.235,22.235,23.901,23.239,23.151,20.803,20.803,28.349,28.939,31.237,49.163
23.18,85.754,32.249,31.237,34.497,23.884,26.158,33.925,36.729,29.096,29.442,27.017,33.289,27.497,38.721,25.977,25.31,22.811,22.233,19.643,34.299,20.047,35.863,0,22.255,25.173,22.715,18.913,22.877,23.901,21.763,26.799,27.323,14.78,27.779,27.666,28.624,35.873,35.873,31.309,31.087,29.733,32.965,31.611,31.611,24.524,24.524,22.631,24.336,20.608,19.398,19.398,23.512,28.537,28.151,26.689,26.581,25.399,23.379,24.524,27.622,22.843,21.133,21.751,22.069,18.913,0.698,18.913,18.913,18.985,19.789,13.074,13.074,17.492,23.948,18.088,24.966,26.959,31.281,37.388,34.167,33.429,26.985,26.985,26.999,26.337,26.249,20.425,18.913,18.913,18.913,18.913,31.546
29.436,74.537,25.797,22.449,22.449,32.614,34.888,31.908,27.296,25.934,26.28,25,31.272,25.48,29.288,23.96,22.148,22.104,21.844,21.589,23.319,21.993,24.145,22.255,0,27.119,24.661,20.859,24.823,22.449,23.709,23.342,23.778,21.036,17.583,19.595,20.553,26.44,26.44,22.449,22.449,22.449,23.727,23.727,25.159,21.362,21.362,21.362,33.066,29.338,28.128,28.128,32.242,26.52,26.134,24.672,24.564,23.382,21.362,21.362,24.46,21.362,21.362,21.362,21.362,20.859,20.859,20.859,20.859,20.931,21.735,19.33,19.33,23.748,30.204,24.344,22.295,22.449,22.449,26.171,22.449,22.449,16.789,16.789,22.792,22.792,22.792,22.371,1.671,20.859,20.859,20.859,40.276
33.682,88.817,32.005,32.871,36.729,24.17,26.444,34.826,36.485,28.852,29.198,27.918,34.19,28.398,38.477,26.878,25.066,25.022,24.762,24.507,35.933,24.911,37.497,25.173,27.119,0,27.579,23.777,27.741,28.765,26.627,31.663,32.187,25.282,31.863,33.875,34.833,35.629,35.629,32.943,32.721,31.367,32.721,31.367,31.367,24.28,24.28,24.28,24.622,20.894,19.684,19.684,23.798,29.438,29.052,27.59,27.482,26.3,24.28,24.28,27.378,24.28,24.28,24.28,24.28,23.777,23.777,23.777,23.777,23.849,24.653,23.576,23.576,27.994,34.45,28.59,35.468,31.823,36.145,40.451,35.801,35.063,31.069,31.069,31.863,31.201,31.113,25.289,23.777,23.777,23.777,3.13,31.832
26.95,70.048,29.203,21.397,21.397,36.02,38.294,35.314,30.702,29.34,29.686,28.406,34.678,28.886,30.803,27.366,25.554,25.217,24.639,22.049,22.267,22.453,23.093,22.715,24.661,27.579,0,21.397,25.283,21.397,24.169,17.832,18.268,18.55,12.073,14.085,15.043,29.846,27.955,21.397,21.397,21.397,27.133,27.133,28.565,24.768,24.768,21.397,36.472,32.744,31.534,31.534,35.648,29.926,29.54,28.078,27.97,26.788,24.768,24.768,27.866,24.768,23.539,24.157,24.475,21.319,21.319,21.319,21.319,21.391,22.195,16.844,16.844,21.262,27.718,21.858,16.785,17.282,21.397,21.682,21.397,21.397,11.279,11.279,17.282,17.282,17.282,1.145,21.319,21.319,21.319,21.319,43.682
23.148,69.27,25.401,19.107,19.107,32.218,34.492,31.512,26.9,25.538,25.884,24.604,30.876,25.084,28.513,23.564,21.752,21.415,20.837,18.247,19.977,18.651,20.803,18.913,20.859,23.777,21.397,0,21.481,19.107,20.367,17.054,17.49,14.748,11.295,13.307,14.265,26.044,25.665,19.107,19.107,19.107,23.331,23.331,24.763,20.966,20.966,19.107,32.67,28.942,27.732,27.732,31.846,26.124,25.738,24.276,24.168,22.986,20.966,20.966,24.064,20.966,19.737,20.355,20.673,17.517,17.517,17.517,17.517,17.589,18.393,13.042,13.042,17.46,23.916,18.056,16.007,16.504,19.107,20.904,19.107,19.107,10.501,10.501,16.504,16.504,16.504,19.107,17.517,17.517,17.517,17.517,39.88
20.65,83.224,35.334,33.061,33.061,31.55,33.824,36.493,39.814,32.181,32.527,29.585,35.857,30.065,41.806,28.545,28.395,25.379,24.801,22.211,33.931,22.615,34.757,22.877,24.823,27.741,25.283,21.481,0,25.684,24.331,26.234,26.67,12.25,25.249,25.136,26.094,38.958,38.958,33.061,33.061,32.301,36.05,34.696,34.696,27.609,27.609,25.199,32.002,28.274,27.064,27.064,31.178,31.105,30.719,29.257,29.149,27.967,25.947,27.609,30.707,25.411,23.701,24.319,24.637,21.481,21.481,1.982,21.481,21.553,22.357,10.544,10.544,14.962,21.418,15.558,22.436,26.34,30.662,34.858,33.061,33.061,24.455,24.455,25.684,25.684,25.684,22.993,21.481,21.481,21.481,21.481,39.212
24.181,64.282,29.711,19.107,15.916,37.206,39.48,36.5,29.859,30.526,30.872,29.592,35.864,30.072,28.513,28.552,26.74,26.403,25.825,23.235,19.977,23.639,20.803,23.901,22.449,28.765,21.397,19.107,25.684,0,22.734,12.066,12.502,19.736,6.307,8.319,9.277,29.003,25.665,19.107,19.107,19.107,27.318,27.123,29.073,25.954,25.954,19.107,37.658,33.93,32.72,32.72,36.834,31.112,30.726,29.264,29.156,27.974,25.954,25.954,29.052,25.954,24.725,25.343,25.661,22.505,22.505,21.72,19.956,19.956,19.956,18.03,18.03,18.493,24.949,19.089,11.019,11.516,15.838,15.916,19.107,19.107,5.513,5.513,11.516,11.516,11.516,19.107,19.107,22.505,22.505,22.505,44.868
17.628,80.346,34.22,30.183,30.183,32.2,34.474,35.379,37.976,31.067,31.413,28.471,34.743,28.951,39.589,27.431,27.281,24.265,23.687,21.097,31.053,21.501,31.879,21.763,23.709,26.627,24.169,20.367,24.331,22.734,0,23.284,23.72,9.228,22.371,22.114,23.072,37.12,36.741,30.183,30.183,30.183,34.407,33.582,33.582,26.495,26.495,24.085,32.652,28.924,27.714,27.714,31.828,29.991,29.605,28.143,28.035,26.853,24.833,26.495,29.593,24.297,22.587,23.205,23.523,20.367,20.367,20.367,22.734,1.389,22.734,7.522,7.522,11.94,18.396,12.536,19.414,23.39,27.712,31.98,30.183,30.183,21.577,21.577,22.734,22.734,22.734,21.879,20.367,20.367,20.367,20.367,39.862
22.383,67.18,32.609,22.005,18.814,40.104,42.378,39.398,32.757,33.424,33.77,32.49,38.762,32.97,31.411,31.45,29.638,29.301,28.723,26.133,22.875,26.537,23.701,26.799,23.342,31.663,17.832,17.054,26.234,12.066,23.284,0,13.052,22.212,4.509,6.521,7.479,31.901,28.563,22.005,22.005,22.005,30.216,30.021,31.971,28.852,28.852,22.005,40.556,36.828,35.618,35.618,39.732,34.01,33.624,32.162,32.054,30.872,28.852,28.852,31.95,28.852,27.623,28.241,28.559,25.403,25.403,22.27,20.506,20.506,20.506,20.506,20.506,16.695,23.151,17.291,9.221,12.066,16.388,18.814,22.005,22.005,3.715,3.715,12.066,12.066,0.275,15.542,20,25.403,25.403,25.403,47.766
22.731,67.704,33.133,22.529,19.338,40.628,42.902,39.922,33.281,33.948,34.294,33.014,39.286,33.494,31.935,31.974,30.162,29.825,29.247,26.657,23.399,27.061,24.225,27.323,23.778,32.187,18.268,17.49,26.67,12.502,23.72,13.052,0,22.648,4.857,6.869,7.827,32.425,29.087,22.529,22.529,22.529,30.74,30.545,32.495,29.376,29.376,22.529,41.08,37.352,36.142,36.142,40.256,34.534,34.148,32.686,32.578,31.396,29.376,29.376,32.474,29.376,28.147,28.765,29.083,25.927,25.927,22.706,20.942,20.942,20.942,20.942,20.942,17.043,23.499,17.639,9.569,12.502,16.824,19.338,22.529,22.529,4.063,4.063,12.502,0.493,12.502,15.978,20.436,25.927,25.927,25.927,48.29
15.752,81.182,35.056,30.018,29.856,33.036,35.31,33.504,38.812,30.786,31.132,26.596,32.868,27.076,39.496,25.556,28.117,22.39,21.812,21.933,31.889,22.337,32.715,14.78,21.036,25.282,18.55,14.748,12.25,19.736,9.228,22.212,22.648,0,22.615,20.238,21.196,37.956,36.648,30.09,29.868,28.514,35.243,34.418,34.418,27.331,27.331,21.412,33.488,29.76,28.55,28.55,32.664,28.116,27.73,26.268,26.16,24.978,22.958,26.214,29.312,22.422,20.712,21.33,21.648,18.492,13.384,8.286,6.522,6.45,5.646,0.853,5.646,10.064,16.52,10.66,17.538,22.318,26.64,32.816,31.019,31.019,21.662,21.821,21.662,21.662,21.662,16.26,17.694,21.203,21.203,19.022,40.698
21.877,68.991,34.949,24.263,16.903,42.444,44.718,41.145,35.097,35.239,35.585,34.237,40.509,34.717,33.597,33.197,26.257,30.031,29.453,23.107,22.941,22.921,23.029,27.779,17.583,31.863,12.073,11.295,25.249,6.307,22.371,4.509,4.857,22.615,0,6.015,6.973,34.241,30.749,24.191,24.345,24.345,32.556,32.361,34.311,28.971,25.471,17.959,42.896,39.168,37.958,37.958,42.072,35.757,35.371,33.909,33.801,32.619,30.599,30.667,33.765,30.063,28.353,28.971,29.289,26.133,26.383,21.285,19.521,19.593,20.397,20.909,20.607,16.189,22.645,16.785,8.715,9.365,13.687,20.625,21.333,22.071,3.209,0.397,3.209,3.871,3.959,9.783,14.241,21.787,22.377,25.603,50.106
24.678,71.003,37.677,26.275,18.915,44.769,47.205,43.157,37.339,37.251,37.597,36.249,42.521,36.729,35.609,35.209,28.269,32.043,31.465,25.119,24.953,24.933,25.041,27.666,19.595,33.875,14.085,13.307,25.136,8.319,22.114,6.521,6.869,20.238,6.015,0,0.479,36.483,32.761,26.203,26.425,27.073,34.831,35.089,37.039,30.983,27.483,19.971,45.383,41.655,40.445,40.283,44.559,37.769,37.383,35.921,35.813,34.631,32.611,32.679,35.777,32.075,30.365,30.983,31.301,28.145,26.27,21.172,19.408,19.336,18.532,18.532,19.956,18.99,25.446,19.586,11.516,11.377,15.699,22.637,23.345,24.083,11.516,5.221,5.221,5.883,5.971,11.795,16.253,23.799,24.389,27.615,52.593
25.636,71.961,38.635,27.233,19.873,45.727,48.163,44.115,38.297,38.209,38.555,37.207,43.479,37.687,36.567,36.167,29.227,33.001,32.423,26.077,25.911,25.891,25.999,28.624,20.553,34.833,15.043,14.265,26.094,9.277,23.072,7.479,7.827,21.196,6.973,0.479,0,37.441,33.719,27.161,27.383,28.031,35.789,36.047,37.997,31.941,28.441,20.929,46.341,42.613,41.403,41.241,45.517,38.727,38.341,36.879,36.771,35.589,33.569,33.637,36.735,33.033,31.323,31.941,32.259,29.103,27.228,22.13,20.366,20.294,19.49,19.49,20.914,19.948,26.404,20.544,12.474,12.335,16.657,23.595,24.303,25.041,12.474,6.179,6.179,6.841,6.929,12.753,17.211,24.757,25.347,28.573,53.551
47.641,70.495,14.866,11.119,18.407,32.618,34.892,37.844,0.428,28.614,28.96,30.936,37.208,31.416,13.967,29.896,23.147,29.35,29.408,30.099,14.109,30.503,15.673,35.873,26.44,35.629,29.846,26.044,38.958,29.003,37.12,31.901,32.425,37.956,34.241,36.483,37.441,0,11.119,11.119,11.119,12.278,11.119,12.278,14.228,22.346,22.361,19.38,33.07,29.342,28.132,28.132,32.246,32.456,32.07,30.608,30.5,29.318,27.298,24.042,27.14,27.834,29.369,28.926,28.608,29.369,34.477,34.994,34.27,34.342,35.146,36.25,38.216,41.953,48.409,42.549,35.059,25.945,21.623,22.129,13.977,13.239,33.677,33.447,32.101,31.439,31.351,27.556,23.098,29.369,29.369,29.369,40.28
43.919,70.495,14.866,11.119,18.407,36.34,38.614,37.844,11.975,28.614,28.96,30.936,37.208,31.416,1.424,29.896,23.147,29.35,29.408,30.099,14.109,30.503,15.673,35.873,26.44,35.629,27.955,25.665,38.958,25.665,36.741,28.563,29.087,36.648,30.749,32.761,33.719,11.119,0,11.119,11.119,12.278,11.119,12.278,14.228,22.346,22.361,19.38,36.792,33.064,31.854,31.854,35.968,32.456,32.07,30.608,30.5,29.318,27.298,24.042,27.14,27.834,29.369,28.926,28.608,29.369,34.477,34.994,33.891,33.963,34.767,34.942,34.942,38.231,44.687,38.827,32.9,25.665,21.623,22.129,13.977,13.239,29.955,29.955,28.763,28.101,28.013,25.665,23.098,29.369,29.369,29.369,44.002
37.361,64.19,12.375,11.119,19.107,36.785,39.221,35.173,11.975,25.943,26.289,28.265,34.537,28.745,13.967,27.225,20.461,26.679,26.737,27.413,19.977,27.787,20.803,31.309,22.449,32.943,21.397,19.107,33.061,19.107,30.183,22.005,22.529,30.09,24.191,26.203,27.161,11.119,11.119,0,11.119,9.787,9.787,9.787,11.737,19.675,19.675,16.889,37.399,33.671,32.461,32.299,36.575,29.785,29.399,27.937,27.829,26.647,24.627,21.371,24.469,25.163,26.683,26.255,25.937,26.683,29.913,29.097,27.333,27.405,28.209,28.384,28.384,31.673,38.129,32.269,26.342,19.107,15.824,15.824,19.107,19.107,23.397,23.397,22.205,21.543,21.455,19.107,19.107,26.653,26.683,26.683,44.609
37.361,64.412,12.153,11.119,18.407,36.563,38.999,34.951,11.975,25.721,26.067,28.043,34.315,28.523,13.967,27.003,20.239,26.457,26.515,27.191,14.109,27.595,15.673,31.087,22.449,32.721,21.397,19.107,33.061,19.107,30.183,22.005,22.529,29.868,24.345,26.425,27.383,11.119,11.119,11.119,0,9.565,9.565,9.565,11.515,19.453,19.453,16.667,37.177,33.449,32.239,32.077,36.353,29.563,29.177,27.715,27.607,26.425,24.405,21.149,24.247,24.941,26.461,26.033,25.715,26.461,29.691,29.097,27.333,27.405,28.209,28.162,28.162,31.673,38.129,32.269,26.564,19.107,16.046,16.046,13.977,13.239,23.619,23.551,22.205,21.543,21.455,19.107,19.107,26.461,26.461,26.461,44.387
36.914,65.766,12.153,9.715,17.075,35.209,37.645,33.597,13.134,24.367,24.713,26.689,32.961,27.169,15.126,25.649,18.885,25.103,25.161,25.837,12.777,26.241,14.341,29.733,22.449,31.367,21.397,19.107,32.301,19.107,30.183,22.005,22.529,28.514,24.345,27.073,28.031,12.278,12.278,9.787,9.565,0,9.565,9.565,11.515,18.099,18.099,18.099,35.823,32.095,30.885,30.723,34.999,28.209,27.823,26.361,26.253,25.071,23.051,19.795,22.893,23.587,25.107,24.679,24.361,25.107,28.337,28.337,27.333,27.405,28.209,26.808,26.808,31.226,37.682,31.822,27.565,19.107,17.4,17.4,12.645,11.907,24.267,23.551,22.205,21.543,21.455,19.107,19.107,25.107,25.107,25.107,43.033
45.572,69.163,12.153,9.715,17.075,29.288,31.562,34.951,11.975,25.721,26.067,28.043,34.315,28.523,13.967,27.003,20.239,26.457,26.515,27.191,12.777,27.595,14.341,32.965,23.727,32.721,27.133,23.331,36.05,27.318,34.407,30.216,30.74,35.243,32.556,34.831,35.789,11.119,11.119,9.787,9.565,9.565,0,9.565,11.515,19.453,19.453,16.667,29.74,26.012,24.802,24.802,28.916,29.563,29.177,27.715,27.607,26.425,24.405,21.149,24.247,24.941,26.461,26.033,25.715,26.461,31.569,32.086,31.557,31.629,32.433,33.537,35.503,39.884,46.34,40.48,33.727,24.613,20.291,20.797,12.645,11.907,32.025,31.762,30.416,29.754,29.666,24.843,20.385,26.461,26.461,26.461,36.95
44.784,69.163,18.737,9.715,17.075,27.934,30.208,33.597,13.134,24.367,24.713,26.689,32.961,27.169,15.126,25.649,18.885,25.103,25.161,25.837,12.777,26.241,14.341,31.611,23.727,31.367,27.133,23.331,34.696,27.123,33.582,30.021,30.545,34.418,32.361,35.089,36.047,12.278,12.278,9.787,9.565,9.565,9.565,0,18.099,18.099,18.099,16.667,28.386,24.658,23.448,23.448,27.562,28.209,27.823,26.361,26.253,25.071,23.051,19.795,22.893,23.587,25.107,24.679,24.361,25.107,30.215,30.732,30.732,30.804,31.608,32.712,34.678,39.096,45.552,39.692,33.727,24.613,20.291,20.797,12.645,11.907,32.283,31.567,30.221,29.559,29.471,24.843,20.385,25.107,25.107,25.107,35.596
44.428,71.113,0.319,11.665,19.025,25.984,28.258,33.597,15.084,24.367,24.713,26.689,32.961,27.169,17.076,25.649,18.885,25.103,25.161,25.837,14.727,26.241,16.291,31.611,25.159,31.367,28.565,24.763,34.696,29.073,33.582,31.971,32.495,34.418,34.311,37.039,37.997,14.228,14.228,11.737,11.515,11.515,11.515,18.099,0,18.099,18.099,18.099,26.436,22.708,21.498,21.498,25.612,28.209,27.823,26.361,26.253,25.071,23.051,19.795,22.893,23.587,25.107,24.679,24.361,25.107,30.215,30.732,30.732,30.804,31.608,32.712,34.322,38.74,45.196,39.336,35.677,26.563,22.241,22.747,14.595,13.857,34.233,33.517,32.171,31.509,31.421,26.275,21.817,25.107,25.107,25.107,33.646
36.31,79.051,18.737,19.603,26.963,17.866,20.14,28.566,23.202,22.592,22.938,21.658,27.93,22.138,25.194,20.618,18.806,18.762,18.502,18.75,22.665,19.154,24.229,24.524,21.362,24.28,24.768,20.966,27.609,25.954,26.495,28.852,29.376,27.331,28.971,30.983,31.941,22.346,22.346,19.675,19.453,18.099,19.453,18.099,18.099,0,18.02,18.02,18.318,14.59,13.38,13.38,17.494,23.178,22.792,21.33,21.222,20.04,18.02,18.02,21.118,18.02,18.02,18.02,18.02,18.02,23.128,23.645,23.645,23.717,24.521,25.625,26.204,30.622,37.078,31.218,33.683,29.012,30.104,30.685,22.533,21.795,28.177,28.177,29.052,28.39,28.302,22.478,18.02,18.02,18.02,18.02,25.528
37.324,78.707,18.737,19.603,26.619,21.366,23.64,28.566,23.217,22.592,22.938,21.658,27.93,22.138,25.209,20.618,0.393,18.762,18.502,18.75,22.665,19.154,24.229,24.524,21.362,24.28,24.768,20.966,27.609,25.954,26.495,28.852,29.376,27.331,25.471,27.483,28.441,22.361,22.361,19.675,19.453,18.099,19.453,18.099,18.099,18.02,0,18.02,21.818,18.09,16.88,16.88,20.994,23.178,22.792,21.33,21.222,20.04,18.02,18.02,21.118,18.02,18.02,18.02,18.02,18.02,23.128,23.645,23.645,23.717,24.521,25.625,27.218,31.636,38.092,32.232,30.183,26.619,26.619,30.341,22.533,21.795,24.677,24.677,29.052,28.39,28.302,22.478,18.02,18.02,18.02,18.02,29.028
29.812,71.195,18.737,16.817,19.107,28.878,31.152,28.566,20.236,22.592,22.938,21.658,27.93,22.138,22.228,20.618,18.806,18.762,18.502,18.75,19.879,19.154,20.803,22.631,21.362,24.28,21.397,19.107,25.199,19.107,24.085,22.005,22.529,21.412,17.959,19.971,20.929,19.38,19.38,16.889,16.667,18.099,16.667,16.667,18.099,18.02,18.02,0,29.33,25.602,24.392,24.392,28.506,23.178,22.792,21.33,21.222,20.04,18.02,18.02,21.118,18.02,18.02,18.02,18.02,18.02,21.235,21.235,21.235,21.307,22.111,19.706,19.706,24.124,30.58,24.72,22.671,19.107,19.107,22.829,19.107,19.009,17.165,17.165,22.205,21.543,21.455,19.107,18.02,18.02,18.02,18.02,36.54
43.854,96.775,27.074,37.327,44.687,11.138,7.926,13.596,33.926,21.194,21.54,10.384,13.732,11.08,39.64,11.924,22.604,15.418,15.476,22.318,40.389,23.312,41.953,24.336,33.066,24.622,36.472,32.67,32.002,37.658,32.652,40.556,41.08,33.488,42.896,45.383,46.341,33.07,36.792,37.399,37.177,35.823,29.74,28.386,26.436,18.318,21.818,29.33,0,5.28,6.49,6.652,5.28,8.208,8.594,10.056,10.164,11.346,13.366,16.622,19.72,13.902,15.612,14.994,14.676,17.832,22.94,28.038,29.802,29.874,30.678,31.782,33.748,38.166,44.622,38.762,45.64,40.716,45.038,48.409,40.257,39.519,42.577,42.102,40.756,40.094,40.006,34.182,29.724,22.178,21.588,18.362,3.605
40.126,93.047,23.346,33.599,40.959,8.966,7.926,9.868,30.198,17.466,17.812,6.656,10.004,7.352,35.912,8.196,18.876,11.69,11.748,18.59,36.661,19.584,38.225,20.608,29.338,20.894,32.744,28.942,28.274,33.93,28.924,36.828,37.352,29.76,39.168,41.655,42.613,29.342,33.064,33.671,33.449,32.095,26.012,24.658,22.708,14.59,18.09,25.602,5.28,0,0.605,4.48,5.28,4.48,4.866,6.328,6.436,7.618,9.638,12.894,15.992,10.174,11.884,11.266,10.948,14.104,19.212,24.31,26.074,26.146,26.95,28.054,30.02,34.438,40.894,35.034,41.912,36.988,41.31,44.681,36.529,35.791,38.849,38.374,37.028,36.366,36.278,30.454,25.996,18.45,17.86,14.634,12.49
38.916,91.837,22.136,32.389,39.749,7.756,9.136,8.658,28.988,16.256,16.602,5.446,8.794,6.142,34.702,6.986,17.666,10.48,10.538,17.38,35.451,18.374,37.015,19.398,28.128,19.684,31.534,27.732,27.064,32.72,27.714,35.618,36.142,28.55,37.958,40.445,41.403,28.132,31.854,32.461,32.239,30.885,24.802,23.448,21.498,13.38,16.88,24.392,6.49,0.605,0,3.27,6.49,3.27,3.656,5.118,5.226,6.408,8.428,11.684,14.782,8.964,10.674,10.056,9.738,12.894,18.002,23.1,24.864,24.936,25.74,26.844,28.81,33.228,39.684,33.824,40.702,35.778,40.1,43.471,35.319,34.581,37.639,37.164,35.818,35.156,35.068,29.244,24.786,17.24,16.65,13.424,13.7
38.916,91.675,22.136,32.227,39.587,2.243,9.298,8.658,28.988,16.256,16.602,5.446,8.794,6.142,34.702,6.986,17.666,10.48,10.538,17.38,35.289,18.374,36.853,19.398,28.128,19.684,31.534,27.732,27.064,32.72,27.714,35.618,36.142,28.55,37.958,40.283,41.241,28.132,31.854,32.299,32.077,30.723,24.802,23.448,21.498,13.38,16.88,24.392,6.652,4.48,3.27,0,6.652,3.27,3.656,5.118,5.226,6.408,8.428,11.684,14.782,8.964,10.674,10.056,9.738,12.894,18.002,23.1,24.864,24.936,25.74,26.844,28.81,33.228,39.684,33.824,40.702,35.778,40.1,43.309,35.157,34.419,37.477,37.164,35.818,35.156,35.068,29.244,24.786,17.24,16.65,13.424,13.862
43.03,95.951,26.25,36.503,43.863,11.138,1.323,12.772,33.102,20.37,20.716,9.56,12.908,10.256,38.816,11.1,21.78,14.594,14.652,21.494,39.565,22.488,41.129,23.512,32.242,23.798,35.648,31.846,31.178,36.834,31.828,39.732,40.256,32.664,42.072,44.559,45.517,32.246,35.968,36.575,36.353,34.999,28.916,27.562,25.612,17.494,20.994,28.506,5.28,5.28,6.49,6.652,0,7.384,7.77,9.232,9.34,10.522,12.542,15.798,18.896,13.078,14.788,14.17,13.852,17.008,22.116,27.214,28.978,29.05,29.854,30.958,32.924,37.342,43.798,37.938,44.816,39.892,44.214,47.585,39.433,38.695,41.753,41.278,39.932,39.27,39.182,33.358,28.9,21.354,20.764,17.538,12.49
36.516,89.161,28.847,29.713,37.073,7.756,10.03,2.694,33.312,27.75,28.096,1.088,2.762,1.436,35.304,1.858,23.964,23.92,23.66,23.908,32.775,24.312,34.339,28.537,26.52,29.438,29.926,26.124,31.105,31.112,29.991,34.01,34.534,28.116,35.757,37.769,38.727,32.456,32.456,29.785,29.563,28.209,29.563,28.209,28.209,23.178,23.178,23.178,8.208,4.48,3.27,3.27,7.384,0,0.193,0.924,0.978,1.569,2.579,23.178,26.276,23.178,23.178,23.178,23.178,23.178,27.141,27.141,27.141,27.213,28.017,26.41,26.41,30.828,37.284,31.424,38.302,34.17,38.492,40.795,32.643,31.905,34.963,34.963,34.21,33.548,33.46,27.636,23.178,23.178,23.178,23.178,15.418
36.13,88.775,28.461,29.327,36.687,8.142,10.416,2.887,32.926,27.364,27.71,0.895,2.569,1.243,34.918,1.665,23.578,23.534,23.274,23.522,32.389,23.926,33.953,28.151,26.134,29.052,29.54,25.738,30.719,30.726,29.605,33.624,34.148,27.73,35.371,37.383,38.341,32.07,32.07,29.399,29.177,27.823,29.177,27.823,27.823,22.792,22.792,22.792,8.594,4.866,3.656,3.656,7.77,0.193,0,0.731,0.785,1.376,2.386,22.792,25.89,22.792,22.792,22.792,22.792,22.792,26.755,26.755,26.755,26.827,27.631,26.024,26.024,30.442,36.898,31.038,37.916,33.784,38.106,40.409,32.257,31.519,34.577,34.577,33.824,33.162,33.074,27.25,22.792,22.792,22.792,22.792,15.804
34.668,87.313,26.999,27.865,35.225,9.604,11.878,3.618,31.464,25.902,26.248,0.164,3.3,0.512,33.456,0.934,22.116,22.072,21.812,22.06,30.927,22.464,32.491,26.689,24.672,27.59,28.078,24.276,29.257,29.264,28.143,32.162,32.686,26.268,33.909,35.921,36.879,30.608,30.608,27.937,27.715,26.361,27.715,26.361,26.361,21.33,21.33,21.33,10.056,6.328,5.118,5.118,9.232,0.924,0.731,0,0.054,0.645,1.655,21.33,24.428,21.33,21.33,21.33,21.33,21.33,25.293,25.293,25.293,25.365,26.169,24.562,24.562,28.98,35.436,29.576,36.454,32.322,36.644,38.947,30.795,30.057,33.115,33.115,32.362,31.7,31.612,25.788,21.33,21.33,21.33,21.33,17.266
34.56,87.205,26.891,27.757,35.117,9.712,11.986,3.672,31.356,25.794,26.14,0.218,3.354,0.458,33.348,0.88,22.008,21.964,21.704,21.952,30.819,22.356,32.383,26.581,24.564,27.482,27.97,24.168,29.149,29.156,28.035,32.054,32.578,26.16,33.801,35.813,36.771,30.5,30.5,27.829,27.607,26.253,27.607,26.253,26.253,21.222,21.222,21.222,10.164,6.436,5.226,5.226,9.34,0.978,0.785,0.054,0,0.591,1.601,21.222,24.32,21.222,21.222,21.222,21.222,21.222,25.185,25.185,25.185,25.257,26.061,24.454,24.454,28.872,35.328,29.468,36.346,32.214,36.536,38.839,30.687,29.949,33.007,33.007,32.254,31.592,31.504,25.68,21.222,21.222,21.222,21.222,17.374
33.378,86.023,25.709,26.575,33.935,10.894,13.168,4.263,30.174,24.612,24.958,0.809,3.945,1.049,32.166,0.289,20.826,20.782,20.522,20.77,29.637,21.174,31.201,25.399,23.382,26.3,26.788,22.986,27.967,27.974,26.853,30.872,31.396,24.978,32.619,34.631,35.589,29.318,29.318,26.647,26.425,25.071,26.425,25.071,25.071,20.04,20.04,20.04,11.346,7.618,6.408,6.408,10.522,1.569,1.376,0.645,0.591,0,1.01,20.04,23.138,20.04,20.04,20.04,20.04,20.04,24.003,24.003,24.003,24.075,24.879,23.272,23.272,27.69,34.146,28.286,35.164,31.032,35.354,37.657,29.505,28.767,31.825,31.825,31.072,30.41,30.322,24.498,20.04,20.04,20.04,20.04,18.556
31.358,84.003,23.689,24.555,31.915,12.914,15.188,5.273,28.154,22.592,22.938,1.819,4.955,2.059,30.146,1.299,18.806,18.762,18.502,18.75,27.617,19.154,29.181,23.379,21.362,24.28,24.768,20.966,25.947,25.954,24.833,28.852,29.376,22.958,30.599,32.611,33.569,27.298,27.298,24.627,24.405,23.051,24.405,23.051,23.051,18.02,18.02,18.02,13.366,9.638,8.428,8.428,12.542,2.579,2.386,1.655,1.601,1.01,0,18.02,21.118,18.02,18.02,18.02,18.02,18.02,21.983,21.983,21.983,22.055,22.859,21.252,21.252,25.67,32.126,26.266,33.144,29.012,33.334,35.637,27.485,26.747,29.805,29.805,29.052,28.39,28.302,22.478,18.02,18.02,18.02,18.02,20.576
34.614,80.747,20.433,21.299,28.659,16.17,18.444,28.566,24.898,2.286,2.459,21.658,27.93,22.138,26.89,20.618,18.806,18.762,18.502,18.75,24.361,19.154,25.925,24.524,21.362,24.28,24.768,20.966,27.609,25.954,26.495,28.852,29.376,26.214,30.667,32.679,33.637,24.042,24.042,21.371,21.149,19.795,21.149,19.795,19.795,18.02,18.02,18.02,16.622,12.894,11.684,11.684,15.798,23.178,22.792,21.33,21.222,20.04,18.02,0,1.549,18.02,18.02,18.02,18.02,18.02,23.128,23.645,23.645,23.717,24.521,24.508,24.508,28.926,35.382,29.522,35.375,29.012,31.8,32.381,24.229,23.491,29.873,29.873,29.052,28.39,28.302,22.478,18.02,18.02,18.02,18.02,23.832
37.712,83.845,23.531,24.397,31.757,19.268,21.542,31.664,27.996,0.737,0.91,24.756,31.028,25.236,29.988,23.716,21.904,21.86,21.6,21.848,27.459,22.252,29.023,27.622,24.46,27.378,27.866,24.064,30.707,29.052,29.593,31.95,32.474,29.312,33.765,35.777,36.735,27.14,27.14,24.469,24.247,22.893,24.247,22.893,22.893,21.118,21.118,21.118,19.72,15.992,14.782,14.782,18.896,26.276,25.89,24.428,24.32,23.138,21.118,1.549,0,21.118,21.118,21.118,21.118,21.118,26.226,26.743,26.743,26.815,27.619,27.606,27.606,32.024,38.48,32.62,38.473,32.11,34.898,35.479,27.327,26.589,32.971,32.971,32.15,31.488,31.4,25.576,21.118,21.118,21.118,21.118,26.93
30.822,84.539,24.225,25.091,32.451,13.45,15.724,28.566,28.69,22.592,22.938,21.658,27.93,22.138,30.682,20.618,18.806,18.762,18.502,18.75,28.153,19.154,29.717,22.843,21.362,24.28,24.768,20.966,25.411,25.954,24.297,28.852,29.376,22.422,30.063,32.075,33.033,27.834,27.834,25.163,24.941,23.587,24.941,23.587,23.587,18.02,18.02,18.02,13.902,10.174,8.964,8.964,13.078,23.178,22.792,21.33,21.222,20.04,18.02,18.02,21.118,0,18.02,18.02,18.02,18.02,21.447,21.447,21.447,21.519,22.323,20.716,20.716,25.134,31.59,25.73,32.608,29.012,33.334,36.173,28.021,27.283,29.269,29.269,29.052,28.39,28.302,22.478,18.02,18.02,18.02,18.02,21.112
29.112,85.307,25.745,26.611,33.219,15.16,17.434,28.566,30.225,22.592,22.938,21.658,27.93,22.138,32.217,20.618,18.806,18.762,18.502,18.75,29.673,19.154,31.237,21.133,21.362,24.28,23.539,19.737,23.701,24.725,22.587,27.623,28.147,20.712,28.353,30.365,31.323,29.369,29.369,26.683,26.461,25.107,26.461,25.107,25.107,18.02,18.02,18.02,15.612,11.884,10.674,10.674,14.788,23.178,22.792,21.33,21.222,20.04,18.02,18.02,21.118,18.02,0,18.02,18.02,18.02,19.737,19.737,19.737,19.809,20.613,19.006,19.006,23.424,29.88,24.02,30.898,27.783,32.105,36.941,29.541,28.803,27.559,27.559,27.823,27.161,27.073,21.249,18.02,18.02,18.02,18.02,22.822
