0,83.5,47.518,37.361,32.216,57.82,60.094,56.322,48.497,47.092,47.438,49.414,55.686,49.894,46.767,48.374,38.11,30.493,30.212,31.378,38.231,32.372,38.342,23.18,29.436,33.682,26.95,23.148,20.65,24.181,17.628,22.383,22.731,15.752,21.877,24.678,25.636,47.641,43.919,37.361,37.361,36.914,45.572,44.93,46.88,40.824,37.324,29.812,58.272,54.544,53.334,53.334,57.448,50.934,50.548,49.086,48.978,47.796,45.776,42.52,45.618,29.751,29.112,29.73,29.751,26.892,21.784,16.686,14.922,14.85,14.046,14.046,25.644,2.844,5.476,2.546,25.644,24.678,29,35.134,36.646,37.361,24.678,21.083,21.083,21.745,21.833,24.66,26.094,31.238,30.648,27.422,65.482
83.5,0,71.751,64.262,56.902,96.161,98.597,94.549,71.351,85.319,85.665,87.641,93.913,88.121,73.343,86.601,79.493,86.981,86.407,80.061,62.94,79.875,63.028,85.754,74.537,88.817,70.048,69.27,83.224,64.282,80.346,67.18,67.704,81.182,68.991,71.003,71.961,70.495,70.495,64.19,64.412,65.766,69.163,69.163,71.113,79.051,78.707,71.195,96.775,93.047,91.837,91.675,95.951,89.161,88.775,87.313,87.205,86.023,84.003,80.747,83.845,86.239,85.307,85.925,86.239,83.087,84.358,79.26,77.496,77.568,78.372,79.476,80.238,77.812,84.268,78.408,70.338,61.224,56.902,24.183,61.332,62.07,68.197,68.197,67.38,66.718,66.63,67.758,71.195,78.741,79.331,82.557,103.98
47.518,71.751,0,12.303,19.663,26.622,28.896,34.235,15.722,25.005,25.351,27.327,33.599,27.807,17.714,26.287,19.523,37.787,37.527,31.321,15.365,31.135,16.929,40.337,25.797,40.077,29.203,25.401,39.355,29.711,36.477,32.609,33.133,37.313,34.949,37.677,38.635,14.866,14.866,12.375,12.153,12.153,12.153,18.737,0.319,18.737,18.737,18.737,27.074,23.346,22.136,22.136,26.25,28.847,28.461,26.999,26.891,25.709,23.689,20.433,23.531,37.045,36.567,37.045,37.045,34.347,38.941,35.391,33.627,33.699,34.503,35.607,37.412,41.83,48.286,42.426,36.315,27.201,22.879,23.385,15.233,14.495,34.871,34.155,32.809,32.147,32.059,26.913,22.455,30.001,30.591,33.817,34.284
37.361,64.262,12.303,0,18.407,36.713,39.149,35.101,11.975,25.871,26.217,28.193,34.465,28.673,13.967,27.153,20.389,28.687,28.427,27.973,14.109,27.787,15.673,31.237,22.449,36.101,21.397,19.107,33.061,19.107,30.183,22.005,22.529,30.018,24.263,26.275,27.233,11.119,11.119,11.119,11.119,9.715,9.715,9.715,11.665,19.603,19.603,16.817,37.327,33.599,32.389,32.227,36.503,29.713,29.327,27.865,27.757,26.575,24.555,21.299,24.397,27.945,32.061,27.945,27.945,29.841,29.841,29.097,27.333,27.405,28.209,28.312,28.312,31.673,38.129,32.269,26.414,19.107,15.896,15.896,13.977,13.239,23.469,23.469,22.205,21.543,21.455,19.107,19.107,26.653,27.243,29.841,44.537
32.216,56.902,19.663,18.407,0,44.073,46.509,42.461,19.263,33.231,33.577,35.553,41.825,36.033,21.255,34.513,27.405,34.893,34.319,27.973,19.977,27.787,20.803,34.497,22.449,36.729,21.397,19.107,33.061,15.916,30.183,18.814,19.338,29.856,16.903,18.915,19.873,18.407,18.407,19.107,18.407,17.075,17.075,17.075,19.025,26.963,26.619,19.107,44.687,40.959,39.749,39.587,43.863,37.073,36.687,35.225,35.117,33.935,31.915,28.659,31.757,34.151,33.219,33.837,34.151,30.999,33.101,29.097,27.333,27.405,28.15,28.15,28.15,26.528,32.984,27.124,19.054,12.858,8.536,8.536,19.107,19.107,16.109,16.109,19.014,18.352,18.264,19.107,19.107,26.653,27.243,30.469,51.897
57.82,96.161,26.622,36.713,44.073,0,13.784,13.144,33.474,20.742,21.088,9.932,13.28,10.628,39.188,11.472,22.152,48.203,47.808,41.462,39.775,41.276,41.339,50.753,35.938,50.218,39.344,35.542,49.496,40.53,46.618,43.428,43.952,47.454,45.768,48.093,49.051,32.618,36.34,36.785,36.563,35.209,29.288,27.934,25.984,17.866,21.366,28.878,11.138,8.966,7.756,2.243,11.138,7.756,8.142,9.604,9.712,10.894,12.914,16.17,19.268,47.461,46.708,47.326,47.461,44.488,49.357,45.532,43.768,43.84,44.644,45.748,47.714,52.132,58.588,52.728,50.793,43.588,47.214,47.795,39.643,38.905,45.287,44.974,43.628,42.966,42.878,37.054,32.596,40.142,40.732,43.958,18.348
60.094,98.597,28.896,39.149,46.509,13.784,0,15.418,35.748,23.016,23.362,12.206,15.554,12.902,41.462,13.746,24.426,50.639,50.082,43.736,42.211,43.55,43.775,53.189,38.212,52.492,41.618,37.816,51.77,42.804,48.892,45.702,46.226,49.728,48.042,50.529,51.487,34.892,38.614,39.221,38.999,37.645,31.562,30.208,28.258,20.14,23.64,31.152,7.926,7.926,9.136,9.298,1.323,10.03,10.416,11.878,11.986,13.168,15.188,18.444,21.542,49.897,48.982,49.6,49.897,46.762,51.793,47.806,46.042,46.114,46.918,48.022,49.988,54.406,60.862,55.002,53.229,45.862,49.65,50.231,42.079,41.341,47.723,47.248,45.902,45.24,45.152,39.328,34.87,42.416,43.006,46.232,15.136
56.322,94.549,34.235,35.101,42.461,13.144,15.418,0,38.7,9.187,9.36,3.782,5.456,4.13,40.692,4.552,34.383,46.591,46.331,46.181,38.163,45.995,39.727,49.141,40.657,54.005,44.063,40.261,51.709,45.249,50.595,48.147,48.671,47.922,44.469,46.481,47.439,37.844,37.844,35.173,34.951,33.597,34.951,33.597,33.597,7.749,33.597,33.597,13.596,9.868,8.658,8.658,12.772,2.694,2.887,3.618,3.672,4.263,5.273,6.901,8.45,45.849,49.965,45.849,45.849,47.745,47.745,47.745,47.745,47.817,48.621,46.216,46.216,50.634,57.09,51.23,49.181,45.602,45.602,46.183,38.031,37.293,43.675,43.675,48.347,47.685,47.597,41.773,37.315,44.861,45.451,47.745,20.806
48.497,71.351,15.722,11.975,19.263,33.474,35.748,38.7,0,29.47,29.816,31.792,38.064,32.272,14.823,30.752,24.003,39.744,39.166,32.82,14.965,32.634,16.529,42.35,27.296,41.576,30.702,26.9,40.854,29.859,37.976,32.757,33.281,38.812,35.097,37.339,38.297,0.428,11.975,11.975,11.975,13.134,11.975,13.134,15.084,23.202,23.217,20.236,33.926,30.198,28.988,28.988,33.102,33.312,32.926,31.464,31.356,30.174,28.154,24.898,27.996,39.153,38.066,38.684,39.002,35.846,40.954,36.89,35.126,35.198,36.002,37.106,39.072,42.809,49.265,43.405,35.915,26.801,22.479,22.985,14.833,14.095,34.533,34.303,32.957,32.295,32.207,28.412,23.954,31.5,32.09,35.316,41.136
47.092,85.319,25.005,25.871,33.231,20.742,23.016,9.187,29.47,0,1.647,5.733,8.869,5.973,31.462,5.213,25.153,37.361,37.101,36.951,28.933,36.765,30.497,39.911,31.427,44.775,34.833,31.031,42.479,36.019,41.365,38.917,39.441,38.692,35.239,37.251,38.209,28.614,28.614,25.943,25.721,24.367,25.721,24.367,24.367,3.134,24.367,24.367,21.194,17.466,16.256,16.256,20.37,6.493,6.3,5.569,5.515,4.924,3.914,2.286,0.737,36.619,40.735,36.619,36.619,38.515,38.515,38.515,38.515,38.587,39.391,36.986,36.986,41.404,47.86,42,39.951,36.372,36.372,36.953,28.801,28.063,34.445,34.445,39.117,38.455,38.367,32.543,28.085,35.631,36.221,38.515,28.404
47.438,85.665,25.351,26.217,33.577,21.088,23.362,9.36,29.816,1.647,0,5.906,9.042,6.146,31.808,5.386,25.499,37.707,37.447,37.297,29.279,37.111,30.843,40.257,31.773,45.121,35.179,31.377,42.825,36.365,41.711,39.263,39.787,39.038,35.585,37.597,38.555,28.96,28.96,26.289,26.067,24.713,26.067,24.713,24.713,3.307,24.713,24.713,21.54,17.812,16.602,16.602,20.716,6.666,6.473,5.742,5.688,5.097,4.087,2.459,0.91,36.965,41.081,36.965,36.965,38.861,38.861,38.861,38.861,38.933,39.737,37.332,37.332,41.75,48.206,42.346,40.297,36.718,36.718,37.299,29.147,28.409,34.791,34.791,39.463,38.801,38.713,32.889,28.431,35.977,36.567,38.861,28.75
49.414,87.641,27.327,28.193,35.553,9.932,12.206,3.782,31.792,5.733,5.906,0,3.464,0.676,33.784,1.098,27.475,39.683,39.423,39.273,31.255,39.087,32.819,42.233,33.749,47.097,37.155,33.353,44.801,38.341,43.687,41.239,41.763,41.014,37.561,39.573,40.531,30.936,30.936,28.265,28.043,26.689,28.043,26.689,26.689,4.295,26.689,26.689,10.384,6.656,5.446,5.446,9.56,1.088,0.895,0.164,0.218,0.809,1.819,3.447,4.996,38.941,43.057,38.941,38.941,40.837,40.837,40.837,40.837,40.909,41.713,39.308,39.308,43.726,50.182,44.322,42.273,38.694,38.694,39.275,31.123,30.385,36.767,36.767,41.439,40.777,40.689,34.865,30.407,37.953,38.543,40.837,17.594
55.686,93.913,33.599,34.465,41.825,13.28,15.554,5.456,38.064,8.869,9.042,3.464,0,3.812,40.056,4.234,33.747,45.955,45.695,45.545,37.527,45.359,39.091,48.505,40.021,53.369,43.427,39.625,51.073,44.613,49.959,47.511,48.035,47.286,43.833,45.845,46.803,37.208,37.208,34.537,34.315,32.961,34.315,32.961,32.961,7.431,32.961,32.961,13.732,10.004,8.794,8.794,12.908,2.762,2.569,3.3,3.354,3.945,4.955,6.583,8.132,45.213,49.329,45.213,45.213,47.109,47.109,47.109,47.109,47.181,47.985,45.58,45.58,49.998,56.454,50.594,48.545,44.966,44.966,45.547,37.395,36.657,43.039,43.039,47.711,47.049,46.961,41.137,36.679,44.225,44.815,47.109,20.942
49.894,88.121,27.807,28.673,36.033,10.628,12.902,4.13,32.272,5.973,6.146,0.676,3.812,0,34.264,1.338,27.955,40.163,39.903,39.753,31.735,39.567,33.299,42.713,34.229,47.577,37.635,33.833,45.281,38.821,44.167,41.719,42.243,41.494,38.041,40.053,41.011,31.416,31.416,28.745,28.523,27.169,28.523,27.169,27.169,4.535,27.169,27.169,11.08,7.352,6.142,6.142,10.256,1.436,1.243,0.512,0.458,1.049,2.059,3.687,5.236,39.421,43.537,39.421,39.421,41.317,41.317,41.317,41.317,41.389,42.193,39.788,39.788,44.206,50.662,44.802,42.753,39.174,39.174,39.755,31.603,30.865,37.247,37.247,41.919,41.257,41.169,35.345,30.887,38.433,39.023,41.317,18.29
46.767,73.343,17.714,13.967,21.255,39.188,41.462,40.692,14.823,31.462,31.808,33.784,40.056,34.264,0,32.744,25.995,38.165,37.905,34.812,16.957,34.626,18.521,40.715,29.288,43.568,30.803,28.513,42.467,28.513,39.589,31.411,31.935,39.496,33.597,35.609,36.567,13.967,1.424,13.967,13.967,15.126,13.967,15.126,17.076,25.194,25.209,22.228,39.64,35.912,34.702,34.702,38.816,35.304,34.918,33.456,33.348,32.166,30.146,26.89,29.988,37.423,40.058,37.423,37.423,37.838,39.319,38.503,36.739,36.811,37.615,37.79,37.79,41.079,47.535,41.675,35.748,28.513,24.471,24.977,16.825,16.087,32.803,32.803,31.611,30.949,30.861,28.513,25.946,33.492,34.082,37.308,46.85
48.374,86.601,26.287,27.153,34.513,11.472,13.746,4.552,30.752,5.213,5.386,1.098,4.234,1.338,32.744,0,26.435,38.643,38.383,38.233,30.215,38.047,31.779,41.193,32.709,46.057,36.115,32.313,43.761,37.301,42.647,40.199,40.723,39.974,36.521,38.533,39.491,29.896,29.896,27.225,27.003,25.649,27.003,25.649,25.649,3.775,25.649,25.649,11.924,8.196,6.986,6.986,11.1,1.858,1.665,0.934,0.88,0.289,1.299,2.927,4.476,37.901,42.017,37.901,37.901,39.797,39.797,39.797,39.797,39.869,40.673,38.268,38.268,42.686,49.142,43.282,41.233,37.654,37.654,38.235,30.083,29.345,35.727,35.727,40.399,39.737,39.649,33.825,29.367,36.913,37.503,39.797,19.134
38.11,79.493,19.523,20.389,27.405,22.152,24.426,34.383,24.003,25.153,25.499,27.475,33.747,27.955,25.995,26.435,0,28.379,28.119,30.263,23.451,30.667,25.015,30.929,25.945,35.793,29.351,25.549,33.497,27.405,32.383,30.303,30.827,29.71,26.257,28.269,29.227,23.147,23.147,20.461,20.239,18.885,20.239,18.885,18.885,18.885,0.393,18.885,22.604,18.876,17.666,17.666,21.78,28.995,28.609,27.147,27.039,25.857,23.837,20.581,23.679,27.637,31.753,27.637,27.637,29.533,29.533,29.533,29.533,29.605,30.409,28.004,28.004,32.422,38.878,33.018,30.969,27.405,27.405,31.127,23.319,22.581,25.463,25.463,30.503,29.841,29.753,27.061,22.603,29.533,29.533,29.533,29.814
30.493,86.981,37.787,28.687,34.893,48.203,50.639,46.591,39.744,37.361,37.707,39.683,45.955,40.163,38.165,38.643,28.379,0,2.733,8.957,31.749,9.951,33.313,10.975,19.705,11.261,23.111,19.309,18.641,24.297,19.291,27.195,27.719,20.127,29.535,32.043,33.001,38.888,35.317,28.759,28.537,27.183,36.175,35.199,37.149,31.093,27.593,20.081,48.817,45.089,43.879,43.717,47.993,41.203,40.817,39.355,39.247,38.065,36.045,32.789,35.887,2.251,2.251,2.251,0.371,4.471,9.579,14.677,16.441,16.513,17.317,18.421,20.387,24.805,31.261,25.401,32.279,27.355,31.677,38.615,31.617,30.879,29.237,28.741,27.395,26.733,26.645,20.821,16.363,8.817,8.227,5.001,56.027
30.212,86.407,37.527,28.427,34.319,47.808,50.082,46.331,39.166,37.101,37.447,39.423,45.695,39.903,37.905,38.383,28.119,2.733,0,8.697,31.489,9.691,33.053,10.715,19.445,11.001,22.851,19.049,18.381,24.037,19.031,26.935,27.459,19.867,29.275,31.465,32.423,38.31,35.057,28.499,28.277,26.923,35.597,34.939,36.889,30.833,27.333,19.821,48.26,44.532,43.322,43.322,47.436,40.943,40.557,39.095,38.987,37.805,35.785,32.529,35.627,1.991,1.991,0.241,1.991,4.211,9.319,14.417,16.181,16.253,17.057,18.161,20.106,24.524,30.98,25.12,31.998,27.095,31.417,38.041,31.357,30.619,28.659,28.481,27.135,26.473,26.385,20.561,16.103,8.557,7.967,4.741,55.47
31.378,80.061,31.321,27.973,27.973,41.462,43.736,46.181,32.82,36.951,37.297,39.273,45.545,39.753,34.812,38.233,30.263,8.957,8.697,0,28.843,19.381,29.669,19.643,21.589,24.507,22.049,18.247,22.211,23.235,21.097,26.133,26.657,21.933,23.107,25.119,26.077,31.964,31.964,27.973,27.973,27.973,29.251,29.251,30.683,30.683,29.477,21.965,41.914,38.186,36.976,36.976,41.09,40.793,40.407,38.945,38.837,37.655,35.635,32.379,35.477,8.215,20.467,8.215,8.215,18.247,18.247,18.247,18.247,18.319,19.123,20.227,21.272,25.69,32.146,26.286,27.819,26.293,27.973,31.695,27.973,27.973,22.313,22.313,26.333,25.671,25.583,19.759,18.247,18.247,0.365,18.247,49.124
38.231,62.94,15.365,14.109,19.977,39.775,42.211,38.163,14.965,28.933,29.279,31.255,37.527,31.735,16.957,30.215,23.451,31.749,31.489,28.843,0,28.657,21.673,34.299,23.319,37.599,22.267,19.977,33.931,19.977,31.053,22.875,23.399,31.889,22.941,24.953,25.911,14.109,14.109,19.977,14.109,12.777,12.777,12.777,14.727,22.665,22.665,19.879,40.389,36.661,35.451,35.289,39.565,32.775,32.389,30.927,30.819,29.637,27.617,24.361,27.459,31.007,34.089,31.007,31.007,31.869,32.903,29.967,28.203,28.275,29.079,30.183,31.374,32.543,38.999,33.139,25.092,18.896,14.574,14.574,19.977,0.435,22.147,22.147,23.075,22.413,22.325,19.977,19.977,27.523,28.113,31.339,47.599
32.372,79.875,31.135,27.787,27.787,41.276,43.55,45.995,32.634,36.765,37.111,39.087,45.359,39.567,34.626,38.047,30.667,9.951,9.691,19.381,28.657,0,29.483,20.047,21.993,24.911,22.453,18.651,22.615,23.639,21.501,26.537,27.061,22.337,22.921,24.933,25.891,31.778,31.778,27.787,27.787,27.787,29.065,29.065,30.497,30.497,29.881,22.369,41.728,38,36.79,36.79,40.904,40.607,40.221,38.759,38.651,37.469,35.449,32.193,35.291,9.209,20.871,9.209,9.209,18.651,18.651,18.651,18.651,18.723,19.527,20.631,22.266,26.684,33.14,27.28,27.633,26.697,27.787,31.509,27.787,27.787,22.127,22.127,26.737,26.075,25.987,20.163,18.651,0.567,18.651,18.651,48.938
38.342,63.028,16.929,15.673,20.803,41.339,43.775,39.727,16.529,30.497,30.843,32.819,39.091,33.299,18.521,31.779,25.015,33.313,33.053,29.669,21.673,29.483,0,35.863,24.145,38.425,23.093,20.803,34.757,20.803,31.879,23.701,24.225,32.715,23.029,25.041,25.999,15.673,15.673,20.803,15.673,14.341,14.341,14.341,16.291,24.229,24.229,20.803,41.953,38.225,37.015,36.853,41.129,34.339,33.953,32.491,32.383,31.201,29.181,25.925,29.023,32.571,34.915,32.571,32.571,32.695,34.467,30.793,29.029,29.101,29.905,31.009,32.938,32.654,39.11,33.25,25.18,18.984,14.662,14.662,0.848,20.803,22.235,22.235,23.901,23.239,23.151,20.803,20.803,28.349,28.939,32.165,49.163
23.18,85.754,40.337,31.237,34.497,50.753,53.189,49.141,42.35,39.911,40.257,42.233,48.505,42.713,40.715,41.193,30.929,10.975,10.715,19.643,34.299,20.047,35.863,0,22.255,25.173,22.715,18.913,22.877,23.901,21.763,26.799,27.323,14.78,27.779,27.666,28.624,41.494,37.867,31.309,31.087,29.733,38.781,37.749,39.699,33.643,30.143,22.631,51.367,47.639,46.429,46.267,50.543,43.753,43.367,41.905,41.797,40.615,38.595,35.339,38.437,10.233,21.133,10.233,10.233,18.913,0.698,18.913,18.913,18.985,19.789,13.074,13.074,17.492,23.948,18.088,24.966,26.959,31.281,37.388,34.167,33.429,26.985,26.985,26.999,26.337,26.249,20.425,18.913,18.913,18.913,18.913,58.577
29.436,74.537,25.797,22.449,22.449,35.938,38.212,40.657,27.296,31.427,31.773,33.749,40.021,34.229,29.288,32.709,25.945,19.705,19.445,21.589,23.319,21.993,24.145,22.255,0,27.119,24.661,20.859,24.823,22.449,23.709,23.342,23.778,21.036,17.583,19.595,20.553,26.44,26.44,22.449,22.449,22.449,23.727,23.727,25.159,25.159,25.159,22.449,36.39,32.662,31.452,31.452,35.566,35.269,34.883,33.421,33.313,32.131,30.111,26.855,29.953,18.963,23.079,18.963,18.963,20.859,20.859,20.859,20.859,20.931,21.735,19.33,19.33,23.748,30.204,24.344,22.295,22.449,22.449,26.171,22.449,22.449,16.789,16.789,22.792,22.792,22.792,22.371,1.671,20.859,20.859,20.859,43.6
33.682,88.817,40.077,36.101,36.729,50.218,52.492,54.005,41.576,44.775,45.121,47.097,53.369,47.577,43.568,46.057,35.793,11.261,11.001,24.507,37.599,24.911,38.425,25.173,27.119,0,27.579,23.777,27.741,28.765,26.627,31.663,32.187,25.282,31.863,33.875,34.833,40.72,40.72,36.173,35.951,34.597,38.007,38.007,39.439,38.507,35.007,27.495,50.67,46.942,45.732,45.732,49.846,48.617,48.231,46.769,46.661,45.479,43.459,40.203,43.301,10.519,25.997,10.519,10.519,23.777,23.777,23.777,23.777,23.849,24.653,23.576,23.576,27.994,34.45,28.59,35.468,31.823,36.145,40.451,36.729,36.729,31.069,31.069,31.863,31.201,31.113,25.289,23.777,23.777,23.777,3.13,57.88
26.95,70.048,29.203,21.397,21.397,39.344,41.618,44.063,30.702,34.833,35.179,37.155,43.427,37.635,30.803,36.115,29.351,23.111,22.851,22.049,22.267,22.453,23.093,22.715,24.661,27.579,0,21.397,25.283,21.397,24.169,17.832,18.268,18.55,12.073,14.085,15.043,29.846,27.955,21.397,21.397,21.397,27.133,27.133,28.565,28.565,28.565,21.397,39.796,36.068,34.858,34.858,38.972,38.675,38.289,36.827,36.719,35.537,33.517,30.261,33.359,22.369,23.539,22.369,22.369,21.319,21.319,21.319,21.319,21.391,22.195,16.844,16.844,21.262,27.718,21.858,16.785,17.282,21.397,21.682,21.397,21.397,11.279,11.279,17.282,17.282,17.282,1.145,21.319,21.319,21.319,21.319,47.006
23.148,69.27,25.401,19.107,19.107,35.542,37.816,40.261,26.9,31.031,31.377,33.353,39.625,33.833,28.513,32.313,25.549,19.309,19.049,18.247,19.977,18.651,20.803,18.913,20.859,23.777,21.397,0,21.481,19.107,20.367,17.054,17.49,14.748,11.295,13.307,14.265,26.044,25.665,19.107,19.107,19.107,23.331,23.331,24.763,24.763,24.763,19.107,35.994,32.266,31.056,31.056,35.17,34.873,34.487,33.025,32.917,31.735,29.715,26.459,29.557,18.567,19.737,18.567,18.567,17.517,17.517,17.517,17.517,17.589,18.393,13.042,13.042,17.46,23.916,18.056,16.007,16.504,19.107,20.904,19.107,19.107,10.501,10.501,16.504,16.504,16.504,19.107,17.517,17.517,17.517,17.517,43.204
20.65,83.224,39.355,33.061,33.061,49.496,51.77,51.709,40.854,42.479,42.825,44.801,51.073,45.281,42.467,43.761,33.497,18.641,18.381,22.211,33.931,22.615,34.757,22.877,24.823,27.741,25.283,21.481,0,25.684,24.331,26.234,26.67,12.25,25.249,25.136,26.094,39.998,39.619,33.061,33.061,32.301,37.285,37.285,38.717,36.211,32.711,25.199,49.948,46.22,45.01,45.01,49.124,46.321,45.935,44.473,44.365,43.183,41.163,37.907,41.005,17.899,23.701,17.899,17.899,21.481,21.481,1.982,21.481,21.553,22.357,10.544,10.544,14.962,21.418,15.558,22.436,26.34,30.662,34.858,33.061,33.061,24.455,24.455,25.684,25.684,25.684,22.993,21.481,21.481,21.481,21.481,57.158
24.181,64.282,29.711,19.107,15.916,40.53,42.804,45.249,29.859,36.019,36.365,38.341,44.613,38.821,28.513,37.301,27.405,24.297,24.037,23.235,19.977,23.639,20.803,23.901,22.449,28.765,21.397,19.107,25.684,0,22.734,12.066,12.502,19.736,6.307,8.319,9.277,29.003,25.665,19.107,19.107,19.107,27.318,27.123,29.073,29.751,26.619,19.107,40.982,37.254,36.044,36.044,40.158,39.861,39.475,38.013,37.905,36.723,34.703,31.447,34.545,23.555,24.725,23.555,23.555,22.505,22.505,21.72,19.956,19.956,19.956,18.03,18.03,18.493,24.949,19.089,11.019,11.516,15.838,15.916,19.107,19.107,5.513,5.513,11.516,11.516,11.516,19.107,19.107,22.505,22.505,22.505,48.192
17.628,80.346,36.477,30.183,30.183,46.618,48.892,50.595,37.976,41.365,41.711,43.687,49.959,44.167,39.589,42.647,32.383,19.291,19.031,21.097,31.053,21.501,31.879,21.763,23.709,26.627,24.169,20.367,24.331,22.734,0,23.284,23.72,9.228,22.371,22.114,23.072,37.12,36.741,30.183,30.183,30.183,34.407,34.407,35.839,35.097,31.597,24.085,47.07,43.342,42.132,42.132,46.246,45.207,44.821,43.359,43.251,42.069,40.049,36.793,39.891,18.549,22.587,18.549,18.549,20.367,20.367,20.367,22.734,1.389,22.734,7.522,7.522,11.94,18.396,12.536,19.414,23.39,27.712,31.98,30.183,30.183,21.577,21.577,22.734,22.734,22.734,21.879,20.367,20.367,20.367,20.367,54.28
22.383,67.18,32.609,22.005,18.814,43.428,45.702,48.147,32.757,38.917,39.263,41.239,47.511,41.719,31.411,40.199,30.303,27.195,26.935,26.133,22.875,26.537,23.701,26.799,23.342,31.663,17.832,17.054,26.234,12.066,23.284,0,13.052,22.212,4.509,6.521,7.479,31.901,28.563,22.005,22.005,22.005,30.216,30.021,31.971,32.649,29.517,22.005,43.88,40.152,38.942,38.942,43.056,42.759,42.373,40.911,40.803,39.621,37.601,34.345,37.443,26.453,27.623,26.453,26.453,25.403,25.403,22.27,20.506,20.506,20.506,20.506,20.506,16.695,23.151,17.291,9.221,12.066,16.388,18.814,22.005,22.005,3.715,3.715,12.066,12.066,0.275,15.542,20,25.403,25.403,25.403,51.09
22.731,67.704,33.133,22.529,19.338,43.952,46.226,48.671,33.281,39.441,39.787,41.763,48.035,42.243,31.935,40.723,30.827,27.719,27.459,26.657,23.399,27.061,24.225,27.323,23.778,32.187,18.268,17.49,26.67,12.502,23.72,13.052,0,22.648,4.857,6.869,7.827,32.425,29.087,22.529,22.529,22.529,30.74,30.545,32.495,33.173,30.041,22.529,44.404,40.676,39.466,39.466,43.58,43.283,42.897,41.435,41.327,40.145,38.125,34.869,37.967,26.977,28.147,26.977,26.977,25.927,25.927,22.706,20.942,20.942,20.942,20.942,20.942,17.043,23.499,17.639,9.569,12.502,16.824,19.338,22.529,22.529,4.063,4.063,12.502,0.493,12.502,15.978,20.436,25.927,25.927,25.927,51.614
15.752,81.182,37.313,30.018,29.856,47.454,49.728,47.922,38.812,38.692,39.038,41.014,47.286,41.494,39.496,39.974,29.71,20.127,19.867,21.933,31.889,22.337,32.715,14.78,21.036,25.282,18.55,14.748,12.25,19.736,9.228,22.212,22.648,0,22.615,20.238,21.196,37.956,36.648,30.09,29.868,28.514,35.243,35.243,36.675,32.424,28.924,21.412,47.906,44.178,42.968,42.968,47.082,42.534,42.148,40.686,40.578,39.396,37.376,34.12,37.218,19.385,20.712,19.385,19.385,18.492,13.384,8.286,6.522,6.45,5.646,0.853,5.646,10.064,16.52,10.66,17.538,22.318,26.64,32.816,31.019,31.019,21.662,21.821,21.662,21.662,21.662,16.26,17.694,21.203,21.203,19.022,55.116
21.877,68.991,34.949,24.263,16.903,45.768,48.042,44.469,35.097,35.239,35.585,37.561,43.833,38.041,33.597,36.521,26.257,29.535,29.275,23.107,22.941,22.921,23.029,27.779,17.583,31.863,12.073,11.295,25.249,6.307,22.371,4.509,4.857,22.615,0,6.015,6.973,34.241,30.749,24.191,24.345,24.345,32.556,32.361,34.311,28.971,25.471,17.959,46.22,42.492,41.282,41.282,45.396,39.081,38.695,37.233,37.125,35.943,33.923,30.667,33.765,28.793,28.353,28.793,28.793,26.133,26.383,21.285,19.521,19.593,20.397,20.909,20.607,16.189,22.645,16.785,8.715,9.365,13.687,20.625,21.333,22.071,3.209,0.397,3.209,3.871,3.959,9.783,14.241,21.787,22.377,25.603,53.43
24.678,71.003,37.677,26.275,18.915,48.093,50.529,46.481,37.339,37.251,37.597,39.573,45.845,40.053,35.609,38.533,28.269,32.043,31.465,25.119,24.953,24.933,25.041,27.666,19.595,33.875,14.085,13.307,25.136,8.319,22.114,6.521,6.869,20.238,6.015,0,0.479,36.483,32.761,26.203,26.425,27.073,34.831,35.089,37.039,30.983,27.483,19.971,48.707,44.979,43.769,43.607,47.883,41.093,40.707,39.245,39.137,37.955,35.935,32.679,35.777,31.673,30.365,30.983,31.301,28.145,26.27,21.172,19.408,19.336,18.532,18.532,19.956,18.99,25.446,19.586,11.516,11.377,15.699,22.637,23.345,24.083,11.516,5.221,5.221,5.883,5.971,11.795,16.253,23.799,24.389,27.615,55.917
25.636,71.961,38.635,27.233,19.873,49.051,51.487,47.439,38.297,38.209,38.555,40.531,46.803,41.011,36.567,39.491,29.227,33.001,32.423,26.077,25.911,25.891,25.999,28.624,20.553,34.833,15.043,14.265,26.094,9.277,23.072,7.479,7.827,21.196,6.973,0.479,0,37.441,33.719,27.161,27.383,28.031,35.789,36.047,37.997,31.941,28.441,20.929,49.665,45.937,44.727,44.565,48.841,42.051,41.665,40.203,40.095,38.913,36.893,33.637,36.735,32.631,31.323,31.941,32.259,29.103,27.228,22.13,20.366,20.294,19.49,19.49,20.914,19.948,26.404,20.544,12.474,12.335,16.657,23.595,24.303,25.041,12.474,6.179,6.179,6.841,6.929,12.753,17.211,24.757,25.347,28.573,56.875
47.641,70.495,14.866,11.119,18.407,32.618,34.892,37.844,0.428,28.614,28.96,30.936,37.208,31.416,13.967,29.896,23.147,38.888,38.31,31.964,14.109,31.778,15.673,41.494,26.44,40.72,29.846,26.044,39.998,29.003,37.12,31.901,32.425,37.956,34.241,36.483,37.441,0,11.119,11.119,11.119,12.278,11.119,12.278,14.228,22.346,22.361,19.38,33.07,29.342,28.132,28.132,32.246,32.456,32.07,30.608,30.5,29.318,27.298,24.042,27.14,38.297,37.21,37.828,38.146,34.99,40.098,36.034,34.27,34.342,35.146,36.25,38.216,41.953,48.409,42.549,35.059,25.945,21.623,22.129,13.977,13.239,33.677,33.447,32.101,31.439,31.351,27.556,23.098,30.644,31.234,34.46,40.28
43.919,70.495,14.866,11.119,18.407,36.34,38.614,37.844,11.975,28.614,28.96,30.936,37.208,31.416,1.424,29.896,23.147,35.317,35.057,31.964,14.109,31.778,15.673,37.867,26.44,40.72,27.955,25.665,39.619,25.665,36.741,28.563,29.087,36.648,30.749,32.761,33.719,11.119,0,11.119,11.119,12.278,11.119,12.278,14.228,22.346,22.361,19.38,36.792,33.064,31.854,31.854,35.968,32.456,32.07,30.608,30.5,29.318,27.298,24.042,27.14,34.575,37.21,34.575,34.575,34.99,36.471,35.655,33.891,33.963,34.767,34.942,34.942,38.231,44.687,38.827,32.9,25.665,21.623,22.129,13.977,13.239,29.955,29.955,28.763,28.101,28.013,25.665,23.098,30.644,31.234,34.46,44.002
37.361,64.19,12.375,11.119,19.107,36.785,39.221,35.173,11.975,25.943,26.289,28.265,34.537,28.745,13.967,27.225,20.461,28.759,28.499,27.973,19.977,27.787,20.803,31.309,22.449,36.173,21.397,19.107,33.061,19.107,30.183,22.005,22.529,30.09,24.191,26.203,27.161,11.119,11.119,0,11.119,9.787,9.787,9.787,11.737,19.675,19.675,16.889,37.399,33.671,32.461,32.299,36.575,29.785,29.399,27.937,27.829,26.647,24.627,21.371,24.469,28.017,32.133,28.017,28.017,29.913,29.913,29.097,27.333,27.405,28.209,28.384,28.384,31.673,38.129,32.269,26.342,19.107,15.824,15.824,19.107,19.107,23.397,23.397,22.205,21.543,21.455,19.107,19.107,26.653,27.243,29.913,44.609
37.361,64.412,12.153,11.119,18.407,36.563,38.999,34.951,11.975,25.721,26.067,28.043,34.315,28.523,13.967,27.003,20.239,28.537,28.277,27.973,14.109,27.787,15.673,31.087,22.449,35.951,21.397,19.107,33.061,19.107,30.183,22.005,22.529,29.868,24.345,26.425,27.383,11.119,11.119,11.119,0,9.565,9.565,9.565,11.515,19.453,19.453,16.667,37.177,33.449,32.239,32.077,36.353,29.563,29.177,27.715,27.607,26.425,24.405,21.149,24.247,27.795,31.911,27.795,27.795,29.691,29.691,29.097,27.333,27.405,28.209,28.162,28.162,31.673,38.129,32.269,26.564,19.107,16.046,16.046,13.977,13.239,23.619,23.551,22.205,21.543,21.455,19.107,19.107,26.653,27.243,29.691,44.387
36.914,65.766,12.153,9.715,17.075,35.209,37.645,33.597,13.134,24.367,24.713,26.689,32.961,27.169,15.126,25.649,18.885,27.183,26.923,27.973,12.777,27.787,14.341,29.733,22.449,34.597,21.397,19.107,32.301,19.107,30.183,22.005,22.529,28.514,24.345,27.073,28.031,12.278,12.278,9.787,9.565,0,9.565,9.565,11.515,18.099,18.099,18.099,35.823,32.095,30.885,30.723,34.999,28.209,27.823,26.361,26.253,25.071,23.051,19.795,22.893,26.441,30.557,26.441,26.441,28.337,28.337,28.337,27.333,27.405,28.209,26.808,26.808,31.226,37.682,31.822,27.565,19.107,17.4,17.4,12.645,11.907,24.267,23.551,22.205,21.543,21.455,19.107,19.107,26.653,27.243,28.337,43.033
45.572,69.163,12.153,9.715,17.075,29.288,31.562,34.951,11.975,25.721,26.067,28.043,34.315,28.523,13.967,27.003,20.239,36.175,35.597,29.251,12.777,29.065,14.341,38.781,23.727,38.007,27.133,23.331,37.285,27.318,34.407,30.216,30.74,35.243,32.556,34.831,35.789,11.119,11.119,9.787,9.565,9.565,0,9.565,11.515,19.453,19.453,16.667,29.74,26.012,24.802,24.802,28.916,29.563,29.177,27.715,27.607,26.425,24.405,21.149,24.247,35.805,34.497,35.115,35.433,32.277,37.385,33.321,31.557,31.629,32.433,33.537,35.503,39.884,46.34,40.48,33.727,24.613,20.291,20.797,12.645,11.907,32.025,31.762,30.416,29.754,29.666,24.843,20.385,27.931,28.521,31.747,36.95
44.93,69.163,18.737,9.715,17.075,27.934,30.208,33.597,13.134,24.367,24.713,26.689,32.961,27.169,15.126,25.649,18.885,35.199,34.939,29.251,12.777,29.065,14.341,37.749,23.727,38.007,27.133,23.331,37.285,27.123,34.407,30.021,30.545,35.243,32.361,35.089,36.047,12.278,12.278,9.787,9.565,9.565,9.565,0,18.099,18.099,18.099,16.667,28.386,24.658,23.448,23.448,27.562,28.209,27.823,26.361,26.253,25.071,23.051,19.795,22.893,34.457,34.497,34.457,34.457,32.277,36.353,33.321,31.557,31.629,32.433,33.537,34.824,39.242,45.698,39.838,33.727,24.613,20.291,20.797,12.645,11.907,32.283,31.567,30.221,29.559,29.471,24.843,20.385,27.931,28.521,31.747,35.596
46.88,71.113,0.319,11.665,19.025,25.984,28.258,33.597,15.084,24.367,24.713,26.689,32.961,27.169,17.076,25.649,18.885,37.149,36.889,30.683,14.727,30.497,16.291,39.699,25.159,39.439,28.565,24.763,38.717,29.073,35.839,31.971,32.495,36.675,34.311,37.039,37.997,14.228,14.228,11.737,11.515,11.515,11.515,18.099,0,18.099,18.099,18.099,26.436,22.708,21.498,21.498,25.612,28.209,27.823,26.361,26.253,25.071,23.051,19.795,22.893,36.407,35.929,36.407,36.407,33.709,38.303,34.753,32.989,33.061,33.865,34.969,36.774,41.192,47.648,41.788,35.677,26.563,22.241,22.747,14.595,13.857,34.233,33.517,32.171,31.509,31.421,26.275,21.817,29.363,29.953,33.179,33.646
40.824,79.051,18.737,19.603,26.963,17.866,20.14,7.749,23.202,3.134,3.307,4.295,7.431,4.535,25.194,3.775,18.885,31.093,30.833,30.683,22.665,30.497,24.229,33.643,25.159,38.507,28.565,24.763,36.211,29.751,35.097,32.649,33.173,32.424,28.971,30.983,31.941,22.346,22.346,19.675,19.453,18.099,19.453,18.099,18.099,0,18.099,18.099,18.318,14.59,13.38,13.38,17.494,5.055,4.862,4.131,4.077,3.486,2.476,0.848,2.397,30.351,34.467,30.351,30.351,32.247,32.247,32.247,32.247,32.319,33.123,30.718,30.718,35.136,41.592,35.732,33.683,30.104,30.104,30.685,22.533,21.795,28.177,28.177,32.849,32.187,32.099,26.275,21.817,29.363,29.953,32.247,25.528
37.324,78.707,18.737,19.603,26.619,21.366,23.64,33.597,23.217,24.367,24.713,26.689,32.961,27.169,25.209,25.649,0.393,27.593,27.333,29.477,22.665,29.881,24.229,30.143,25.159,35.007,28.565,24.763,32.711,26.619,31.597,29.517,30.041,28.924,25.471,27.483,28.441,22.361,22.361,19.675,19.453,18.099,19.453,18.099,18.099,18.099,0,18.099,21.818,18.09,16.88,16.88,20.994,28.209,27.823,26.361,26.253,25.071,23.051,19.795,22.893,26.851,30.967,26.851,26.851,28.747,28.747,28.747,28.747,28.819,29.623,27.218,27.218,31.636,38.092,32.232,30.183,26.619,26.619,30.341,22.533,21.795,24.677,24.677,29.717,29.055,28.967,26.275,21.817,28.747,28.747,28.747,29.028
29.812,71.195,18.737,16.817,19.107,28.878,31.152,33.597,20.236,24.367,24.713,26.689,32.961,27.169,22.228,25.649,18.885,20.081,19.821,21.965,19.879,22.369,20.803,22.631,22.449,27.495,21.397,19.107,25.199,19.107,24.085,22.005,22.529,21.412,17.959,19.971,20.929,19.38,19.38,16.889,16.667,18.099,16.667,16.667,18.099,18.099,18.099,0,29.33,25.602,24.392,24.392,28.506,28.209,27.823,26.361,26.253,25.071,23.051,19.795,22.893,19.339,23.455,19.339,19.339,21.235,21.235,21.235,21.235,21.307,22.111,19.706,19.706,24.124,30.58,24.72,22.671,19.107,19.107,22.829,19.107,19.009,17.165,17.165,22.205,21.543,21.455,19.107,19.107,21.235,21.235,21.235,36.54
58.272,96.775,27.074,37.327,44.687,11.138,7.926,13.596,33.926,21.194,21.54,10.384,13.732,11.08,39.64,11.924,22.604,48.817,48.26,41.914,40.389,41.728,41.953,51.367,36.39,50.67,39.796,35.994,49.948,40.982,47.07,43.88,44.404,47.906,46.22,48.707,49.665,33.07,36.792,37.399,37.177,35.823,29.74,28.386,26.436,18.318,21.818,29.33,0,5.28,6.49,6.652,5.28,8.208,8.594,10.056,10.164,11.346,13.366,16.622,19.72,48.075,47.16,47.778,48.075,44.94,49.971,45.984,44.22,44.292,45.096,46.2,48.166,52.584,59.04,53.18,51.407,44.04,47.828,48.409,40.257,39.519,45.901,45.426,44.08,43.418,43.33,37.506,33.048,40.594,41.184,44.41,3.605
54.544,93.047,23.346,33.599,40.959,8.966,7.926,9.868,30.198,17.466,17.812,6.656,10.004,7.352,35.912,8.196,18.876,45.089,44.532,38.186,36.661,38,38.225,47.639,32.662,46.942,36.068,32.266,46.22,37.254,43.342,40.152,40.676,44.178,42.492,44.979,45.937,29.342,33.064,33.671,33.449,32.095,26.012,24.658,22.708,14.59,18.09,25.602,5.28,0,0.605,4.48,5.28,4.48,4.866,6.328,6.436,7.618,9.638,12.894,15.992,44.347,43.432,44.05,44.347,41.212,46.243,42.256,40.492,40.564,41.368,42.472,44.438,48.856,55.312,49.452,47.679,40.312,44.1,44.681,36.529,35.791,42.173,41.698,40.352,39.69,39.602,33.778,29.32,36.866,37.456,40.682,12.49
53.334,91.837,22.136,32.389,39.749,7.756,9.136,8.658,28.988,16.256,16.602,5.446,8.794,6.142,34.702,6.986,17.666,43.879,43.322,36.976,35.451,36.79,37.015,46.429,31.452,45.732,34.858,31.056,45.01,36.044,42.132,38.942,39.466,42.968,41.282,43.769,44.727,28.132,31.854,32.461,32.239,30.885,24.802,23.448,21.498,13.38,16.88,24.392,6.49,0.605,0,3.27,6.49,3.27,3.656,5.118,5.226,6.408,8.428,11.684,14.782,43.137,42.222,42.84,43.137,40.002,45.033,41.046,39.282,39.354,40.158,41.262,43.228,47.646,54.102,48.242,46.469,39.102,42.89,43.471,35.319,34.581,40.963,40.488,39.142,38.48,38.392,32.568,28.11,35.656,36.246,39.472,13.7
53.334,91.675,22.136,32.227,39.587,2.243,9.298,8.658,28.988,16.256,16.602,5.446,8.794,6.142,34.702,6.986,17.666,43.717,43.322,36.976,35.289,36.79,36.853,46.267,31.452,45.732,34.858,31.056,45.01,36.044,42.132,38.942,39.466,42.968,41.282,43.607,44.565,28.132,31.854,32.299,32.077,30.723,24.802,23.448,21.498,13.38,16.88,24.392,6.652,4.48,3.27,0,6.652,3.27,3.656,5.118,5.226,6.408,8.428,11.684,14.782,42.975,42.222,42.84,42.975,40.002,44.871,41.046,39.282,39.354,40.158,41.262,43.228,47.646,54.102,48.242,46.307,39.102,42.728,43.309,35.157,34.419,40.801,40.488,39.142,38.48,38.392,32.568,28.11,35.656,36.246,39.472,13.862
57.448,95.951,26.25,36.503,43.863,11.138,1.323,12.772,33.102,20.37,20.716,9.56,12.908,10.256,38.816,11.1,21.78,47.993,47.436,41.09,39.565,40.904,41.129,50.543,35.566,49.846,38.972,35.17,49.124,40.158,46.246,43.056,43.58,47.082,45.396,47.883,48.841,32.246,35.968,36.575,36.353,34.999,28.916,27.562,25.612,17.494,20.994,28.506,5.28,5.28,6.49,6.652,0,7.384,7.77,9.232,9.34,10.522,12.542,15.798,18.896,47.251,46.336,46.954,47.251,44.116,49.147,45.16,43.396,43.468,44.272,45.376,47.342,51.76,58.216,52.356,50.583,43.216,47.004,47.585,39.433,38.695,45.077,44.602,43.256,42.594,42.506,36.682,32.224,39.77,40.36,43.586,12.49
50.934,89.161,28.847,29.713,37.073,7.756,10.03,2.694,33.312,6.493,6.666,1.088,2.762,1.436,35.304,1.858,28.995,41.203,40.943,40.793,32.775,40.607,34.339,43.753,35.269,48.617,38.675,34.873,46.321,39.861,45.207,42.759,43.283,42.534,39.081,41.093,42.051,32.456,32.456,29.785,29.563,28.209,29.563,28.209,28.209,5.055,28.209,28.209,8.208,4.48,3.27,3.27,7.384,0,0.193,0.924,0.978,1.569,2.579,4.207,5.756,40.461,44.577,40.461,40.461,42.357,42.357,42.357,42.357,42.429,43.233,40.828,40.828,45.246,51.702,45.842,43.793,40.214,40.214,40.795,32.643,31.905,38.287,38.287,42.959,42.297,42.209,36.385,31.927,39.473,40.063,42.357,15.418
50.548,88.775,28.461,29.327,36.687,8.142,10.416,2.887,32.926,6.3,6.473,0.895,2.569,1.243,34.918,1.665,28.609,40.817,40.557,40.407,32.389,40.221,33.953,43.367,34.883,48.231,38.289,34.487,45.935,39.475,44.821,42.373,42.897,42.148,38.695,40.707,41.665,32.07,32.07,29.399,29.177,27.823,29.177,27.823,27.823,4.862,27.823,27.823,8.594,4.866,3.656,3.656,7.77,0.193,0,0.731,0.785,1.376,2.386,4.014,5.563,40.075,44.191,40.075,40.075,41.971,41.971,41.971,41.971,42.043,42.847,40.442,40.442,44.86,51.316,45.456,43.407,39.828,39.828,40.409,32.257,31.519,37.901,37.901,42.573,41.911,41.823,35.999,31.541,39.087,39.677,41.971,15.804
49.086,87.313,26.999,27.865,35.225,9.604,11.878,3.618,31.464,5.569,5.742,0.164,3.3,0.512,33.456,0.934,27.147,39.355,39.095,38.945,30.927,38.759,32.491,41.905,33.421,46.769,36.827,33.025,44.473,38.013,43.359,40.911,41.435,40.686,37.233,39.245,40.203,30.608,30.608,27.937,27.715,26.361,27.715,26.361,26.361,4.131,26.361,26.361,10.056,6.328,5.118,5.118,9.232,0.924,0.731,0,0.054,0.645,1.655,3.283,4.832,38.613,42.729,38.613,38.613,40.509,40.509,40.509,40.509,40.581,41.385,38.98,38.98,43.398,49.854,43.994,41.945,38.366,38.366,38.947,30.795,30.057,36.439,36.439,41.111,40.449,40.361,34.537,30.079,37.625,38.215,40.509,17.266
48.978,87.205,26.891,27.757,35.117,9.712,11.986,3.672,31.356,5.515,5.688,0.218,3.354,0.458,33.348,0.88,27.039,39.247,38.987,38.837,30.819,38.651,32.383,41.797,33.313,46.661,36.719,32.917,44.365,37.905,43.251,40.803,41.327,40.578,37.125,39.137,40.095,30.5,30.5,27.829,27.607,26.253,27.607,26.253,26.253,4.077,26.253,26.253,10.164,6.436,5.226,5.226,9.34,0.978,0.785,0.054,0,0.591,1.601,3.229,4.778,38.505,42.621,38.505,38.505,40.401,40.401,40.401,40.401,40.473,41.277,38.872,38.872,43.29,49.746,43.886,41.837,38.258,38.258,38.839,30.687,29.949,36.331,36.331,41.003,40.341,40.253,34.429,29.971,37.517,38.107,40.401,17.374
47.796,86.023,25.709,26.575,33.935,10.894,13.168,4.263,30.174,4.924,5.097,0.809,3.945,1.049,32.166,0.289,25.857,38.065,37.805,37.655,29.637,37.469,31.201,40.615,32.131,45.479,35.537,31.735,43.183,36.723,42.069,39.621,40.145,39.396,35.943,37.955,38.913,29.318,29.318,26.647,26.425,25.071,26.425,25.071,25.071,3.486,25.071,25.071,11.346,7.618,6.408,6.408,10.522,1.569,1.376,0.645,0.591,0,1.01,2.638,4.187,37.323,41.439,37.323,37.323,39.219,39.219,39.219,39.219,39.291,40.095,37.69,37.69,42.108,48.564,42.704,40.655,37.076,37.076,37.657,29.505,28.767,35.149,35.149,39.821,39.159,39.071,33.247,28.789,36.335,36.925,39.219,18.556
45.776,84.003,23.689,24.555,31.915,12.914,15.188,5.273,28.154,3.914,4.087,1.819,4.955,2.059,30.146,1.299,23.837,36.045,35.785,35.635,27.617,35.449,29.181,38.595,30.111,43.459,33.517,29.715,41.163,34.703,40.049,37.601,38.125,37.376,33.923,35.935,36.893,27.298,27.298,24.627,24.405,23.051,24.405,23.051,23.051,2.476,23.051,23.051,13.366,9.638,8.428,8.428,12.542,2.579,2.386,1.655,1.601,1.01,0,1.628,3.177,35.303,39.419,35.303,35.303,37.199,37.199,37.199,37.199,37.271,38.075,35.67,35.67,40.088,46.544,40.684,38.635,35.056,35.056,35.637,27.485,26.747,33.129,33.129,37.801,37.139,37.051,31.227,26.769,34.315,34.905,37.199,20.576
42.52,80.747,20.433,21.299,28.659,16.17,18.444,6.901,24.898,2.286,2.459,3.447,6.583,3.687,26.89,2.927,20.581,32.789,32.529,32.379,24.361,32.193,25.925,35.339,26.855,40.203,30.261,26.459,37.907,31.447,36.793,34.345,34.869,34.12,30.667,32.679,33.637,24.042,24.042,21.371,21.149,19.795,21.149,19.795,19.795,0.848,19.795,19.795,16.622,12.894,11.684,11.684,15.798,4.207,4.014,3.283,3.229,2.638,1.628,0,1.549,32.047,36.163,32.047,32.047,33.943,33.943,33.943,33.943,34.015,34.819,32.414,32.414,36.832,43.288,37.428,35.379,31.8,31.8,32.381,24.229,23.491,29.873,29.873,34.545,33.883,33.795,27.971,23.513,31.059,31.649,33.943,23.832
45.618,83.845,23.531,24.397,31.757,19.268,21.542,8.45,27.996,0.737,0.91,4.996,8.132,5.236,29.988,4.476,23.679,35.887,35.627,35.477,27.459,35.291,29.023,38.437,29.953,43.301,33.359,29.557,41.005,34.545,39.891,37.443,37.967,37.218,33.765,35.777,36.735,27.14,27.14,24.469,24.247,22.893,24.247,22.893,22.893,2.397,22.893,22.893,19.72,15.992,14.782,14.782,18.896,5.756,5.563,4.832,4.778,4.187,3.177,1.549,0,35.145,39.261,35.145,35.145,37.041,37.041,37.041,37.041,37.113,37.917,35.512,35.512,39.93,46.386,40.526,38.477,34.898,34.898,35.479,27.327,26.589,32.971,32.971,37.643,36.981,36.893,31.069,26.611,34.157,34.747,37.041,26.93
29.751,86.239,37.045,27.945,34.151,47.461,49.897,45.849,39.153,36.619,36.965,38.941,45.213,39.421,37.423,37.901,27.637,2.251,1.991,8.215,31.007,9.209,32.571,10.233,18.963,10.519,22.369,18.567,17.899,23.555,18.549,26.453,26.977,19.385,28.793,31.673,32.631,38.297,34.575,28.017,27.795,26.441,35.805,34.457,36.407,30.351,26.851,19.339,48.075,44.347,43.137,42.975,47.251,40.461,40.075,38.613,38.505,37.323,35.303,32.047,35.145,0,1.509,1.509,1.509,3.729,8.837,13.935,15.699,15.771,16.575,17.679,19.645,24.063,30.519,24.659,31.537,26.613,30.935,37.873,30.875,30.137,28.867,27.999,26.653,25.991,25.903,20.079,15.621,8.075,7.485,4.259,55.285
29.112,85.307,36.567,32.061,33.219,46.708,48.982,49.965,38.066,40.735,41.081,43.057,49.329,43.537,40.058,42.017,31.753,2.251,1.991,20.467,34.089,20.871,34.915,21.133,23.079,25.997,23.539,19.737,23.701,24.725,22.587,27.623,28.147,20.712,28.353,30.365,31.323,37.21,37.21,32.133,31.911,30.557,34.497,34.497,35.929,34.467,30.967,23.455,47.16,43.432,42.222,42.222,46.336,44.577,44.191,42.729,42.621,41.439,39.419,36.163,39.261,1.509,0,1.509,1.509,1.11,19.737,19.737,19.737,19.809,20.613,19.006,19.006,23.424,29.88,24.02,30.898,27.783,32.105,36.941,33.219,33.219,27.559,27.559,27.823,27.161,27.073,21.249,19.737,19.737,19.737,19.737,54.37
