0,83.5,47.518,37.361,32.216,42.445,44.881,40.833,48.497,47.092,47.438,33.925,40.197,34.405,46.767,32.885,38.11,30.493,30.212,31.378,38.231,32.372,38.342,23.18,29.436,33.682,26.95,23.148,20.65,24.181,17.628,22.383,22.731,15.752,21.877,24.678,25.636,47.641,43.919,37.361,37.361,36.914,45.572,44.93,46.88,40.824,37.324,29.812,43.059,39.331,38.121,37.959,42.235,35.445,35.059,33.597,33.489,32.307,30.287,42.52,45.618,29.751,29.112,29.73,29.751,26.892,21.784,16.686,14.922,14.85,14.046,14.046,25.644,2.844,5.476,2.546,25.644,24.678,29,35.134,36.646,37.361,24.678,21.083,21.083,21.745,21.833,24.66,26.094,31.238,30.648,27.422,50.269
83.5,0,71.751,64.262,56.902,98.933,101.37,97.321,71.351,85.319,85.665,90.413,96.685,90.893,73.343,89.373,79.493,86.981,86.407,80.061,62.94,79.875,63.028,85.754,74.537,88.817,70.048,69.27,83.224,64.282,80.346,67.18,67.704,81.182,68.991,71.003,71.961,70.495,70.495,64.19,64.412,65.766,69.163,69.163,71.113,79.051,78.707,71.195,99.547,95.819,94.609,94.447,98.723,91.933,91.547,90.085,89.977,88.795,86.775,80.747,83.845,86.239,85.307,85.925,86.239,83.087,84.358,79.26,77.496,77.568,78.372,79.476,80.238,77.812,84.268,78.408,70.338,61.224,56.902,24.183,61.332,62.07,68.197,68.197,67.38,66.718,66.63,67.758,71.195,78.741,79.331,82.557,106.76
47.518,71.751,0,12.303,19.663,49.739,52.175,48.127,15.722,25.005,25.351,41.219,47.491,41.699,17.714,40.179,19.523,37.787,37.527,31.321,15.365,31.135,16.929,40.337,25.797,40.077,29.203,25.401,39.355,29.711,36.477,32.609,33.133,37.313,34.949,37.677,38.635,14.866,14.866,12.375,12.153,12.153,12.153,18.737,0.319,18.737,18.737,18.737,50.353,46.625,45.415,45.253,49.529,42.739,42.353,40.891,40.783,39.601,37.581,20.433,23.531,37.045,36.567,37.045,37.045,34.347,38.941,35.391,33.627,33.699,34.503,35.607,37.412,41.83,48.286,42.426,36.315,27.201,22.879,23.385,15.233,14.495,34.871,34.155,32.809,32.147,32.059,26.913,22.455,30.001,30.591,33.817,57.563
37.361,64.262,12.303,0,18.407,40.639,43.075,39.027,11.975,25.871,26.217,32.119,38.391,32.599,13.967,31.079,20.389,28.687,28.427,27.973,14.109,27.787,15.673,31.237,22.449,36.101,21.397,19.107,33.061,19.107,30.183,22.005,22.529,30.018,24.263,26.275,27.233,11.119,11.119,11.119,11.119,9.715,9.715,9.715,11.665,19.603,19.603,16.817,41.253,37.525,36.315,36.153,40.429,33.639,33.253,31.791,31.683,30.501,28.481,21.299,24.397,27.945,32.061,27.945,27.945,29.841,29.841,29.097,27.333,27.405,28.209,28.312,28.312,31.673,38.129,32.269,26.414,19.107,15.896,15.896,13.977,13.239,23.469,23.469,22.205,21.543,21.455,19.107,19.107,26.653,27.243,29.841,48.463
32.216,56.902,19.663,18.407,0,46.845,49.281,45.233,19.263,33.231,33.577,38.325,44.597,38.805,21.255,37.285,27.405,34.893,34.319,27.973,19.977,27.787,20.803,34.497,22.449,36.729,21.397,19.107,33.061,15.916,30.183,18.814,19.338,29.856,16.903,18.915,19.873,18.407,18.407,19.107,18.407,17.075,17.075,17.075,19.025,26.963,26.619,19.107,47.459,43.731,42.521,42.359,46.635,39.845,39.459,37.997,37.889,36.707,34.687,28.659,31.757,34.151,33.219,33.837,34.151,30.999,33.101,29.097,27.333,27.405,28.15,28.15,28.15,26.528,32.984,27.124,19.054,12.858,8.536,8.536,19.107,19.107,16.109,16.109,19.014,18.352,18.264,19.107,19.107,26.653,27.243,30.469,54.669
42.445,98.933,49.739,40.639,46.845,0,13.784,13.144,51.847,49.313,49.659,9.932,13.28,10.628,50.117,11.472,40.331,14.945,14.685,20.909,43.701,21.903,45.265,22.927,31.657,23.213,35.063,31.261,30.593,36.249,31.243,39.147,39.671,32.079,41.487,44.367,45.325,50.991,47.269,40.711,40.489,39.135,48.499,47.151,49.101,43.045,39.545,32.033,11.138,8.966,7.756,2.243,11.138,7.756,8.142,9.604,9.712,10.894,12.914,44.741,47.839,13.45,14.203,14.203,14.203,16.423,21.531,26.629,28.393,28.465,29.269,30.373,32.339,36.757,43.213,37.353,44.231,39.307,43.629,50.567,43.569,42.831,41.561,40.693,39.347,38.685,38.597,32.773,28.315,20.769,20.179,16.953,18.348
44.881,101.37,52.175,43.075,49.281,13.784,0,15.418,54.283,51.749,52.095,12.206,15.554,12.902,52.553,13.746,42.767,17.24,17.121,23.345,46.137,24.339,47.701,25.363,34.093,25.649,37.499,33.697,33.029,38.685,33.679,41.583,42.107,34.515,43.923,46.803,47.761,53.427,49.705,43.147,42.925,41.571,50.935,49.587,51.537,45.481,41.981,34.469,7.926,7.926,9.136,9.298,1.323,10.03,10.416,11.878,11.986,13.168,15.188,47.177,50.275,15.724,16.639,16.639,16.498,18.859,23.967,29.065,30.829,30.901,31.705,32.809,34.775,39.193,45.649,39.789,46.667,41.743,46.065,53.003,46.005,45.267,43.997,43.129,41.783,41.121,41.033,35.209,30.751,23.205,22.615,19.389,15.136
40.833,97.321,48.127,39.027,45.233,13.144,15.418,0,50.235,47.701,48.047,3.782,5.456,4.13,48.505,4.552,38.719,13.333,13.073,19.297,42.089,20.291,43.653,21.315,30.045,21.601,33.451,29.649,28.981,34.637,29.631,37.535,38.059,30.467,39.875,42.755,43.713,49.379,45.657,39.099,38.877,37.523,46.887,45.539,47.489,41.433,37.933,30.421,13.596,9.868,8.658,8.658,12.772,2.694,2.887,3.618,3.672,4.263,5.273,43.129,46.227,5.541,12.591,12.591,12.591,14.811,19.919,25.017,26.781,26.853,27.657,28.761,30.727,35.145,41.601,35.741,42.619,37.695,42.017,48.955,41.957,41.219,39.949,39.081,37.735,37.073,36.985,31.161,26.703,19.157,18.567,15.341,20.806
48.497,71.351,15.722,11.975,19.263,51.847,54.283,50.235,0,29.47,29.816,43.327,49.599,43.807,14.823,42.287,24.003,39.744,39.166,32.82,14.965,32.634,16.529,42.35,27.296,41.576,30.702,26.9,40.854,29.859,37.976,32.757,33.281,38.812,35.097,37.339,38.297,0.428,11.975,11.975,11.975,13.134,11.975,13.134,15.084,23.202,23.217,20.236,52.461,48.733,47.523,47.361,51.637,44.847,44.461,42.999,42.891,41.709,39.689,24.898,27.996,39.153,38.066,38.684,39.002,35.846,40.954,36.89,35.126,35.198,36.002,37.106,39.072,42.809,49.265,43.405,35.915,26.801,22.479,22.985,14.833,14.095,34.533,34.303,32.957,32.295,32.207,28.412,23.954,31.5,32.09,35.316,59.671
47.092,85.319,25.005,25.871,33.231,49.313,51.749,47.701,29.47,0,1.647,40.793,47.065,41.273,31.462,39.753,25.153,37.361,37.101,36.951,28.933,36.765,30.497,39.911,31.427,44.775,34.833,31.031,42.479,36.019,41.365,38.917,39.441,38.692,35.239,37.251,38.209,28.614,28.614,25.943,25.721,24.367,25.721,24.367,24.367,3.134,24.367,24.367,49.927,46.199,44.989,44.827,49.103,42.313,41.927,40.465,40.357,39.175,37.155,2.286,0.737,36.619,40.735,36.619,36.619,38.515,38.515,38.515,38.515,38.587,39.391,36.986,36.986,41.404,47.86,42,39.951,36.372,36.372,36.953,28.801,28.063,34.445,34.445,39.117,38.455,38.367,32.543,28.085,35.631,36.221,38.515,57.137
47.438,85.665,25.351,26.217,33.577,49.659,52.095,48.047,29.816,1.647,0,41.139,47.411,41.619,31.808,40.099,25.499,37.707,37.447,37.297,29.279,37.111,30.843,40.257,31.773,45.121,35.179,31.377,42.825,36.365,41.711,39.263,39.787,39.038,35.585,37.597,38.555,28.96,28.96,26.289,26.067,24.713,26.067,24.713,24.713,3.307,24.713,24.713,50.273,46.545,45.335,45.173,49.449,42.659,42.273,40.811,40.703,39.521,37.501,2.459,0.91,36.965,41.081,36.965,36.965,38.861,38.861,38.861,38.861,38.933,39.737,37.332,37.332,41.75,48.206,42.346,40.297,36.718,36.718,37.299,29.147,28.409,34.791,34.791,39.463,38.801,38.713,32.889,28.431,35.977,36.567,38.861,57.483
33.925,90.413,41.219,32.119,38.325,9.932,12.206,3.782,43.327,40.793,41.139,0,3.464,0.676,41.597,1.098,31.811,6.425,6.165,12.389,35.181,13.383,36.745,14.407,23.137,14.693,26.543,22.741,22.073,27.729,22.723,30.627,31.151,23.559,32.967,35.847,36.805,42.471,38.749,32.191,31.969,30.615,39.979,38.631,40.581,34.525,31.025,23.513,10.384,6.656,5.446,5.446,9.56,1.088,0.895,0.164,0.218,0.809,1.819,36.221,39.319,2.087,5.683,5.683,5.683,7.903,13.011,18.109,19.873,19.945,20.749,21.853,23.819,28.237,34.693,28.833,35.711,30.787,35.109,42.047,35.049,34.311,33.041,32.173,30.827,30.165,30.077,24.253,19.795,12.249,11.659,8.433,17.594
40.197,96.685,47.491,38.391,44.597,13.28,15.554,5.456,49.599,47.065,47.411,3.464,0,3.812,47.869,4.234,38.083,12.697,12.437,18.661,41.453,19.655,43.017,20.679,29.409,20.965,32.815,29.013,28.345,34.001,28.995,36.899,37.423,29.831,39.239,42.119,43.077,48.743,45.021,38.463,38.241,36.887,46.251,44.903,46.853,40.797,37.297,29.785,13.732,10.004,8.794,8.794,12.908,2.762,2.569,3.3,3.354,3.945,4.955,42.493,45.591,5.223,11.955,11.955,11.955,14.175,19.283,24.381,26.145,26.217,27.021,28.125,30.091,34.509,40.965,35.105,41.983,37.059,41.381,48.319,41.321,40.583,39.313,38.445,37.099,36.437,36.349,30.525,26.067,18.521,17.931,14.705,20.942
34.405,90.893,41.699,32.599,38.805,10.628,12.902,4.13,43.807,41.273,41.619,0.676,3.812,0,42.077,1.338,32.291,6.905,6.645,12.869,35.661,13.863,37.225,14.887,23.617,15.173,27.023,23.221,22.553,28.209,23.203,31.107,31.631,24.039,33.447,36.327,37.285,42.951,39.229,32.671,32.449,31.095,40.459,39.111,41.061,35.005,31.505,23.993,11.08,7.352,6.142,6.142,10.256,1.436,1.243,0.512,0.458,1.049,2.059,36.701,39.799,2.327,6.163,6.163,6.163,8.383,13.491,18.589,20.353,20.425,21.229,22.333,24.299,28.717,35.173,29.313,36.191,31.267,35.589,42.527,35.529,34.791,33.521,32.653,31.307,30.645,30.557,24.733,20.275,12.729,12.139,8.913,18.29
46.767,73.343,17.714,13.967,21.255,50.117,52.553,48.505,14.823,31.462,31.808,41.597,47.869,42.077,0,40.557,25.995,38.165,37.905,34.812,16.957,34.626,18.521,40.715,29.288,43.568,30.803,28.513,42.467,28.513,39.589,31.411,31.935,39.496,33.597,35.609,36.567,13.967,1.424,13.967,13.967,15.126,13.967,15.126,17.076,25.194,25.209,22.228,50.731,47.003,45.793,45.631,49.907,43.117,42.731,41.269,41.161,39.979,37.959,26.89,29.988,37.423,40.058,37.423,37.423,37.838,39.319,38.503,36.739,36.811,37.615,37.79,37.79,41.079,47.535,41.675,35.748,28.513,24.471,24.977,16.825,16.087,32.803,32.803,31.611,30.949,30.861,28.513,25.946,33.492,34.082,37.308,57.941
32.885,89.373,40.179,31.079,37.285,11.472,13.746,4.552,42.287,39.753,40.099,1.098,4.234,1.338,40.557,0,30.771,5.385,5.125,11.349,34.141,12.343,35.705,13.367,22.097,13.653,25.503,21.701,21.033,26.689,21.683,29.587,30.111,22.519,31.927,34.807,35.765,41.431,37.709,31.151,30.929,29.575,38.939,37.591,39.541,33.485,29.985,22.473,11.924,8.196,6.986,6.986,11.1,1.858,1.665,0.934,0.88,0.289,1.299,35.181,38.279,1.567,4.643,4.643,4.643,6.863,11.971,17.069,18.833,18.905,19.709,20.813,22.779,27.197,33.653,27.793,34.671,29.747,34.069,41.007,34.009,33.271,32.001,31.133,29.787,29.125,29.037,23.213,18.755,11.209,10.619,7.393,19.134
38.11,79.493,19.523,20.389,27.405,40.331,42.767,38.719,24.003,25.153,25.499,31.811,38.083,32.291,25.995,30.771,0,28.379,28.119,30.263,23.451,30.667,25.015,30.929,25.945,35.793,29.351,25.549,33.497,27.405,32.383,30.303,30.827,29.71,26.257,28.269,29.227,23.147,23.147,20.461,20.239,18.885,20.239,18.885,18.885,18.885,0.393,18.885,40.945,37.217,36.007,35.845,40.121,33.331,32.945,31.483,31.375,30.193,28.173,20.581,23.679,27.637,31.753,27.637,27.637,29.533,29.533,29.533,29.533,29.605,30.409,28.004,28.004,32.422,38.878,33.018,30.969,27.405,27.405,31.127,23.319,22.581,25.463,25.463,30.503,29.841,29.753,27.061,22.603,29.533,29.533,29.533,48.155
30.493,86.981,37.787,28.687,34.893,14.945,17.24,13.333,39.744,37.361,37.707,6.425,12.697,6.905,38.165,5.385,28.379,0,2.733,8.957,31.749,9.951,33.313,10.975,19.705,11.261,23.111,19.309,18.641,24.297,19.291,27.195,27.719,20.127,29.535,32.043,33.001,38.888,35.317,28.759,28.537,27.183,36.175,35.199,37.149,31.093,27.593,20.081,15.418,11.69,10.48,10.459,14.594,7.945,7.559,6.097,5.989,4.807,2.787,32.789,35.887,2.251,2.251,2.251,0.371,4.471,9.579,14.677,16.441,16.513,17.317,18.421,20.387,24.805,31.261,25.401,32.279,27.355,31.677,38.615,31.617,30.879,29.237,28.741,27.395,26.733,26.645,20.821,16.363,8.817,8.227,5.001,22.628
30.212,86.407,37.527,28.427,34.319,14.685,17.121,13.073,39.166,37.101,37.447,6.165,12.437,6.645,37.905,5.125,28.119,2.733,0,8.697,31.489,9.691,33.053,10.715,19.445,11.001,22.851,19.049,18.381,24.037,19.031,26.935,27.459,19.867,29.275,31.465,32.423,38.31,35.057,28.499,28.277,26.923,35.597,34.939,36.889,30.833,27.333,19.821,15.299,11.571,10.361,10.199,14.475,7.685,7.299,5.837,5.729,4.547,2.527,32.529,35.627,1.991,1.991,0.241,1.991,4.211,9.319,14.417,16.181,16.253,17.057,18.161,20.106,24.524,30.98,25.12,31.998,27.095,31.417,38.041,31.357,30.619,28.659,28.481,27.135,26.473,26.385,20.561,16.103,8.557,7.967,4.741,22.509
31.378,80.061,31.321,27.973,27.973,20.909,23.345,19.297,32.82,36.951,37.297,12.389,18.661,12.869,34.812,11.349,30.263,8.957,8.697,0,28.843,19.381,29.669,19.643,21.589,24.507,22.049,18.247,22.211,23.235,21.097,26.133,26.657,21.933,23.107,25.119,26.077,31.964,31.964,27.973,27.973,27.973,29.251,29.251,30.683,30.683,29.477,21.965,21.523,17.795,16.585,16.423,20.699,13.909,13.523,12.061,11.953,10.771,8.751,32.379,35.477,8.215,20.467,8.215,8.215,18.247,18.247,18.247,18.247,18.319,19.123,20.227,21.272,25.69,32.146,26.286,27.819,26.293,27.973,31.695,27.973,27.973,22.313,22.313,26.333,25.671,25.583,19.759,18.247,18.247,0.365,18.247,28.733
38.231,62.94,15.365,14.109,19.977,43.701,46.137,42.089,14.965,28.933,29.279,35.181,41.453,35.661,16.957,34.141,23.451,31.749,31.489,28.843,0,28.657,21.673,34.299,23.319,37.599,22.267,19.977,33.931,19.977,31.053,22.875,23.399,31.889,22.941,24.953,25.911,14.109,14.109,19.977,14.109,12.777,12.777,12.777,14.727,22.665,22.665,19.879,44.315,40.587,39.377,39.215,43.491,36.701,36.315,34.853,34.745,33.563,31.543,24.361,27.459,31.007,34.089,31.007,31.007,31.869,32.903,29.967,28.203,28.275,29.079,30.183,31.374,32.543,38.999,33.139,25.092,18.896,14.574,14.574,19.977,0.435,22.147,22.147,23.075,22.413,22.325,19.977,19.977,27.523,28.113,31.339,51.525
32.372,79.875,31.135,27.787,27.787,21.903,24.339,20.291,32.634,36.765,37.111,13.383,19.655,13.863,34.626,12.343,30.667,9.951,9.691,19.381,28.657,0,29.483,20.047,21.993,24.911,22.453,18.651,22.615,23.639,21.501,26.537,27.061,22.337,22.921,24.933,25.891,31.778,31.778,27.787,27.787,27.787,29.065,29.065,30.497,30.497,29.881,22.369,22.517,18.789,17.579,17.417,21.693,14.903,14.517,13.055,12.947,11.765,9.745,32.193,35.291,9.209,20.871,9.209,9.209,18.651,18.651,18.651,18.651,18.723,19.527,20.631,22.266,26.684,33.14,27.28,27.633,26.697,27.787,31.509,27.787,27.787,22.127,22.127,26.737,26.075,25.987,20.163,18.651,0.567,18.651,18.651,29.727
38.342,63.028,16.929,15.673,20.803,45.265,47.701,43.653,16.529,30.497,30.843,36.745,43.017,37.225,18.521,35.705,25.015,33.313,33.053,29.669,21.673,29.483,0,35.863,24.145,38.425,23.093,20.803,34.757,20.803,31.879,23.701,24.225,32.715,23.029,25.041,25.999,15.673,15.673,20.803,15.673,14.341,14.341,14.341,16.291,24.229,24.229,20.803,45.879,42.151,40.941,40.779,45.055,38.265,37.879,36.417,36.309,35.127,33.107,25.925,29.023,32.571,34.915,32.571,32.571,32.695,34.467,30.793,29.029,29.101,29.905,31.009,32.938,32.654,39.11,33.25,25.18,18.984,14.662,14.662,0.848,20.803,22.235,22.235,23.901,23.239,23.151,20.803,20.803,28.349,28.939,32.165,53.089
23.18,85.754,40.337,31.237,34.497,22.927,25.363,21.315,42.35,39.911,40.257,14.407,20.679,14.887,40.715,13.367,30.929,10.975,10.715,19.643,34.299,20.047,35.863,0,22.255,25.173,22.715,18.913,22.877,23.901,21.763,26.799,27.323,14.78,27.779,27.666,28.624,41.494,37.867,31.309,31.087,29.733,38.781,37.749,39.699,33.643,30.143,22.631,23.541,19.813,18.603,18.441,22.717,15.927,15.541,14.079,13.971,12.789,10.769,35.339,38.437,10.233,21.133,10.233,10.233,18.913,0.698,18.913,18.913,18.985,19.789,13.074,13.074,17.492,23.948,18.088,24.966,26.959,31.281,37.388,34.167,33.429,26.985,26.985,26.999,26.337,26.249,20.425,18.913,18.913,18.913,18.913,30.751
29.436,74.537,25.797,22.449,22.449,31.657,34.093,30.045,27.296,31.427,31.773,23.137,29.409,23.617,29.288,22.097,25.945,19.705,19.445,21.589,23.319,21.993,24.145,22.255,0,27.119,24.661,20.859,24.823,22.449,23.709,23.342,23.778,21.036,17.583,19.595,20.553,26.44,26.44,22.449,22.449,22.449,23.727,23.727,25.159,25.159,25.159,22.449,32.271,28.543,27.333,27.171,31.447,24.657,24.271,22.809,22.701,21.519,19.499,26.855,29.953,18.963,23.079,18.963,18.963,20.859,20.859,20.859,20.859,20.931,21.735,19.33,19.33,23.748,30.204,24.344,22.295,22.449,22.449,26.171,22.449,22.449,16.789,16.789,22.792,22.792,22.792,22.371,1.671,20.859,20.859,20.859,39.481
33.682,88.817,40.077,36.101,36.729,23.213,25.649,21.601,41.576,44.775,45.121,14.693,20.965,15.173,43.568,13.653,35.793,11.261,11.001,24.507,37.599,24.911,38.425,25.173,27.119,0,27.579,23.777,27.741,28.765,26.627,31.663,32.187,25.282,31.863,33.875,34.833,40.72,40.72,36.173,35.951,34.597,38.007,38.007,39.439,38.507,35.007,27.495,23.827,20.099,18.889,18.727,23.003,16.213,15.827,14.365,14.257,13.075,11.055,40.203,43.301,10.519,25.997,10.519,10.519,23.777,23.777,23.777,23.777,23.849,24.653,23.576,23.576,27.994,34.45,28.59,35.468,31.823,36.145,40.451,36.729,36.729,31.069,31.069,31.863,31.201,31.113,25.289,23.777,23.777,23.777,3.13,31.037
26.95,70.048,29.203,21.397,21.397,35.063,37.499,33.451,30.702,34.833,35.179,26.543,32.815,27.023,30.803,25.503,29.351,23.111,22.851,22.049,22.267,22.453,23.093,22.715,24.661,27.579,0,21.397,25.283,21.397,24.169,17.832,18.268,18.55,12.073,14.085,15.043,29.846,27.955,21.397,21.397,21.397,27.133,27.133,28.565,28.565,28.565,21.397,35.677,31.949,30.739,30.577,34.853,28.063,27.677,26.215,26.107,24.925,22.905,30.261,33.359,22.369,23.539,22.369,22.369,21.319,21.319,21.319,21.319,21.391,22.195,16.844,16.844,21.262,27.718,21.858,16.785,17.282,21.397,21.682,21.397,21.397,11.279,11.279,17.282,17.282,17.282,1.145,21.319,21.319,21.319,21.319,42.887
23.148,69.27,25.401,19.107,19.107,31.261,33.697,29.649,26.9,31.031,31.377,22.741,29.013,23.221,28.513,21.701,25.549,19.309,19.049,18.247,19.977,18.651,20.803,18.913,20.859,23.777,21.397,0,21.481,19.107,20.367,17.054,17.49,14.748,11.295,13.307,14.265,26.044,25.665,19.107,19.107,19.107,23.331,23.331,24.763,24.763,24.763,19.107,31.875,28.147,26.937,26.775,31.051,24.261,23.875,22.413,22.305,21.123,19.103,26.459,29.557,18.567,19.737,18.567,18.567,17.517,17.517,17.517,17.517,17.589,18.393,13.042,13.042,17.46,23.916,18.056,16.007,16.504,19.107,20.904,19.107,19.107,10.501,10.501,16.504,16.504,16.504,19.107,17.517,17.517,17.517,17.517,39.085
20.65,83.224,39.355,33.061,33.061,30.593,33.029,28.981,40.854,42.479,42.825,22.073,28.345,22.553,42.467,21.033,33.497,18.641,18.381,22.211,33.931,22.615,34.757,22.877,24.823,27.741,25.283,21.481,0,25.684,24.331,26.234,26.67,12.25,25.249,25.136,26.094,39.998,39.619,33.061,33.061,32.301,37.285,37.285,38.717,36.211,32.711,25.199,31.207,27.479,26.269,26.107,30.383,23.593,23.207,21.745,21.637,20.455,18.435,37.907,41.005,17.899,23.701,17.899,17.899,21.481,21.481,1.982,21.481,21.553,22.357,10.544,10.544,14.962,21.418,15.558,22.436,26.34,30.662,34.858,33.061,33.061,24.455,24.455,25.684,25.684,25.684,22.993,21.481,21.481,21.481,21.481,38.417
24.181,64.282,29.711,19.107,15.916,36.249,38.685,34.637,29.859,36.019,36.365,27.729,34.001,28.209,28.513,26.689,27.405,24.297,24.037,23.235,19.977,23.639,20.803,23.901,22.449,28.765,21.397,19.107,25.684,0,22.734,12.066,12.502,19.736,6.307,8.319,9.277,29.003,25.665,19.107,19.107,19.107,27.318,27.123,29.073,29.751,26.619,19.107,36.863,33.135,31.925,31.763,36.039,29.249,28.863,27.401,27.293,26.111,24.091,31.447,34.545,23.555,24.725,23.555,23.555,22.505,22.505,21.72,19.956,19.956,19.956,18.03,18.03,18.493,24.949,19.089,11.019,11.516,15.838,15.916,19.107,19.107,5.513,5.513,11.516,11.516,11.516,19.107,19.107,22.505,22.505,22.505,44.073
17.628,80.346,36.477,30.183,30.183,31.243,33.679,29.631,37.976,41.365,41.711,22.723,28.995,23.203,39.589,21.683,32.383,19.291,19.031,21.097,31.053,21.501,31.879,21.763,23.709,26.627,24.169,20.367,24.331,22.734,0,23.284,23.72,9.228,22.371,22.114,23.072,37.12,36.741,30.183,30.183,30.183,34.407,34.407,35.839,35.097,31.597,24.085,31.857,28.129,26.919,26.757,31.033,24.243,23.857,22.395,22.287,21.105,19.085,36.793,39.891,18.549,22.587,18.549,18.549,20.367,20.367,20.367,22.734,1.389,22.734,7.522,7.522,11.94,18.396,12.536,19.414,23.39,27.712,31.98,30.183,30.183,21.577,21.577,22.734,22.734,22.734,21.879,20.367,20.367,20.367,20.367,39.067
22.383,67.18,32.609,22.005,18.814,39.147,41.583,37.535,32.757,38.917,39.263,30.627,36.899,31.107,31.411,29.587,30.303,27.195,26.935,26.133,22.875,26.537,23.701,26.799,23.342,31.663,17.832,17.054,26.234,12.066,23.284,0,13.052,22.212,4.509,6.521,7.479,31.901,28.563,22.005,22.005,22.005,30.216,30.021,31.971,32.649,29.517,22.005,39.761,36.033,34.823,34.661,38.937,32.147,31.761,30.299,30.191,29.009,26.989,34.345,37.443,26.453,27.623,26.453,26.453,25.403,25.403,22.27,20.506,20.506,20.506,20.506,20.506,16.695,23.151,17.291,9.221,12.066,16.388,18.814,22.005,22.005,3.715,3.715,12.066,12.066,0.275,15.542,20,25.403,25.403,25.403,46.971
22.731,67.704,33.133,22.529,19.338,39.671,42.107,38.059,33.281,39.441,39.787,31.151,37.423,31.631,31.935,30.111,30.827,27.719,27.459,26.657,23.399,27.061,24.225,27.323,23.778,32.187,18.268,17.49,26.67,12.502,23.72,13.052,0,22.648,4.857,6.869,7.827,32.425,29.087,22.529,22.529,22.529,30.74,30.545,32.495,33.173,30.041,22.529,40.285,36.557,35.347,35.185,39.461,32.671,32.285,30.823,30.715,29.533,27.513,34.869,37.967,26.977,28.147,26.977,26.977,25.927,25.927,22.706,20.942,20.942,20.942,20.942,20.942,17.043,23.499,17.639,9.569,12.502,16.824,19.338,22.529,22.529,4.063,4.063,12.502,0.493,12.502,15.978,20.436,25.927,25.927,25.927,47.495
15.752,81.182,37.313,30.018,29.856,32.079,34.515,30.467,38.812,38.692,39.038,23.559,29.831,24.039,39.496,22.519,29.71,20.127,19.867,21.933,31.889,22.337,32.715,14.78,21.036,25.282,18.55,14.748,12.25,19.736,9.228,22.212,22.648,0,22.615,20.238,21.196,37.956,36.648,30.09,29.868,28.514,35.243,35.243,36.675,32.424,28.924,21.412,32.693,28.965,27.755,27.593,31.869,25.079,24.693,23.231,23.123,21.941,19.921,34.12,37.218,19.385,20.712,19.385,19.385,18.492,13.384,8.286,6.522,6.45,5.646,0.853,5.646,10.064,16.52,10.66,17.538,22.318,26.64,32.816,31.019,31.019,21.662,21.821,21.662,21.662,21.662,16.26,17.694,21.203,21.203,19.022,39.903
21.877,68.991,34.949,24.263,16.903,41.487,43.923,39.875,35.097,35.239,35.585,32.967,39.239,33.447,33.597,31.927,26.257,29.535,29.275,23.107,22.941,22.921,23.029,27.779,17.583,31.863,12.073,11.295,25.249,6.307,22.371,4.509,4.857,22.615,0,6.015,6.973,34.241,30.749,24.191,24.345,24.345,32.556,32.361,34.311,28.971,25.471,17.959,42.101,38.373,37.163,37.001,41.277,34.487,34.101,32.639,32.531,31.349,29.329,30.667,33.765,28.793,28.353,28.793,28.793,26.133,26.383,21.285,19.521,19.593,20.397,20.909,20.607,16.189,22.645,16.785,8.715,9.365,13.687,20.625,21.333,22.071,3.209,0.397,3.209,3.871,3.959,9.783,14.241,21.787,22.377,25.603,49.311
24.678,71.003,37.677,26.275,18.915,44.367,46.803,42.755,37.339,37.251,37.597,35.847,42.119,36.327,35.609,34.807,28.269,32.043,31.465,25.119,24.953,24.933,25.041,27.666,19.595,33.875,14.085,13.307,25.136,8.319,22.114,6.521,6.869,20.238,6.015,0,0.479,36.483,32.761,26.203,26.425,27.073,34.831,35.089,37.039,30.983,27.483,19.971,44.981,41.253,40.043,39.881,44.157,37.367,36.981,35.519,35.411,34.229,32.209,32.679,35.777,31.673,30.365,30.983,31.301,28.145,26.27,21.172,19.408,19.336,18.532,18.532,19.956,18.99,25.446,19.586,11.516,11.377,15.699,22.637,23.345,24.083,11.516,5.221,5.221,5.883,5.971,11.795,16.253,23.799,24.389,27.615,52.191
25.636,71.961,38.635,27.233,19.873,45.325,47.761,43.713,38.297,38.209,38.555,36.805,43.077,37.285,36.567,35.765,29.227,33.001,32.423,26.077,25.911,25.891,25.999,28.624,20.553,34.833,15.043,14.265,26.094,9.277,23.072,7.479,7.827,21.196,6.973,0.479,0,37.441,33.719,27.161,27.383,28.031,35.789,36.047,37.997,31.941,28.441,20.929,45.939,42.211,41.001,40.839,45.115,38.325,37.939,36.477,36.369,35.187,33.167,33.637,36.735,32.631,31.323,31.941,32.259,29.103,27.228,22.13,20.366,20.294,19.49,19.49,20.914,19.948,26.404,20.544,12.474,12.335,16.657,23.595,24.303,25.041,12.474,6.179,6.179,6.841,6.929,12.753,17.211,24.757,25.347,28.573,53.149
47.641,70.495,14.866,11.119,18.407,50.991,53.427,49.379,0.428,28.614,28.96,42.471,48.743,42.951,13.967,41.431,23.147,38.888,38.31,31.964,14.109,31.778,15.673,41.494,26.44,40.72,29.846,26.044,39.998,29.003,37.12,31.901,32.425,37.956,34.241,36.483,37.441,0,11.119,11.119,11.119,12.278,11.119,12.278,14.228,22.346,22.361,19.38,51.605,47.877,46.667,46.505,50.781,43.991,43.605,42.143,42.035,40.853,38.833,24.042,27.14,38.297,37.21,37.828,38.146,34.99,40.098,36.034,34.27,34.342,35.146,36.25,38.216,41.953,48.409,42.549,35.059,25.945,21.623,22.129,13.977,13.239,33.677,33.447,32.101,31.439,31.351,27.556,23.098,30.644,31.234,34.46,58.815
43.919,70.495,14.866,11.119,18.407,47.269,49.705,45.657,11.975,28.614,28.96,38.749,45.021,39.229,1.424,37.709,23.147,35.317,35.057,31.964,14.109,31.778,15.673,37.867,26.44,40.72,27.955,25.665,39.619,25.665,36.741,28.563,29.087,36.648,30.749,32.761,33.719,11.119,0,11.119,11.119,12.278,11.119,12.278,14.228,22.346,22.361,19.38,47.883,44.155,42.945,42.783,47.059,40.269,39.883,38.421,38.313,37.131,35.111,24.042,27.14,34.575,37.21,34.575,34.575,34.99,36.471,35.655,33.891,33.963,34.767,34.942,34.942,38.231,44.687,38.827,32.9,25.665,21.623,22.129,13.977,13.239,29.955,29.955,28.763,28.101,28.013,25.665,23.098,30.644,31.234,34.46,55.093
37.361,64.19,12.375,11.119,19.107,40.711,43.147,39.099,11.975,25.943,26.289,32.191,38.463,32.671,13.967,31.151,20.461,28.759,28.499,27.973,19.977,27.787,20.803,31.309,22.449,36.173,21.397,19.107,33.061,19.107,30.183,22.005,22.529,30.09,24.191,26.203,27.161,11.119,11.119,0,11.119,9.787,9.787,9.787,11.737,19.675,19.675,16.889,41.325,37.597,36.387,36.225,40.501,33.711,33.325,31.863,31.755,30.573,28.553,21.371,24.469,28.017,32.133,28.017,28.017,29.913,29.913,29.097,27.333,27.405,28.209,28.384,28.384,31.673,38.129,32.269,26.342,19.107,15.824,15.824,19.107,19.107,23.397,23.397,22.205,21.543,21.455,19.107,19.107,26.653,27.243,29.913,48.535
37.361,64.412,12.153,11.119,18.407,40.489,42.925,38.877,11.975,25.721,26.067,31.969,38.241,32.449,13.967,30.929,20.239,28.537,28.277,27.973,14.109,27.787,15.673,31.087,22.449,35.951,21.397,19.107,33.061,19.107,30.183,22.005,22.529,29.868,24.345,26.425,27.383,11.119,11.119,11.119,0,9.565,9.565,9.565,11.515,19.453,19.453,16.667,41.103,37.375,36.165,36.003,40.279,33.489,33.103,31.641,31.533,30.351,28.331,21.149,24.247,27.795,31.911,27.795,27.795,29.691,29.691,29.097,27.333,27.405,28.209,28.162,28.162,31.673,38.129,32.269,26.564,19.107,16.046,16.046,13.977,13.239,23.619,23.551,22.205,21.543,21.455,19.107,19.107,26.653,27.243,29.691,48.313
36.914,65.766,12.153,9.715,17.075,39.135,41.571,37.523,13.134,24.367,24.713,30.615,36.887,31.095,15.126,29.575,18.885,27.183,26.923,27.973,12.777,27.787,14.341,29.733,22.449,34.597,21.397,19.107,32.301,19.107,30.183,22.005,22.529,28.514,24.345,27.073,28.031,12.278,12.278,9.787,9.565,0,9.565,9.565,11.515,18.099,18.099,18.099,39.749,36.021,34.811,34.649,38.925,32.135,31.749,30.287,30.179,28.997,26.977,19.795,22.893,26.441,30.557,26.441,26.441,28.337,28.337,28.337,27.333,27.405,28.209,26.808,26.808,31.226,37.682,31.822,27.565,19.107,17.4,17.4,12.645,11.907,24.267,23.551,22.205,21.543,21.455,19.107,19.107,26.653,27.243,28.337,46.959
45.572,69.163,12.153,9.715,17.075,48.499,50.935,46.887,11.975,25.721,26.067,39.979,46.251,40.459,13.967,38.939,20.239,36.175,35.597,29.251,12.777,29.065,14.341,38.781,23.727,38.007,27.133,23.331,37.285,27.318,34.407,30.216,30.74,35.243,32.556,34.831,35.789,11.119,11.119,9.787,9.565,9.565,0,9.565,11.515,19.453,19.453,16.667,49.113,45.385,44.175,44.013,48.289,41.499,41.113,39.651,39.543,38.361,36.341,21.149,24.247,35.805,34.497,35.115,35.433,32.277,37.385,33.321,31.557,31.629,32.433,33.537,35.503,39.884,46.34,40.48,33.727,24.613,20.291,20.797,12.645,11.907,32.025,31.762,30.416,29.754,29.666,24.843,20.385,27.931,28.521,31.747,56.323
44.93,69.163,18.737,9.715,17.075,47.151,49.587,45.539,13.134,24.367,24.713,38.631,44.903,39.111,15.126,37.591,18.885,35.199,34.939,29.251,12.777,29.065,14.341,37.749,23.727,38.007,27.133,23.331,37.285,27.123,34.407,30.021,30.545,35.243,32.361,35.089,36.047,12.278,12.278,9.787,9.565,9.565,9.565,0,18.099,18.099,18.099,16.667,47.765,44.037,42.827,42.665,46.941,40.151,39.765,38.303,38.195,37.013,34.993,19.795,22.893,34.457,34.497,34.457,34.457,32.277,36.353,33.321,31.557,31.629,32.433,33.537,34.824,39.242,45.698,39.838,33.727,24.613,20.291,20.797,12.645,11.907,32.283,31.567,30.221,29.559,29.471,24.843,20.385,27.931,28.521,31.747,54.975
46.88,71.113,0.319,11.665,19.025,49.101,51.537,47.489,15.084,24.367,24.713,40.581,46.853,41.061,17.076,39.541,18.885,37.149,36.889,30.683,14.727,30.497,16.291,39.699,25.159,39.439,28.565,24.763,38.717,29.073,35.839,31.971,32.495,36.675,34.311,37.039,37.997,14.228,14.228,11.737,11.515,11.515,11.515,18.099,0,18.099,18.099,18.099,49.715,45.987,44.777,44.615,48.891,42.101,41.715,40.253,40.145,38.963,36.943,19.795,22.893,36.407,35.929,36.407,36.407,33.709,38.303,34.753,32.989,33.061,33.865,34.969,36.774,41.192,47.648,41.788,35.677,26.563,22.241,22.747,14.595,13.857,34.233,33.517,32.171,31.509,31.421,26.275,21.817,29.363,29.953,33.179,56.925
40.824,79.051,18.737,19.603,26.963,43.045,45.481,41.433,23.202,3.134,3.307,34.525,40.797,35.005,25.194,33.485,18.885,31.093,30.833,30.683,22.665,30.497,24.229,33.643,25.159,38.507,28.565,24.763,36.211,29.751,35.097,32.649,33.173,32.424,28.971,30.983,31.941,22.346,22.346,19.675,19.453,18.099,19.453,18.099,18.099,0,18.099,18.099,43.659,39.931,38.721,38.559,42.835,36.045,35.659,34.197,34.089,32.907,30.887,0.848,2.397,30.351,34.467,30.351,30.351,32.247,32.247,32.247,32.247,32.319,33.123,30.718,30.718,35.136,41.592,35.732,33.683,30.104,30.104,30.685,22.533,21.795,28.177,28.177,32.849,32.187,32.099,26.275,21.817,29.363,29.953,32.247,50.869
37.324,78.707,18.737,19.603,26.619,39.545,41.981,37.933,23.217,24.367,24.713,31.025,37.297,31.505,25.209,29.985,0.393,27.593,27.333,29.477,22.665,29.881,24.229,30.143,25.159,35.007,28.565,24.763,32.711,26.619,31.597,29.517,30.041,28.924,25.471,27.483,28.441,22.361,22.361,19.675,19.453,18.099,19.453,18.099,18.099,18.099,0,18.099,40.159,36.431,35.221,35.059,39.335,32.545,32.159,30.697,30.589,29.407,27.387,19.795,22.893,26.851,30.967,26.851,26.851,28.747,28.747,28.747,28.747,28.819,29.623,27.218,27.218,31.636,38.092,32.232,30.183,26.619,26.619,30.341,22.533,21.795,24.677,24.677,29.717,29.055,28.967,26.275,21.817,28.747,28.747,28.747,47.369
29.812,71.195,18.737,16.817,19.107,32.033,34.469,30.421,20.236,24.367,24.713,23.513,29.785,23.993,22.228,22.473,18.885,20.081,19.821,21.965,19.879,22.369,20.803,22.631,22.449,27.495,21.397,19.107,25.199,19.107,24.085,22.005,22.529,21.412,17.959,19.971,20.929,19.38,19.38,16.889,16.667,18.099,16.667,16.667,18.099,18.099,18.099,0,32.647,28.919,27.709,27.547,31.823,25.033,24.647,23.185,23.077,21.895,19.875,19.795,22.893,19.339,23.455,19.339,19.339,21.235,21.235,21.235,21.235,21.307,22.111,19.706,19.706,24.124,30.58,24.72,22.671,19.107,19.107,22.829,19.107,19.009,17.165,17.165,22.205,21.543,21.455,19.107,19.107,21.235,21.235,21.235,39.857
43.059,99.547,50.353,41.253,47.459,11.138,7.926,13.596,52.461,49.927,50.273,10.384,13.732,11.08,50.731,11.924,40.945,15.418,15.299,21.523,44.315,22.517,45.879,23.541,32.271,23.827,35.677,31.875,31.207,36.863,31.857,39.761,40.285,32.693,42.101,44.981,45.939,51.605,47.883,41.325,41.103,39.749,49.113,47.765,49.715,43.659,40.159,32.647,0,5.28,6.49,6.652,5.28,8.208,8.594,10.056,10.164,11.346,13.366,45.355,48.453,13.902,14.817,14.817,14.676,17.037,22.145,27.243,29.007,29.079,29.883,30.987,32.953,37.371,43.827,37.967,44.845,39.921,44.243,51.181,44.183,43.445,42.175,41.307,39.961,39.299,39.211,33.387,28.929,21.383,20.793,17.567,3.605
39.331,95.819,46.625,37.525,43.731,8.966,7.926,9.868,48.733,46.199,46.545,6.656,10.004,7.352,47.003,8.196,37.217,11.69,11.571,17.795,40.587,18.789,42.151,19.813,28.543,20.099,31.949,28.147,27.479,33.135,28.129,36.033,36.557,28.965,38.373,41.253,42.211,47.877,44.155,37.597,37.375,36.021,45.385,44.037,45.987,39.931,36.431,28.919,5.28,0,0.605,4.48,5.28,4.48,4.866,6.328,6.436,7.618,9.638,41.627,44.725,10.174,11.089,11.089,10.948,13.309,18.417,23.515,25.279,25.351,26.155,27.259,29.225,33.643,40.099,34.239,41.117,36.193,40.515,47.453,40.455,39.717,38.447,37.579,36.233,35.571,35.483,29.659,25.201,17.655,17.065,13.839,12.49
38.121,94.609,45.415,36.315,42.521,7.756,9.136,8.658,47.523,44.989,45.335,5.446,8.794,6.142,45.793,6.986,36.007,10.48,10.361,16.585,39.377,17.579,40.941,18.603,27.333,18.889,30.739,26.937,26.269,31.925,26.919,34.823,35.347,27.755,37.163,40.043,41.001,46.667,42.945,36.387,36.165,34.811,44.175,42.827,44.777,38.721,35.221,27.709,6.49,0.605,0,3.27,6.49,3.27,3.656,5.118,5.226,6.408,8.428,40.417,43.515,8.964,9.879,9.879,9.738,12.099,17.207,22.305,24.069,24.141,24.945,26.049,28.015,32.433,38.889,33.029,39.907,34.983,39.305,46.243,39.245,38.507,37.237,36.369,35.023,34.361,34.273,28.449,23.991,16.445,15.855,12.629,13.7
37.959,94.447,45.253,36.153,42.359,2.243,9.298,8.658,47.361,44.827,45.173,5.446,8.794,6.142,45.631,6.986,35.845,10.459,10.199,16.423,39.215,17.417,40.779,18.441,27.171,18.727,30.577,26.775,26.107,31.763,26.757,34.661,35.185,27.593,37.001,39.881,40.839,46.505,42.783,36.225,36.003,34.649,44.013,42.665,44.615,38.559,35.059,27.547,6.652,4.48,3.27,0,6.652,3.27,3.656,5.118,5.226,6.408,8.428,40.255,43.353,8.964,9.717,9.717,9.717,11.937,17.045,22.143,23.907,23.979,24.783,25.887,27.853,32.271,38.727,32.867,39.745,34.821,39.143,46.081,39.083,38.345,37.075,36.207,34.861,34.199,34.111,28.287,23.829,16.283,15.693,12.467,13.862
42.235,98.723,49.529,40.429,46.635,11.138,1.323,12.772,51.637,49.103,49.449,9.56,12.908,10.256,49.907,11.1,40.121,14.594,14.475,20.699,43.491,21.693,45.055,22.717,31.447,23.003,34.853,31.051,30.383,36.039,31.033,38.937,39.461,31.869,41.277,44.157,45.115,50.781,47.059,40.501,40.279,38.925,48.289,46.941,48.891,42.835,39.335,31.823,5.28,5.28,6.49,6.652,0,7.384,7.77,9.232,9.34,10.522,12.542,44.531,47.629,13.078,13.993,13.993,13.852,16.213,21.321,26.419,28.183,28.255,29.059,30.163,32.129,36.547,43.003,37.143,44.021,39.097,43.419,50.357,43.359,42.621,41.351,40.483,39.137,38.475,38.387,32.563,28.105,20.559,19.969,16.743,12.49
35.445,91.933,42.739,33.639,39.845,7.756,10.03,2.694,44.847,42.313,42.659,1.088,2.762,1.436,43.117,1.858,33.331,7.945,7.685,13.909,36.701,14.903,38.265,15.927,24.657,16.213,28.063,24.261,23.593,29.249,24.243,32.147,32.671,25.079,34.487,37.367,38.325,43.991,40.269,33.711,33.489,32.135,41.499,40.151,42.101,36.045,32.545,25.033,8.208,4.48,3.27,3.27,7.384,0,0.193,0.924,0.978,1.569,2.579,37.741,40.839,2.847,7.203,7.203,7.203,9.423,14.531,19.629,21.393,21.465,22.269,23.373,25.339,29.757,36.213,30.353,37.231,32.307,36.629,43.567,36.569,35.831,34.561,33.693,32.347,31.685,31.597,25.773,21.315,13.769,13.179,9.953,15.418
35.059,91.547,42.353,33.253,39.459,8.142,10.416,2.887,44.461,41.927,42.273,0.895,2.569,1.243,42.731,1.665,32.945,7.559,7.299,13.523,36.315,14.517,37.879,15.541,24.271,15.827,27.677,23.875,23.207,28.863,23.857,31.761,32.285,24.693,34.101,36.981,37.939,43.605,39.883,33.325,33.103,31.749,41.113,39.765,41.715,35.659,32.159,24.647,8.594,4.866,3.656,3.656,7.77,0.193,0,0.731,0.785,1.376,2.386,37.355,40.453,2.654,6.817,6.817,6.817,9.037,14.145,19.243,21.007,21.079,21.883,22.987,24.953,29.371,35.827,29.967,36.845,31.921,36.243,43.181,36.183,35.445,34.175,33.307,31.961,31.299,31.211,25.387,20.929,13.383,12.793,9.567,15.804
33.597,90.085,40.891,31.791,37.997,9.604,11.878,3.618,42.999,40.465,40.811,0.164,3.3,0.512,41.269,0.934,31.483,6.097,5.837,12.061,34.853,13.055,36.417,14.079,22.809,14.365,26.215,22.413,21.745,27.401,22.395,30.299,30.823,23.231,32.639,35.519,36.477,42.143,38.421,31.863,31.641,30.287,39.651,38.303,40.253,34.197,30.697,23.185,10.056,6.328,5.118,5.118,9.232,0.924,0.731,0,0.054,0.645,1.655,35.893,38.991,1.923,5.355,5.355,5.355,7.575,12.683,17.781,19.545,19.617,20.421,21.525,23.491,27.909,34.365,28.505,35.383,30.459,34.781,41.719,34.721,33.983,32.713,31.845,30.499,29.837,29.749,23.925,19.467,11.921,11.331,8.105,17.266
33.489,89.977,40.783,31.683,37.889,9.712,11.986,3.672,42.891,40.357,40.703,0.218,3.354,0.458,41.161,0.88,31.375,5.989,5.729,11.953,34.745,12.947,36.309,13.971,22.701,14.257,26.107,22.305,21.637,27.293,22.287,30.191,30.715,23.123,32.531,35.411,36.369,42.035,38.313,31.755,31.533,30.179,39.543,38.195,40.145,34.089,30.589,23.077,10.164,6.436,5.226,5.226,9.34,0.978,0.785,0.054,0,0.591,1.601,35.785,38.883,1.869,5.247,5.247,5.247,7.467,12.575,17.673,19.437,19.509,20.313,21.417,23.383,27.801,34.257,28.397,35.275,30.351,34.673,41.611,34.613,33.875,32.605,31.737,30.391,29.729,29.641,23.817,19.359,11.813,11.223,7.997,17.374
32.307,88.795,39.601,30.501,36.707,10.894,13.168,4.263,41.709,39.175,39.521,0.809,3.945,1.049,39.979,0.289,30.193,4.807,4.547,10.771,33.563,11.765,35.127,12.789,21.519,13.075,24.925,21.123,20.455,26.111,21.105,29.009,29.533,21.941,31.349,34.229,35.187,40.853,37.131,30.573,30.351,28.997,38.361,37.013,38.963,32.907,29.407,21.895,11.346,7.618,6.408,6.408,10.522,1.569,1.376,0.645,0.591,0,1.01,34.603,37.701,1.278,4.065,4.065,4.065,6.285,11.393,16.491,18.255,18.327,19.131,20.235,22.201,26.619,33.075,27.215,34.093,29.169,33.491,40.429,33.431,32.693,31.423,30.555,29.209,28.547,28.459,22.635,18.177,10.631,10.041,6.815,18.556
30.287,86.775,37.581,28.481,34.687,12.914,15.188,5.273,39.689,37.155,37.501,1.819,4.955,2.059,37.959,1.299,28.173,2.787,2.527,8.751,31.543,9.745,33.107,10.769,19.499,11.055,22.905,19.103,18.435,24.091,19.085,26.989,27.513,19.921,29.329,32.209,33.167,38.833,35.111,28.553,28.331,26.977,36.341,34.993,36.943,30.887,27.387,19.875,13.366,9.638,8.428,8.428,12.542,2.579,2.386,1.655,1.601,1.01,0,32.583,35.681,0.268,2.045,2.045,2.045,4.265,9.373,14.471,16.235,16.307,17.111,18.215,20.181,24.599,31.055,25.195,32.073,27.149,31.471,38.409,31.411,30.673,29.403,28.535,27.189,26.527,26.439,20.615,16.157,8.611,8.021,4.795,20.576
42.52,80.747,20.433,21.299,28.659,44.741,47.177,43.129,24.898,2.286,2.459,36.221,42.493,36.701,26.89,35.181,20.581,32.789,32.529,32.379,24.361,32.193,25.925,35.339,26.855,40.203,30.261,26.459,37.907,31.447,36.793,34.345,34.869,34.12,30.667,32.679,33.637,24.042,24.042,21.371,21.149,19.795,21.149,19.795,19.795,0.848,19.795,19.795,45.355,41.627,40.417,40.255,44.531,37.741,37.355,35.893,35.785,34.603,32.583,0,1.549,32.047,36.163,32.047,32.047,33.943,33.943,33.943,33.943,34.015,34.819,32.414,32.414,36.832,43.288,37.428,35.379,31.8,31.8,32.381,24.229,23.491,29.873,29.873,34.545,33.883,33.795,27.971,23.513,31.059,31.649,33.943,52.565
45.618,83.845,23.531,24.397,31.757,47.839,50.275,46.227,27.996,0.737,0.91,39.319,45.591,39.799,29.988,38.279,23.679,35.887,35.627,35.477,27.459,35.291,29.023,38.437,29.953,43.301,33.359,29.557,41.005,34.545,39.891,37.443,37.967,37.218,33.765,35.777,36.735,27.14,27.14,24.469,24.247,22.893,24.247,22.893,22.893,2.397,22.893,22.893,48.453,44.725,43.515,43.353,47.629,40.839,40.453,38.991,38.883,37.701,35.681,1.549,0,35.145,39.261,35.145,35.145,37.041,37.041,37.041,37.041,37.113,37.917,35.512,35.512,39.93,46.386,40.526,38.477,34.898,34.898,35.479,27.327,26.589,32.971,32.971,37.643,36.981,36.893,31.069,26.611,34.157,34.747,37.041,55.663
29.751,86.239,37.045,27.945,34.151,13.45,15.724,5.541,39.153,36.619,36.965,2.087,5.223,2.327,37.423,1.567,27.637,2.251,1.991,8.215,31.007,9.209,32.571,10.233,18.963,10.519,22.369,18.567,17.899,23.555,18.549,26.453,26.977,19.385,28.793,31.673,32.631,38.297,34.575,28.017,27.795,26.441,35.805,34.457,36.407,30.351,26.851,19.339,13.902,10.174,8.964,8.964,13.078,2.847,2.654,1.923,1.869,1.278,0.268,32.047,35.145,0,1.509,1.509,1.509,3.729,8.837,13.935,15.699,15.771,16.575,17.679,19.645,24.063,30.519,24.659,31.537,26.613,30.935,37.873,30.875,30.137,28.867,27.999,26.653,25.991,25.903,20.079,15.621,8.075,7.485,4.259,21.112
29.112,85.307,36.567,32.061,33.219,14.203,16.639,12.591,38.066,40.735,41.081,5.683,11.955,6.163,40.058,4.643,31.753,2.251,1.991,20.467,34.089,20.871,34.915,21.133,23.079,25.997,23.539,19.737,23.701,24.725,22.587,27.623,28.147,20.712,28.353,30.365,31.323,37.21,37.21,32.133,31.911,30.557,34.497,34.497,35.929,34.467,30.967,23.455,14.817,11.089,9.879,9.717,13.993,7.203,6.817,5.355,5.247,4.065,2.045,36.163,39.261,1.509,0,1.509,1.509,1.11,19.737,19.737,19.737,19.809,20.613,19.006,19.006,23.424,29.88,24.02,30.898,27.783,32.105,36.941,33.219,33.219,27.559,27.559,27.823,27.161,27.073,21.249,19.737,19.737,19.737,19.737,22.027
