0,83.5,43.995,37.361,32.216,42.445,44.881,40.833,48.497,38.115,38.461,33.925,40.197,34.405,46.767,32.885,38.11,30.493,30.212,31.378,38.231,32.372,38.342,23.18,29.436,33.682,29.947,23.148,20.65,24.181,17.628,22.383,22.731,15.752,21.877,24.678,25.636,47.641,43.919,37.361,37.361,36.914,45.572,44.583,43.357,35.239,37.324,29.812,43.059,39.331,38.121,37.959,42.235,35.445,35.059,33.597,33.489,32.307,30.287,33.543,36.641,29.751,29.112,29.73,29.751,26.892,21.784,16.686,14.922,14.85,14.046,14.046,37.361,2.844,5.476,2.546,37.361,24.678,29,35.134,36.646,37.361,24.678,21.083,21.083,21.745,21.833,27.657,26.094,31.238,30.648,27.422,50.269
83.5,0,71.751,64.262,56.902,96.161,98.597,94.549,71.351,85.319,85.665,87.641,93.913,88.121,73.343,86.601,79.837,86.055,86.113,85.452,62.94,85.266,63.028,90.685,79.928,92.118,70.048,79.532,89.489,64.282,86.539,67.18,67.704,85.467,68.991,71.003,71.961,70.495,70.495,64.19,64.412,65.766,69.163,69.163,71.113,79.051,79.051,72.868,96.775,93.047,91.837,91.675,95.951,89.161,88.775,87.313,87.205,86.023,84.003,80.747,83.845,84.539,85.847,85.631,85.313,85.858,89.289,85.525,83.761,83.761,83.761,83.761,82.23,77.812,84.268,78.408,70.338,61.224,56.902,24.183,61.332,62.07,68.197,68.197,67.38,66.718,66.63,67.758,76.586,84.132,84.722,85.858,103.98
43.995,71.751,0,12.303,19.663,26.622,28.896,34.235,15.722,25.005,25.351,27.327,33.599,27.807,17.714,26.287,19.523,16.495,16.235,22.459,15.365,23.453,16.929,24.477,25.797,24.763,36.025,25.401,32.143,30.259,32.793,33.157,33.681,33.629,35.497,38.383,39.341,14.866,14.866,12.375,12.153,12.153,12.153,18.737,0.319,18.737,18.737,18.737,27.074,23.346,22.136,22.136,26.25,28.847,28.461,26.999,26.891,25.709,23.689,20.433,23.531,24.225,15.753,15.753,15.753,17.973,23.081,28.179,29.943,30.015,30.819,31.923,33.889,38.307,44.763,38.903,36.315,27.201,22.879,23.385,15.233,14.495,35.577,34.703,33.357,32.695,32.607,33.735,22.455,22.319,21.729,18.503,34.284
37.361,64.262,12.303,0,18.407,36.713,39.149,35.101,11.975,25.871,26.217,28.193,34.465,28.673,13.967,27.153,20.389,26.607,26.665,27.14,14.109,27.544,15.673,31.237,23.877,32.67,29.042,23.481,33.805,23.276,32.691,26.174,26.698,30.018,24.263,26.275,27.233,11.119,11.119,11.119,11.119,9.715,9.715,9.715,11.665,19.603,19.603,16.817,37.327,33.599,32.389,32.227,36.503,29.713,29.327,27.865,27.757,26.575,24.555,21.299,24.397,25.091,26.399,26.183,25.865,26.41,29.841,29.841,29.841,29.913,30.717,28.312,28.312,31.673,38.129,32.269,26.414,20.218,15.896,15.896,13.977,13.239,23.469,23.469,26.374,25.712,25.624,26.752,20.535,26.41,26.41,26.41,44.537
32.216,56.902,19.663,18.407,0,44.073,46.509,42.461,19.263,33.231,33.577,35.553,41.825,36.033,21.255,34.513,27.749,33.967,34.025,34.5,32.543,34.904,33.369,38.597,31.237,40.03,21.682,30.841,37.401,15.916,34.451,18.814,19.338,33.379,16.903,18.915,19.873,18.407,18.407,31.673,18.407,17.075,17.075,17.075,19.025,26.963,26.963,24.177,44.687,40.959,39.749,39.587,43.863,37.073,36.687,35.225,35.117,33.935,31.915,28.659,31.757,32.451,33.759,33.543,33.225,33.77,37.201,33.437,31.673,31.673,31.673,31.673,30.946,26.528,32.984,27.124,19.054,12.858,8.536,8.536,31.673,31.673,16.109,16.109,19.014,18.352,18.264,19.392,27.895,33.77,33.77,33.77,51.897
42.445,96.161,26.622,36.713,44.073,0,13.784,13.144,33.474,20.742,21.088,9.932,13.28,10.628,39.188,11.472,22.152,14.945,14.685,20.909,39.775,21.903,41.339,22.927,31.657,23.213,60.435,31.261,30.593,54.669,31.243,53.251,53.599,32.079,51.759,46.931,47.889,32.618,36.34,36.785,36.563,35.209,29.288,27.934,25.984,17.866,21.366,28.878,11.138,8.966,7.756,2.243,11.138,7.756,8.142,9.604,9.712,10.894,12.914,16.17,19.268,13.45,14.203,14.203,14.203,16.423,21.531,26.629,28.393,28.465,29.269,30.373,32.339,36.757,43.213,37.353,44.231,51.611,47.289,47.795,39.643,38.905,49.737,50.965,51.951,52.613,52.701,58.145,28.315,20.769,20.179,16.953,18.348
44.881,98.597,28.896,39.149,46.509,13.784,0,15.418,35.748,23.016,23.362,12.206,15.554,12.902,41.462,13.746,24.426,17.24,17.121,23.345,42.211,24.339,43.775,25.363,34.093,25.649,62.871,33.697,33.029,57.105,33.679,55.687,56.035,34.515,54.195,49.367,50.325,34.892,38.614,39.221,38.999,37.645,31.562,30.208,28.258,20.14,23.64,31.152,7.926,7.926,9.136,9.298,1.323,10.03,10.416,11.878,11.986,13.168,15.188,18.444,21.542,15.724,16.639,16.639,16.498,18.859,23.967,29.065,30.829,30.901,31.705,32.809,34.775,39.193,45.649,39.789,46.667,54.047,49.725,50.231,42.079,41.341,52.173,53.401,54.387,55.049,55.137,60.581,30.751,23.205,22.615,19.389,15.136
40.833,94.549,34.235,35.101,42.461,13.144,15.418,0,38.7,32.937,33.283,3.782,5.456,4.13,40.692,4.552,29.151,13.333,13.073,19.297,38.163,20.291,39.727,21.315,30.045,21.601,58.823,29.649,28.981,53.057,29.631,51.639,51.987,30.467,50.147,45.319,46.277,37.844,37.844,35.173,34.951,33.597,34.951,33.597,33.597,28.365,28.365,28.365,13.596,9.868,8.658,8.658,12.772,2.694,2.887,3.618,3.672,4.263,5.273,28.365,31.463,28.365,12.591,12.591,12.591,14.811,19.919,25.017,26.781,26.853,27.657,28.761,30.727,35.145,41.601,35.741,42.619,49.999,45.677,46.183,38.031,37.293,48.125,49.353,50.339,51.001,51.089,56.533,26.703,19.157,18.567,15.341,20.806
48.497,71.351,15.722,11.975,19.263,33.474,35.748,38.7,0,29.47,29.816,31.792,38.064,32.272,14.823,30.752,24.003,23.347,23.087,29.311,14.965,30.305,16.529,31.329,27.296,31.615,35.625,26.9,38.995,29.859,37.976,32.757,33.281,38.812,35.097,37.339,38.297,0.428,11.975,11.975,11.975,13.134,11.975,13.134,15.084,23.202,23.217,20.236,33.926,30.198,28.988,28.988,33.102,33.312,32.926,31.464,31.356,30.174,28.154,24.898,27.996,28.69,22.605,22.605,22.605,24.825,29.933,35.031,35.126,35.198,36.002,37.106,39.072,42.809,49.265,43.405,35.915,26.801,22.479,22.985,14.833,14.095,34.533,34.303,32.957,32.295,32.207,33.335,23.954,29.171,28.581,25.355,41.136
38.115,85.319,25.005,25.871,33.231,20.742,23.016,32.937,29.47,0,1.647,26.029,32.301,26.509,31.462,24.989,23.177,10.615,10.355,16.579,28.933,17.573,30.497,18.597,25.733,18.883,49.593,25.337,26.263,43.827,26.913,46.725,47.249,27.749,47.429,42.601,43.559,28.614,28.614,25.943,25.721,24.367,25.721,24.367,24.367,22.391,22.391,22.391,21.194,17.466,16.256,16.256,20.37,27.549,27.163,25.701,25.593,24.411,22.391,2.286,0.737,22.391,9.873,9.873,9.873,12.093,17.201,22.299,24.063,24.135,24.939,26.043,28.009,32.427,38.883,33.023,39.901,40.769,36.447,36.953,28.801,28.063,45.407,46.635,46.925,46.263,46.175,47.303,22.391,16.439,15.849,12.623,28.404
38.461,85.665,25.351,26.217,33.577,21.088,23.362,33.283,29.816,1.647,0,26.375,32.647,26.855,31.808,25.335,23.523,10.961,10.701,16.925,29.279,17.919,30.843,18.943,26.079,19.229,49.939,25.683,26.609,44.173,27.259,47.071,47.595,28.095,47.775,42.947,43.905,28.96,28.96,26.289,26.067,24.713,26.067,24.713,24.713,22.737,22.737,22.737,21.54,17.812,16.602,16.602,20.716,27.895,27.509,26.047,25.939,24.757,22.737,2.459,0.91,22.737,10.219,10.219,10.219,12.439,17.547,22.645,24.409,24.481,25.285,26.389,28.355,32.773,39.229,33.369,40.247,41.115,36.793,37.299,29.147,28.409,45.753,46.981,47.271,46.609,46.521,47.649,22.737,16.785,16.195,12.969,28.75
33.925,87.641,27.327,28.193,35.553,9.932,12.206,3.782,31.792,26.029,26.375,0,3.464,0.676,33.784,1.098,22.243,6.425,6.165,12.389,31.255,13.383,32.819,14.407,23.137,14.693,51.915,22.741,22.073,46.149,22.723,44.731,45.079,23.559,43.239,38.411,39.369,30.936,30.936,28.265,28.043,26.689,28.043,26.689,26.689,21.457,21.457,21.457,10.384,6.656,5.446,5.446,9.56,1.088,0.895,0.164,0.218,0.809,1.819,21.457,24.555,21.457,5.683,5.683,5.683,7.903,13.011,18.109,19.873,19.945,20.749,21.853,23.819,28.237,34.693,28.833,35.711,43.091,38.769,39.275,31.123,30.385,41.217,42.445,43.431,44.093,44.181,49.625,19.795,12.249,11.659,8.433,17.594
40.197,93.913,33.599,34.465,41.825,13.28,15.554,5.456,38.064,32.301,32.647,3.464,0,3.812,40.056,4.234,28.515,12.697,12.437,18.661,37.527,19.655,39.091,20.679,29.409,20.965,58.187,29.013,28.345,52.421,28.995,51.003,51.351,29.831,49.511,44.683,45.641,37.208,37.208,34.537,34.315,32.961,34.315,32.961,32.961,27.729,27.729,27.729,13.732,10.004,8.794,8.794,12.908,2.762,2.569,3.3,3.354,3.945,4.955,27.729,30.827,27.729,11.955,11.955,11.955,14.175,19.283,24.381,26.145,26.217,27.021,28.125,30.091,34.509,40.965,35.105,41.983,49.363,45.041,45.547,37.395,36.657,47.489,48.717,49.703,50.365,50.453,55.897,26.067,18.521,17.931,14.705,20.942
34.405,88.121,27.807,28.673,36.033,10.628,12.902,4.13,32.272,26.509,26.855,0.676,3.812,0,34.264,1.338,22.723,6.905,6.645,12.869,31.735,13.863,33.299,14.887,23.617,15.173,52.395,23.221,22.553,46.629,23.203,45.211,45.559,24.039,43.719,38.891,39.849,31.416,31.416,28.745,28.523,27.169,28.523,27.169,27.169,21.937,21.937,21.937,11.08,7.352,6.142,6.142,10.256,1.436,1.243,0.512,0.458,1.049,2.059,21.937,25.035,21.937,6.163,6.163,6.163,8.383,13.491,18.589,20.353,20.425,21.229,22.333,24.299,28.717,35.173,29.313,36.191,43.571,39.249,39.755,31.603,30.865,41.697,42.925,43.911,44.573,44.661,50.105,20.275,12.729,12.139,8.913,18.29
46.767,73.343,17.714,13.967,21.255,39.188,41.462,40.692,14.823,31.462,31.808,33.784,40.056,34.264,0,32.744,25.995,29.061,28.801,32.746,16.957,33.15,18.521,37.043,29.288,37.329,37.617,28.892,41.605,31.851,39.968,34.749,35.273,39.496,33.597,35.609,36.567,13.967,1.424,13.967,13.967,15.126,13.967,15.126,17.076,25.194,25.209,22.228,39.64,35.912,34.702,34.702,38.816,35.304,34.918,33.456,33.348,32.166,30.146,26.89,29.988,30.682,28.319,28.319,28.319,30.539,35.647,37.641,37.118,37.19,37.994,37.79,37.79,41.079,47.535,41.675,35.748,28.793,24.471,24.977,16.825,16.087,32.803,32.803,34.949,34.287,34.199,35.327,25.946,32.016,32.016,31.069,46.85
32.885,86.601,26.287,27.153,34.513,11.472,13.746,4.552,30.752,24.989,25.335,1.098,4.234,1.338,32.744,0,21.203,5.385,5.125,11.349,30.215,12.343,31.779,13.367,22.097,13.653,50.875,21.701,21.033,45.109,21.683,43.691,44.039,22.519,42.199,37.371,38.329,29.896,29.896,27.225,27.003,25.649,27.003,25.649,25.649,20.417,20.417,20.417,11.924,8.196,6.986,6.986,11.1,1.858,1.665,0.934,0.88,0.289,1.299,20.417,23.515,20.417,4.643,4.643,4.643,6.863,11.971,17.069,18.833,18.905,19.709,20.813,22.779,27.197,33.653,27.793,34.671,42.051,37.729,38.235,30.083,29.345,40.177,41.405,42.391,43.053,43.141,48.585,18.755,11.209,10.619,7.393,19.134
38.11,79.837,19.523,20.389,27.749,22.152,24.426,29.151,24.003,23.177,23.523,22.243,28.515,22.723,25.995,21.203,0,12.025,11.765,17.989,23.451,18.983,25.015,20.007,21.947,20.293,44.111,21.551,27.673,38.345,27.08,41.243,41.767,27.916,41.167,42.373,43.331,23.147,23.147,20.461,20.239,18.885,20.239,18.885,18.885,18.605,0.393,18.605,22.604,18.876,17.666,17.666,21.78,23.763,23.377,21.915,21.807,20.625,18.605,18.605,21.703,18.605,11.283,11.283,11.283,13.503,18.611,23.709,24.23,24.302,25.106,26.21,28.004,32.422,38.878,33.018,39.896,35.287,30.965,31.471,23.319,22.581,40.373,40.373,41.443,40.781,40.693,41.821,18.605,17.849,17.259,14.033,29.814
30.493,86.055,16.495,26.607,33.967,14.945,17.24,13.333,23.347,10.615,10.961,6.425,12.697,6.905,29.061,5.385,12.025,0,2.733,8.957,29.669,9.951,31.233,10.975,19.705,11.261,48.491,19.309,18.641,42.725,19.291,40.927,41.275,20.127,39.807,34.979,35.937,22.491,26.213,26.679,26.457,25.103,19.161,17.807,15.857,7.739,11.239,18.751,15.418,11.69,10.48,10.459,14.594,7.945,7.559,6.097,5.989,4.807,2.787,6.043,9.141,2.251,2.251,2.251,0.371,4.471,9.579,14.677,16.441,16.513,17.317,18.421,20.387,24.805,31.261,25.401,32.279,41.155,37.183,37.689,29.537,28.799,37.785,39.013,39.627,40.289,40.377,46.201,16.363,8.817,8.227,5.001,22.628
30.212,86.113,16.235,26.665,34.025,14.685,17.121,13.073,23.087,10.355,10.701,6.165,12.437,6.645,28.801,5.125,11.765,2.733,0,8.697,29.727,9.691,31.291,10.715,19.445,11.001,47.913,19.049,18.381,42.147,19.031,40.349,40.697,19.867,39.526,34.698,35.656,22.231,25.953,26.737,26.515,25.161,18.901,17.547,15.597,7.479,10.979,18.491,15.299,11.571,10.361,10.199,14.475,7.685,7.299,5.837,5.729,4.547,2.527,5.783,8.881,1.991,1.991,0.241,1.991,4.211,9.319,14.417,16.181,16.253,17.057,18.161,20.106,24.524,30.98,25.12,31.998,40.895,37.241,37.747,29.595,28.857,37.504,38.732,39.049,39.711,39.799,45.623,16.103,8.557,7.967,4.741,22.509
31.378,85.452,22.459,27.14,34.5,20.909,23.345,19.297,29.311,16.579,16.925,12.389,18.661,12.869,32.746,11.349,17.989,8.957,8.697,0,30.202,19.381,31.766,19.643,21.589,24.507,46.916,18.247,22.211,41.15,21.097,41.515,41.863,21.933,40.692,35.864,36.822,28.455,29.898,27.212,26.99,25.636,25.125,23.771,21.821,13.703,17.203,18.549,21.523,17.795,16.585,16.423,20.699,13.909,13.523,12.061,11.953,10.771,8.751,12.007,15.105,8.215,18.549,8.215,8.215,18.247,18.247,18.247,18.247,18.319,19.123,20.227,21.272,25.69,32.146,26.286,33.164,38.748,37.086,37.086,30.07,29.332,38.67,39.898,40.215,40.877,40.965,44.626,18.247,18.247,0.365,18.247,28.733
38.231,62.94,15.365,14.109,32.543,39.775,42.211,38.163,14.965,28.933,29.279,31.255,37.527,31.735,16.957,30.215,23.451,29.669,29.727,30.202,0,30.606,34.239,34.299,26.939,35.732,27.72,26.543,36.867,21.954,35.321,24.852,25.376,33.08,22.941,24.953,25.911,14.109,14.109,32.543,14.109,12.777,12.777,12.777,14.727,22.665,22.665,19.879,40.389,36.661,35.451,35.289,39.565,32.775,32.389,30.927,30.819,29.637,27.617,24.361,27.459,28.153,29.461,29.245,28.927,29.472,32.903,32.903,32.543,32.543,32.543,31.374,31.374,32.543,38.999,33.139,25.092,18.896,14.574,14.574,32.543,0.435,22.147,22.147,25.052,24.39,24.302,25.43,23.597,29.472,29.472,29.472,47.599
32.372,85.266,23.453,27.544,34.904,21.903,24.339,20.291,30.305,17.573,17.919,13.383,19.655,13.863,33.15,12.343,18.983,9.951,9.691,19.381,30.606,0,32.17,20.047,21.993,24.911,47.32,18.651,22.615,41.554,21.501,42.104,42.54,22.337,41.686,36.858,37.816,29.449,30.302,27.616,27.394,26.04,26.119,24.765,22.815,14.697,18.197,18.953,22.517,18.789,17.579,17.417,21.693,14.903,14.517,13.055,12.947,11.765,9.745,13.001,16.099,9.209,18.953,9.209,9.209,18.651,18.651,18.651,18.651,18.723,19.527,20.631,22.266,26.684,33.14,27.28,34.158,39.152,36.9,36.9,30.474,29.736,39.664,40.892,41.209,41.554,41.554,45.03,18.651,0.567,18.651,18.651,29.727
38.342,63.028,16.929,15.673,33.369,41.339,43.775,39.727,16.529,30.497,30.843,32.819,39.091,33.299,18.521,31.779,25.015,31.233,31.291,31.766,34.239,32.17,0,35.863,28.503,37.296,27.808,28.107,38.431,22.042,36.147,24.94,25.464,34.644,23.029,25.041,25.999,15.673,15.673,33.369,15.673,14.341,14.341,14.341,16.291,24.229,24.229,21.443,41.953,38.225,37.015,36.853,41.129,34.339,33.953,32.491,32.383,31.201,29.181,25.925,29.023,29.717,31.025,30.809,30.491,31.036,34.467,34.467,33.369,33.369,33.369,32.938,32.938,32.654,39.11,33.25,25.18,18.984,14.662,14.662,0.848,33.369,22.235,22.235,25.14,24.478,24.39,25.518,25.161,31.036,31.036,31.036,49.163
23.18,90.685,24.477,31.237,38.597,22.927,25.363,21.315,31.329,18.597,18.943,14.407,20.679,14.887,37.043,13.367,20.007,10.975,10.715,19.643,34.299,20.047,35.863,0,22.255,25.173,40.881,18.913,22.877,35.115,21.763,33.317,33.665,14.78,32.494,27.666,28.624,30.473,34.195,31.309,31.087,29.733,27.143,25.789,23.839,15.721,19.221,22.631,23.541,19.813,18.603,18.441,22.717,15.927,15.541,14.079,13.971,12.789,10.769,14.025,17.123,10.233,21.133,10.233,10.233,18.913,0.698,18.913,18.913,18.985,19.789,13.074,13.074,17.492,23.948,18.088,24.966,34.08,38.402,42.319,34.167,33.429,30.472,31.7,32.017,32.679,32.767,38.591,18.913,18.913,18.913,18.913,30.751
29.436,79.928,25.797,23.877,31.237,31.657,34.093,30.045,27.296,25.733,26.079,23.137,29.409,23.617,29.288,22.097,21.947,19.705,19.445,21.589,26.939,21.993,28.503,22.255,0,27.119,43.183,20.859,24.823,37.417,23.709,37.967,38.403,21.036,38.37,33.922,34.88,26.44,26.44,23.949,23.727,25.159,23.727,23.727,25.159,21.161,21.161,21.161,32.271,28.543,27.333,27.171,31.447,24.657,24.271,22.809,22.701,21.519,19.499,21.161,24.259,18.963,21.161,18.963,18.963,20.859,20.859,20.859,20.859,20.931,21.735,19.33,19.33,23.748,30.204,24.344,31.222,35.015,31.562,31.562,26.807,26.069,36.728,37.576,37.417,37.417,37.417,40.893,1.671,20.859,20.859,20.859,39.481
33.682,92.118,24.763,32.67,40.03,23.213,25.649,21.601,31.615,18.883,19.229,14.693,20.965,15.173,37.329,13.653,20.293,11.261,11.001,24.507,35.732,24.911,37.296,25.173,27.119,0,51.383,23.777,27.741,45.617,26.627,43.819,44.167,25.282,42.996,38.168,39.126,30.759,34.481,32.742,32.52,31.166,27.429,26.075,24.125,16.007,19.507,24.079,23.827,20.099,18.889,18.727,23.003,16.213,15.827,14.365,14.257,13.075,11.055,14.311,17.409,10.519,24.079,10.519,10.519,23.777,23.777,23.777,23.777,23.849,24.653,23.576,23.576,27.994,34.45,28.59,35.468,44.278,43.246,43.752,35.6,34.862,40.974,42.202,42.519,43.181,43.269,49.093,23.777,23.777,23.777,3.13,31.037
29.947,70.048,36.025,29.042,21.682,60.435,62.871,58.823,35.625,49.593,49.939,51.915,58.187,52.395,37.617,50.875,44.111,48.491,47.913,46.916,27.72,47.32,27.808,40.881,43.183,51.383,0,39.841,38.351,2.883,35.329,17.832,18.268,32.349,12.073,14.085,15.043,34.769,34.769,28.97,29.192,30.546,33.437,33.437,35.387,43.325,43.325,37.648,61.049,57.321,56.111,55.949,60.225,53.435,53.049,51.587,51.479,50.297,48.277,45.021,48.119,48.121,46.813,47.431,47.749,44.593,39.485,34.387,32.623,32.551,31.747,30.643,28.677,24.259,30.715,24.855,16.785,17.282,21.604,21.682,26.112,26.85,11.279,11.279,17.282,17.282,17.282,1.145,39.841,46.186,46.186,45.123,68.259
23.148,79.532,25.401,23.481,30.841,31.261,33.697,29.649,26.9,25.337,25.683,22.741,29.013,23.221,28.892,21.701,21.551,19.309,19.049,18.247,26.543,18.651,28.107,18.913,20.859,23.777,39.841,0,21.481,34.075,20.367,33.285,33.633,14.748,32.462,27.634,28.592,26.044,26.044,23.553,23.331,24.763,23.331,23.331,24.763,20.765,20.765,20.765,31.875,28.147,26.937,26.775,31.051,24.261,23.875,22.413,22.305,21.123,19.103,20.765,23.863,18.567,19.737,18.567,18.567,17.517,17.517,17.517,17.517,17.589,18.393,13.042,13.042,17.46,23.916,18.056,24.934,31.673,31.166,31.166,26.411,25.673,30.44,31.668,31.985,32.647,32.735,37.551,17.517,17.517,17.517,17.517,39.085
20.65,89.489,32.143,33.805,37.401,30.593,33.029,28.981,38.995,26.263,26.609,22.073,28.345,22.553,41.605,21.033,27.673,18.641,18.381,22.211,36.867,22.615,38.431,22.877,24.823,27.741,38.351,21.481,0,32.585,24.331,30.787,31.135,12.25,29.964,25.136,26.094,38.139,38.757,33.877,33.655,32.301,34.809,33.455,31.505,23.387,26.887,25.199,31.207,27.479,26.269,26.107,30.383,23.593,23.207,21.745,21.637,20.455,18.435,21.691,24.789,17.899,23.701,17.899,17.899,21.481,21.481,1.982,21.481,21.553,22.357,10.544,10.544,14.962,21.418,15.558,22.436,31.55,35.872,41.123,36.735,35.997,27.942,29.17,29.487,30.149,30.237,36.061,21.481,21.481,21.481,21.481,38.417
24.181,64.282,30.259,23.276,15.916,54.669,57.105,53.057,29.859,43.827,44.173,46.149,52.421,46.629,31.851,45.109,38.345,42.725,42.147,41.15,21.954,41.554,22.042,35.115,37.417,45.617,2.883,34.075,32.585,0,29.563,12.066,12.502,26.583,6.307,8.319,9.277,29.003,29.003,23.204,23.426,24.78,27.671,27.671,29.621,37.559,37.559,31.882,55.283,51.555,50.345,50.183,54.459,47.669,47.283,45.821,45.713,44.531,42.511,39.255,42.353,42.355,41.047,41.665,41.983,38.827,33.719,28.621,26.857,26.785,25.981,24.877,22.911,18.493,24.949,19.089,11.019,11.516,15.838,15.916,20.346,21.084,5.513,5.513,11.516,11.516,11.516,1.738,34.075,40.42,40.42,39.357,62.493
17.628,86.539,32.793,32.691,34.451,31.243,33.679,29.631,37.976,26.913,27.259,22.723,28.995,23.203,39.968,21.683,27.08,19.291,19.031,21.097,35.321,21.501,36.147,21.763,23.709,26.627,35.329,20.367,24.331,29.563,0,27.765,28.113,9.228,26.942,22.114,23.072,37.12,37.12,32.763,32.541,31.187,34.407,33.381,32.155,24.037,26.294,24.085,31.857,28.129,26.919,26.757,31.033,24.243,23.857,22.395,22.287,21.105,19.085,22.341,25.439,18.549,22.587,18.549,18.549,20.367,20.367,20.367,34.451,1.389,34.451,7.522,7.522,11.94,18.396,12.536,19.414,28.528,32.85,38.173,34.451,34.451,24.92,26.148,26.465,27.127,27.215,33.039,20.367,20.367,20.367,20.367,39.067
22.383,67.18,33.157,26.174,18.814,53.251,55.687,51.639,32.757,46.725,47.071,44.731,51.003,45.211,34.749,43.691,41.243,40.927,40.349,41.515,24.852,42.104,24.94,33.317,37.967,43.819,17.832,33.285,30.787,12.066,27.765,0,13.052,24.785,4.509,6.521,7.479,31.901,31.901,26.102,26.324,27.678,30.569,30.569,32.519,40.457,40.457,34.625,53.865,50.137,48.927,48.765,53.041,46.251,45.865,44.403,44.295,43.113,41.093,42.153,45.251,40.557,39.249,39.867,40.185,37.029,31.921,26.823,25.059,24.987,24.183,23.079,21.113,16.695,23.151,17.291,9.221,12.066,16.388,18.814,23.244,23.982,3.715,3.715,12.066,12.066,0.275,15.542,34.625,40.97,40.785,37.559,61.075
22.731,67.704,33.681,26.698,19.338,53.599,56.035,51.987,33.281,47.249,47.595,45.079,51.351,45.559,35.273,44.039,41.767,41.275,40.697,41.863,25.376,42.54,25.464,33.665,38.403,44.167,18.268,33.633,31.135,12.502,28.113,13.052,0,25.133,4.857,6.869,7.827,32.425,32.425,26.626,26.848,28.202,31.093,31.093,33.043,40.981,40.981,35.061,54.213,50.485,49.275,49.113,53.389,46.599,46.213,44.751,44.643,43.461,41.441,42.677,45.775,40.905,39.597,40.215,40.533,37.377,32.269,27.171,25.407,25.335,24.531,23.427,21.461,17.043,23.499,17.639,9.569,12.502,16.824,19.338,23.768,24.506,4.063,4.063,12.502,0.493,12.502,15.978,35.061,41.406,41.133,37.907,61.423
15.752,85.467,33.629,30.018,33.379,32.079,34.515,30.467,38.812,27.749,28.095,23.559,29.831,24.039,39.496,22.519,27.916,20.127,19.867,21.933,33.08,22.337,34.644,14.78,21.036,25.282,32.349,14.748,12.25,26.583,9.228,24.785,25.133,0,24.279,20.238,21.196,37.956,36.648,30.09,29.868,28.514,35.243,34.217,32.991,24.873,27.13,21.412,32.693,28.965,27.755,27.593,31.869,25.079,24.693,23.231,23.123,21.941,19.921,23.177,26.275,19.385,20.712,19.385,19.385,18.492,13.384,8.286,6.522,6.45,5.646,0.853,5.646,10.064,16.52,10.66,17.538,26.652,30.974,37.101,32.948,32.21,23.044,23.485,23.485,24.147,24.235,30.059,17.694,21.203,21.203,19.022,39.903
21.877,68.991,35.497,24.263,16.903,51.759,54.195,50.147,35.097,47.429,47.775,43.239,49.511,43.719,33.597,42.199,41.167,39.807,39.526,40.692,22.941,41.686,23.029,32.494,38.37,42.996,12.073,32.462,29.964,6.307,26.942,4.509,4.857,24.279,0,6.015,6.973,34.241,30.749,24.191,24.413,25.767,32.819,32.909,34.859,42.797,40.381,32.869,52.373,48.645,47.435,47.273,51.549,44.759,44.373,42.911,42.803,41.621,39.601,42.857,45.955,39.065,38.426,39.044,39.065,36.206,31.098,26,24.236,24.164,23.36,22.573,20.607,16.189,22.645,16.785,8.715,9.365,13.687,20.625,21.333,22.071,3.209,0.397,3.209,3.871,3.959,9.783,35.028,40.552,39.962,36.736,59.583
24.678,71.003,38.383,26.275,18.915,46.931,49.367,45.319,37.339,42.601,42.947,38.411,44.683,38.891,35.609,37.371,42.373,34.979,34.698,35.864,24.953,36.858,25.041,27.666,33.922,38.168,14.085,27.634,25.136,8.319,22.114,6.521,6.869,20.238,6.015,0,0.479,36.483,32.761,26.203,26.425,27.779,34.831,35.795,37.745,39.725,41.587,34.075,47.545,43.817,42.607,42.445,46.721,39.931,39.545,38.083,37.975,36.793,34.773,38.029,41.127,34.237,33.598,34.216,34.237,31.378,26.27,21.172,19.408,19.336,18.532,18.532,23.408,18.99,25.446,19.586,11.516,11.377,15.699,22.637,23.345,24.083,11.516,5.221,5.221,5.883,5.971,11.795,30.58,35.724,35.134,31.908,54.755
25.636,71.961,39.341,27.233,19.873,47.889,50.325,46.277,38.297,43.559,43.905,39.369,45.641,39.849,36.567,38.329,43.331,35.937,35.656,36.822,25.911,37.816,25.999,28.624,34.88,39.126,15.043,28.592,26.094,9.277,23.072,7.479,7.827,21.196,6.973,0.479,0,37.441,33.719,27.161,27.383,28.737,35.789,36.753,38.703,40.683,42.545,35.033,48.503,44.775,43.565,43.403,47.679,40.889,40.503,39.041,38.933,37.751,35.731,38.987,42.085,35.195,34.556,35.174,35.195,32.336,27.228,22.13,20.366,20.294,19.49,19.49,24.366,19.948,26.404,20.544,12.474,12.335,16.657,23.595,24.303,25.041,12.474,6.179,6.179,6.841,6.929,12.753,31.538,36.682,36.092,32.866,55.713
47.641,70.495,14.866,11.119,18.407,32.618,34.892,37.844,0.428,28.614,28.96,30.936,37.208,31.416,13.967,29.896,23.147,22.491,22.231,28.455,14.109,29.449,15.673,30.473,26.44,30.759,34.769,26.044,38.139,29.003,37.12,31.901,32.425,37.956,34.241,36.483,37.441,0,11.119,11.119,11.119,12.278,11.119,12.278,14.228,22.346,22.361,19.38,33.07,29.342,28.132,28.132,32.246,32.456,32.07,30.608,30.5,29.318,27.298,24.042,27.14,27.834,21.749,21.749,21.749,23.969,29.077,34.175,34.27,34.342,35.146,36.25,38.216,41.953,48.409,42.549,35.059,25.945,21.623,22.129,13.977,13.239,33.677,33.447,32.101,31.439,31.351,32.479,23.098,28.315,27.725,24.499,40.28
43.919,70.495,14.866,11.119,18.407,36.34,38.614,37.844,11.975,28.614,28.96,30.936,37.208,31.416,1.424,29.896,23.147,26.213,25.953,29.898,14.109,30.302,15.673,34.195,26.44,34.481,34.769,26.044,38.757,29.003,37.12,31.901,32.425,36.648,30.749,32.761,33.719,11.119,0,11.119,11.119,12.278,11.119,12.278,14.228,22.346,22.361,19.38,36.792,33.064,31.854,31.854,35.968,32.456,32.07,30.608,30.5,29.318,27.298,24.042,27.14,27.834,25.471,25.471,25.471,27.691,32.799,34.793,34.27,34.342,35.146,34.942,34.942,38.231,44.687,38.827,32.9,25.945,21.623,22.129,13.977,13.239,29.955,29.955,32.101,31.439,31.351,32.479,23.098,29.168,29.168,28.221,44.002
37.361,64.19,12.375,11.119,31.673,36.785,39.221,35.173,11.975,25.943,26.289,28.265,34.537,28.745,13.967,27.225,20.461,26.679,26.737,27.212,32.543,27.616,33.369,31.309,23.949,32.742,28.97,23.553,33.877,23.204,32.763,26.102,26.626,30.09,24.191,26.203,27.161,11.119,11.119,0,11.119,9.787,9.787,9.787,11.737,19.675,19.675,16.889,37.399,33.671,32.461,32.299,36.575,29.785,29.399,27.937,27.829,26.647,24.627,21.371,24.469,25.163,26.471,26.255,25.937,26.482,29.913,29.913,29.913,29.985,30.789,28.384,28.384,31.673,38.129,32.269,26.342,20.146,15.824,15.824,31.673,31.673,23.397,23.397,26.302,25.64,25.552,26.68,20.607,26.482,26.482,26.482,44.609
37.361,64.412,12.153,11.119,18.407,36.563,38.999,34.951,11.975,25.721,26.067,28.043,34.315,28.523,13.967,27.003,20.239,26.457,26.515,26.99,14.109,27.394,15.673,31.087,23.727,32.52,29.192,23.331,33.655,23.426,32.541,26.324,26.848,29.868,24.413,26.425,27.383,11.119,11.119,11.119,0,9.565,9.565,9.565,11.515,19.453,19.453,16.667,37.177,33.449,32.239,32.077,36.353,29.563,29.177,27.715,27.607,26.425,24.405,21.149,24.247,24.941,26.249,26.033,25.715,26.26,29.691,29.691,29.691,29.763,30.567,28.162,28.162,31.673,38.129,32.269,26.564,20.368,16.046,16.046,13.977,13.239,23.619,23.619,26.524,25.862,25.774,26.902,20.385,26.26,26.26,26.26,44.387
36.914,65.766,12.153,9.715,17.075,35.209,37.645,33.597,13.134,24.367,24.713,26.689,32.961,27.169,15.126,25.649,18.885,25.103,25.161,25.636,12.777,26.04,14.341,29.733,25.159,31.166,30.546,24.763,32.301,24.78,31.187,27.678,28.202,28.514,25.767,27.779,28.737,12.278,12.278,9.787,9.565,0,9.565,9.565,11.515,18.099,18.099,18.099,35.823,32.095,30.885,30.723,34.999,28.209,27.823,26.361,26.253,25.071,23.051,19.795,22.893,23.587,24.895,24.679,24.361,24.906,28.337,28.337,28.337,28.409,29.213,26.808,26.808,31.226,37.682,31.822,27.918,21.722,17.4,17.4,12.645,11.907,24.973,24.973,27.878,27.216,27.128,28.256,21.817,24.906,24.906,24.906,43.033
45.572,69.163,12.153,9.715,17.075,29.288,31.562,34.951,11.975,25.721,26.067,28.043,34.315,28.523,13.967,27.003,20.239,19.161,18.901,25.125,12.777,26.119,14.341,27.143,23.727,27.429,33.437,23.331,34.809,27.671,34.407,30.569,31.093,35.243,32.819,34.831,35.789,11.119,11.119,9.787,9.565,9.565,0,9.565,11.515,19.453,19.453,16.667,29.74,26.012,24.802,24.802,28.916,29.563,29.177,27.715,27.607,26.425,24.405,21.149,24.247,24.941,18.419,18.419,18.419,20.639,25.747,30.845,31.557,31.629,32.433,33.537,35.503,39.884,46.34,40.48,33.727,24.613,20.291,20.797,12.645,11.907,32.025,32.025,30.769,30.107,30.019,31.147,20.385,24.985,24.395,21.169,36.95
44.583,69.163,18.737,9.715,17.075,27.934,30.208,33.597,13.134,24.367,24.713,26.689,32.961,27.169,15.126,25.649,18.885,17.807,17.547,23.771,12.777,24.765,14.341,25.789,23.727,26.075,33.437,23.331,33.455,27.671,33.381,30.569,31.093,34.217,32.909,35.795,36.753,12.278,12.278,9.787,9.565,9.565,9.565,0,18.099,18.099,18.099,16.667,28.386,24.658,23.448,23.448,27.562,28.209,27.823,26.361,26.253,25.071,23.051,19.795,22.893,23.587,17.065,17.065,17.065,19.285,24.393,29.491,30.531,30.603,31.407,32.511,34.477,38.895,45.351,39.491,33.727,24.613,20.291,20.797,12.645,11.907,32.989,32.115,30.769,30.107,30.019,31.147,20.385,23.631,23.041,19.815,35.596
43.357,71.113,0.319,11.665,19.025,25.984,28.258,33.597,15.084,24.367,24.713,26.689,32.961,27.169,17.076,25.649,18.885,15.857,15.597,21.821,14.727,22.815,16.291,23.839,25.159,24.125,35.387,24.763,31.505,29.621,32.155,32.519,33.043,32.991,34.859,37.745,38.703,14.228,14.228,11.737,11.515,11.515,11.515,18.099,0,18.099,18.099,18.099,26.436,22.708,21.498,21.498,25.612,28.209,27.823,26.361,26.253,25.071,23.051,19.795,22.893,23.587,15.115,15.115,15.115,17.335,22.443,27.541,29.305,29.377,30.181,31.285,33.251,37.669,44.125,38.265,35.677,26.563,22.241,22.747,14.595,13.857,34.939,34.065,32.719,32.057,31.969,33.097,21.817,21.681,21.091,17.865,33.646
35.239,79.051,18.737,19.603,26.963,17.866,20.14,28.365,23.202,22.391,22.737,21.457,27.729,21.937,25.194,20.417,18.605,7.739,7.479,13.703,22.665,14.697,24.229,15.721,21.161,16.007,43.325,20.765,23.387,37.559,24.037,40.457,40.981,24.873,42.797,39.725,40.683,22.346,22.346,19.675,19.453,18.099,19.453,18.099,18.099,0,17.819,17.819,18.318,14.59,13.38,13.38,17.494,22.977,22.591,21.129,21.021,19.839,17.819,17.819,20.917,17.819,6.997,6.997,6.997,9.217,14.325,19.423,21.187,21.259,22.063,23.167,25.133,29.551,36.007,30.147,37.025,34.501,30.179,30.685,22.533,21.795,42.531,42.003,40.657,39.995,39.907,41.035,17.819,13.563,12.973,9.747,25.528
37.324,79.051,18.737,19.603,26.963,21.366,23.64,28.365,23.217,22.391,22.737,21.457,27.729,21.937,25.209,20.417,0.393,11.239,10.979,17.203,22.665,18.197,24.229,19.221,21.161,19.507,43.325,20.765,26.887,37.559,26.294,40.457,40.981,27.13,40.381,41.587,42.545,22.361,22.361,19.675,19.453,18.099,19.453,18.099,18.099,17.819,0,17.819,21.818,18.09,16.88,16.88,20.994,22.977,22.591,21.129,21.021,19.839,17.819,17.819,20.917,17.819,10.497,10.497,10.497,12.717,17.825,22.923,23.444,23.516,24.32,25.424,27.218,31.636,38.092,32.232,39.11,34.501,30.179,30.685,22.533,21.795,39.587,39.587,40.657,39.995,39.907,41.035,17.819,17.063,16.473,13.247,29.028
29.812,72.868,18.737,16.817,24.177,28.878,31.152,28.365,20.236,22.391,22.737,21.457,27.729,21.937,22.228,20.417,18.605,18.751,18.491,18.549,19.879,18.953,21.443,22.631,21.161,24.079,37.648,20.765,25.199,31.882,24.085,34.625,35.061,21.412,32.869,34.075,35.033,19.38,19.38,16.889,16.667,18.099,16.667,16.667,18.099,17.819,17.819,0,29.33,25.602,24.392,24.392,28.506,22.977,22.591,21.129,21.021,19.839,17.819,17.819,20.917,17.819,17.819,18.009,18.009,17.819,21.235,21.235,21.235,21.307,22.111,19.706,19.706,24.124,30.58,24.72,31.598,28.824,24.502,24.502,19.747,19.009,32.075,32.075,34.075,34.075,34.075,35.358,17.819,17.819,17.819,17.819,36.54
43.059,96.775,27.074,37.327,44.687,11.138,7.926,13.596,33.926,21.194,21.54,10.384,13.732,11.08,39.64,11.924,22.604,15.418,15.299,21.523,40.389,22.517,41.953,23.541,32.271,23.827,61.049,31.875,31.207,55.283,31.857,53.865,54.213,32.693,52.373,47.545,48.503,33.07,36.792,37.399,37.177,35.823,29.74,28.386,26.436,18.318,21.818,29.33,0,5.28,6.49,6.652,5.28,8.208,8.594,10.056,10.164,11.346,13.366,16.622,19.72,13.902,14.817,14.817,14.676,17.037,22.145,27.243,29.007,29.079,29.883,30.987,32.953,37.371,43.827,37.967,44.845,52.225,47.903,48.409,40.257,39.519,50.351,51.579,52.565,53.227,53.315,58.759,28.929,21.383,20.793,17.567,3.605
39.331,93.047,23.346,33.599,40.959,8.966,7.926,9.868,30.198,17.466,17.812,6.656,10.004,7.352,35.912,8.196,18.876,11.69,11.571,17.795,36.661,18.789,38.225,19.813,28.543,20.099,57.321,28.147,27.479,51.555,28.129,50.137,50.485,28.965,48.645,43.817,44.775,29.342,33.064,33.671,33.449,32.095,26.012,24.658,22.708,14.59,18.09,25.602,5.28,0,0.605,4.48,5.28,4.48,4.866,6.328,6.436,7.618,9.638,12.894,15.992,10.174,11.089,11.089,10.948,13.309,18.417,23.515,25.279,25.351,26.155,27.259,29.225,33.643,40.099,34.239,41.117,48.497,44.175,44.681,36.529,35.791,46.623,47.851,48.837,49.499,49.587,55.031,25.201,17.655,17.065,13.839,12.49
38.121,91.837,22.136,32.389,39.749,7.756,9.136,8.658,28.988,16.256,16.602,5.446,8.794,6.142,34.702,6.986,17.666,10.48,10.361,16.585,35.451,17.579,37.015,18.603,27.333,18.889,56.111,26.937,26.269,50.345,26.919,48.927,49.275,27.755,47.435,42.607,43.565,28.132,31.854,32.461,32.239,30.885,24.802,23.448,21.498,13.38,16.88,24.392,6.49,0.605,0,3.27,6.49,3.27,3.656,5.118,5.226,6.408,8.428,11.684,14.782,8.964,9.879,9.879,9.738,12.099,17.207,22.305,24.069,24.141,24.945,26.049,28.015,32.433,38.889,33.029,39.907,47.287,42.965,43.471,35.319,34.581,45.413,46.641,47.627,48.289,48.377,53.821,23.991,16.445,15.855,12.629,13.7
37.959,91.675,22.136,32.227,39.587,2.243,9.298,8.658,28.988,16.256,16.602,5.446,8.794,6.142,34.702,6.986,17.666,10.459,10.199,16.423,35.289,17.417,36.853,18.441,27.171,18.727,55.949,26.775,26.107,50.183,26.757,48.765,49.113,27.593,47.273,42.445,43.403,28.132,31.854,32.299,32.077,30.723,24.802,23.448,21.498,13.38,16.88,24.392,6.652,4.48,3.27,0,6.652,3.27,3.656,5.118,5.226,6.408,8.428,11.684,14.782,8.964,9.717,9.717,9.717,11.937,17.045,22.143,23.907,23.979,24.783,25.887,27.853,32.271,38.727,32.867,39.745,47.125,42.803,43.309,35.157,34.419,45.251,46.479,47.465,48.127,48.215,53.659,23.829,16.283,15.693,12.467,13.862
42.235,95.951,26.25,36.503,43.863,11.138,1.323,12.772,33.102,20.37,20.716,9.56,12.908,10.256,38.816,11.1,21.78,14.594,14.475,20.699,39.565,21.693,41.129,22.717,31.447,23.003,60.225,31.051,30.383,54.459,31.033,53.041,53.389,31.869,51.549,46.721,47.679,32.246,35.968,36.575,36.353,34.999,28.916,27.562,25.612,17.494,20.994,28.506,5.28,5.28,6.49,6.652,0,7.384,7.77,9.232,9.34,10.522,12.542,15.798,18.896,13.078,13.993,13.993,13.852,16.213,21.321,26.419,28.183,28.255,29.059,30.163,32.129,36.547,43.003,37.143,44.021,51.401,47.079,47.585,39.433,38.695,49.527,50.755,51.741,52.403,52.491,57.935,28.105,20.559,19.969,16.743,12.49
35.445,89.161,28.847,29.713,37.073,7.756,10.03,2.694,33.312,27.549,27.895,1.088,2.762,1.436,35.304,1.858,23.763,7.945,7.685,13.909,32.775,14.903,34.339,15.927,24.657,16.213,53.435,24.261,23.593,47.669,24.243,46.251,46.599,25.079,44.759,39.931,40.889,32.456,32.456,29.785,29.563,28.209,29.563,28.209,28.209,22.977,22.977,22.977,8.208,4.48,3.27,3.27,7.384,0,0.193,0.924,0.978,1.569,2.579,22.977,26.075,22.977,7.203,7.203,7.203,9.423,14.531,19.629,21.393,21.465,22.269,23.373,25.339,29.757,36.213,30.353,37.231,44.611,40.289,40.795,32.643,31.905,42.737,43.965,44.951,45.613,45.701,51.145,21.315,13.769,13.179,9.953,15.418
35.059,88.775,28.461,29.327,36.687,8.142,10.416,2.887,32.926,27.163,27.509,0.895,2.569,1.243,34.918,1.665,23.377,7.559,7.299,13.523,32.389,14.517,33.953,15.541,24.271,15.827,53.049,23.875,23.207,47.283,23.857,45.865,46.213,24.693,44.373,39.545,40.503,32.07,32.07,29.399,29.177,27.823,29.177,27.823,27.823,22.591,22.591,22.591,8.594,4.866,3.656,3.656,7.77,0.193,0,0.731,0.785,1.376,2.386,22.591,25.689,22.591,6.817,6.817,6.817,9.037,14.145,19.243,21.007,21.079,21.883,22.987,24.953,29.371,35.827,29.967,36.845,44.225,39.903,40.409,32.257,31.519,42.351,43.579,44.565,45.227,45.315,50.759,20.929,13.383,12.793,9.567,15.804
33.597,87.313,26.999,27.865,35.225,9.604,11.878,3.618,31.464,25.701,26.047,0.164,3.3,0.512,33.456,0.934,21.915,6.097,5.837,12.061,30.927,13.055,32.491,14.079,22.809,14.365,51.587,22.413,21.745,45.821,22.395,44.403,44.751,23.231,42.911,38.083,39.041,30.608,30.608,27.937,27.715,26.361,27.715,26.361,26.361,21.129,21.129,21.129,10.056,6.328,5.118,5.118,9.232,0.924,0.731,0,0.054,0.645,1.655,21.129,24.227,21.129,5.355,5.355,5.355,7.575,12.683,17.781,19.545,19.617,20.421,21.525,23.491,27.909,34.365,28.505,35.383,42.763,38.441,38.947,30.795,30.057,40.889,42.117,43.103,43.765,43.853,49.297,19.467,11.921,11.331,8.105,17.266
33.489,87.205,26.891,27.757,35.117,9.712,11.986,3.672,31.356,25.593,25.939,0.218,3.354,0.458,33.348,0.88,21.807,5.989,5.729,11.953,30.819,12.947,32.383,13.971,22.701,14.257,51.479,22.305,21.637,45.713,22.287,44.295,44.643,23.123,42.803,37.975,38.933,30.5,30.5,27.829,27.607,26.253,27.607,26.253,26.253,21.021,21.021,21.021,10.164,6.436,5.226,5.226,9.34,0.978,0.785,0.054,0,0.591,1.601,21.021,24.119,21.021,5.247,5.247,5.247,7.467,12.575,17.673,19.437,19.509,20.313,21.417,23.383,27.801,34.257,28.397,35.275,42.655,38.333,38.839,30.687,29.949,40.781,42.009,42.995,43.657,43.745,49.189,19.359,11.813,11.223,7.997,17.374
32.307,86.023,25.709,26.575,33.935,10.894,13.168,4.263,30.174,24.411,24.757,0.809,3.945,1.049,32.166,0.289,20.625,4.807,4.547,10.771,29.637,11.765,31.201,12.789,21.519,13.075,50.297,21.123,20.455,44.531,21.105,43.113,43.461,21.941,41.621,36.793,37.751,29.318,29.318,26.647,26.425,25.071,26.425,25.071,25.071,19.839,19.839,19.839,11.346,7.618,6.408,6.408,10.522,1.569,1.376,0.645,0.591,0,1.01,19.839,22.937,19.839,4.065,4.065,4.065,6.285,11.393,16.491,18.255,18.327,19.131,20.235,22.201,26.619,33.075,27.215,34.093,41.473,37.151,37.657,29.505,28.767,39.599,40.827,41.813,42.475,42.563,48.007,18.177,10.631,10.041,6.815,18.556
30.287,84.003,23.689,24.555,31.915,12.914,15.188,5.273,28.154,22.391,22.737,1.819,4.955,2.059,30.146,1.299,18.605,2.787,2.527,8.751,27.617,9.745,29.181,10.769,19.499,11.055,48.277,19.103,18.435,42.511,19.085,41.093,41.441,19.921,39.601,34.773,35.731,27.298,27.298,24.627,24.405,23.051,24.405,23.051,23.051,17.819,17.819,17.819,13.366,9.638,8.428,8.428,12.542,2.579,2.386,1.655,1.601,1.01,0,17.819,20.917,17.819,2.045,2.045,2.045,4.265,9.373,14.471,16.235,16.307,17.111,18.215,20.181,24.599,31.055,25.195,32.073,39.453,35.131,35.637,27.485,26.747,37.579,38.807,39.793,40.455,40.543,45.987,16.157,8.611,8.021,4.795,20.576
33.543,80.747,20.433,21.299,28.659,16.17,18.444,28.365,24.898,2.286,2.459,21.457,27.729,21.937,26.89,20.417,18.605,6.043,5.783,12.007,24.361,13.001,25.925,14.025,21.161,14.311,45.021,20.765,21.691,39.255,22.341,42.153,42.677,23.177,42.857,38.029,38.987,24.042,24.042,21.371,21.149,19.795,21.149,19.795,19.795,17.819,17.819,17.819,16.622,12.894,11.684,11.684,15.798,22.977,22.591,21.129,21.021,19.839,17.819,0,1.549,17.819,5.301,5.301,5.301,7.521,12.629,17.727,19.491,19.563,20.367,21.471,23.437,27.855,34.311,28.451,35.329,36.197,31.875,32.381,24.229,23.491,40.835,42.063,42.353,41.691,41.603,42.731,17.819,11.867,11.277,8.051,23.832
36.641,83.845,23.531,24.397,31.757,19.268,21.542,31.463,27.996,0.737,0.91,24.555,30.827,25.035,29.988,23.515,21.703,9.141,8.881,15.105,27.459,16.099,29.023,17.123,24.259,17.409,48.119,23.863,24.789,42.353,25.439,45.251,45.775,26.275,45.955,41.127,42.085,27.14,27.14,24.469,24.247,22.893,24.247,22.893,22.893,20.917,20.917,20.917,19.72,15.992,14.782,14.782,18.896,26.075,25.689,24.227,24.119,22.937,20.917,1.549,0,20.917,8.399,8.399,8.399,10.619,15.727,20.825,22.589,22.661,23.465,24.569,26.535,30.953,37.409,31.549,38.427,39.295,34.973,35.479,27.327,26.589,43.933,45.161,45.451,44.789,44.701,45.829,20.917,14.965,14.375,11.149,26.93
29.751,84.539,24.225,25.091,32.451,13.45,15.724,28.365,28.69,22.391,22.737,21.457,27.729,21.937,30.682,20.417,18.605,2.251,1.991,8.215,28.153,9.209,29.717,10.233,18.963,10.519,48.121,18.567,17.899,42.355,18.549,40.557,40.905,19.385,39.065,34.237,35.195,27.834,27.834,25.163,24.941,23.587,24.941,23.587,23.587,17.819,17.819,17.819,13.902,10.174,8.964,8.964,13.078,22.977,22.591,21.129,21.021,19.839,17.819,17.819,20.917,0,1.509,1.509,1.509,3.729,8.837,13.935,15.699,15.771,16.575,17.679,19.645,24.063,30.519,24.659,31.537,39.989,35.667,36.173,28.021,27.283,37.043,38.271,39.257,39.919,40.007,45.831,15.621,8.075,7.485,4.259,21.112
29.112,85.847,15.753,26.399,33.759,14.203,16.639,12.591,22.605,9.873,10.219,5.683,11.955,6.163,28.319,4.643,11.283,2.251,1.991,18.549,29.461,18.953,31.025,21.133,21.161,24.079,46.813,19.737,23.701,41.047,22.587,39.249,39.597,20.712,38.426,33.598,34.556,21.749,25.471,26.471,26.249,24.895,18.419,17.065,15.115,6.997,10.497,17.819,14.817,11.089,9.879,9.717,13.993,7.203,6.817,5.355,5.247,4.065,2.045,5.301,8.399,1.509,0,1.509,1.509,17.819,19.737,19.737,19.737,19.809,20.613,19.006,19.006,23.424,29.88,24.02,30.898,40.012,36.975,37.481,29.329,28.591,36.404,37.632,37.949,38.611,38.699,44.523,17.819,17.819,17.819,17.819,22.027
