0,40.951,23.324,18.587,14.907,28.532,29.75,27.726,24.119,23.111,23.284,24.272,27.408,24.512,23.254,23.752,18.62,14.96,14.671,15.254,17.926,15.751,17.97,11.155,14.283,16.406,13.04,11.139,9.89,12.011,8.379,11.112,11.286,6.889,10.345,7.931,8.41,23.691,21.83,18.551,18.662,18.022,22.707,22.03,23.005,19.977,18.227,14.471,28.839,26.975,26.37,26.289,28.427,25.032,24.839,24.108,24.054,23.463,22.453,20.825,22.374,14.775,14.121,14.43,14.589,13.011,10.457,7.908,7.026,6.99,6.588,6.036,5.053,2.844,5.476,2.546,6.581,11.138,13.299,16.768,17.122,17.491,9.334,9.948,10.462,10.793,10.837,11.895,12.612,15.184,14.889,13.276,32.444
40.951,0,35.778,29.724,26.044,48.073,49.291,47.267,35.256,42.652,42.825,43.813,46.949,44.053,34.391,43.293,38.176,43.204,42.915,39.742,29.063,39.649,29.107,42.078,36.98,44.12,34.225,33.836,40.813,31.342,39.374,32.791,33.053,39.792,33.961,35.422,35.901,34.828,32.967,29.688,29.799,30.476,34.002,34.484,35.459,39.518,37.783,34.027,48.38,46.516,45.911,45.83,47.968,44.573,44.38,43.649,43.595,43.004,41.994,40.366,41.915,43.019,42.365,42.674,42.833,41.255,41.38,38.831,37.949,37.985,38.387,38.939,39.922,38.107,41.335,38.405,34.37,29.813,27.652,24.183,28.259,28.628,34.019,33.564,32.891,32.56,32.516,33.08,35.309,39.082,39.377,40.99,51.985
23.324,35.778,0,6.054,9.734,12.933,14.151,12.127,4.064,7.512,7.685,8.673,11.809,8.913,6.921,8.153,6.521,18.607,18.318,15.145,7.585,15.052,8.367,19.91,12.383,19.523,14.086,12.185,19.162,14.679,17.723,16.128,16.39,18.141,17.298,18.759,19.238,3.636,5.497,6.09,5.979,5.302,1.971,1.294,0.319,4.378,6.128,8.853,13.24,11.376,10.771,10.69,12.828,9.433,9.24,8.509,8.455,7.864,6.854,5.226,6.775,18.422,17.768,18.077,18.236,16.658,19.212,17.18,16.298,16.334,16.736,17.288,18.271,20.48,23.708,20.778,18.06,13.503,11.342,11.595,7.519,7.15,17.356,16.901,16.228,15.897,15.853,12.941,10.712,14.485,14.78,16.393,16.845
18.587,29.724,6.054,0,3.68,18.349,19.567,17.543,5.604,12.928,13.101,14.089,17.225,14.329,4.739,13.569,8.452,14.057,13.768,10.595,1.531,10.502,2.313,15.36,7.833,14.973,9.536,7.635,14.612,8.978,13.173,10.427,10.689,13.591,11.597,13.058,13.537,5.176,3.315,0.036,0.075,0.752,4.278,4.76,5.735,9.794,8.059,4.303,18.656,16.792,16.187,16.106,18.244,14.849,14.656,13.925,13.871,13.28,12.27,10.642,12.191,13.872,13.218,13.527,13.686,12.108,14.662,12.63,11.748,11.784,12.186,12.738,13.721,15.743,18.971,16.041,12.006,7.449,5.288,5.541,1.465,1.096,11.655,11.2,10.527,10.196,10.152,8.391,6.162,9.935,10.23,11.843,22.261
14.907,26.044,9.734,3.68,0,22.029,23.247,21.223,9.212,16.608,16.781,17.769,20.905,18.009,8.347,17.249,12.132,17.16,16.871,13.698,3.019,13.605,3.063,16.034,10.936,18.076,8.181,7.792,14.769,5.298,13.33,6.747,7.009,13.748,7.917,9.378,9.857,8.784,6.923,3.644,3.755,4.432,7.958,8.44,9.415,13.474,11.739,7.983,22.336,20.472,19.867,19.786,21.924,18.529,18.336,17.605,17.551,16.96,15.95,14.322,15.871,16.975,16.321,16.63,16.789,15.211,15.336,12.787,11.905,11.941,12.343,12.895,13.878,12.063,15.291,12.361,8.326,3.769,1.608,1.861,2.215,2.584,7.975,7.52,6.847,6.516,6.472,7.036,9.265,13.038,13.333,14.946,25.941
28.532,48.073,12.933,18.349,22.029,0,5.704,6.194,16.359,9.993,10.166,4.588,6.262,4.936,19.216,5.358,10.698,23.815,23.526,20.353,19.88,20.26,20.662,25.118,17.591,24.731,19.294,17.393,24.37,19.887,22.931,21.336,21.598,23.349,22.506,23.967,24.446,15.931,17.792,18.385,18.274,17.597,14.266,13.589,12.614,8.555,10.305,14.061,4.793,2.929,2.324,2.243,4.381,3.5,3.693,4.424,4.478,5.069,6.079,7.707,9.256,23.63,22.976,23.285,23.444,21.866,24.42,22.388,21.506,21.542,21.944,22.496,23.479,25.688,28.916,25.986,25.317,21.416,23.577,23.89,19.814,19.445,22.564,22.109,21.436,21.105,21.061,18.149,15.92,19.693,19.988,21.601,8.398
29.75,49.291,14.151,19.567,23.247,5.704,0,7.412,17.577,11.211,11.384,5.806,7.48,6.154,20.434,6.576,11.916,25.033,24.744,21.571,21.098,21.478,21.88,26.336,18.809,25.949,20.512,18.611,25.588,21.105,24.149,22.554,22.816,24.567,23.724,25.185,25.664,17.149,19.01,19.603,19.492,18.815,15.484,14.807,13.832,9.773,11.523,15.279,3.287,2.775,3.38,3.461,1.323,4.718,4.911,5.642,5.696,6.287,7.297,8.925,10.474,24.848,24.194,24.503,24.662,23.084,25.638,23.606,22.724,22.76,23.162,23.714,24.697,26.906,30.134,27.204,26.535,22.634,24.795,25.108,21.032,20.663,23.782,23.327,22.654,22.323,22.279,19.367,17.138,20.911,21.206,22.819,6.892
27.726,47.267,12.127,17.543,21.223,6.194,7.412,0,15.553,9.187,9.36,3.782,5.456,4.13,18.41,4.552,9.892,23.009,22.72,19.547,19.074,19.454,19.856,24.312,16.785,23.925,18.488,16.587,23.564,19.081,22.125,20.53,20.792,22.543,21.7,23.161,23.64,15.125,16.986,17.579,17.468,16.791,13.46,12.783,11.808,7.749,9.499,13.255,6.501,4.637,4.032,3.951,6.089,2.694,2.887,3.618,3.672,4.263,5.273,6.901,8.45,22.824,22.17,22.479,22.638,21.06,23.614,21.582,20.7,20.736,21.138,21.69,22.673,24.882,28.11,25.18,24.511,20.61,22.771,23.084,19.008,18.639,21.758,21.303,20.63,20.299,20.255,17.343,15.114,18.887,19.182,20.795,10.106
24.119,35.256,4.064,5.604,9.212,16.359,17.577,15.553,0,10.938,11.111,12.099,15.235,12.339,3.713,11.579,9.947,19.661,19.372,16.199,7.063,16.106,7.845,20.964,13.437,20.577,15.14,13.239,20.216,14.51,18.777,15.959,16.221,19.195,17.129,18.59,19.069,0.428,2.289,5.568,5.679,6.356,2.093,2.77,3.745,7.804,9.554,9.907,16.666,14.802,14.197,14.116,16.254,12.859,12.666,11.935,11.881,11.29,10.28,8.652,10.201,19.476,18.822,19.131,19.29,17.712,20.266,18.234,17.352,17.388,17.79,18.342,19.325,21.275,24.503,21.573,17.538,12.981,10.82,11.073,6.997,6.628,17.187,16.732,16.059,15.728,15.684,13.995,11.766,15.539,15.834,17.447,20.271
23.111,42.652,7.512,12.928,16.608,9.993,11.211,9.187,10.938,0,1.647,5.733,8.869,5.973,13.795,5.213,5.277,18.394,18.105,14.932,14.459,14.839,15.241,19.697,12.17,19.31,13.873,11.972,18.949,14.466,17.51,15.915,16.177,17.928,17.085,18.546,19.025,10.51,12.371,12.964,12.853,12.176,8.845,8.168,7.193,3.134,4.884,8.64,10.3,8.436,7.831,7.75,9.888,6.493,6.3,5.569,5.515,4.924,3.914,2.286,0.737,18.209,17.555,17.864,18.023,16.445,18.999,16.967,16.085,16.121,16.523,17.075,18.058,20.267,23.495,20.565,19.896,15.995,18.156,18.469,14.393,14.024,17.143,16.688,16.015,15.684,15.64,12.728,10.499,14.272,14.567,16.18,13.905
23.284,42.825,7.685,13.101,16.781,10.166,11.384,9.36,11.111,1.647,0,5.906,9.042,6.146,13.968,5.386,5.45,18.567,18.278,15.105,14.632,15.012,15.414,19.87,12.343,19.483,14.046,12.145,19.122,14.639,17.683,16.088,16.35,18.101,17.258,18.719,19.198,10.683,12.544,13.137,13.026,12.349,9.018,8.341,7.366,3.307,5.057,8.813,10.473,8.609,8.004,7.923,10.061,6.666,6.473,5.742,5.688,5.097,4.087,2.459,0.91,18.382,17.728,18.037,18.196,16.618,19.172,17.14,16.258,16.294,16.696,17.248,18.231,20.44,23.668,20.738,20.069,16.168,18.329,18.642,14.566,14.197,17.316,16.861,16.188,15.857,15.813,12.901,10.672,14.445,14.74,16.353,14.078
24.272,43.813,8.673,14.089,17.769,4.588,5.806,3.782,12.099,5.733,5.906,0,3.464,0.676,14.956,1.098,6.438,19.555,19.266,16.093,15.62,16,16.402,20.858,13.331,20.471,15.034,13.133,20.11,15.627,18.671,17.076,17.338,19.089,18.246,19.707,20.186,11.671,13.532,14.125,14.014,13.337,10.006,9.329,8.354,4.295,6.045,9.801,4.895,3.031,2.426,2.345,4.483,1.088,0.895,0.164,0.218,0.809,1.819,3.447,4.996,19.37,18.716,19.025,19.184,17.606,20.16,18.128,17.246,17.282,17.684,18.236,19.219,21.428,24.656,21.726,21.057,17.156,19.317,19.63,15.554,15.185,18.304,17.849,17.176,16.845,16.801,13.889,11.66,15.433,15.728,17.341,8.5
27.408,46.949,11.809,17.225,20.905,6.262,7.48,5.456,15.235,8.869,9.042,3.464,0,3.812,18.092,4.234,9.574,22.691,22.402,19.229,18.756,19.136,19.538,23.994,16.467,23.607,18.17,16.269,23.246,18.763,21.807,20.212,20.474,22.225,21.382,22.843,23.322,14.807,16.668,17.261,17.15,16.473,13.142,12.465,11.49,7.431,9.181,12.937,6.569,4.705,4.1,4.019,6.157,2.762,2.569,3.3,3.354,3.945,4.955,6.583,8.132,22.506,21.852,22.161,22.32,20.742,23.296,21.264,20.382,20.418,20.82,21.372,22.355,24.564,27.792,24.862,24.193,20.292,22.453,22.766,18.69,18.321,21.44,20.985,20.312,19.981,19.937,17.025,14.796,18.569,18.864,20.477,10.174
24.512,44.053,8.913,14.329,18.009,4.936,6.154,4.13,12.339,5.973,6.146,0.676,3.812,0,15.196,1.338,6.678,19.795,19.506,16.333,15.86,16.24,16.642,21.098,13.571,20.711,15.274,13.373,20.35,15.867,18.911,17.316,17.578,19.329,18.486,19.947,20.426,11.911,13.772,14.365,14.254,13.577,10.246,9.569,8.594,4.535,6.285,10.041,5.243,3.379,2.774,2.693,4.831,1.436,1.243,0.512,0.458,1.049,2.059,3.687,5.236,19.61,18.956,19.265,19.424,17.846,20.4,18.368,17.486,17.522,17.924,18.476,19.459,21.668,24.896,21.966,21.297,17.396,19.557,19.87,15.794,15.425,18.544,18.089,17.416,17.085,17.041,14.129,11.9,15.673,15.968,17.581,8.848
23.254,34.391,6.921,4.739,8.347,19.216,20.434,18.41,3.713,13.795,13.968,14.956,18.092,15.196,0,14.436,12.804,18.796,18.507,15.334,6.198,15.241,6.98,20.099,12.572,19.712,14.275,12.374,19.351,13.645,17.912,15.094,15.356,18.33,16.264,17.725,18.204,3.285,1.424,4.703,4.814,5.491,4.95,5.627,6.602,10.661,12.411,9.042,19.523,17.659,17.054,16.973,19.111,15.716,15.523,14.792,14.738,14.147,13.137,11.509,13.058,18.611,17.957,18.266,18.425,16.847,19.401,17.369,16.487,16.523,16.925,17.477,18.46,20.41,23.638,20.708,16.673,12.116,9.955,10.208,6.132,5.763,16.322,15.867,15.194,14.863,14.819,13.13,10.901,14.674,14.969,16.582,23.128
23.752,43.293,8.153,13.569,17.249,5.358,6.576,4.552,11.579,5.213,5.386,1.098,4.234,1.338,14.436,0,5.918,19.035,18.746,15.573,15.1,15.48,15.882,20.338,12.811,19.951,14.514,12.613,19.59,15.107,18.151,16.556,16.818,18.569,17.726,19.187,19.666,11.151,13.012,13.605,13.494,12.817,9.486,8.809,7.834,3.775,5.525,9.281,5.665,3.801,3.196,3.115,5.253,1.858,1.665,0.934,0.88,0.289,1.299,2.927,4.476,18.85,18.196,18.505,18.664,17.086,19.64,17.608,16.726,16.762,17.164,17.716,18.699,20.908,24.136,21.206,20.537,16.636,18.797,19.11,15.034,14.665,17.784,17.329,16.656,16.325,16.281,13.369,11.14,14.913,15.208,16.821,9.27
18.62,38.176,6.521,8.452,12.132,10.698,11.916,9.892,9.947,5.277,5.45,6.438,9.574,6.678,12.804,5.918,0,13.903,13.614,10.441,9.983,10.348,10.765,15.206,7.679,14.819,9.382,7.481,14.458,9.975,13.019,11.424,11.686,13.437,12.594,14.055,14.534,9.519,11.38,8.488,8.377,7.7,7.854,7.177,6.202,2.143,0.393,4.149,11.005,9.141,8.536,8.455,10.593,7.198,7.005,6.274,6.22,5.629,4.619,2.991,4.54,13.718,13.064,13.373,13.532,11.954,14.508,12.476,11.594,11.63,12.032,12.584,13.567,15.776,19.004,16.074,15.405,11.504,13.665,13.993,9.917,9.548,12.652,12.197,11.524,11.193,11.149,8.237,6.008,9.781,10.076,11.689,14.61
14.96,43.204,18.607,14.057,17.16,23.815,25.033,23.009,19.661,18.394,18.567,19.555,22.691,19.795,18.796,19.035,13.903,0,0.771,4.192,15.588,4.689,16.37,5.201,9.566,5.344,11.269,9.368,9.034,11.862,9.359,13.311,13.573,9.777,14.481,15.942,16.421,19.233,17.372,14.093,13.982,13.305,17.99,17.313,18.288,15.26,13.51,9.754,24.122,22.258,21.653,21.572,23.71,20.315,20.122,19.391,19.337,18.746,17.736,16.108,17.657,0.758,0.839,0.53,0.371,1.949,4.503,7.052,7.934,7.97,8.372,8.924,9.907,12.116,15.344,12.414,15.853,13.391,15.552,19.021,15.522,15.153,14.539,14.084,13.411,13.08,13.036,10.124,7.895,4.122,3.827,2.214,27.727
14.671,42.915,18.318,13.768,16.871,23.526,24.744,22.72,19.372,18.105,18.278,19.266,22.402,19.506,18.507,18.746,13.614,0.771,0,3.903,15.299,4.4,16.081,4.912,9.277,5.055,10.98,9.079,8.745,11.573,9.07,13.022,13.284,9.488,14.192,15.653,16.132,18.944,17.083,13.804,13.693,13.016,17.701,17.024,17.999,14.971,13.221,9.465,23.833,21.969,21.364,21.283,23.421,20.026,19.833,19.102,19.048,18.457,17.447,15.819,17.368,0.787,0.55,0.241,0.4,1.66,4.214,6.763,7.645,7.681,8.083,8.635,9.618,11.827,15.055,12.125,15.564,13.102,15.263,18.732,15.233,14.864,14.25,13.795,13.122,12.791,12.747,9.835,7.606,3.833,3.538,1.925,27.438
15.254,39.742,15.145,10.595,13.698,20.353,21.571,19.547,16.199,14.932,15.105,16.093,19.229,16.333,15.334,15.573,10.441,4.192,3.903,0,12.126,1.227,12.908,5.495,6.104,5.108,7.807,5.906,9.328,8.4,9.653,9.849,10.111,10.071,11.019,12.48,12.959,15.771,13.91,10.631,10.52,9.843,14.528,13.851,14.826,11.798,10.048,6.292,20.66,18.796,18.191,18.11,20.248,16.853,16.66,15.929,15.875,15.284,14.274,12.646,14.195,4.007,3.353,3.662,3.821,2.243,4.797,7.346,8.228,8.264,8.666,9.218,10.201,12.41,15.638,12.708,13.83,9.929,12.09,15.559,12.06,11.691,11.077,10.622,9.949,9.618,9.574,6.662,4.433,0.66,0.365,1.978,24.265
17.926,29.063,7.585,1.531,3.019,19.88,21.098,19.074,7.063,14.459,14.632,15.62,18.756,15.86,6.198,15.1,9.983,15.588,15.299,12.126,0,12.033,1.652,16.891,9.364,16.504,11.067,9.166,16.143,8.317,14.704,9.766,10.028,15.122,10.936,12.397,12.876,6.635,4.774,1.495,1.606,2.283,5.809,6.291,7.266,11.325,9.59,5.834,20.187,18.323,17.718,17.637,19.775,16.38,16.187,15.456,15.402,14.811,13.801,12.173,13.722,15.403,14.749,15.058,15.217,13.639,16.193,14.161,13.279,13.315,13.717,14.269,15.252,15.082,18.31,15.38,11.345,6.788,4.627,4.88,0.804,0.435,10.994,10.539,9.866,9.535,9.491,9.922,7.693,11.466,11.761,13.374,23.792
15.751,39.649,15.052,10.502,13.605,20.26,21.478,19.454,16.106,14.839,15.012,16,19.136,16.24,15.241,15.48,10.348,4.689,4.4,1.227,12.033,0,12.815,5.992,6.011,5.605,7.714,5.813,9.825,8.307,10.15,9.756,10.018,10.568,10.926,12.387,12.866,15.678,13.817,10.538,10.427,9.75,14.435,13.758,14.733,11.705,9.955,6.199,20.567,18.703,18.098,18.017,20.155,16.76,16.567,15.836,15.782,15.191,14.181,12.553,14.102,4.504,3.85,4.159,4.318,2.74,5.294,7.843,8.725,8.761,9.163,9.715,10.698,12.907,16.135,13.205,13.737,9.836,11.997,15.466,11.967,11.598,10.984,10.529,9.856,9.525,9.481,6.569,4.34,0.567,0.862,2.475,24.172
17.97,29.107,8.367,2.313,3.063,20.662,21.88,19.856,7.845,15.241,15.414,16.402,19.538,16.642,6.98,15.882,10.765,16.37,16.081,12.908,1.652,12.815,0,17.673,10.146,17.286,11.244,9.948,16.925,8.361,15.486,9.81,10.072,15.904,10.98,12.441,12.92,7.417,5.556,2.277,2.388,3.065,6.591,7.073,8.048,12.107,10.372,6.616,20.969,19.105,18.5,18.419,20.557,17.162,16.969,16.238,16.184,15.593,14.583,12.955,14.504,16.185,15.531,15.84,15.999,14.421,16.975,14.943,14.061,14.097,14.499,15.051,16.034,15.126,18.354,15.424,11.389,6.832,4.671,4.924,0.848,1.217,11.038,10.583,9.91,9.579,9.535,10.099,8.475,12.248,12.543,14.156,24.574
11.155,42.078,19.91,15.36,16.034,25.118,26.336,24.312,20.964,19.697,19.87,20.858,23.994,21.098,20.099,20.338,15.206,5.201,4.912,5.495,16.891,5.992,17.673,0,10.869,6.647,10.143,8.242,5.229,10.736,5.554,12.185,12.447,5.972,13.355,13.398,13.877,20.536,18.675,15.396,15.285,14.608,19.293,18.616,19.591,16.563,14.813,11.057,25.425,23.561,22.956,22.875,25.013,21.618,21.425,20.694,20.64,20.049,19.039,17.411,18.96,5.016,4.362,4.671,4.83,3.252,0.698,3.247,4.129,4.165,4.567,5.119,6.102,8.311,11.539,8.609,12.048,12.265,14.426,17.895,16.825,16.456,13.413,12.958,12.285,11.954,11.91,8.998,9.198,5.425,5.13,3.517,29.03
14.283,36.98,12.383,7.833,10.936,17.591,18.809,16.785,13.437,12.17,12.343,13.331,16.467,13.571,12.572,12.811,7.679,9.566,9.277,6.104,9.364,6.011,10.146,10.869,0,10.482,5.045,3.144,10.121,5.638,8.682,7.087,7.349,9.1,8.257,9.718,10.197,13.009,11.148,7.869,7.758,7.081,11.766,11.089,12.064,9.036,7.286,3.53,17.898,16.034,15.429,15.348,17.486,14.091,13.898,13.167,13.113,12.522,11.512,9.884,11.433,9.381,8.727,9.036,9.195,7.617,10.171,8.139,7.257,7.293,7.695,8.247,9.23,11.439,14.667,11.737,11.068,7.167,9.328,12.797,9.298,8.929,8.315,7.86,7.187,6.856,6.812,3.9,1.671,5.444,5.739,7.352,21.503
16.406,44.12,19.523,14.973,18.076,24.731,25.949,23.925,20.577,19.31,19.483,20.471,23.607,20.711,19.712,19.951,14.819,5.344,5.055,5.108,16.504,5.605,17.286,6.647,10.482,0,12.185,10.284,10.48,12.778,10.805,14.227,14.489,11.223,15.397,16.858,17.337,20.149,18.288,15.009,14.898,14.221,18.906,18.229,19.204,16.176,14.426,10.67,25.038,23.174,22.569,22.488,24.626,21.231,21.038,20.307,20.253,19.662,18.652,17.024,18.573,5.159,4.505,4.814,4.973,3.395,5.949,8.498,9.38,9.416,9.818,10.37,11.353,13.562,16.79,13.86,17.299,14.307,16.468,19.937,16.438,16.069,15.455,15,14.327,13.996,13.952,11.04,8.811,5.038,4.743,3.13,28.643
13.04,34.225,14.086,9.536,8.181,19.294,20.512,18.488,15.14,13.873,14.046,15.034,18.17,15.274,14.275,14.514,9.382,11.269,10.98,7.807,11.067,7.714,11.244,10.143,5.045,12.185,0,1.901,8.878,2.883,7.439,4.332,4.594,7.857,5.502,6.963,7.442,14.712,12.851,9.572,9.461,8.784,13.469,12.792,13.767,10.739,8.989,5.233,19.601,17.737,17.132,17.051,19.189,15.794,15.601,14.87,14.816,14.225,13.215,11.587,13.136,11.084,10.43,10.739,10.898,9.32,9.445,6.896,6.014,6.05,6.452,7.004,7.987,10.196,13.424,10.494,8.313,4.412,6.573,10.042,10.396,10.632,5.56,5.105,4.432,4.101,4.057,1.145,3.374,7.147,7.442,9.055,23.206
11.139,33.836,12.185,7.635,7.792,17.393,18.611,16.587,13.239,11.972,12.145,13.133,16.269,13.373,12.374,12.613,7.481,9.368,9.079,5.906,9.166,5.813,9.948,8.242,3.144,10.284,1.901,0,6.977,2.494,5.538,3.943,4.205,5.956,5.113,6.574,7.053,12.811,10.95,7.671,7.56,6.883,11.568,10.891,11.866,8.838,7.088,3.332,17.7,15.836,15.231,15.15,17.288,13.893,13.7,12.969,12.915,12.324,11.314,9.686,11.235,9.183,8.529,8.838,8.997,7.419,7.544,4.995,4.113,4.149,4.551,5.103,6.086,8.295,11.523,8.593,7.924,4.023,6.184,9.653,9.1,8.731,5.171,4.716,4.043,3.712,3.668,0.756,1.473,5.246,5.541,7.154,21.305
9.89,40.813,19.162,14.612,14.769,24.37,25.588,23.564,20.216,18.949,19.122,20.11,23.246,20.35,19.351,19.59,14.458,9.034,8.745,9.328,16.143,9.825,16.925,5.229,10.121,10.48,8.878,6.977,0,9.471,4.289,10.92,11.182,4.707,12.09,12.133,12.612,19.788,17.927,14.648,14.537,13.86,18.545,17.868,18.843,15.815,14.065,10.309,24.677,22.813,22.208,22.127,24.265,20.87,20.677,19.946,19.892,19.301,18.291,16.663,18.212,8.849,8.195,8.504,8.663,7.085,4.531,1.982,2.864,2.9,3.302,3.854,4.837,7.046,10.274,7.344,10.783,11,13.161,16.63,16.077,15.708,12.148,11.693,11.02,10.689,10.645,7.733,8.45,9.258,8.963,7.35,28.282
12.011,31.342,14.679,8.978,5.298,19.887,21.105,19.081,14.51,14.466,14.639,15.627,18.763,15.867,13.645,15.107,9.975,11.862,11.573,8.4,8.317,8.307,8.361,10.736,5.638,12.778,2.883,2.494,9.471,0,8.032,1.449,1.711,8.45,2.619,4.08,4.559,14.082,12.221,8.942,9.053,9.377,13.256,13.385,14.36,11.332,9.582,5.826,20.194,18.33,17.725,17.644,19.782,16.387,16.194,15.463,15.409,14.818,13.808,12.18,13.729,11.677,11.023,11.332,11.491,9.913,10.038,7.489,6.607,6.643,7.045,7.597,8.58,9.167,12.395,9.465,5.43,1.529,3.69,7.159,7.513,7.882,2.677,2.222,1.549,1.218,1.174,1.738,3.967,7.74,8.035,9.648,23.799
8.379,39.374,17.723,13.173,13.33,22.931,24.149,22.125,18.777,17.51,17.683,18.671,21.807,18.911,17.912,18.151,13.019,9.359,9.07,9.653,14.704,10.15,15.486,5.554,8.682,10.805,7.439,5.538,4.289,8.032,0,9.481,9.743,3.196,10.651,10.622,11.101,18.349,16.488,13.209,13.098,12.421,17.106,16.429,17.404,14.376,12.626,8.87,23.238,21.374,20.769,20.688,22.826,19.431,19.238,18.507,18.453,17.862,16.852,15.224,16.773,9.174,8.52,8.829,8.988,7.41,4.856,2.307,1.425,1.389,1.791,2.343,3.326,5.535,8.763,5.833,9.272,9.561,11.722,15.191,14.638,14.269,10.709,10.254,9.581,9.25,9.206,6.294,7.011,9.583,9.288,7.675,26.843
11.112,32.791,16.128,10.427,6.747,21.336,22.554,20.53,15.959,15.915,16.088,17.076,20.212,17.316,15.094,16.556,11.424,13.311,13.022,9.849,9.766,9.756,9.81,12.185,7.087,14.227,4.332,3.943,10.92,1.449,9.481,0,0.812,9.899,1.72,3.181,3.66,15.531,13.67,10.391,10.502,10.826,14.705,14.834,15.809,12.781,11.031,7.275,21.643,19.779,19.174,19.093,21.231,17.836,17.643,16.912,16.858,16.267,15.257,13.629,15.178,13.126,12.472,12.781,12.94,11.362,11.487,8.938,8.056,8.092,8.494,9.046,10.029,8.268,11.496,8.566,4.531,2.978,5.139,8.608,8.962,9.331,1.778,1.323,0.65,0.319,0.275,3.187,5.416,9.189,9.484,11.097,25.248
11.286,33.053,16.39,10.689,7.009,21.598,22.816,20.792,16.221,16.177,16.35,17.338,20.474,17.578,15.356,16.818,11.686,13.573,13.284,10.111,10.028,10.018,10.072,12.447,7.349,14.489,4.594,4.205,11.182,1.711,9.743,0.812,0,10.161,1.894,3.355,3.834,15.793,13.932,10.653,10.764,11.088,14.967,15.096,16.071,13.043,11.293,7.537,21.905,20.041,19.436,19.355,21.493,18.098,17.905,17.174,17.12,16.529,15.519,13.891,15.44,13.388,12.734,13.043,13.202,11.624,11.749,9.2,8.318,8.354,8.756,9.308,10.291,8.442,11.67,8.74,4.705,3.24,5.401,8.87,9.224,9.593,1.952,1.497,0.824,0.493,0.537,3.449,5.678,9.451,9.746,11.359,25.51
6.889,39.792,18.141,13.591,13.748,23.349,24.567,22.543,19.195,17.928,18.101,19.089,22.225,19.329,18.33,18.569,13.437,9.777,9.488,10.071,15.122,10.568,15.904,5.972,9.1,11.223,7.857,5.956,4.707,8.45,3.196,9.899,10.161,0,11.069,9.132,9.611,18.767,16.906,13.627,13.516,12.839,17.524,16.847,17.822,14.794,13.044,9.288,23.656,21.792,21.187,21.106,23.244,19.849,19.656,18.925,18.871,18.28,17.27,15.642,17.191,9.592,8.938,9.247,9.406,7.828,5.274,2.725,1.843,1.807,1.405,0.853,1.836,4.045,7.273,4.343,7.782,9.979,12.14,15.609,15.056,14.687,10.535,10.672,9.999,9.668,9.624,6.712,7.429,10.001,9.706,8.093,27.261
10.345,33.961,17.298,11.597,7.917,22.506,23.724,21.7,17.129,17.085,17.258,18.246,21.382,18.486,16.264,17.726,12.594,14.481,14.192,11.019,10.936,10.926,10.98,13.355,8.257,15.397,5.502,5.113,12.09,2.619,10.651,1.72,1.894,11.069,0,2.414,2.893,16.701,14.84,11.561,11.672,11.996,15.875,16.004,16.979,13.951,12.201,8.445,22.813,20.949,20.344,20.263,22.401,19.006,18.813,18.082,18.028,17.437,16.427,14.799,16.348,14.296,13.642,13.951,14.11,12.532,12.657,10.108,9.226,9.262,9.664,10.216,9.71,7.501,10.729,7.799,3.764,4.148,6.309,9.778,10.132,10.501,1.011,0.397,1.07,1.401,1.445,4.357,6.586,10.359,10.654,12.267,26.418
7.931,35.422,18.759,13.058,9.378,23.967,25.185,23.161,18.59,18.546,18.719,19.707,22.843,19.947,17.725,19.187,14.055,15.942,15.653,12.48,12.397,12.387,12.441,13.398,9.718,16.858,6.963,6.574,12.133,4.08,10.622,3.181,3.355,9.132,2.414,0,0.479,18.162,16.301,13.022,13.133,13.457,17.336,17.465,18.44,15.412,13.662,9.906,24.274,22.41,21.805,21.724,23.862,20.467,20.274,19.543,19.489,18.898,17.888,16.26,17.809,15.757,15.103,15.412,15.571,13.993,12.7,10.151,9.269,9.233,8.831,8.279,7.296,5.087,8.315,5.385,1.35,5.609,7.77,11.239,11.593,11.962,1.403,2.017,2.531,2.862,2.906,5.818,8.047,11.82,12.115,13.728,27.879
8.41,35.901,19.238,13.537,9.857,24.446,25.664,23.64,19.069,19.025,19.198,20.186,23.322,20.426,18.204,19.666,14.534,16.421,16.132,12.959,12.876,12.866,12.92,13.877,10.197,17.337,7.442,7.053,12.612,4.559,11.101,3.66,3.834,9.611,2.893,0.479,0,18.641,16.78,13.501,13.612,13.936,17.815,17.944,18.919,15.891,14.141,10.385,24.753,22.889,22.284,22.203,24.341,20.946,20.753,20.022,19.968,19.377,18.367,16.739,18.288,16.236,15.582,15.891,16.05,14.472,13.179,10.63,9.748,9.712,9.31,8.758,7.775,5.566,8.794,5.864,1.829,6.088,8.249,11.718,12.072,12.441,1.882,2.496,3.01,3.341,3.385,6.297,8.526,12.299,12.594,14.207,28.358
23.691,34.828,3.636,5.176,8.784,15.931,17.149,15.125,0.428,10.51,10.683,11.671,14.807,11.911,3.285,11.151,9.519,19.233,18.944,15.771,6.635,15.678,7.417,20.536,13.009,20.149,14.712,12.811,19.788,14.082,18.349,15.531,15.793,18.767,16.701,18.162,18.641,0,1.861,5.14,5.251,5.928,1.665,2.342,3.317,7.376,9.126,9.479,16.238,14.374,13.769,13.688,15.826,12.431,12.238,11.507,11.453,10.862,9.852,8.224,9.773,19.048,18.394,18.703,18.862,17.284,19.838,17.806,16.924,16.96,17.362,17.914,18.897,20.847,24.075,21.145,17.11,12.553,10.392,10.645,6.569,6.2,16.759,16.304,15.631,15.3,15.256,13.567,11.338,15.111,15.406,17.019,19.843
21.83,32.967,5.497,3.315,6.923,17.792,19.01,16.986,2.289,12.371,12.544,13.532,16.668,13.772,1.424,13.012,11.38,17.372,17.083,13.91,4.774,13.817,5.556,18.675,11.148,18.288,12.851,10.95,17.927,12.221,16.488,13.67,13.932,16.906,14.84,16.301,16.78,1.861,0,3.279,3.39,4.067,3.526,4.203,5.178,9.237,10.987,7.618,18.099,16.235,15.63,15.549,17.687,14.292,14.099,13.368,13.314,12.723,11.713,10.085,11.634,17.187,16.533,16.842,17.001,15.423,17.977,15.945,15.063,15.099,15.501,16.053,17.036,18.986,22.214,19.284,15.249,10.692,8.531,8.784,4.708,4.339,14.898,14.443,13.77,13.439,13.395,11.706,9.477,13.25,13.545,15.158,21.704
18.551,29.688,6.09,0.036,3.644,18.385,19.603,17.579,5.568,12.964,13.137,14.125,17.261,14.365,4.703,13.605,8.488,14.093,13.804,10.631,1.495,10.538,2.277,15.396,7.869,15.009,9.572,7.671,14.648,8.942,13.209,10.391,10.653,13.627,11.561,13.022,13.501,5.14,3.279,0,0.111,0.788,4.314,4.796,5.771,9.83,8.095,4.339,18.692,16.828,16.223,16.142,18.28,14.885,14.692,13.961,13.907,13.316,12.306,10.678,12.227,13.908,13.254,13.563,13.722,12.144,14.698,12.666,11.784,11.82,12.222,12.774,13.757,15.707,18.935,16.005,11.97,7.413,5.252,5.505,1.429,1.06,11.619,11.164,10.491,10.16,10.116,8.427,6.198,9.971,10.266,11.879,22.297
18.662,29.799,5.979,0.075,3.755,18.274,19.492,17.468,5.679,12.853,13.026,14.014,17.15,14.254,4.814,13.494,8.377,13.982,13.693,10.52,1.606,10.427,2.388,15.285,7.758,14.898,9.461,7.56,14.537,9.053,13.098,10.502,10.764,13.516,11.672,13.133,13.612,5.251,3.39,0.111,0,0.677,4.203,4.685,5.66,9.719,7.984,4.228,18.581,16.717,16.112,16.031,18.169,14.774,14.581,13.85,13.796,13.205,12.195,10.567,12.116,13.797,13.143,13.452,13.611,12.033,14.587,12.555,11.673,11.709,12.111,12.663,13.646,15.818,19.046,16.116,12.081,7.524,5.363,5.616,1.54,1.171,11.73,11.275,10.602,10.271,10.227,8.316,6.087,9.86,10.155,11.768,22.186
18.022,30.476,5.302,0.752,4.432,17.597,18.815,16.791,6.356,12.176,12.349,13.337,16.473,13.577,5.491,12.817,7.7,13.305,13.016,9.843,2.283,9.75,3.065,14.608,7.081,14.221,8.784,6.883,13.86,9.377,12.421,10.826,11.088,12.839,11.996,13.457,13.936,5.928,4.067,0.788,0.677,0,4.685,4.008,4.983,9.042,7.307,3.551,17.904,16.04,15.435,15.354,17.492,14.097,13.904,13.173,13.119,12.528,11.518,9.89,11.439,13.12,12.466,12.775,12.934,11.356,13.91,11.878,10.996,11.032,11.434,11.986,12.969,15.178,18.406,15.476,12.758,8.201,6.04,6.293,2.217,1.848,12.054,11.599,10.926,10.595,10.551,7.639,5.41,9.183,9.478,11.091,21.509
22.707,34.002,1.971,4.278,7.958,14.266,15.484,13.46,2.093,8.845,9.018,10.006,13.142,10.246,4.95,9.486,7.854,17.99,17.701,14.528,5.809,14.435,6.591,19.293,11.766,18.906,13.469,11.568,18.545,13.256,17.106,14.705,14.967,17.524,15.875,17.336,17.815,1.665,3.526,4.314,4.203,4.685,0,0.677,1.652,5.711,7.461,8.236,14.573,12.709,12.104,12.023,14.161,10.766,10.573,9.842,9.788,9.197,8.187,6.559,8.108,17.805,17.151,17.46,17.619,16.041,18.595,16.563,15.681,15.717,16.119,16.671,17.654,19.863,23.091,20.161,16.284,11.727,9.566,9.819,5.743,5.374,15.933,15.478,14.805,14.474,14.43,12.324,10.095,13.868,14.163,15.776,18.178
22.03,34.484,1.294,4.76,8.44,13.589,14.807,12.783,2.77,8.168,8.341,9.329,12.465,9.569,5.627,8.809,7.177,17.313,17.024,13.851,6.291,13.758,7.073,18.616,11.089,18.229,12.792,10.891,17.868,13.385,16.429,14.834,15.096,16.847,16.004,17.465,17.944,2.342,4.203,4.796,4.685,4.008,0.677,0,0.975,5.034,6.784,7.559,13.896,12.032,11.427,11.346,13.484,10.089,9.896,9.165,9.111,8.52,7.51,5.882,7.431,17.128,16.474,16.783,16.942,15.364,17.918,15.886,15.004,15.04,15.442,15.994,16.977,19.186,22.414,19.484,16.766,12.209,10.048,10.301,6.225,5.856,16.062,15.607,14.934,14.603,14.559,11.647,9.418,13.191,13.486,15.099,17.501
23.005,35.459,0.319,5.735,9.415,12.614,13.832,11.808,3.745,7.193,7.366,8.354,11.49,8.594,6.602,7.834,6.202,18.288,17.999,14.826,7.266,14.733,8.048,19.591,12.064,19.204,13.767,11.866,18.843,14.36,17.404,15.809,16.071,17.822,16.979,18.44,18.919,3.317,5.178,5.771,5.66,4.983,1.652,0.975,0,4.059,5.809,8.534,12.921,11.057,10.452,10.371,12.509,9.114,8.921,8.19,8.136,7.545,6.535,4.907,6.456,18.103,17.449,17.758,17.917,16.339,18.893,16.861,15.979,16.015,16.417,16.969,17.952,20.161,23.389,20.459,17.741,13.184,11.023,11.276,7.2,6.831,17.037,16.582,15.909,15.578,15.534,12.622,10.393,14.166,14.461,16.074,16.526
19.977,39.518,4.378,9.794,13.474,8.555,9.773,7.749,7.804,3.134,3.307,4.295,7.431,4.535,10.661,3.775,2.143,15.26,14.971,11.798,11.325,11.705,12.107,16.563,9.036,16.176,10.739,8.838,15.815,11.332,14.376,12.781,13.043,14.794,13.951,15.412,15.891,7.376,9.237,9.83,9.719,9.042,5.711,5.034,4.059,0,1.75,5.506,8.862,6.998,6.393,6.312,8.45,5.055,4.862,4.131,4.077,3.486,2.476,0.848,2.397,15.075,14.421,14.73,14.889,13.311,15.865,13.833,12.951,12.987,13.389,13.941,14.924,17.133,20.361,17.431,16.762,12.861,15.022,15.335,11.259,10.89,14.009,13.554,12.881,12.55,12.506,9.594,7.365,11.138,11.433,13.046,12.467
18.227,37.783,6.128,8.059,11.739,10.305,11.523,9.499,9.554,4.884,5.057,6.045,9.181,6.285,12.411,5.525,0.393,13.51,13.221,10.048,9.59,9.955,10.372,14.813,7.286,14.426,8.989,7.088,14.065,9.582,12.626,11.031,11.293,13.044,12.201,13.662,14.141,9.126,10.987,8.095,7.984,7.307,7.461,6.784,5.809,1.75,0,3.756,10.612,8.748,8.143,8.062,10.2,6.805,6.612,5.881,5.827,5.236,4.226,2.598,4.147,13.325,12.671,12.98,13.139,11.561,14.115,12.083,11.201,11.237,11.639,12.191,13.174,15.383,18.611,15.681,15.012,11.111,13.272,13.6,9.524,9.155,12.259,11.804,11.131,10.8,10.756,7.844,5.615,9.388,9.683,11.296,14.217
14.471,34.027,8.853,4.303,7.983,14.061,15.279,13.255,9.907,8.64,8.813,9.801,12.937,10.041,9.042,9.281,4.149,9.754,9.465,6.292,5.834,6.199,6.616,11.057,3.53,10.67,5.233,3.332,10.309,5.826,8.87,7.275,7.537,9.288,8.445,9.906,10.385,9.479,7.618,4.339,4.228,3.551,8.236,7.559,8.534,5.506,3.756,0,14.368,12.504,11.899,11.818,13.956,10.561,10.368,9.637,9.583,8.992,7.982,6.354,7.903,9.569,8.915,9.224,9.383,7.805,10.359,8.327,7.445,7.481,7.883,8.435,9.418,11.627,14.855,11.925,11.256,7.355,9.516,9.844,5.768,5.399,8.503,8.048,7.375,7.044,7,4.088,1.859,5.632,5.927,7.54,17.973
28.839,48.38,13.24,18.656,22.336,4.793,3.287,6.501,16.666,10.3,10.473,4.895,6.569,5.243,19.523,5.665,11.005,24.122,23.833,20.66,20.187,20.567,20.969,25.425,17.898,25.038,19.601,17.7,24.677,20.194,23.238,21.643,21.905,23.656,22.813,24.274,24.753,16.238,18.099,18.692,18.581,17.904,14.573,13.896,12.921,8.862,10.612,14.368,0,1.864,2.469,2.55,1.964,3.807,4,4.731,4.785,5.376,6.386,8.014,9.563,23.937,23.283,23.592,23.751,22.173,24.727,22.695,21.813,21.849,22.251,22.803,23.786,25.995,29.223,26.293,25.624,21.723,23.884,24.197,20.121,19.752,22.871,22.416,21.743,21.412,21.368,18.456,16.227,20,20.295,21.908,3.605
26.975,46.516,11.376,16.792,20.472,2.929,2.775,4.637,14.802,8.436,8.609,3.031,4.705,3.379,17.659,3.801,9.141,22.258,21.969,18.796,18.323,18.703,19.105,23.561,16.034,23.174,17.737,15.836,22.813,18.33,21.374,19.779,20.041,21.792,20.949,22.41,22.889,14.374,16.235,16.828,16.717,16.04,12.709,12.032,11.057,6.998,8.748,12.504,1.864,0,0.605,0.686,1.452,1.943,2.136,2.867,2.921,3.512,4.522,6.15,7.699,22.073,21.419,21.728,21.887,20.309,22.863,20.831,19.949,19.985,20.387,20.939,21.922,24.131,27.359,24.429,23.76,19.859,22.02,22.333,18.257,17.888,21.007,20.552,19.879,19.548,19.504,16.592,14.363,18.136,18.431,20.044,5.469
26.37,45.911,10.771,16.187,19.867,2.324,3.38,4.032,14.197,7.831,8.004,2.426,4.1,2.774,17.054,3.196,8.536,21.653,21.364,18.191,17.718,18.098,18.5,22.956,15.429,22.569,17.132,15.231,22.208,17.725,20.769,19.174,19.436,21.187,20.344,21.805,22.284,13.769,15.63,16.223,16.112,15.435,12.104,11.427,10.452,6.393,8.143,11.899,2.469,0.605,0,0.081,2.057,1.338,1.531,2.262,2.316,2.907,3.917,5.545,7.094,21.468,20.814,21.123,21.282,19.704,22.258,20.226,19.344,19.38,19.782,20.334,21.317,23.526,26.754,23.824,23.155,19.254,21.415,21.728,17.652,17.283,20.402,19.947,19.274,18.943,18.899,15.987,13.758,17.531,17.826,19.439,6.074
26.289,45.83,10.69,16.106,19.786,2.243,3.461,3.951,14.116,7.75,7.923,2.345,4.019,2.693,16.973,3.115,8.455,21.572,21.283,18.11,17.637,18.017,18.419,22.875,15.348,22.488,17.051,15.15,22.127,17.644,20.688,19.093,19.355,21.106,20.263,21.724,22.203,13.688,15.549,16.142,16.031,15.354,12.023,11.346,10.371,6.312,8.062,11.818,2.55,0.686,0.081,0,2.138,1.257,1.45,2.181,2.235,2.826,3.836,5.464,7.013,21.387,20.733,21.042,21.201,19.623,22.177,20.145,19.263,19.299,19.701,20.253,21.236,23.445,26.673,23.743,23.074,19.173,21.334,21.647,17.571,17.202,20.321,19.866,19.193,18.862,18.818,15.906,13.677,17.45,17.745,19.358,6.155
28.427,47.968,12.828,18.244,21.924,4.381,1.323,6.089,16.254,9.888,10.061,4.483,6.157,4.831,19.111,5.253,10.593,23.71,23.421,20.248,19.775,20.155,20.557,25.013,17.486,24.626,19.189,17.288,24.265,19.782,22.826,21.231,21.493,23.244,22.401,23.862,24.341,15.826,17.687,18.28,18.169,17.492,14.161,13.484,12.509,8.45,10.2,13.956,1.964,1.452,2.057,2.138,0,3.395,3.588,4.319,4.373,4.964,5.974,7.602,9.151,23.525,22.871,23.18,23.339,21.761,24.315,22.283,21.401,21.437,21.839,22.391,23.374,25.583,28.811,25.881,25.212,21.311,23.472,23.785,19.709,19.34,22.459,22.004,21.331,21,20.956,18.044,15.815,19.588,19.883,21.496,5.569
25.032,44.573,9.433,14.849,18.529,3.5,4.718,2.694,12.859,6.493,6.666,1.088,2.762,1.436,15.716,1.858,7.198,20.315,20.026,16.853,16.38,16.76,17.162,21.618,14.091,21.231,15.794,13.893,20.87,16.387,19.431,17.836,18.098,19.849,19.006,20.467,20.946,12.431,14.292,14.885,14.774,14.097,10.766,10.089,9.114,5.055,6.805,10.561,3.807,1.943,1.338,1.257,3.395,0,0.193,0.924,0.978,1.569,2.579,4.207,5.756,20.13,19.476,19.785,19.944,18.366,20.92,18.888,18.006,18.042,18.444,18.996,19.979,22.188,25.416,22.486,21.817,17.916,20.077,20.39,16.314,15.945,19.064,18.609,17.936,17.605,17.561,14.649,12.42,16.193,16.488,18.101,7.412
24.839,44.38,9.24,14.656,18.336,3.693,4.911,2.887,12.666,6.3,6.473,0.895,2.569,1.243,15.523,1.665,7.005,20.122,19.833,16.66,16.187,16.567,16.969,21.425,13.898,21.038,15.601,13.7,20.677,16.194,19.238,17.643,17.905,19.656,18.813,20.274,20.753,12.238,14.099,14.692,14.581,13.904,10.573,9.896,8.921,4.862,6.612,10.368,4,2.136,1.531,1.45,3.588,0.193,0,0.731,0.785,1.376,2.386,4.014,5.563,19.937,19.283,19.592,19.751,18.173,20.727,18.695,17.813,17.849,18.251,18.803,19.786,21.995,25.223,22.293,21.624,17.723,19.884,20.197,16.121,15.752,18.871,18.416,17.743,17.412,17.368,14.456,12.227,16,16.295,17.908,7.605
24.108,43.649,8.509,13.925,17.605,4.424,5.642,3.618,11.935,5.569,5.742,0.164,3.3,0.512,14.792,0.934,6.274,19.391,19.102,15.929,15.456,15.836,16.238,20.694,13.167,20.307,14.87,12.969,19.946,15.463,18.507,16.912,17.174,18.925,18.082,19.543,20.022,11.507,13.368,13.961,13.85,13.173,9.842,9.165,8.19,4.131,5.881,9.637,4.731,2.867,2.262,2.181,4.319,0.924,0.731,0,0.054,0.645,1.655,3.283,4.832,19.206,18.552,18.861,19.02,17.442,19.996,17.964,17.082,17.118,17.52,18.072,19.055,21.264,24.492,21.562,20.893,16.992,19.153,19.466,15.39,15.021,18.14,17.685,17.012,16.681,16.637,13.725,11.496,15.269,15.564,17.177,8.336
24.054,43.595,8.455,13.871,17.551,4.478,5.696,3.672,11.881,5.515,5.688,0.218,3.354,0.458,14.738,0.88,6.22,19.337,19.048,15.875,15.402,15.782,16.184,20.64,13.113,20.253,14.816,12.915,19.892,15.409,18.453,16.858,17.12,18.871,18.028,19.489,19.968,11.453,13.314,13.907,13.796,13.119,9.788,9.111,8.136,4.077,5.827,9.583,4.785,2.921,2.316,2.235,4.373,0.978,0.785,0.054,0,0.591,1.601,3.229,4.778,19.152,18.498,18.807,18.966,17.388,19.942,17.91,17.028,17.064,17.466,18.018,19.001,21.21,24.438,21.508,20.839,16.938,19.099,19.412,15.336,14.967,18.086,17.631,16.958,16.627,16.583,13.671,11.442,15.215,15.51,17.123,8.39
23.463,43.004,7.864,13.28,16.96,5.069,6.287,4.263,11.29,4.924,5.097,0.809,3.945,1.049,14.147,0.289,5.629,18.746,18.457,15.284,14.811,15.191,15.593,20.049,12.522,19.662,14.225,12.324,19.301,14.818,17.862,16.267,16.529,18.28,17.437,18.898,19.377,10.862,12.723,13.316,13.205,12.528,9.197,8.52,7.545,3.486,5.236,8.992,5.376,3.512,2.907,2.826,4.964,1.569,1.376,0.645,0.591,0,1.01,2.638,4.187,18.561,17.907,18.216,18.375,16.797,19.351,17.319,16.437,16.473,16.875,17.427,18.41,20.619,23.847,20.917,20.248,16.347,18.508,18.821,14.745,14.376,17.495,17.04,16.367,16.036,15.992,13.08,10.851,14.624,14.919,16.532,8.981
22.453,41.994,6.854,12.27,15.95,6.079,7.297,5.273,10.28,3.914,4.087,1.819,4.955,2.059,13.137,1.299,4.619,17.736,17.447,14.274,13.801,14.181,14.583,19.039,11.512,18.652,13.215,11.314,18.291,13.808,16.852,15.257,15.519,17.27,16.427,17.888,18.367,9.852,11.713,12.306,12.195,11.518,8.187,7.51,6.535,2.476,4.226,7.982,6.386,4.522,3.917,3.836,5.974,2.579,2.386,1.655,1.601,1.01,0,1.628,3.177,17.551,16.897,17.206,17.365,15.787,18.341,16.309,15.427,15.463,15.865,16.417,17.4,19.609,22.837,19.907,19.238,15.337,17.498,17.811,13.735,13.366,16.485,16.03,15.357,15.026,14.982,12.07,9.841,13.614,13.909,15.522,9.991
20.825,40.366,5.226,10.642,14.322,7.707,8.925,6.901,8.652,2.286,2.459,3.447,6.583,3.687,11.509,2.927,2.991,16.108,15.819,12.646,12.173,12.553,12.955,17.411,9.884,17.024,11.587,9.686,16.663,12.18,15.224,13.629,13.891,15.642,14.799,16.26,16.739,8.224,10.085,10.678,10.567,9.89,6.559,5.882,4.907,0.848,2.598,6.354,8.014,6.15,5.545,5.464,7.602,4.207,4.014,3.283,3.229,2.638,1.628,0,1.549,15.923,15.269,15.578,15.737,14.159,16.713,14.681,13.799,13.835,14.237,14.789,15.772,17.981,21.209,18.279,17.61,13.709,15.87,16.183,12.107,11.738,14.857,14.402,13.729,13.398,13.354,10.442,8.213,11.986,12.281,13.894,11.619
22.374,41.915,6.775,12.191,15.871,9.256,10.474,8.45,10.201,0.737,0.91,4.996,8.132,5.236,13.058,4.476,4.54,17.657,17.368,14.195,13.722,14.102,14.504,18.96,11.433,18.573,13.136,11.235,18.212,13.729,16.773,15.178,15.44,17.191,16.348,17.809,18.288,9.773,11.634,12.227,12.116,11.439,8.108,7.431,6.456,2.397,4.147,7.903,9.563,7.699,7.094,7.013,9.151,5.756,5.563,4.832,4.778,4.187,3.177,1.549,0,17.472,16.818,17.127,17.286,15.708,18.262,16.23,15.348,15.384,15.786,16.338,17.321,19.53,22.758,19.828,19.159,15.258,17.419,17.732,13.656,13.287,16.406,15.951,15.278,14.947,14.903,11.991,9.762,13.535,13.83,15.443,13.168
14.775,43.019,18.422,13.872,16.975,23.63,24.848,22.824,19.476,18.209,18.382,19.37,22.506,19.61,18.611,18.85,13.718,0.758,0.787,4.007,15.403,4.504,16.185,5.016,9.381,5.159,11.084,9.183,8.849,11.677,9.174,13.126,13.388,9.592,14.296,15.757,16.236,19.048,17.187,13.908,13.797,13.12,17.805,17.128,18.103,15.075,13.325,9.569,23.937,22.073,21.468,21.387,23.525,20.13,19.937,19.206,19.152,18.561,17.551,15.923,17.472,0,0.654,0.546,0.387,1.764,4.318,6.867,7.749,7.785,8.187,8.739,9.722,11.931,15.159,12.229,15.668,13.206,15.367,18.836,15.337,14.968,14.354,13.899,13.226,12.895,12.851,9.939,7.71,3.937,3.642,2.029,27.542
14.121,42.365,17.768,13.218,16.321,22.976,24.194,22.17,18.822,17.555,17.728,18.716,21.852,18.956,17.957,18.196,13.064,0.839,0.55,3.353,14.749,3.85,15.531,4.362,8.727,4.505,10.43,8.529,8.195,11.023,8.52,12.472,12.734,8.938,13.642,15.103,15.582,18.394,16.533,13.254,13.143,12.466,17.151,16.474,17.449,14.421,12.671,8.915,23.283,21.419,20.814,20.733,22.871,19.476,19.283,18.552,18.498,17.907,16.897,15.269,16.818,0.654,0,0.309,0.468,1.11,3.664,6.213,7.095,7.131,7.533,8.085,9.068,11.277,14.505,11.575,15.014,12.552,14.713,18.182,14.683,14.314,13.7,13.245,12.572,12.241,12.197,9.285,7.056,3.283,2.988,1.375,26.888
14.43,42.674,18.077,13.527,16.63,23.285,24.503,22.479,19.131,17.864,18.037,19.025,22.161,19.265,18.266,18.505,13.373,0.53,0.241,3.662,15.058,4.159,15.84,4.671,9.036,4.814,10.739,8.838,8.504,11.332,8.829,12.781,13.043,9.247,13.951,15.412,15.891,18.703,16.842,13.563,13.452,12.775,17.46,16.783,17.758,14.73,12.98,9.224,23.592,21.728,21.123,21.042,23.18,19.785,19.592,18.861,18.807,18.216,17.206,15.578,17.127,0.546,0.309,0,0.159,1.419,3.973,6.522,7.404,7.44,7.842,8.394,9.377,11.586,14.814,11.884,15.323,12.861,15.022,18.491,14.992,14.623,14.009,13.554,12.881,12.55,12.506,9.594,7.365,3.592,3.297,1.684,27.197
14.589,42.833,18.236,13.686,16.789,23.444,24.662,22.638,19.29,18.023,18.196,19.184,22.32,19.424,18.425,18.664,13.532,0.371,0.4,3.821,15.217,4.318,15.999,4.83,9.195,4.973,10.898,8.997,8.663,11.491,8.988,12.94,13.202,9.406,14.11,15.571,16.05,18.862,17.001,13.722,13.611,12.934,17.619,16.942,17.917,14.889,13.139,9.383,23.751,21.887,21.282,21.201,23.339,19.944,19.751,19.02,18.966,18.375,17.365,15.737,17.286,0.387,0.468,0.159,0,1.578,4.132,6.681,7.563,7.599,8.001,8.553,9.536,11.745,14.973,12.043,15.482,13.02,15.181,18.65,15.151,14.782,14.168,13.713,13.04,12.709,12.665,9.753,7.524,3.751,3.456,1.843,27.356
13.011,41.255,16.658,12.108,15.211,21.866,23.084,21.06,17.712,16.445,16.618,17.606,20.742,17.846,16.847,17.086,11.954,1.949,1.66,2.243,13.639,2.74,14.421,3.252,7.617,3.395,9.32,7.419,7.085,9.913,7.41,11.362,11.624,7.828,12.532,13.993,14.472,17.284,15.423,12.144,12.033,11.356,16.041,15.364,16.339,13.311,11.561,7.805,22.173,20.309,19.704,19.623,21.761,18.366,18.173,17.442,17.388,16.797,15.787,14.159,15.708,1.764,1.11,1.419,1.578,0,2.554,5.103,5.985,6.021,6.423,6.975,7.958,10.167,13.395,10.465,13.904,11.442,13.603,17.072,13.573,13.204,12.59,12.135,11.462,11.131,11.087,8.175,5.946,2.173,1.878,0.265,25.778
