0,40.951,24.641,18.587,14.907,30.035,31.253,29.229,24.119,26.477,26.65,25.775,28.911,26.015,23.254,25.255,21.986,23.873,23.584,20.411,17.926,20.318,17.97,22.747,17.649,24.789,14.894,14.505,21.482,12.011,8.379,11.112,11.286,6.889,10.345,7.931,8.41,23.691,21.83,18.551,18.662,19.339,22.865,23.347,24.322,23.343,21.593,17.837,30.342,28.478,27.873,27.792,29.93,26.535,26.342,25.611,25.557,24.966,23.956,24.191,25.74,23.688,23.034,23.343,23.502,21.924,22.049,19.5,18.618,6.99,6.588,6.036,5.053,2.844,5.476,2.546,6.581,11.138,13.299,16.768,17.122,17.491,9.334,9.948,10.462,10.793,10.837,13.749,15.978,19.751,20.046,21.659,33.947
40.951,0,35.778,29.724,26.044,48.073,49.291,47.267,35.256,42.652,42.825,43.813,46.949,44.053,34.391,43.293,38.176,43.02,42.915,39.742,29.063,39.649,29.107,42.078,36.98,44.12,34.225,33.836,40.813,31.342,43.642,32.791,33.053,42.152,33.961,35.422,35.901,34.828,32.967,29.688,29.799,30.476,34.002,34.484,35.459,39.518,37.783,34.027,48.38,46.516,45.911,45.83,47.968,44.573,44.38,43.649,43.595,43.004,41.994,40.366,41.915,42.262,42.365,42.674,42.649,41.255,41.38,38.831,37.949,42.253,41.851,41.299,40.316,38.107,41.335,38.405,34.37,29.813,27.652,24.183,28.259,28.628,34.019,33.564,32.891,32.56,32.516,33.08,35.309,39.082,39.377,40.99,51.985
24.641,35.778,0,6.054,9.734,12.933,14.151,12.127,4.064,7.512,7.685,8.673,11.809,8.913,6.921,8.153,6.521,7.88,7.909,11.129,7.585,11.626,8.367,12.138,12.383,12.281,14.086,12.185,15.971,14.679,27.332,16.128,16.39,25.842,17.298,18.759,19.238,3.636,5.497,6.09,5.979,5.302,1.971,1.294,0.319,4.378,6.128,8.853,13.24,11.376,10.771,10.69,12.828,9.433,9.24,8.509,8.455,7.864,6.854,5.226,6.775,7.122,7.776,7.668,7.509,8.886,11.44,13.989,14.871,25.943,25.541,24.989,24.006,21.797,25.025,22.095,18.06,13.503,11.342,11.595,7.519,7.15,17.356,16.901,16.228,15.897,15.853,12.941,10.712,11.059,10.764,9.151,16.845
18.587,29.724,6.054,0,3.68,18.349,19.567,17.543,5.604,12.928,13.101,14.089,17.225,14.329,4.739,13.569,8.452,13.296,13.325,10.595,1.531,10.502,2.313,15.36,7.833,14.973,9.536,7.635,14.612,8.978,21.278,10.427,10.689,19.788,11.597,13.058,13.537,5.176,3.315,0.036,0.075,0.752,4.278,4.76,5.735,9.794,8.059,4.303,18.656,16.792,16.187,16.106,18.244,14.849,14.656,13.925,13.871,13.28,12.27,10.642,12.191,12.538,13.192,13.084,12.925,12.108,14.662,12.63,11.748,19.889,19.487,18.935,17.952,15.743,18.971,16.041,12.006,7.449,5.288,5.541,1.465,1.096,11.655,11.2,10.527,10.196,10.152,8.391,6.162,9.935,10.23,11.843,22.261
14.907,26.044,9.734,3.68,0,22.029,23.247,21.223,9.212,16.608,16.781,17.769,20.905,18.009,8.347,17.249,12.132,16.976,16.871,13.698,3.019,13.605,3.063,16.034,10.936,18.076,8.181,7.792,14.769,5.298,17.598,6.747,7.009,16.108,7.917,9.378,9.857,8.784,6.923,3.644,3.755,4.432,7.958,8.44,9.415,13.474,11.739,7.983,22.336,20.472,19.867,19.786,21.924,18.529,18.336,17.605,17.551,16.96,15.95,14.322,15.871,16.218,16.321,16.63,16.605,15.211,15.336,12.787,11.905,16.209,15.807,15.255,14.272,12.063,15.291,12.361,8.326,3.769,1.608,1.861,2.215,2.584,7.975,7.52,6.847,6.516,6.472,7.036,9.265,13.038,13.333,14.946,25.941
30.035,48.073,12.933,18.349,22.029,0,5.704,6.194,16.359,9.993,10.166,4.588,6.262,4.936,19.216,5.358,10.698,7.105,7.134,10.354,19.88,10.851,20.662,11.363,15.728,11.506,17.431,15.53,15.196,18.024,32.726,19.473,19.735,31.236,20.643,22.104,22.583,15.931,17.792,18.385,18.274,17.597,14.266,13.589,12.614,8.555,10.305,14.061,4.793,2.929,2.324,2.243,4.381,3.5,3.693,4.424,4.478,5.069,6.079,7.707,9.256,6.347,7.001,6.893,6.734,8.111,10.665,13.214,14.096,31.337,30.935,30.383,29.4,27.191,30.419,27.489,23.454,19.553,21.714,23.89,19.814,19.445,20.701,20.246,19.573,19.242,19.198,16.286,14.057,10.284,9.989,8.376,8.398
31.253,49.291,14.151,19.567,23.247,5.704,0,7.412,17.577,11.211,11.384,5.806,7.48,6.154,20.434,6.576,11.916,8.323,8.352,11.572,21.098,12.069,21.88,12.581,16.946,12.724,18.649,16.748,16.414,19.242,33.944,20.691,20.953,32.454,21.861,23.322,23.801,17.149,19.01,19.603,19.492,18.815,15.484,14.807,13.832,9.773,11.523,15.279,3.287,2.775,3.38,3.461,1.323,4.718,4.911,5.642,5.696,6.287,7.297,8.925,10.474,7.565,8.219,8.111,7.952,9.329,11.883,14.432,15.314,32.555,32.153,31.601,30.618,28.409,31.637,28.707,24.672,20.771,22.932,25.108,21.032,20.663,21.919,21.464,20.791,20.46,20.416,17.504,15.275,11.502,11.207,9.594,6.892
29.229,47.267,12.127,17.543,21.223,6.194,7.412,0,15.553,9.187,9.36,3.782,5.456,4.13,18.41,4.552,9.892,6.299,6.328,9.548,19.074,10.045,19.856,10.557,14.922,10.7,16.625,14.724,14.39,17.218,31.92,18.667,18.929,30.43,19.837,21.298,21.777,15.125,16.986,17.579,17.468,16.791,13.46,12.783,11.808,7.749,9.499,13.255,6.501,4.637,4.032,3.951,6.089,2.694,2.887,3.618,3.672,4.263,5.273,6.901,8.45,5.541,6.195,6.087,5.928,7.305,9.859,12.408,13.29,30.531,30.129,29.577,28.594,26.385,29.613,26.683,22.648,18.747,20.908,23.084,19.008,18.639,19.895,19.44,18.767,18.436,18.392,15.48,13.251,9.478,9.183,7.57,10.106
24.119,35.256,4.064,5.604,9.212,16.359,17.577,15.553,0,10.938,11.111,12.099,15.235,12.339,3.713,11.579,9.947,11.306,11.335,14.555,7.063,15.052,7.845,15.564,13.437,15.707,15.14,13.239,19.397,14.51,26.81,15.959,16.221,25.32,17.129,18.59,19.069,0.428,2.289,5.568,5.679,6.356,2.093,2.77,3.745,7.804,9.554,9.907,16.666,14.802,14.197,14.116,16.254,12.859,12.666,11.935,11.881,11.29,10.28,8.652,10.201,10.548,11.202,11.094,10.935,12.312,14.866,17.415,17.352,25.421,25.019,24.467,23.484,21.275,24.503,21.573,17.538,12.981,10.82,11.073,6.997,6.628,17.187,16.732,16.059,15.728,15.684,13.995,11.766,14.485,14.19,12.577,20.271
26.477,42.652,7.512,12.928,16.608,9.993,11.211,9.187,10.938,0,1.647,5.733,8.869,5.973,13.795,5.213,5.277,4.94,4.969,8.189,14.459,8.686,15.241,9.198,12.17,9.341,13.873,11.972,13.031,14.466,29.168,15.915,16.177,27.678,17.085,18.546,19.025,10.51,12.371,12.964,12.853,12.176,8.845,8.168,7.193,3.134,4.884,8.64,10.3,8.436,7.831,7.75,9.888,6.493,6.3,5.569,5.515,4.924,3.914,2.286,0.737,4.182,4.836,4.728,4.569,5.946,8.5,11.049,11.931,27.779,27.377,26.825,25.842,23.633,26.861,23.931,19.896,15.995,18.156,18.469,14.393,14.024,17.143,16.688,16.015,15.684,15.64,12.728,10.499,8.119,7.824,6.211,13.905
26.65,42.825,7.685,13.101,16.781,10.166,11.384,9.36,11.111,1.647,0,5.906,9.042,6.146,13.968,5.386,5.45,5.113,5.142,8.362,14.632,8.859,15.414,9.371,12.343,9.514,14.046,12.145,13.204,14.639,29.341,16.088,16.35,27.851,17.258,18.719,19.198,10.683,12.544,13.137,13.026,12.349,9.018,8.341,7.366,3.307,5.057,8.813,10.473,8.609,8.004,7.923,10.061,6.666,6.473,5.742,5.688,5.097,4.087,2.459,0.91,4.355,5.009,4.901,4.742,6.119,8.673,11.222,12.104,27.952,27.55,26.998,26.015,23.806,27.034,24.104,20.069,16.168,18.329,18.642,14.566,14.197,17.316,16.861,16.188,15.857,15.813,12.901,10.672,8.292,7.997,6.384,14.078
25.775,43.813,8.673,14.089,17.769,4.588,5.806,3.782,12.099,5.733,5.906,0,3.464,0.676,14.956,1.098,6.438,2.845,2.874,6.094,15.62,6.591,16.402,7.103,11.468,7.246,13.171,11.27,10.936,13.764,28.466,15.213,15.475,26.976,16.383,17.844,18.323,11.671,13.532,14.125,14.014,13.337,10.006,9.329,8.354,4.295,6.045,9.801,4.895,3.031,2.426,2.345,4.483,1.088,0.895,0.164,0.218,0.809,1.819,3.447,4.996,2.087,2.741,2.633,2.474,3.851,6.405,8.954,9.836,27.077,26.675,26.123,25.14,22.931,26.159,23.229,19.194,15.293,17.454,19.63,15.554,15.185,16.441,15.986,15.313,14.982,14.938,12.026,9.797,6.024,5.729,4.116,8.5
28.911,46.949,11.809,17.225,20.905,6.262,7.48,5.456,15.235,8.869,9.042,3.464,0,3.812,18.092,4.234,9.574,5.981,6.01,9.23,18.756,9.727,19.538,10.239,14.604,10.382,16.307,14.406,14.072,16.9,31.602,18.349,18.611,30.112,19.519,20.98,21.459,14.807,16.668,17.261,17.15,16.473,13.142,12.465,11.49,7.431,9.181,12.937,6.569,4.705,4.1,4.019,6.157,2.762,2.569,3.3,3.354,3.945,4.955,6.583,8.132,5.223,5.877,5.769,5.61,6.987,9.541,12.09,12.972,30.213,29.811,29.259,28.276,26.067,29.295,26.365,22.33,18.429,20.59,22.766,18.69,18.321,19.577,19.122,18.449,18.118,18.074,15.162,12.933,9.16,8.865,7.252,10.174
26.015,44.053,8.913,14.329,18.009,4.936,6.154,4.13,12.339,5.973,6.146,0.676,3.812,0,15.196,1.338,6.678,3.085,3.114,6.334,15.86,6.831,16.642,7.343,11.708,7.486,13.411,11.51,11.176,14.004,28.706,15.453,15.715,27.216,16.623,18.084,18.563,11.911,13.772,14.365,14.254,13.577,10.246,9.569,8.594,4.535,6.285,10.041,5.243,3.379,2.774,2.693,4.831,1.436,1.243,0.512,0.458,1.049,2.059,3.687,5.236,2.327,2.981,2.873,2.714,4.091,6.645,9.194,10.076,27.317,26.915,26.363,25.38,23.171,26.399,23.469,19.434,15.533,17.694,19.87,15.794,15.425,16.681,16.226,15.553,15.222,15.178,12.266,10.037,6.264,5.969,4.356,8.848
23.254,34.391,6.921,4.739,8.347,19.216,20.434,18.41,3.713,13.795,13.968,14.956,18.092,15.196,0,14.436,12.804,14.163,14.192,15.334,6.198,15.241,6.98,18.421,12.572,18.564,14.275,12.374,19.351,13.645,25.945,15.094,15.356,24.455,16.264,17.725,18.204,3.285,1.424,4.703,4.814,5.491,4.95,5.627,6.602,10.661,12.411,9.042,19.523,17.659,17.054,16.973,19.111,15.716,15.523,14.792,14.738,14.147,13.137,11.509,13.058,13.405,14.059,13.951,13.792,15.169,17.723,17.369,16.487,24.556,24.154,23.602,22.619,20.41,23.638,20.708,16.673,12.116,9.955,10.208,6.132,5.763,16.322,15.867,15.194,14.863,14.819,13.13,10.901,14.674,14.969,15.434,23.128
25.255,43.293,8.153,13.569,17.249,5.358,6.576,4.552,11.579,5.213,5.386,1.098,4.234,1.338,14.436,0,5.918,2.325,2.354,5.574,15.1,6.071,15.882,6.583,10.948,6.726,12.651,10.75,10.416,13.244,27.946,14.693,14.955,26.456,15.863,17.324,17.803,11.151,13.012,13.605,13.494,12.817,9.486,8.809,7.834,3.775,5.525,9.281,5.665,3.801,3.196,3.115,5.253,1.858,1.665,0.934,0.88,0.289,1.299,2.927,4.476,1.567,2.221,2.113,1.954,3.331,5.885,8.434,9.316,26.557,26.155,25.603,24.62,22.411,25.639,22.709,18.674,14.773,16.934,19.11,15.034,14.665,15.921,15.466,14.793,14.462,14.418,11.506,9.277,5.504,5.209,3.596,9.27
21.986,38.176,6.521,8.452,12.132,10.698,11.916,9.892,9.947,5.277,5.45,6.438,9.574,6.678,12.804,5.918,0,5.645,5.674,8.894,9.983,9.391,10.765,9.903,7.679,10.046,9.382,7.481,13.736,9.975,24.677,11.424,11.686,23.187,12.594,14.055,14.534,9.519,11.38,8.488,8.377,7.7,7.854,7.177,6.202,2.143,0.393,4.149,11.005,9.141,8.536,8.455,10.593,7.198,7.005,6.274,6.22,5.629,4.619,2.991,4.54,4.887,5.541,5.433,5.274,6.651,9.205,11.754,11.594,23.288,22.886,22.334,21.351,19.142,22.37,19.44,15.405,11.504,13.665,13.993,9.917,9.548,12.652,12.197,11.524,11.193,11.149,8.237,6.008,8.824,8.529,6.916,14.61
23.873,43.02,7.88,13.296,16.976,7.105,8.323,6.299,11.306,4.94,5.113,2.845,5.981,3.085,14.163,2.325,5.645,0,0.771,4.192,14.827,4.689,15.609,5.201,9.566,5.344,11.269,9.368,9.034,11.862,26.564,13.311,13.573,25.074,14.481,15.942,16.421,10.878,12.739,13.332,13.221,12.544,9.213,8.536,7.561,3.502,5.252,9.008,7.412,5.548,4.943,4.862,7,3.605,3.412,2.681,2.627,2.036,1.026,2.654,4.203,0.758,0.839,0.53,0.371,1.949,4.503,7.052,7.934,25.175,24.773,24.221,23.238,21.029,24.257,21.327,17.292,13.391,15.552,18.837,14.761,14.392,14.539,14.084,13.411,13.08,13.036,10.124,7.895,4.122,3.827,2.214,11.017
23.584,42.915,7.909,13.325,16.871,7.134,8.352,6.328,11.335,4.969,5.142,2.874,6.01,3.114,14.192,2.354,5.674,0.771,0,3.903,14.856,4.4,15.638,4.912,9.277,5.055,10.98,9.079,8.745,11.573,26.275,13.022,13.284,24.785,14.192,15.653,16.132,10.907,12.768,13.361,13.25,12.573,9.242,8.565,7.59,3.531,5.281,9.037,7.441,5.577,4.972,4.891,7.029,3.634,3.441,2.71,2.656,2.065,1.055,2.683,4.232,0.787,0.55,0.241,0.4,1.66,4.214,6.763,7.645,24.886,24.484,23.932,22.949,20.74,23.968,21.038,17.003,13.102,15.263,18.732,14.79,14.421,14.25,13.795,13.122,12.791,12.747,9.835,7.606,3.833,3.538,1.925,11.046
20.411,39.742,11.129,10.595,13.698,10.354,11.572,9.548,14.555,8.189,8.362,6.094,9.23,6.334,15.334,5.574,8.894,4.192,3.903,0,12.126,1.227,12.908,5.495,6.104,5.108,7.807,5.906,9.328,8.4,23.102,9.849,10.111,21.612,11.019,12.48,12.959,14.127,13.91,10.631,10.52,9.843,12.462,11.785,10.81,6.751,8.501,6.292,10.661,8.797,8.192,8.111,10.249,6.854,6.661,5.93,5.876,5.285,4.275,5.903,7.452,4.007,3.353,3.662,3.821,2.243,4.797,7.346,8.228,21.713,21.311,20.759,19.776,17.567,20.795,17.865,13.83,9.929,12.09,15.559,12.06,11.691,11.077,10.622,9.949,9.618,9.574,6.662,4.433,0.66,0.365,1.978,14.266
17.926,29.063,7.585,1.531,3.019,19.88,21.098,19.074,7.063,14.459,14.632,15.62,18.756,15.86,6.198,15.1,9.983,14.827,14.856,12.126,0,12.033,1.652,16.891,9.364,16.504,11.067,9.166,16.143,8.317,20.617,9.766,10.028,19.127,10.936,12.397,12.876,6.635,4.774,1.495,1.606,2.283,5.809,6.291,7.266,11.325,9.59,5.834,20.187,18.323,17.718,17.637,19.775,16.38,16.187,15.456,15.402,14.811,13.801,12.173,13.722,14.069,14.723,14.615,14.456,13.639,16.193,14.161,13.279,19.228,18.826,18.274,17.291,15.082,18.31,15.38,11.345,6.788,4.627,4.88,0.804,0.435,10.994,10.539,9.866,9.535,9.491,9.922,7.693,11.466,11.761,13.374,23.792
20.318,39.649,11.626,10.502,13.605,10.851,12.069,10.045,15.052,8.686,8.859,6.591,9.727,6.831,15.241,6.071,9.391,4.689,4.4,1.227,12.033,0,12.815,5.992,6.011,5.605,7.714,5.813,9.825,8.307,23.009,9.756,10.018,21.519,10.926,12.387,12.866,14.624,13.817,10.538,10.427,9.75,12.959,12.282,11.307,7.248,8.998,6.199,11.158,9.294,8.689,8.608,10.746,7.351,7.158,6.427,6.373,5.782,4.772,6.4,7.949,4.504,3.85,4.159,4.318,2.74,5.294,7.843,8.725,21.62,21.218,20.666,19.683,17.474,20.702,17.772,13.737,9.836,11.997,15.466,11.967,11.598,10.984,10.529,9.856,9.525,9.481,6.569,4.34,0.567,0.862,2.475,14.763
17.97,29.107,8.367,2.313,3.063,20.662,21.88,19.856,7.845,15.241,15.414,16.402,19.538,16.642,6.98,15.882,10.765,15.609,15.638,12.908,1.652,12.815,0,17.673,10.146,17.286,11.244,9.948,16.925,8.361,20.661,9.81,10.072,19.171,10.98,12.441,12.92,7.417,5.556,2.277,2.388,3.065,6.591,7.073,8.048,12.107,10.372,6.616,20.969,19.105,18.5,18.419,20.557,17.162,16.969,16.238,16.184,15.593,14.583,12.955,14.504,14.851,15.505,15.397,15.238,14.421,16.975,14.943,14.061,19.272,18.87,18.318,17.335,15.126,18.354,15.424,11.389,6.832,4.671,4.924,0.848,1.217,11.038,10.583,9.91,9.579,9.535,10.099,8.475,12.248,12.543,14.156,24.574
22.747,42.078,12.138,15.36,16.034,11.363,12.581,10.557,15.564,9.198,9.371,7.103,10.239,7.343,18.421,6.583,9.903,5.201,4.912,5.495,16.891,5.992,17.673,0,10.869,6.647,10.143,8.242,5.229,10.736,25.438,12.185,12.447,23.948,13.355,14.816,15.295,15.136,16.997,15.396,15.285,14.608,13.471,12.794,11.819,7.76,9.51,11.057,11.67,9.806,9.201,9.12,11.258,7.863,7.67,6.939,6.885,6.294,5.284,6.912,8.461,5.016,4.362,4.671,4.83,3.252,0.698,3.247,4.129,24.049,23.647,23.095,22.112,19.903,23.131,20.201,16.166,12.265,14.426,17.895,16.825,16.456,13.413,12.958,12.285,11.954,11.91,8.998,9.198,5.425,5.13,3.517,15.275
17.649,36.98,12.383,7.833,10.936,15.728,16.946,14.922,13.437,12.17,12.343,11.468,14.604,11.708,12.572,10.948,7.679,9.566,9.277,6.104,9.364,6.011,10.146,10.869,0,10.482,5.045,3.144,10.121,5.638,20.34,7.087,7.349,18.85,8.257,9.718,10.197,13.009,11.148,7.869,7.758,7.081,11.766,11.089,12.064,9.036,7.286,3.53,16.035,14.171,13.566,13.485,15.623,12.228,12.035,11.304,11.25,10.659,9.649,9.884,11.433,9.381,8.727,9.036,9.195,7.617,10.171,8.139,7.257,18.951,18.549,17.997,17.014,14.805,18.033,15.103,11.068,7.167,9.328,12.797,9.298,8.929,8.315,7.86,7.187,6.856,6.812,3.9,1.671,5.444,5.739,7.352,19.64
24.789,44.12,12.281,14.973,18.076,11.506,12.724,10.7,15.707,9.341,9.514,7.246,10.382,7.486,18.564,6.726,10.046,5.344,5.055,5.108,16.504,5.605,17.286,6.647,10.482,0,12.185,10.284,10.48,12.778,27.48,14.227,14.489,25.99,15.397,16.858,17.337,15.279,17.14,15.009,14.898,14.221,13.614,12.937,11.962,7.903,9.653,10.67,11.813,9.949,9.344,9.263,11.401,8.006,7.813,7.082,7.028,6.437,5.427,7.055,8.604,5.159,4.505,4.814,4.973,3.395,5.949,8.498,9.38,26.091,25.689,25.137,24.154,21.945,25.173,22.243,18.208,14.307,16.468,19.937,16.438,16.069,15.455,15,14.327,13.996,13.952,11.04,8.811,5.038,4.743,3.13,15.418
14.894,34.225,14.086,9.536,8.181,17.431,18.649,16.625,15.14,13.873,14.046,13.171,16.307,13.411,14.275,12.651,9.382,11.269,10.98,7.807,11.067,7.714,11.244,10.143,5.045,12.185,0,1.901,8.878,2.883,17.585,4.332,4.594,16.095,5.502,6.963,7.442,14.712,12.851,9.572,9.461,8.784,13.469,12.792,13.767,10.739,8.989,5.233,17.738,15.874,15.269,15.188,17.326,13.931,13.738,13.007,12.953,12.362,11.352,11.587,13.136,11.084,10.43,10.739,10.898,9.32,9.445,6.896,6.014,16.196,15.794,15.242,14.259,12.05,15.278,12.348,8.313,4.412,6.573,10.042,10.396,10.632,5.56,5.105,4.432,4.101,4.057,1.145,3.374,7.147,7.442,9.055,21.343
14.505,33.836,12.185,7.635,7.792,15.53,16.748,14.724,13.239,11.972,12.145,11.27,14.406,11.51,12.374,10.75,7.481,9.368,9.079,5.906,9.166,5.813,9.948,8.242,3.144,10.284,1.901,0,6.977,2.494,17.196,3.943,4.205,15.706,5.113,6.574,7.053,12.811,10.95,7.671,7.56,6.883,11.568,10.891,11.866,8.838,7.088,3.332,15.837,13.973,13.368,13.287,15.425,12.03,11.837,11.106,11.052,10.461,9.451,9.686,11.235,9.183,8.529,8.838,8.997,7.419,7.544,4.995,4.113,15.807,15.405,14.853,13.87,11.661,14.889,11.959,7.924,4.023,6.184,9.653,9.1,8.731,5.171,4.716,4.043,3.712,3.668,0.756,1.473,5.246,5.541,7.154,19.442
21.482,40.813,15.971,14.612,14.769,15.196,16.414,14.39,19.397,13.031,13.204,10.936,14.072,11.176,19.351,10.416,13.736,9.034,8.745,9.328,16.143,9.825,16.925,5.229,10.121,10.48,8.878,6.977,0,9.471,24.173,10.92,11.182,22.683,12.09,13.551,14.03,18.969,17.927,14.648,14.537,13.86,17.304,16.627,15.652,11.593,13.343,10.309,15.503,13.639,13.034,12.953,15.091,11.696,11.503,10.772,10.718,10.127,9.117,10.745,12.294,8.849,8.195,8.504,8.663,7.085,4.531,1.982,2.864,22.784,22.382,21.83,20.847,18.638,21.866,18.936,14.901,11,13.161,16.63,16.077,15.708,12.148,11.693,11.02,10.689,10.645,7.733,8.45,9.258,8.963,7.35,19.108
12.011,31.342,14.679,8.978,5.298,18.024,19.242,17.218,14.51,14.466,14.639,13.764,16.9,14.004,13.645,13.244,9.975,11.862,11.573,8.4,8.317,8.307,8.361,10.736,5.638,12.778,2.883,2.494,9.471,0,14.702,1.449,1.711,13.212,2.619,4.08,4.559,14.082,12.221,8.942,9.053,9.377,13.256,13.385,14.36,11.332,9.582,5.826,18.331,16.467,15.862,15.781,17.919,14.524,14.331,13.6,13.546,12.955,11.945,12.18,13.729,11.677,11.023,11.332,11.491,9.913,10.038,7.489,6.607,13.313,12.911,12.359,11.376,9.167,12.395,9.465,5.43,1.529,3.69,7.159,7.513,7.882,2.677,2.222,1.549,1.218,1.174,1.738,3.967,7.74,8.035,9.648,21.936
8.379,43.642,27.332,21.278,17.598,32.726,33.944,31.92,26.81,29.168,29.341,28.466,31.602,28.706,25.945,27.946,24.677,26.564,26.275,23.102,20.617,23.009,20.661,25.438,20.34,27.48,17.585,17.196,24.173,14.702,0,13.803,13.977,3.196,13.036,10.622,11.101,26.382,24.521,21.242,21.353,22.03,25.556,26.038,27.013,26.034,24.284,20.528,33.033,31.169,30.564,30.483,32.621,29.226,29.033,28.302,28.248,27.657,26.647,26.882,28.431,26.379,25.725,26.034,26.193,24.615,24.74,22.191,21.309,1.389,1.791,2.343,3.326,5.535,8.763,5.833,9.272,13.829,15.99,19.459,19.813,20.182,12.025,12.639,13.153,13.484,13.528,16.44,18.669,22.442,22.737,24.35,36.638
11.112,32.791,16.128,10.427,6.747,19.473,20.691,18.667,15.959,15.915,16.088,15.213,18.349,15.453,15.094,14.693,11.424,13.311,13.022,9.849,9.766,9.756,9.81,12.185,7.087,14.227,4.332,3.943,10.92,1.449,13.803,0,0.812,12.313,1.72,3.181,3.66,15.531,13.67,10.391,10.502,10.826,14.705,14.834,15.809,12.781,11.031,7.275,19.78,17.916,17.311,17.23,19.368,15.973,15.78,15.049,14.995,14.404,13.394,13.629,15.178,13.126,12.472,12.781,12.94,11.362,11.487,8.938,8.056,12.414,12.012,11.46,10.477,8.268,11.496,8.566,4.531,2.978,5.139,8.608,8.962,9.331,1.778,1.323,0.65,0.319,0.275,3.187,5.416,9.189,9.484,11.097,23.385
11.286,33.053,16.39,10.689,7.009,19.735,20.953,18.929,16.221,16.177,16.35,15.475,18.611,15.715,15.356,14.955,11.686,13.573,13.284,10.111,10.028,10.018,10.072,12.447,7.349,14.489,4.594,4.205,11.182,1.711,13.977,0.812,0,12.487,1.894,3.355,3.834,15.793,13.932,10.653,10.764,11.088,14.967,15.096,16.071,13.043,11.293,7.537,20.042,18.178,17.573,17.492,19.63,16.235,16.042,15.311,15.257,14.666,13.656,13.891,15.44,13.388,12.734,13.043,13.202,11.624,11.749,9.2,8.318,12.588,12.186,11.634,10.651,8.442,11.67,8.74,4.705,3.24,5.401,8.87,9.224,9.593,1.952,1.497,0.824,0.493,0.537,3.449,5.678,9.451,9.746,11.359,23.647
6.889,42.152,25.842,19.788,16.108,31.236,32.454,30.43,25.32,27.678,27.851,26.976,30.112,27.216,24.455,26.456,23.187,25.074,24.785,21.612,19.127,21.519,19.171,23.948,18.85,25.99,16.095,15.706,22.683,13.212,3.196,12.313,12.487,0,11.546,9.132,9.611,24.892,23.031,19.752,19.863,20.54,24.066,24.548,25.523,24.544,22.794,19.038,31.543,29.679,29.074,28.993,31.131,27.736,27.543,26.812,26.758,26.167,25.157,25.392,26.941,24.889,24.235,24.544,24.703,23.125,23.25,20.701,19.819,1.807,1.405,0.853,1.836,4.045,7.273,4.343,7.782,12.339,14.5,17.969,18.323,18.692,10.535,11.149,11.663,11.994,12.038,14.95,17.179,20.952,21.247,22.86,35.148
10.345,33.961,17.298,11.597,7.917,20.643,21.861,19.837,17.129,17.085,17.258,16.383,19.519,16.623,16.264,15.863,12.594,14.481,14.192,11.019,10.936,10.926,10.98,13.355,8.257,15.397,5.502,5.113,12.09,2.619,13.036,1.72,1.894,11.546,0,2.414,2.893,16.701,14.84,11.561,11.672,11.996,15.875,16.004,16.979,13.951,12.201,8.445,20.95,19.086,18.481,18.4,20.538,17.143,16.95,16.219,16.165,15.574,14.564,14.799,16.348,14.296,13.642,13.951,14.11,12.532,12.657,10.108,9.226,11.647,11.245,10.693,9.71,7.501,10.729,7.799,3.764,4.148,6.309,9.778,10.132,10.501,1.011,0.397,1.07,1.401,1.445,4.357,6.586,10.359,10.654,12.267,24.555
7.931,35.422,18.759,13.058,9.378,22.104,23.322,21.298,18.59,18.546,18.719,17.844,20.98,18.084,17.725,17.324,14.055,15.942,15.653,12.48,12.397,12.387,12.441,14.816,9.718,16.858,6.963,6.574,13.551,4.08,10.622,3.181,3.355,9.132,2.414,0,0.479,18.162,16.301,13.022,13.133,13.457,17.336,17.465,18.44,15.412,13.662,9.906,22.411,20.547,19.942,19.861,21.999,18.604,18.411,17.68,17.626,17.035,16.025,16.26,17.809,15.757,15.103,15.412,15.571,13.993,14.118,11.569,10.687,9.233,8.831,8.279,7.296,5.087,8.315,5.385,1.35,5.609,7.77,11.239,11.593,11.962,1.403,2.017,2.531,2.862,2.906,5.818,8.047,11.82,12.115,13.728,26.016
8.41,35.901,19.238,13.537,9.857,22.583,23.801,21.777,19.069,19.025,19.198,18.323,21.459,18.563,18.204,17.803,14.534,16.421,16.132,12.959,12.876,12.866,12.92,15.295,10.197,17.337,7.442,7.053,14.03,4.559,11.101,3.66,3.834,9.611,2.893,0.479,0,18.641,16.78,13.501,13.612,13.936,17.815,17.944,18.919,15.891,14.141,10.385,22.89,21.026,20.421,20.34,22.478,19.083,18.89,18.159,18.105,17.514,16.504,16.739,18.288,16.236,15.582,15.891,16.05,14.472,14.597,12.048,11.166,9.712,9.31,8.758,7.775,5.566,8.794,5.864,1.829,6.088,8.249,11.718,12.072,12.441,1.882,2.496,3.01,3.341,3.385,6.297,8.526,12.299,12.594,14.207,26.495
23.691,34.828,3.636,5.176,8.784,15.931,17.149,15.125,0.428,10.51,10.683,11.671,14.807,11.911,3.285,11.151,9.519,10.878,10.907,14.127,6.635,14.624,7.417,15.136,13.009,15.279,14.712,12.811,18.969,14.082,26.382,15.531,15.793,24.892,16.701,18.162,18.641,0,1.861,5.14,5.251,5.928,1.665,2.342,3.317,7.376,9.126,9.479,16.238,14.374,13.769,13.688,15.826,12.431,12.238,11.507,11.453,10.862,9.852,8.224,9.773,10.12,10.774,10.666,10.507,11.884,14.438,16.987,16.924,24.993,24.591,24.039,23.056,20.847,24.075,21.145,17.11,12.553,10.392,10.645,6.569,6.2,16.759,16.304,15.631,15.3,15.256,13.567,11.338,14.057,13.762,12.149,19.843
21.83,32.967,5.497,3.315,6.923,17.792,19.01,16.986,2.289,12.371,12.544,13.532,16.668,13.772,1.424,13.012,11.38,12.739,12.768,13.91,4.774,13.817,5.556,16.997,11.148,17.14,12.851,10.95,17.927,12.221,24.521,13.67,13.932,23.031,14.84,16.301,16.78,1.861,0,3.279,3.39,4.067,3.526,4.203,5.178,9.237,10.987,7.618,18.099,16.235,15.63,15.549,17.687,14.292,14.099,13.368,13.314,12.723,11.713,10.085,11.634,11.981,12.635,12.527,12.368,13.745,16.299,15.945,15.063,23.132,22.73,22.178,21.195,18.986,22.214,19.284,15.249,10.692,8.531,8.784,4.708,4.339,14.898,14.443,13.77,13.439,13.395,11.706,9.477,13.25,13.545,14.01,21.704
18.551,29.688,6.09,0.036,3.644,18.385,19.603,17.579,5.568,12.964,13.137,14.125,17.261,14.365,4.703,13.605,8.488,13.332,13.361,10.631,1.495,10.538,2.277,15.396,7.869,15.009,9.572,7.671,14.648,8.942,21.242,10.391,10.653,19.752,11.561,13.022,13.501,5.14,3.279,0,0.111,0.788,4.314,4.796,5.771,9.83,8.095,4.339,18.692,16.828,16.223,16.142,18.28,14.885,14.692,13.961,13.907,13.316,12.306,10.678,12.227,12.574,13.228,13.12,12.961,12.144,14.698,12.666,11.784,19.853,19.451,18.899,17.916,15.707,18.935,16.005,11.97,7.413,5.252,5.505,1.429,1.06,11.619,11.164,10.491,10.16,10.116,8.427,6.198,9.971,10.266,11.879,22.297
18.662,29.799,5.979,0.075,3.755,18.274,19.492,17.468,5.679,12.853,13.026,14.014,17.15,14.254,4.814,13.494,8.377,13.221,13.25,10.52,1.606,10.427,2.388,15.285,7.758,14.898,9.461,7.56,14.537,9.053,21.353,10.502,10.764,19.863,11.672,13.133,13.612,5.251,3.39,0.111,0,0.677,4.203,4.685,5.66,9.719,7.984,4.228,18.581,16.717,16.112,16.031,18.169,14.774,14.581,13.85,13.796,13.205,12.195,10.567,12.116,12.463,13.117,13.009,12.85,12.033,14.587,12.555,11.673,19.964,19.562,19.01,18.027,15.818,19.046,16.116,12.081,7.524,5.363,5.616,1.54,1.171,11.73,11.275,10.602,10.271,10.227,8.316,6.087,9.86,10.155,11.768,22.186
19.339,30.476,5.302,0.752,4.432,17.597,18.815,16.791,6.356,12.176,12.349,13.337,16.473,13.577,5.491,12.817,7.7,12.544,12.573,9.843,2.283,9.75,3.065,14.608,7.081,14.221,8.784,6.883,13.86,9.377,22.03,10.826,11.088,20.54,11.996,13.457,13.936,5.928,4.067,0.788,0.677,0,4.685,4.008,4.983,9.042,7.307,3.551,17.904,16.04,15.435,15.354,17.492,14.097,13.904,13.173,13.119,12.528,11.518,9.89,11.439,11.786,12.44,12.332,12.173,11.356,13.91,11.878,10.996,20.641,20.239,19.687,18.704,16.495,19.723,16.793,12.758,8.201,6.04,6.293,2.217,1.848,12.054,11.599,10.926,10.595,10.551,7.639,5.41,9.183,9.478,11.091,21.509
22.865,34.002,1.971,4.278,7.958,14.266,15.484,13.46,2.093,8.845,9.018,10.006,13.142,10.246,4.95,9.486,7.854,9.213,9.242,12.462,5.809,12.959,6.591,13.471,11.766,13.614,13.469,11.568,17.304,13.256,25.556,14.705,14.967,24.066,15.875,17.336,17.815,1.665,3.526,4.314,4.203,4.685,0,0.677,1.652,5.711,7.461,8.236,14.573,12.709,12.104,12.023,14.161,10.766,10.573,9.842,9.788,9.197,8.187,6.559,8.108,8.455,9.109,9.001,8.842,10.219,12.773,15.322,15.681,24.167,23.765,23.213,22.23,20.021,23.249,20.319,16.284,11.727,9.566,9.819,5.743,5.374,15.933,15.478,14.805,14.474,14.43,12.324,10.095,12.392,12.097,10.484,18.178
23.347,34.484,1.294,4.76,8.44,13.589,14.807,12.783,2.77,8.168,8.341,9.329,12.465,9.569,5.627,8.809,7.177,8.536,8.565,11.785,6.291,12.282,7.073,12.794,11.089,12.937,12.792,10.891,16.627,13.385,26.038,14.834,15.096,24.548,16.004,17.465,17.944,2.342,4.203,4.796,4.685,4.008,0.677,0,0.975,5.034,6.784,7.559,13.896,12.032,11.427,11.346,13.484,10.089,9.896,9.165,9.111,8.52,7.51,5.882,7.431,7.778,8.432,8.324,8.165,9.542,12.096,14.645,15.004,24.649,24.247,23.695,22.712,20.503,23.731,20.801,16.766,12.209,10.048,10.301,6.225,5.856,16.062,15.607,14.934,14.603,14.559,11.647,9.418,11.715,11.42,9.807,17.501
24.322,35.459,0.319,5.735,9.415,12.614,13.832,11.808,3.745,7.193,7.366,8.354,11.49,8.594,6.602,7.834,6.202,7.561,7.59,10.81,7.266,11.307,8.048,11.819,12.064,11.962,13.767,11.866,15.652,14.36,27.013,15.809,16.071,25.523,16.979,18.44,18.919,3.317,5.178,5.771,5.66,4.983,1.652,0.975,0,4.059,5.809,8.534,12.921,11.057,10.452,10.371,12.509,9.114,8.921,8.19,8.136,7.545,6.535,4.907,6.456,6.803,7.457,7.349,7.19,8.567,11.121,13.67,14.552,25.624,25.222,24.67,23.687,21.478,24.706,21.776,17.741,13.184,11.023,11.276,7.2,6.831,17.037,16.582,15.909,15.578,15.534,12.622,10.393,10.74,10.445,8.832,16.526
23.343,39.518,4.378,9.794,13.474,8.555,9.773,7.749,7.804,3.134,3.307,4.295,7.431,4.535,10.661,3.775,2.143,3.502,3.531,6.751,11.325,7.248,12.107,7.76,9.036,7.903,10.739,8.838,11.593,11.332,26.034,12.781,13.043,24.544,13.951,15.412,15.891,7.376,9.237,9.83,9.719,9.042,5.711,5.034,4.059,0,1.75,5.506,8.862,6.998,6.393,6.312,8.45,5.055,4.862,4.131,4.077,3.486,2.476,0.848,2.397,2.744,3.398,3.29,3.131,4.508,7.062,9.611,10.493,24.645,24.243,23.691,22.708,20.499,23.727,20.797,16.762,12.861,15.022,15.335,11.259,10.89,14.009,13.554,12.881,12.55,12.506,9.594,7.365,6.681,6.386,4.773,12.467
21.593,37.783,6.128,8.059,11.739,10.305,11.523,9.499,9.554,4.884,5.057,6.045,9.181,6.285,12.411,5.525,0.393,5.252,5.281,8.501,9.59,8.998,10.372,9.51,7.286,9.653,8.989,7.088,13.343,9.582,24.284,11.031,11.293,22.794,12.201,13.662,14.141,9.126,10.987,8.095,7.984,7.307,7.461,6.784,5.809,1.75,0,3.756,10.612,8.748,8.143,8.062,10.2,6.805,6.612,5.881,5.827,5.236,4.226,2.598,4.147,4.494,5.148,5.04,4.881,6.258,8.812,11.361,11.201,22.895,22.493,21.941,20.958,18.749,21.977,19.047,15.012,11.111,13.272,13.6,9.524,9.155,12.259,11.804,11.131,10.8,10.756,7.844,5.615,8.431,8.136,6.523,14.217
17.837,34.027,8.853,4.303,7.983,14.061,15.279,13.255,9.907,8.64,8.813,9.801,12.937,10.041,9.042,9.281,4.149,9.008,9.037,6.292,5.834,6.199,6.616,11.057,3.53,10.67,5.233,3.332,10.309,5.826,20.528,7.275,7.537,19.038,8.445,9.906,10.385,9.479,7.618,4.339,4.228,3.551,8.236,7.559,8.534,5.506,3.756,0,14.368,12.504,11.899,11.818,13.956,10.561,10.368,9.637,9.583,8.992,7.982,6.354,7.903,8.25,8.904,8.796,8.637,7.805,10.359,8.327,7.445,19.139,18.737,18.185,17.202,14.993,18.221,15.291,11.256,7.355,9.516,9.844,5.768,5.399,8.503,8.048,7.375,7.044,7,4.088,1.859,5.632,5.927,7.54,17.973
30.342,48.38,13.24,18.656,22.336,4.793,3.287,6.501,16.666,10.3,10.473,4.895,6.569,5.243,19.523,5.665,11.005,7.412,7.441,10.661,20.187,11.158,20.969,11.67,16.035,11.813,17.738,15.837,15.503,18.331,33.033,19.78,20.042,31.543,20.95,22.411,22.89,16.238,18.099,18.692,18.581,17.904,14.573,13.896,12.921,8.862,10.612,14.368,0,1.864,2.469,2.55,1.964,3.807,4,4.731,4.785,5.376,6.386,8.014,9.563,6.654,7.308,7.2,7.041,8.418,10.972,13.521,14.403,31.644,31.242,30.69,29.707,27.498,30.726,27.796,23.761,19.86,22.021,24.197,20.121,19.752,21.008,20.553,19.88,19.549,19.505,16.593,14.364,10.591,10.296,8.683,3.605
28.478,46.516,11.376,16.792,20.472,2.929,2.775,4.637,14.802,8.436,8.609,3.031,4.705,3.379,17.659,3.801,9.141,5.548,5.577,8.797,18.323,9.294,19.105,9.806,14.171,9.949,15.874,13.973,13.639,16.467,31.169,17.916,18.178,29.679,19.086,20.547,21.026,14.374,16.235,16.828,16.717,16.04,12.709,12.032,11.057,6.998,8.748,12.504,1.864,0,0.605,0.686,1.452,1.943,2.136,2.867,2.921,3.512,4.522,6.15,7.699,4.79,5.444,5.336,5.177,6.554,9.108,11.657,12.539,29.78,29.378,28.826,27.843,25.634,28.862,25.932,21.897,17.996,20.157,22.333,18.257,17.888,19.144,18.689,18.016,17.685,17.641,14.729,12.5,8.727,8.432,6.819,5.469
27.873,45.911,10.771,16.187,19.867,2.324,3.38,4.032,14.197,7.831,8.004,2.426,4.1,2.774,17.054,3.196,8.536,4.943,4.972,8.192,17.718,8.689,18.5,9.201,13.566,9.344,15.269,13.368,13.034,15.862,30.564,17.311,17.573,29.074,18.481,19.942,20.421,13.769,15.63,16.223,16.112,15.435,12.104,11.427,10.452,6.393,8.143,11.899,2.469,0.605,0,0.081,2.057,1.338,1.531,2.262,2.316,2.907,3.917,5.545,7.094,4.185,4.839,4.731,4.572,5.949,8.503,11.052,11.934,29.175,28.773,28.221,27.238,25.029,28.257,25.327,21.292,17.391,19.552,21.728,17.652,17.283,18.539,18.084,17.411,17.08,17.036,14.124,11.895,8.122,7.827,6.214,6.074
27.792,45.83,10.69,16.106,19.786,2.243,3.461,3.951,14.116,7.75,7.923,2.345,4.019,2.693,16.973,3.115,8.455,4.862,4.891,8.111,17.637,8.608,18.419,9.12,13.485,9.263,15.188,13.287,12.953,15.781,30.483,17.23,17.492,28.993,18.4,19.861,20.34,13.688,15.549,16.142,16.031,15.354,12.023,11.346,10.371,6.312,8.062,11.818,2.55,0.686,0.081,0,2.138,1.257,1.45,2.181,2.235,2.826,3.836,5.464,7.013,4.104,4.758,4.65,4.491,5.868,8.422,10.971,11.853,29.094,28.692,28.14,27.157,24.948,28.176,25.246,21.211,17.31,19.471,21.647,17.571,17.202,18.458,18.003,17.33,16.999,16.955,14.043,11.814,8.041,7.746,6.133,6.155
29.93,47.968,12.828,18.244,21.924,4.381,1.323,6.089,16.254,9.888,10.061,4.483,6.157,4.831,19.111,5.253,10.593,7,7.029,10.249,19.775,10.746,20.557,11.258,15.623,11.401,17.326,15.425,15.091,17.919,32.621,19.368,19.63,31.131,20.538,21.999,22.478,15.826,17.687,18.28,18.169,17.492,14.161,13.484,12.509,8.45,10.2,13.956,1.964,1.452,2.057,2.138,0,3.395,3.588,4.319,4.373,4.964,5.974,7.602,9.151,6.242,6.896,6.788,6.629,8.006,10.56,13.109,13.991,31.232,30.83,30.278,29.295,27.086,30.314,27.384,23.349,19.448,21.609,23.785,19.709,19.34,20.596,20.141,19.468,19.137,19.093,16.181,13.952,10.179,9.884,8.271,5.569
26.535,44.573,9.433,14.849,18.529,3.5,4.718,2.694,12.859,6.493,6.666,1.088,2.762,1.436,15.716,1.858,7.198,3.605,3.634,6.854,16.38,7.351,17.162,7.863,12.228,8.006,13.931,12.03,11.696,14.524,29.226,15.973,16.235,27.736,17.143,18.604,19.083,12.431,14.292,14.885,14.774,14.097,10.766,10.089,9.114,5.055,6.805,10.561,3.807,1.943,1.338,1.257,3.395,0,0.193,0.924,0.978,1.569,2.579,4.207,5.756,2.847,3.501,3.393,3.234,4.611,7.165,9.714,10.596,27.837,27.435,26.883,25.9,23.691,26.919,23.989,19.954,16.053,18.214,20.39,16.314,15.945,17.201,16.746,16.073,15.742,15.698,12.786,10.557,6.784,6.489,4.876,7.412
26.342,44.38,9.24,14.656,18.336,3.693,4.911,2.887,12.666,6.3,6.473,0.895,2.569,1.243,15.523,1.665,7.005,3.412,3.441,6.661,16.187,7.158,16.969,7.67,12.035,7.813,13.738,11.837,11.503,14.331,29.033,15.78,16.042,27.543,16.95,18.411,18.89,12.238,14.099,14.692,14.581,13.904,10.573,9.896,8.921,4.862,6.612,10.368,4,2.136,1.531,1.45,3.588,0.193,0,0.731,0.785,1.376,2.386,4.014,5.563,2.654,3.308,3.2,3.041,4.418,6.972,9.521,10.403,27.644,27.242,26.69,25.707,23.498,26.726,23.796,19.761,15.86,18.021,20.197,16.121,15.752,17.008,16.553,15.88,15.549,15.505,12.593,10.364,6.591,6.296,4.683,7.605
25.611,43.649,8.509,13.925,17.605,4.424,5.642,3.618,11.935,5.569,5.742,0.164,3.3,0.512,14.792,0.934,6.274,2.681,2.71,5.93,15.456,6.427,16.238,6.939,11.304,7.082,13.007,11.106,10.772,13.6,28.302,15.049,15.311,26.812,16.219,17.68,18.159,11.507,13.368,13.961,13.85,13.173,9.842,9.165,8.19,4.131,5.881,9.637,4.731,2.867,2.262,2.181,4.319,0.924,0.731,0,0.054,0.645,1.655,3.283,4.832,1.923,2.577,2.469,2.31,3.687,6.241,8.79,9.672,26.913,26.511,25.959,24.976,22.767,25.995,23.065,19.03,15.129,17.29,19.466,15.39,15.021,16.277,15.822,15.149,14.818,14.774,11.862,9.633,5.86,5.565,3.952,8.336
25.557,43.595,8.455,13.871,17.551,4.478,5.696,3.672,11.881,5.515,5.688,0.218,3.354,0.458,14.738,0.88,6.22,2.627,2.656,5.876,15.402,6.373,16.184,6.885,11.25,7.028,12.953,11.052,10.718,13.546,28.248,14.995,15.257,26.758,16.165,17.626,18.105,11.453,13.314,13.907,13.796,13.119,9.788,9.111,8.136,4.077,5.827,9.583,4.785,2.921,2.316,2.235,4.373,0.978,0.785,0.054,0,0.591,1.601,3.229,4.778,1.869,2.523,2.415,2.256,3.633,6.187,8.736,9.618,26.859,26.457,25.905,24.922,22.713,25.941,23.011,18.976,15.075,17.236,19.412,15.336,14.967,16.223,15.768,15.095,14.764,14.72,11.808,9.579,5.806,5.511,3.898,8.39
24.966,43.004,7.864,13.28,16.96,5.069,6.287,4.263,11.29,4.924,5.097,0.809,3.945,1.049,14.147,0.289,5.629,2.036,2.065,5.285,14.811,5.782,15.593,6.294,10.659,6.437,12.362,10.461,10.127,12.955,27.657,14.404,14.666,26.167,15.574,17.035,17.514,10.862,12.723,13.316,13.205,12.528,9.197,8.52,7.545,3.486,5.236,8.992,5.376,3.512,2.907,2.826,4.964,1.569,1.376,0.645,0.591,0,1.01,2.638,4.187,1.278,1.932,1.824,1.665,3.042,5.596,8.145,9.027,26.268,25.866,25.314,24.331,22.122,25.35,22.42,18.385,14.484,16.645,18.821,14.745,14.376,15.632,15.177,14.504,14.173,14.129,11.217,8.988,5.215,4.92,3.307,8.981
23.956,41.994,6.854,12.27,15.95,6.079,7.297,5.273,10.28,3.914,4.087,1.819,4.955,2.059,13.137,1.299,4.619,1.026,1.055,4.275,13.801,4.772,14.583,5.284,9.649,5.427,11.352,9.451,9.117,11.945,26.647,13.394,13.656,25.157,14.564,16.025,16.504,9.852,11.713,12.306,12.195,11.518,8.187,7.51,6.535,2.476,4.226,7.982,6.386,4.522,3.917,3.836,5.974,2.579,2.386,1.655,1.601,1.01,0,1.628,3.177,0.268,0.922,0.814,0.655,2.032,4.586,7.135,8.017,25.258,24.856,24.304,23.321,21.112,24.34,21.41,17.375,13.474,15.635,17.811,13.735,13.366,14.622,14.167,13.494,13.163,13.119,10.207,7.978,4.205,3.91,2.297,9.991
24.191,40.366,5.226,10.642,14.322,7.707,8.925,6.901,8.652,2.286,2.459,3.447,6.583,3.687,11.509,2.927,2.991,2.654,2.683,5.903,12.173,6.4,12.955,6.912,9.884,7.055,11.587,9.686,10.745,12.18,26.882,13.629,13.891,25.392,14.799,16.26,16.739,8.224,10.085,10.678,10.567,9.89,6.559,5.882,4.907,0.848,2.598,6.354,8.014,6.15,5.545,5.464,7.602,4.207,4.014,3.283,3.229,2.638,1.628,0,1.549,1.896,2.55,2.442,2.283,3.66,6.214,8.763,9.645,25.493,25.091,24.539,23.556,21.347,24.575,21.645,17.61,13.709,15.87,16.183,12.107,11.738,14.857,14.402,13.729,13.398,13.354,10.442,8.213,5.833,5.538,3.925,11.619
25.74,41.915,6.775,12.191,15.871,9.256,10.474,8.45,10.201,0.737,0.91,4.996,8.132,5.236,13.058,4.476,4.54,4.203,4.232,7.452,13.722,7.949,14.504,8.461,11.433,8.604,13.136,11.235,12.294,13.729,28.431,15.178,15.44,26.941,16.348,17.809,18.288,9.773,11.634,12.227,12.116,11.439,8.108,7.431,6.456,2.397,4.147,7.903,9.563,7.699,7.094,7.013,9.151,5.756,5.563,4.832,4.778,4.187,3.177,1.549,0,3.445,4.099,3.991,3.832,5.209,7.763,10.312,11.194,27.042,26.64,26.088,25.105,22.896,26.124,23.194,19.159,15.258,17.419,17.732,13.656,13.287,16.406,15.951,15.278,14.947,14.903,11.991,9.762,7.382,7.087,5.474,13.168
23.688,42.262,7.122,12.538,16.218,6.347,7.565,5.541,10.548,4.182,4.355,2.087,5.223,2.327,13.405,1.567,4.887,0.758,0.787,4.007,14.069,4.504,14.851,5.016,9.381,5.159,11.084,9.183,8.849,11.677,26.379,13.126,13.388,24.889,14.296,15.757,16.236,10.12,11.981,12.574,12.463,11.786,8.455,7.778,6.803,2.744,4.494,8.25,6.654,4.79,4.185,4.104,6.242,2.847,2.654,1.923,1.869,1.278,0.268,1.896,3.445,0,0.654,0.546,0.387,1.764,4.318,6.867,7.749,24.99,24.588,24.036,23.053,20.844,24.072,21.142,17.107,13.206,15.367,18.079,14.003,13.634,14.354,13.899,13.226,12.895,12.851,9.939,7.71,3.937,3.642,2.029,10.259
23.034,42.365,7.776,13.192,16.321,7.001,8.219,6.195,11.202,4.836,5.009,2.741,5.877,2.981,14.059,2.221,5.541,0.839,0.55,3.353,14.723,3.85,15.505,4.362,8.727,4.505,10.43,8.529,8.195,11.023,25.725,12.472,12.734,24.235,13.642,15.103,15.582,10.774,12.635,13.228,13.117,12.44,9.109,8.432,7.457,3.398,5.148,8.904,7.308,5.444,4.839,4.758,6.896,3.501,3.308,2.577,2.523,1.932,0.922,2.55,4.099,0.654,0,0.309,0.468,1.11,3.664,6.213,7.095,24.336,23.934,23.382,22.399,20.19,23.418,20.488,16.453,12.552,14.713,18.182,14.657,14.288,13.7,13.245,12.572,12.241,12.197,9.285,7.056,3.283,2.988,1.375,10.913
23.343,42.674,7.668,13.084,16.63,6.893,8.111,6.087,11.094,4.728,4.901,2.633,5.769,2.873,13.951,2.113,5.433,0.53,0.241,3.662,14.615,4.159,15.397,4.671,9.036,4.814,10.739,8.838,8.504,11.332,26.034,12.781,13.043,24.544,13.951,15.412,15.891,10.666,12.527,13.12,13.009,12.332,9.001,8.324,7.349,3.29,5.04,8.796,7.2,5.336,4.731,4.65,6.788,3.393,3.2,2.469,2.415,1.824,0.814,2.442,3.991,0.546,0.309,0,0.159,1.419,3.973,6.522,7.404,24.645,24.243,23.691,22.708,20.499,23.727,20.797,16.762,12.861,15.022,18.491,14.549,14.18,14.009,13.554,12.881,12.55,12.506,9.594,7.365,3.592,3.297,1.684,10.805
23.502,42.649,7.509,12.925,16.605,6.734,7.952,5.928,10.935,4.569,4.742,2.474,5.61,2.714,13.792,1.954,5.274,0.371,0.4,3.821,14.456,4.318,15.238,4.83,9.195,4.973,10.898,8.997,8.663,11.491,26.193,12.94,13.202,24.703,14.11,15.571,16.05,10.507,12.368,12.961,12.85,12.173,8.842,8.165,7.19,3.131,4.881,8.637,7.041,5.177,4.572,4.491,6.629,3.234,3.041,2.31,2.256,1.665,0.655,2.283,3.832,0.387,0.468,0.159,0,1.578,4.132,6.681,7.563,24.804,24.402,23.85,22.867,20.658,23.886,20.956,16.921,13.02,15.181,18.466,14.39,14.021,14.168,13.713,13.04,12.709,12.665,9.753,7.524,3.751,3.456,1.843,10.646
21.924,41.255,8.886,12.108,15.211,8.111,9.329,7.305,12.312,5.946,6.119,3.851,6.987,4.091,15.169,3.331,6.651,1.949,1.66,2.243,13.639,2.74,14.421,3.252,7.617,3.395,9.32,7.419,7.085,9.913,24.615,11.362,11.624,23.125,12.532,13.993,14.472,11.884,13.745,12.144,12.033,11.356,10.219,9.542,8.567,4.508,6.258,7.805,8.418,6.554,5.949,5.868,8.006,4.611,4.418,3.687,3.633,3.042,2.032,3.66,5.209,1.764,1.11,1.419,1.578,0,2.554,5.103,5.985,23.226,22.824,22.272,21.289,19.08,22.308,19.378,15.343,11.442,13.603,17.072,13.573,13.204,12.59,12.135,11.462,11.131,11.087,8.175,5.946,2.173,1.878,0.265,12.023
