0,40.951,21.897,18.774,14.907,21.122,22.34,20.316,24.378,18.957,19.13,16.862,19.998,17.102,23.513,16.342,18.62,14.96,14.671,15.254,20.305,15.751,21.087,11.155,14.283,16.406,13.04,11.139,9.89,12.011,8.379,11.112,11.286,6.889,10.345,7.931,8.41,23.95,22.089,18.81,18.699,18.022,22.707,22.03,21.578,17.519,18.227,14.471,21.429,19.565,18.96,18.879,21.017,17.622,17.429,16.698,16.644,16.053,15.043,16.671,18.22,14.775,14.121,14.43,14.589,13.011,10.457,7.908,7.026,6.99,6.588,6.036,5.053,2.844,5.476,2.546,6.581,11.138,13.299,16.768,20.239,19.87,9.334,9.948,10.462,10.793,10.837,11.895,12.612,15.184,14.889,13.276,25.034
40.951,0,46.021,41.471,26.044,49.366,50.584,48.56,47.075,45.808,45.981,45.106,48.242,45.346,46.21,44.586,41.317,43.204,42.915,39.742,43.002,39.649,43.784,42.078,36.98,44.12,34.225,33.836,40.813,31.342,39.374,32.791,33.053,39.792,33.961,35.422,35.901,46.647,44.786,41.507,41.396,40.719,45.404,44.727,45.702,42.674,40.924,37.168,49.673,47.809,47.204,47.123,49.261,45.866,45.673,44.942,44.888,44.297,43.287,43.522,45.071,43.019,42.365,42.674,42.833,41.255,41.38,38.831,37.949,37.985,38.387,38.939,39.922,38.107,41.335,38.405,34.37,29.813,27.652,24.183,42.936,42.567,34.019,33.564,32.891,32.56,32.516,33.08,35.309,39.082,39.377,40.99,53.278
21.897,46.021,0,6.054,19.977,12.933,14.151,12.127,4.064,7.512,7.685,8.673,11.809,8.913,6.921,8.153,6.521,7.88,7.909,11.129,7.585,11.626,8.367,12.138,12.383,12.281,14.086,12.185,15.971,14.679,16.296,16.128,16.39,16.714,17.298,18.759,19.238,3.636,5.497,6.09,5.979,5.302,1.971,1.294,0.319,4.378,6.128,8.853,13.24,11.376,10.771,10.69,12.828,9.433,9.24,8.509,8.455,7.864,6.854,5.226,6.775,7.122,7.776,7.668,7.509,8.886,11.44,13.989,14.871,14.907,15.309,15.861,16.844,19.053,22.281,19.351,20.109,16.208,18.369,21.838,7.519,7.15,17.356,16.901,16.228,15.897,15.853,12.941,10.712,11.059,10.764,9.151,16.845
18.774,41.471,6.054,0,15.427,18.349,19.567,17.543,5.604,12.928,13.101,14.089,17.225,14.329,4.739,13.569,8.452,13.296,13.325,10.595,1.531,10.502,2.313,15.36,7.833,14.973,9.536,7.635,14.612,10.129,13.173,11.578,11.84,13.591,12.748,14.209,14.688,5.176,3.315,0.036,0.075,0.752,4.278,4.76,5.735,9.794,8.059,4.303,18.656,16.792,16.187,16.106,18.244,14.849,14.656,13.925,13.871,13.28,12.27,10.642,12.191,12.538,13.192,13.084,12.925,12.108,14.662,12.63,11.748,11.784,12.186,12.738,13.721,15.93,19.158,16.228,15.559,11.658,13.819,17.288,1.465,1.096,12.806,12.351,11.678,11.347,11.303,8.391,6.162,9.935,10.23,11.843,22.261
14.907,26.044,19.977,15.427,0,23.322,24.54,22.516,21.031,19.764,19.937,19.062,22.198,19.302,20.166,18.542,15.273,17.16,16.871,13.698,16.958,13.605,17.74,16.034,10.936,18.076,8.181,7.792,14.769,5.298,13.33,6.747,7.009,13.748,7.917,9.378,9.857,20.603,18.742,15.463,15.352,14.675,19.36,18.683,19.658,16.63,14.88,11.124,23.629,21.765,21.16,21.079,23.217,19.822,19.629,18.898,18.844,18.253,17.243,17.478,19.027,16.975,16.321,16.63,16.789,15.211,15.336,12.787,11.905,11.941,12.343,12.895,13.878,12.063,15.291,12.361,8.326,3.769,1.608,1.861,16.892,16.523,7.975,7.52,6.847,6.516,6.472,7.036,9.265,13.038,13.333,14.946,27.234
21.122,49.366,12.933,18.349,23.322,0,5.704,6.194,16.359,9.993,10.166,4.588,6.262,4.936,19.216,5.358,10.698,7.105,7.134,10.354,19.88,10.851,20.662,11.363,15.728,11.506,17.431,15.53,15.196,18.024,15.521,19.473,19.735,15.939,20.643,22.104,22.583,15.931,17.792,18.385,18.274,17.597,14.266,13.589,12.614,8.555,10.305,14.061,4.793,2.929,2.324,2.243,4.381,3.5,3.693,4.424,4.478,5.069,6.079,7.707,9.256,6.347,7.001,6.893,6.734,8.111,10.665,13.214,14.096,14.132,14.534,15.086,16.069,18.278,21.506,18.576,22.015,19.553,21.714,25.183,19.814,19.445,20.701,20.246,19.573,19.242,19.198,16.286,14.057,10.284,9.989,8.376,8.398
22.34,50.584,14.151,19.567,24.54,5.704,0,7.412,17.577,11.211,11.384,5.806,7.48,6.154,20.434,6.576,11.916,8.323,8.352,11.572,21.098,12.069,21.88,12.581,16.946,12.724,18.649,16.748,16.414,19.242,16.739,20.691,20.953,17.157,21.861,23.322,23.801,17.149,19.01,19.603,19.492,18.815,15.484,14.807,13.832,9.773,11.523,15.279,3.287,2.775,3.38,3.461,1.323,4.718,4.911,5.642,5.696,6.287,7.297,8.925,10.474,7.565,8.219,8.111,7.952,9.329,11.883,14.432,15.314,15.35,15.752,16.304,17.287,19.496,22.724,19.794,23.233,20.771,22.932,26.401,21.032,20.663,21.919,21.464,20.791,20.46,20.416,17.504,15.275,11.502,11.207,9.594,6.892
20.316,48.56,12.127,17.543,22.516,6.194,7.412,0,15.553,9.187,9.36,3.782,5.456,4.13,18.41,4.552,9.892,6.299,6.328,9.548,19.074,10.045,19.856,10.557,14.922,10.7,16.625,14.724,14.39,17.218,14.715,18.667,18.929,15.133,19.837,21.298,21.777,15.125,16.986,17.579,17.468,16.791,13.46,12.783,11.808,7.749,9.499,13.255,6.501,4.637,4.032,3.951,6.089,2.694,2.887,3.618,3.672,4.263,5.273,6.901,8.45,5.541,6.195,6.087,5.928,7.305,9.859,12.408,13.29,13.326,13.728,14.28,15.263,17.472,20.7,17.77,21.209,18.747,20.908,24.377,19.008,18.639,19.895,19.44,18.767,18.436,18.392,15.48,13.251,9.478,9.183,7.57,10.106
24.378,47.075,4.064,5.604,21.031,16.359,17.577,15.553,0,10.938,11.111,12.099,15.235,12.339,3.713,11.579,9.947,11.306,11.335,14.555,7.063,15.052,7.845,15.564,13.437,15.707,15.14,13.239,19.397,15.733,18.777,17.182,17.444,19.195,18.352,19.813,20.292,0.428,2.289,5.568,5.679,6.356,2.093,2.77,3.745,7.804,9.554,9.907,16.666,14.802,14.197,14.116,16.254,12.859,12.666,11.935,11.881,11.29,10.28,8.652,10.201,10.548,11.202,11.094,10.935,12.312,14.866,17.415,17.352,17.388,17.79,18.342,19.325,21.534,24.762,21.832,21.163,17.262,19.423,22.892,6.997,6.628,18.41,17.955,17.282,16.951,16.907,13.995,11.766,14.485,14.19,12.577,20.271
18.957,45.808,7.512,12.928,19.764,9.993,11.211,9.187,10.938,0,1.647,5.733,8.869,5.973,13.795,5.213,5.277,4.94,4.969,8.189,14.459,8.686,15.241,9.198,12.17,9.341,13.873,11.972,13.031,14.466,13.356,15.915,16.177,13.774,17.085,18.546,19.025,10.51,12.371,12.964,12.853,12.176,8.845,8.168,7.193,3.134,4.884,8.64,10.3,8.436,7.831,7.75,9.888,6.493,6.3,5.569,5.515,4.924,3.914,2.286,0.737,4.182,4.836,4.728,4.569,5.946,8.5,11.049,11.931,11.967,12.369,12.921,13.904,16.113,19.341,16.411,19.85,15.995,18.156,21.625,14.393,14.024,17.143,16.688,16.015,15.684,15.64,12.728,10.499,8.119,7.824,6.211,13.905
19.13,45.981,7.685,13.101,19.937,10.166,11.384,9.36,11.111,1.647,0,5.906,9.042,6.146,13.968,5.386,5.45,5.113,5.142,8.362,14.632,8.859,15.414,9.371,12.343,9.514,14.046,12.145,13.204,14.639,13.529,16.088,16.35,13.947,17.258,18.719,19.198,10.683,12.544,13.137,13.026,12.349,9.018,8.341,7.366,3.307,5.057,8.813,10.473,8.609,8.004,7.923,10.061,6.666,6.473,5.742,5.688,5.097,4.087,2.459,0.91,4.355,5.009,4.901,4.742,6.119,8.673,11.222,12.104,12.14,12.542,13.094,14.077,16.286,19.514,16.584,20.023,16.168,18.329,21.798,14.566,14.197,17.316,16.861,16.188,15.857,15.813,12.901,10.672,8.292,7.997,6.384,14.078
16.862,45.106,8.673,14.089,19.062,4.588,5.806,3.782,12.099,5.733,5.906,0,3.464,0.676,14.956,1.098,6.438,2.845,2.874,6.094,15.62,6.591,16.402,7.103,11.468,7.246,13.171,11.27,10.936,13.764,11.261,15.213,15.475,11.679,16.383,17.844,18.323,11.671,13.532,14.125,14.014,13.337,10.006,9.329,8.354,4.295,6.045,9.801,4.895,3.031,2.426,2.345,4.483,1.088,0.895,0.164,0.218,0.809,1.819,3.447,4.996,2.087,2.741,2.633,2.474,3.851,6.405,8.954,9.836,9.872,10.274,10.826,11.809,14.018,17.246,14.316,17.755,15.293,17.454,20.923,15.554,15.185,16.441,15.986,15.313,14.982,14.938,12.026,9.797,6.024,5.729,4.116,8.5
19.998,48.242,11.809,17.225,22.198,6.262,7.48,5.456,15.235,8.869,9.042,3.464,0,3.812,18.092,4.234,9.574,5.981,6.01,9.23,18.756,9.727,19.538,10.239,14.604,10.382,16.307,14.406,14.072,16.9,14.397,18.349,18.611,14.815,19.519,20.98,21.459,14.807,16.668,17.261,17.15,16.473,13.142,12.465,11.49,7.431,9.181,12.937,6.569,4.705,4.1,4.019,6.157,2.762,2.569,3.3,3.354,3.945,4.955,6.583,8.132,5.223,5.877,5.769,5.61,6.987,9.541,12.09,12.972,13.008,13.41,13.962,14.945,17.154,20.382,17.452,20.891,18.429,20.59,24.059,18.69,18.321,19.577,19.122,18.449,18.118,18.074,15.162,12.933,9.16,8.865,7.252,10.174
17.102,45.346,8.913,14.329,19.302,4.936,6.154,4.13,12.339,5.973,6.146,0.676,3.812,0,15.196,1.338,6.678,3.085,3.114,6.334,15.86,6.831,16.642,7.343,11.708,7.486,13.411,11.51,11.176,14.004,11.501,15.453,15.715,11.919,16.623,18.084,18.563,11.911,13.772,14.365,14.254,13.577,10.246,9.569,8.594,4.535,6.285,10.041,5.243,3.379,2.774,2.693,4.831,1.436,1.243,0.512,0.458,1.049,2.059,3.687,5.236,2.327,2.981,2.873,2.714,4.091,6.645,9.194,10.076,10.112,10.514,11.066,12.049,14.258,17.486,14.556,17.995,15.533,17.694,21.163,15.794,15.425,16.681,16.226,15.553,15.222,15.178,12.266,10.037,6.264,5.969,4.356,8.848
23.513,46.21,6.921,4.739,20.166,19.216,20.434,18.41,3.713,13.795,13.968,14.956,18.092,15.196,0,14.436,12.804,14.163,14.192,15.334,6.198,15.241,6.98,18.421,12.572,18.564,14.275,12.374,19.351,14.868,17.912,16.317,16.579,18.33,17.487,18.948,19.427,3.285,1.424,4.703,4.814,5.491,4.95,5.627,6.602,10.661,12.411,9.042,19.523,17.659,17.054,16.973,19.111,15.716,15.523,14.792,14.738,14.147,13.137,11.509,13.058,13.405,14.059,13.951,13.792,15.169,17.723,17.369,16.487,16.523,16.925,17.477,18.46,20.669,23.897,20.967,20.298,16.397,18.558,22.027,6.132,5.763,17.545,17.09,16.417,16.086,16.042,13.13,10.901,14.674,14.969,15.434,23.128
16.342,44.586,8.153,13.569,18.542,5.358,6.576,4.552,11.579,5.213,5.386,1.098,4.234,1.338,14.436,0,5.918,2.325,2.354,5.574,15.1,6.071,15.882,6.583,10.948,6.726,12.651,10.75,10.416,13.244,10.741,14.693,14.955,11.159,15.863,17.324,17.803,11.151,13.012,13.605,13.494,12.817,9.486,8.809,7.834,3.775,5.525,9.281,5.665,3.801,3.196,3.115,5.253,1.858,1.665,0.934,0.88,0.289,1.299,2.927,4.476,1.567,2.221,2.113,1.954,3.331,5.885,8.434,9.316,9.352,9.754,10.306,11.289,13.498,16.726,13.796,17.235,14.773,16.934,20.403,15.034,14.665,15.921,15.466,14.793,14.462,14.418,11.506,9.277,5.504,5.209,3.596,9.27
18.62,41.317,6.521,8.452,15.273,10.698,11.916,9.892,9.947,5.277,5.45,6.438,9.574,6.678,12.804,5.918,0,5.645,5.674,8.894,9.983,9.391,10.765,9.903,7.679,10.046,9.382,7.481,13.736,9.975,13.019,11.424,11.686,13.437,12.594,14.055,14.534,9.519,11.38,8.488,8.377,7.7,7.854,7.177,6.202,2.143,0.393,4.149,11.005,9.141,8.536,8.455,10.593,7.198,7.005,6.274,6.22,5.629,4.619,2.991,4.54,4.887,5.541,5.433,5.274,6.651,9.205,11.754,11.594,11.63,12.032,12.584,13.567,15.776,19.004,16.074,15.405,11.504,13.665,17.134,9.917,9.548,12.652,12.197,11.524,11.193,11.149,8.237,6.008,8.824,8.529,6.916,14.61
14.96,43.204,7.88,13.296,17.16,7.105,8.323,6.299,11.306,4.94,5.113,2.845,5.981,3.085,14.163,2.325,5.645,0,0.771,4.192,14.827,4.689,15.609,5.201,9.566,5.344,11.269,9.368,9.034,11.862,9.359,13.311,13.573,9.777,14.481,15.942,16.421,10.878,12.739,13.332,13.221,12.544,9.213,8.536,7.561,3.502,5.252,9.008,7.412,5.548,4.943,4.862,7,3.605,3.412,2.681,2.627,2.036,1.026,2.654,4.203,0.758,0.839,0.53,0.371,1.949,4.503,7.052,7.934,7.97,8.372,8.924,9.907,12.116,15.344,12.414,15.853,13.391,15.552,19.021,14.761,14.392,14.539,14.084,13.411,13.08,13.036,10.124,7.895,4.122,3.827,2.214,11.017
14.671,42.915,7.909,13.325,16.871,7.134,8.352,6.328,11.335,4.969,5.142,2.874,6.01,3.114,14.192,2.354,5.674,0.771,0,3.903,14.856,4.4,15.638,4.912,9.277,5.055,10.98,9.079,8.745,11.573,9.07,13.022,13.284,9.488,14.192,15.653,16.132,10.907,12.768,13.361,13.25,12.573,9.242,8.565,7.59,3.531,5.281,9.037,7.441,5.577,4.972,4.891,7.029,3.634,3.441,2.71,2.656,2.065,1.055,2.683,4.232,0.787,0.55,0.241,0.4,1.66,4.214,6.763,7.645,7.681,8.083,8.635,9.618,11.827,15.055,12.125,15.564,13.102,15.263,18.732,14.79,14.421,14.25,13.795,13.122,12.791,12.747,9.835,7.606,3.833,3.538,1.925,11.046
15.254,39.742,11.129,10.595,13.698,10.354,11.572,9.548,14.555,8.189,8.362,6.094,9.23,6.334,15.334,5.574,8.894,4.192,3.903,0,12.126,1.227,12.908,5.495,6.104,5.108,7.807,5.906,9.328,8.4,9.653,9.849,10.111,10.071,11.019,12.48,12.959,14.127,13.91,10.631,10.52,9.843,12.462,11.785,10.81,6.751,8.501,6.292,10.661,8.797,8.192,8.111,10.249,6.854,6.661,5.93,5.876,5.285,4.275,5.903,7.452,4.007,3.353,3.662,3.821,2.243,4.797,7.346,8.228,8.264,8.666,9.218,10.201,12.41,15.638,12.708,13.83,9.929,12.09,15.559,12.06,11.691,11.077,10.622,9.949,9.618,9.574,6.662,4.433,0.66,0.365,1.978,14.266
20.305,43.002,7.585,1.531,16.958,19.88,21.098,19.074,7.063,14.459,14.632,15.62,18.756,15.86,6.198,15.1,9.983,14.827,14.856,12.126,0,12.033,1.652,16.891,9.364,16.504,11.067,9.166,16.143,11.66,14.704,13.109,13.371,15.122,14.279,15.74,16.219,6.635,4.774,1.495,1.606,2.283,5.809,6.291,7.266,11.325,9.59,5.834,20.187,18.323,17.718,17.637,19.775,16.38,16.187,15.456,15.402,14.811,13.801,12.173,13.722,14.069,14.723,14.615,14.456,13.639,16.193,14.161,13.279,13.315,13.717,14.269,15.252,17.461,20.689,17.759,17.09,13.189,15.35,18.819,0.804,0.435,14.337,13.882,13.209,12.878,12.834,9.922,7.693,11.466,11.761,13.374,23.792
15.751,39.649,11.626,10.502,13.605,10.851,12.069,10.045,15.052,8.686,8.859,6.591,9.727,6.831,15.241,6.071,9.391,4.689,4.4,1.227,12.033,0,12.815,5.992,6.011,5.605,7.714,5.813,9.825,8.307,10.15,9.756,10.018,10.568,10.926,12.387,12.866,14.624,13.817,10.538,10.427,9.75,12.959,12.282,11.307,7.248,8.998,6.199,11.158,9.294,8.689,8.608,10.746,7.351,7.158,6.427,6.373,5.782,4.772,6.4,7.949,4.504,3.85,4.159,4.318,2.74,5.294,7.843,8.725,8.761,9.163,9.715,10.698,12.907,16.135,13.205,13.737,9.836,11.997,15.466,11.967,11.598,10.984,10.529,9.856,9.525,9.481,6.569,4.34,0.567,0.862,2.475,14.763
21.087,43.784,8.367,2.313,17.74,20.662,21.88,19.856,7.845,15.241,15.414,16.402,19.538,16.642,6.98,15.882,10.765,15.609,15.638,12.908,1.652,12.815,0,17.673,10.146,17.286,11.849,9.948,16.925,12.442,15.486,13.891,14.153,15.904,15.061,16.522,17.001,7.417,5.556,2.277,2.388,3.065,6.591,7.073,8.048,12.107,10.372,6.616,20.969,19.105,18.5,18.419,20.557,17.162,16.969,16.238,16.184,15.593,14.583,12.955,14.504,14.851,15.505,15.397,15.238,14.421,16.975,14.943,14.061,14.097,14.499,15.051,16.034,18.243,21.471,18.541,17.872,13.971,16.132,19.601,0.848,1.217,15.119,14.664,13.991,13.66,13.616,10.704,8.475,12.248,12.543,14.156,24.574
11.155,42.078,12.138,15.36,16.034,11.363,12.581,10.557,15.564,9.198,9.371,7.103,10.239,7.343,18.421,6.583,9.903,5.201,4.912,5.495,16.891,5.992,17.673,0,10.869,6.647,10.143,8.242,5.229,10.736,5.554,12.185,12.447,5.972,13.355,13.398,13.877,15.136,16.997,15.396,15.285,14.608,13.471,12.794,11.819,7.76,9.51,11.057,11.67,9.806,9.201,9.12,11.258,7.863,7.67,6.939,6.885,6.294,5.284,6.912,8.461,5.016,4.362,4.671,4.83,3.252,0.698,3.247,4.129,4.165,4.567,5.119,6.102,8.311,11.539,8.609,12.048,12.265,14.426,17.895,16.825,16.456,13.413,12.958,12.285,11.954,11.91,8.998,9.198,5.425,5.13,3.517,15.275
14.283,36.98,12.383,7.833,10.936,15.728,16.946,14.922,13.437,12.17,12.343,11.468,14.604,11.708,12.572,10.948,7.679,9.566,9.277,6.104,9.364,6.011,10.146,10.869,0,10.482,5.045,3.144,10.121,5.638,8.682,7.087,7.349,9.1,8.257,9.718,10.197,13.009,11.148,7.869,7.758,7.081,11.766,11.089,12.064,9.036,7.286,3.53,16.035,14.171,13.566,13.485,15.623,12.228,12.035,11.304,11.25,10.659,9.649,9.884,11.433,9.381,8.727,9.036,9.195,7.617,10.171,8.139,7.257,7.293,7.695,8.247,9.23,11.439,14.667,11.737,11.068,7.167,9.328,12.797,9.298,8.929,8.315,7.86,7.187,6.856,6.812,3.9,1.671,5.444,5.739,7.352,19.64
16.406,44.12,12.281,14.973,18.076,11.506,12.724,10.7,15.707,9.341,9.514,7.246,10.382,7.486,18.564,6.726,10.046,5.344,5.055,5.108,16.504,5.605,17.286,6.647,10.482,0,12.185,10.284,10.48,12.778,10.805,14.227,14.489,11.223,15.397,16.858,17.337,15.279,17.14,15.009,14.898,14.221,13.614,12.937,11.962,7.903,9.653,10.67,11.813,9.949,9.344,9.263,11.401,8.006,7.813,7.082,7.028,6.437,5.427,7.055,8.604,5.159,4.505,4.814,4.973,3.395,5.949,8.498,9.38,9.416,9.818,10.37,11.353,13.562,16.79,13.86,17.299,14.307,16.468,19.937,16.438,16.069,15.455,15,14.327,13.996,13.952,11.04,8.811,5.038,4.743,3.13,15.418
13.04,34.225,14.086,9.536,8.181,17.431,18.649,16.625,15.14,13.873,14.046,13.171,16.307,13.411,14.275,12.651,9.382,11.269,10.98,7.807,11.067,7.714,11.849,10.143,5.045,12.185,0,1.901,8.878,2.883,7.439,4.332,4.594,7.857,5.502,6.963,7.442,14.712,12.851,9.572,9.461,8.784,13.469,12.792,13.767,10.739,8.989,5.233,17.738,15.874,15.269,15.188,17.326,13.931,13.738,13.007,12.953,12.362,11.352,11.587,13.136,11.084,10.43,10.739,10.898,9.32,9.445,6.896,6.014,6.05,6.452,7.004,7.987,10.196,13.424,10.494,8.313,4.412,6.573,10.042,11.001,10.632,5.56,5.105,4.432,4.101,4.057,1.145,3.374,7.147,7.442,9.055,21.343
11.139,33.836,12.185,7.635,7.792,15.53,16.748,14.724,13.239,11.972,12.145,11.27,14.406,11.51,12.374,10.75,7.481,9.368,9.079,5.906,9.166,5.813,9.948,8.242,3.144,10.284,1.901,0,6.977,2.494,5.538,3.943,4.205,5.956,5.113,6.574,7.053,12.811,10.95,7.671,7.56,6.883,11.568,10.891,11.866,8.838,7.088,3.332,15.837,13.973,13.368,13.287,15.425,12.03,11.837,11.106,11.052,10.461,9.451,9.686,11.235,9.183,8.529,8.838,8.997,7.419,7.544,4.995,4.113,4.149,4.551,5.103,6.086,8.295,11.523,8.593,7.924,4.023,6.184,9.653,9.1,8.731,5.171,4.716,4.043,3.712,3.668,0.756,1.473,5.246,5.541,7.154,19.442
9.89,40.813,15.971,14.612,14.769,15.196,16.414,14.39,19.397,13.031,13.204,10.936,14.072,11.176,19.351,10.416,13.736,9.034,8.745,9.328,16.143,9.825,16.925,5.229,10.121,10.48,8.878,6.977,0,9.471,4.289,10.92,11.182,4.707,12.09,12.133,12.612,18.969,17.927,14.648,14.537,13.86,17.304,16.627,15.652,11.593,13.343,10.309,15.503,13.639,13.034,12.953,15.091,11.696,11.503,10.772,10.718,10.127,9.117,10.745,12.294,8.849,8.195,8.504,8.663,7.085,4.531,1.982,2.864,2.9,3.302,3.854,4.837,7.046,10.274,7.344,10.783,11,13.161,16.63,16.077,15.708,12.148,11.693,11.02,10.689,10.645,7.733,8.45,9.258,8.963,7.35,19.108
12.011,31.342,14.679,10.129,5.298,18.024,19.242,17.218,15.733,14.466,14.639,13.764,16.9,14.004,14.868,13.244,9.975,11.862,11.573,8.4,11.66,8.307,12.442,10.736,5.638,12.778,2.883,2.494,9.471,0,8.032,1.449,1.711,8.45,2.619,4.08,4.559,15.305,13.444,10.165,10.054,9.377,14.062,13.385,14.36,11.332,9.582,5.826,18.331,16.467,15.862,15.781,17.919,14.524,14.331,13.6,13.546,12.955,11.945,12.18,13.729,11.677,11.023,11.332,11.491,9.913,10.038,7.489,6.607,6.643,7.045,7.597,8.58,9.167,12.395,9.465,5.43,1.529,3.69,7.159,11.594,11.225,2.677,2.222,1.549,1.218,1.174,1.738,3.967,7.74,8.035,9.648,21.936
8.379,39.374,16.296,13.173,13.33,15.521,16.739,14.715,18.777,13.356,13.529,11.261,14.397,11.501,17.912,10.741,13.019,9.359,9.07,9.653,14.704,10.15,15.486,5.554,8.682,10.805,7.439,5.538,4.289,8.032,0,9.481,9.743,3.196,10.651,10.622,11.101,18.349,16.488,13.209,13.098,12.421,17.106,16.429,15.977,11.918,12.626,8.87,15.828,13.964,13.359,13.278,15.416,12.021,11.828,11.097,11.043,10.452,9.442,11.07,12.619,9.174,8.52,8.829,8.988,7.41,4.856,2.307,1.425,1.389,1.791,2.343,3.326,5.535,8.763,5.833,9.272,9.561,11.722,15.191,14.638,14.269,10.709,10.254,9.581,9.25,9.206,6.294,7.011,9.583,9.288,7.675,19.433
11.112,32.791,16.128,11.578,6.747,19.473,20.691,18.667,17.182,15.915,16.088,15.213,18.349,15.453,16.317,14.693,11.424,13.311,13.022,9.849,13.109,9.756,13.891,12.185,7.087,14.227,4.332,3.943,10.92,1.449,9.481,0,0.812,9.899,1.72,3.181,3.66,16.754,14.893,11.614,11.503,10.826,15.511,14.834,15.809,12.781,11.031,7.275,19.78,17.916,17.311,17.23,19.368,15.973,15.78,15.049,14.995,14.404,13.394,13.629,15.178,13.126,12.472,12.781,12.94,11.362,11.487,8.938,8.056,8.092,8.494,9.046,10.029,8.268,11.496,8.566,4.531,2.978,5.139,8.608,13.043,12.674,1.778,1.323,0.65,0.319,0.275,3.187,5.416,9.189,9.484,11.097,23.385
11.286,33.053,16.39,11.84,7.009,19.735,20.953,18.929,17.444,16.177,16.35,15.475,18.611,15.715,16.579,14.955,11.686,13.573,13.284,10.111,13.371,10.018,14.153,12.447,7.349,14.489,4.594,4.205,11.182,1.711,9.743,0.812,0,10.161,1.894,3.355,3.834,17.016,15.155,11.876,11.765,11.088,15.773,15.096,16.071,13.043,11.293,7.537,20.042,18.178,17.573,17.492,19.63,16.235,16.042,15.311,15.257,14.666,13.656,13.891,15.44,13.388,12.734,13.043,13.202,11.624,11.749,9.2,8.318,8.354,8.756,9.308,10.291,8.442,11.67,8.74,4.705,3.24,5.401,8.87,13.305,12.936,1.952,1.497,0.824,0.493,0.537,3.449,5.678,9.451,9.746,11.359,23.647
6.889,39.792,16.714,13.591,13.748,15.939,17.157,15.133,19.195,13.774,13.947,11.679,14.815,11.919,18.33,11.159,13.437,9.777,9.488,10.071,15.122,10.568,15.904,5.972,9.1,11.223,7.857,5.956,4.707,8.45,3.196,9.899,10.161,0,11.069,9.132,9.611,18.767,16.906,13.627,13.516,12.839,17.524,16.847,16.395,12.336,13.044,9.288,16.246,14.382,13.777,13.696,15.834,12.439,12.246,11.515,11.461,10.87,9.86,11.488,13.037,9.592,8.938,9.247,9.406,7.828,5.274,2.725,1.843,1.807,1.405,0.853,1.836,4.045,7.273,4.343,7.782,9.979,12.14,15.609,15.056,14.687,10.535,10.672,9.999,9.668,9.624,6.712,7.429,10.001,9.706,8.093,19.851
10.345,33.961,17.298,12.748,7.917,20.643,21.861,19.837,18.352,17.085,17.258,16.383,19.519,16.623,17.487,15.863,12.594,14.481,14.192,11.019,14.279,10.926,15.061,13.355,8.257,15.397,5.502,5.113,12.09,2.619,10.651,1.72,1.894,11.069,0,2.414,2.893,17.924,16.063,12.784,12.673,11.996,16.681,16.004,16.979,13.951,12.201,8.445,20.95,19.086,18.481,18.4,20.538,17.143,16.95,16.219,16.165,15.574,14.564,14.799,16.348,14.296,13.642,13.951,14.11,12.532,12.657,10.108,9.226,9.262,9.664,10.216,9.71,7.501,10.729,7.799,3.764,4.148,6.309,9.778,14.213,13.844,1.011,0.397,1.07,1.401,1.445,4.357,6.586,10.359,10.654,12.267,24.555
7.931,35.422,18.759,14.209,9.378,22.104,23.322,21.298,19.813,18.546,18.719,17.844,20.98,18.084,18.948,17.324,14.055,15.942,15.653,12.48,15.74,12.387,16.522,13.398,9.718,16.858,6.963,6.574,12.133,4.08,10.622,3.181,3.355,9.132,2.414,0,0.479,19.385,17.524,14.245,14.134,13.457,18.142,17.465,18.44,15.412,13.662,9.906,22.411,20.547,19.942,19.861,21.999,18.604,18.411,17.68,17.626,17.035,16.025,16.26,17.809,15.757,15.103,15.412,15.571,13.993,12.7,10.151,9.269,9.233,8.831,8.279,7.296,5.087,8.315,5.385,1.35,5.609,7.77,11.239,15.674,15.305,1.403,2.017,2.531,2.862,2.906,5.818,8.047,11.82,12.115,13.728,26.016
8.41,35.901,19.238,14.688,9.857,22.583,23.801,21.777,20.292,19.025,19.198,18.323,21.459,18.563,19.427,17.803,14.534,16.421,16.132,12.959,16.219,12.866,17.001,13.877,10.197,17.337,7.442,7.053,12.612,4.559,11.101,3.66,3.834,9.611,2.893,0.479,0,19.864,18.003,14.724,14.613,13.936,18.621,17.944,18.919,15.891,14.141,10.385,22.89,21.026,20.421,20.34,22.478,19.083,18.89,18.159,18.105,17.514,16.504,16.739,18.288,16.236,15.582,15.891,16.05,14.472,13.179,10.63,9.748,9.712,9.31,8.758,7.775,5.566,8.794,5.864,1.829,6.088,8.249,11.718,16.153,15.784,1.882,2.496,3.01,3.341,3.385,6.297,8.526,12.299,12.594,14.207,26.495
23.95,46.647,3.636,5.176,20.603,15.931,17.149,15.125,0.428,10.51,10.683,11.671,14.807,11.911,3.285,11.151,9.519,10.878,10.907,14.127,6.635,14.624,7.417,15.136,13.009,15.279,14.712,12.811,18.969,15.305,18.349,16.754,17.016,18.767,17.924,19.385,19.864,0,1.861,5.14,5.251,5.928,1.665,2.342,3.317,7.376,9.126,9.479,16.238,14.374,13.769,13.688,15.826,12.431,12.238,11.507,11.453,10.862,9.852,8.224,9.773,10.12,10.774,10.666,10.507,11.884,14.438,16.987,16.924,16.96,17.362,17.914,18.897,21.106,24.334,21.404,20.735,16.834,18.995,22.464,6.569,6.2,17.982,17.527,16.854,16.523,16.479,13.567,11.338,14.057,13.762,12.149,19.843
22.089,44.786,5.497,3.315,18.742,17.792,19.01,16.986,2.289,12.371,12.544,13.532,16.668,13.772,1.424,13.012,11.38,12.739,12.768,13.91,4.774,13.817,5.556,16.997,11.148,17.14,12.851,10.95,17.927,13.444,16.488,14.893,15.155,16.906,16.063,17.524,18.003,1.861,0,3.279,3.39,4.067,3.526,4.203,5.178,9.237,10.987,7.618,18.099,16.235,15.63,15.549,17.687,14.292,14.099,13.368,13.314,12.723,11.713,10.085,11.634,11.981,12.635,12.527,12.368,13.745,16.299,15.945,15.063,15.099,15.501,16.053,17.036,19.245,22.473,19.543,18.874,14.973,17.134,20.603,4.708,4.339,16.121,15.666,14.993,14.662,14.618,11.706,9.477,13.25,13.545,14.01,21.704
18.81,41.507,6.09,0.036,15.463,18.385,19.603,17.579,5.568,12.964,13.137,14.125,17.261,14.365,4.703,13.605,8.488,13.332,13.361,10.631,1.495,10.538,2.277,15.396,7.869,15.009,9.572,7.671,14.648,10.165,13.209,11.614,11.876,13.627,12.784,14.245,14.724,5.14,3.279,0,0.111,0.788,4.314,4.796,5.771,9.83,8.095,4.339,18.692,16.828,16.223,16.142,18.28,14.885,14.692,13.961,13.907,13.316,12.306,10.678,12.227,12.574,13.228,13.12,12.961,12.144,14.698,12.666,11.784,11.82,12.222,12.774,13.757,15.966,19.194,16.264,15.595,11.694,13.855,17.324,1.429,1.06,12.842,12.387,11.714,11.383,11.339,8.427,6.198,9.971,10.266,11.879,22.297
18.699,41.396,5.979,0.075,15.352,18.274,19.492,17.468,5.679,12.853,13.026,14.014,17.15,14.254,4.814,13.494,8.377,13.221,13.25,10.52,1.606,10.427,2.388,15.285,7.758,14.898,9.461,7.56,14.537,10.054,13.098,11.503,11.765,13.516,12.673,14.134,14.613,5.251,3.39,0.111,0,0.677,4.203,4.685,5.66,9.719,7.984,4.228,18.581,16.717,16.112,16.031,18.169,14.774,14.581,13.85,13.796,13.205,12.195,10.567,12.116,12.463,13.117,13.009,12.85,12.033,14.587,12.555,11.673,11.709,12.111,12.663,13.646,15.855,19.083,16.153,15.484,11.583,13.744,17.213,1.54,1.171,12.731,12.276,11.603,11.272,11.228,8.316,6.087,9.86,10.155,11.768,22.186
18.022,40.719,5.302,0.752,14.675,17.597,18.815,16.791,6.356,12.176,12.349,13.337,16.473,13.577,5.491,12.817,7.7,12.544,12.573,9.843,2.283,9.75,3.065,14.608,7.081,14.221,8.784,6.883,13.86,9.377,12.421,10.826,11.088,12.839,11.996,13.457,13.936,5.928,4.067,0.788,0.677,0,4.685,4.008,4.983,9.042,7.307,3.551,17.904,16.04,15.435,15.354,17.492,14.097,13.904,13.173,13.119,12.528,11.518,9.89,11.439,11.786,12.44,12.332,12.173,11.356,13.91,11.878,10.996,11.032,11.434,11.986,12.969,15.178,18.406,15.476,14.807,10.906,13.067,16.536,2.217,1.848,12.054,11.599,10.926,10.595,10.551,7.639,5.41,9.183,9.478,11.091,21.509
22.707,45.404,1.971,4.278,19.36,14.266,15.484,13.46,2.093,8.845,9.018,10.006,13.142,10.246,4.95,9.486,7.854,9.213,9.242,12.462,5.809,12.959,6.591,13.471,11.766,13.614,13.469,11.568,17.304,14.062,17.106,15.511,15.773,17.524,16.681,18.142,18.621,1.665,3.526,4.314,4.203,4.685,0,0.677,1.652,5.711,7.461,8.236,14.573,12.709,12.104,12.023,14.161,10.766,10.573,9.842,9.788,9.197,8.187,6.559,8.108,8.455,9.109,9.001,8.842,10.219,12.773,15.322,15.681,15.717,16.119,16.671,17.654,19.863,23.091,20.161,19.492,15.591,17.752,21.221,5.743,5.374,16.739,16.284,15.611,15.28,15.236,12.324,10.095,12.392,12.097,10.484,18.178
22.03,44.727,1.294,4.76,18.683,13.589,14.807,12.783,2.77,8.168,8.341,9.329,12.465,9.569,5.627,8.809,7.177,8.536,8.565,11.785,6.291,12.282,7.073,12.794,11.089,12.937,12.792,10.891,16.627,13.385,16.429,14.834,15.096,16.847,16.004,17.465,17.944,2.342,4.203,4.796,4.685,4.008,0.677,0,0.975,5.034,6.784,7.559,13.896,12.032,11.427,11.346,13.484,10.089,9.896,9.165,9.111,8.52,7.51,5.882,7.431,7.778,8.432,8.324,8.165,9.542,12.096,14.645,15.004,15.04,15.442,15.994,16.977,19.186,22.414,19.484,18.815,14.914,17.075,20.544,6.225,5.856,16.062,15.607,14.934,14.603,14.559,11.647,9.418,11.715,11.42,9.807,17.501
21.578,45.702,0.319,5.735,19.658,12.614,13.832,11.808,3.745,7.193,7.366,8.354,11.49,8.594,6.602,7.834,6.202,7.561,7.59,10.81,7.266,11.307,8.048,11.819,12.064,11.962,13.767,11.866,15.652,14.36,15.977,15.809,16.071,16.395,16.979,18.44,18.919,3.317,5.178,5.771,5.66,4.983,1.652,0.975,0,4.059,5.809,8.534,12.921,11.057,10.452,10.371,12.509,9.114,8.921,8.19,8.136,7.545,6.535,4.907,6.456,6.803,7.457,7.349,7.19,8.567,11.121,13.67,14.552,14.588,14.99,15.542,16.525,18.734,21.962,19.032,19.79,15.889,18.05,21.519,7.2,6.831,17.037,16.582,15.909,15.578,15.534,12.622,10.393,10.74,10.445,8.832,16.526
17.519,42.674,4.378,9.794,16.63,8.555,9.773,7.749,7.804,3.134,3.307,4.295,7.431,4.535,10.661,3.775,2.143,3.502,3.531,6.751,11.325,7.248,12.107,7.76,9.036,7.903,10.739,8.838,11.593,11.332,11.918,12.781,13.043,12.336,13.951,15.412,15.891,7.376,9.237,9.83,9.719,9.042,5.711,5.034,4.059,0,1.75,5.506,8.862,6.998,6.393,6.312,8.45,5.055,4.862,4.131,4.077,3.486,2.476,0.848,2.397,2.744,3.398,3.29,3.131,4.508,7.062,9.611,10.493,10.529,10.931,11.483,12.466,14.675,17.903,14.973,16.762,12.861,15.022,18.491,11.259,10.89,14.009,13.554,12.881,12.55,12.506,9.594,7.365,6.681,6.386,4.773,12.467
18.227,40.924,6.128,8.059,14.88,10.305,11.523,9.499,9.554,4.884,5.057,6.045,9.181,6.285,12.411,5.525,0.393,5.252,5.281,8.501,9.59,8.998,10.372,9.51,7.286,9.653,8.989,7.088,13.343,9.582,12.626,11.031,11.293,13.044,12.201,13.662,14.141,9.126,10.987,8.095,7.984,7.307,7.461,6.784,5.809,1.75,0,3.756,10.612,8.748,8.143,8.062,10.2,6.805,6.612,5.881,5.827,5.236,4.226,2.598,4.147,4.494,5.148,5.04,4.881,6.258,8.812,11.361,11.201,11.237,11.639,12.191,13.174,15.383,18.611,15.681,15.012,11.111,13.272,16.741,9.524,9.155,12.259,11.804,11.131,10.8,10.756,7.844,5.615,8.431,8.136,6.523,14.217
14.471,37.168,8.853,4.303,11.124,14.061,15.279,13.255,9.907,8.64,8.813,9.801,12.937,10.041,9.042,9.281,4.149,9.008,9.037,6.292,5.834,6.199,6.616,11.057,3.53,10.67,5.233,3.332,10.309,5.826,8.87,7.275,7.537,9.288,8.445,9.906,10.385,9.479,7.618,4.339,4.228,3.551,8.236,7.559,8.534,5.506,3.756,0,14.368,12.504,11.899,11.818,13.956,10.561,10.368,9.637,9.583,8.992,7.982,6.354,7.903,8.25,8.904,8.796,8.637,7.805,10.359,8.327,7.445,7.481,7.883,8.435,9.418,11.627,14.855,11.925,11.256,7.355,9.516,12.985,5.768,5.399,8.503,8.048,7.375,7.044,7,4.088,1.859,5.632,5.927,7.54,17.973
21.429,49.673,13.24,18.656,23.629,4.793,3.287,6.501,16.666,10.3,10.473,4.895,6.569,5.243,19.523,5.665,11.005,7.412,7.441,10.661,20.187,11.158,20.969,11.67,16.035,11.813,17.738,15.837,15.503,18.331,15.828,19.78,20.042,16.246,20.95,22.411,22.89,16.238,18.099,18.692,18.581,17.904,14.573,13.896,12.921,8.862,10.612,14.368,0,1.864,2.469,2.55,1.964,3.807,4,4.731,4.785,5.376,6.386,8.014,9.563,6.654,7.308,7.2,7.041,8.418,10.972,13.521,14.403,14.439,14.841,15.393,16.376,18.585,21.813,18.883,22.322,19.86,22.021,25.49,20.121,19.752,21.008,20.553,19.88,19.549,19.505,16.593,14.364,10.591,10.296,8.683,3.605
19.565,47.809,11.376,16.792,21.765,2.929,2.775,4.637,14.802,8.436,8.609,3.031,4.705,3.379,17.659,3.801,9.141,5.548,5.577,8.797,18.323,9.294,19.105,9.806,14.171,9.949,15.874,13.973,13.639,16.467,13.964,17.916,18.178,14.382,19.086,20.547,21.026,14.374,16.235,16.828,16.717,16.04,12.709,12.032,11.057,6.998,8.748,12.504,1.864,0,0.605,0.686,1.452,1.943,2.136,2.867,2.921,3.512,4.522,6.15,7.699,4.79,5.444,5.336,5.177,6.554,9.108,11.657,12.539,12.575,12.977,13.529,14.512,16.721,19.949,17.019,20.458,17.996,20.157,23.626,18.257,17.888,19.144,18.689,18.016,17.685,17.641,14.729,12.5,8.727,8.432,6.819,5.469
18.96,47.204,10.771,16.187,21.16,2.324,3.38,4.032,14.197,7.831,8.004,2.426,4.1,2.774,17.054,3.196,8.536,4.943,4.972,8.192,17.718,8.689,18.5,9.201,13.566,9.344,15.269,13.368,13.034,15.862,13.359,17.311,17.573,13.777,18.481,19.942,20.421,13.769,15.63,16.223,16.112,15.435,12.104,11.427,10.452,6.393,8.143,11.899,2.469,0.605,0,0.081,2.057,1.338,1.531,2.262,2.316,2.907,3.917,5.545,7.094,4.185,4.839,4.731,4.572,5.949,8.503,11.052,11.934,11.97,12.372,12.924,13.907,16.116,19.344,16.414,19.853,17.391,19.552,23.021,17.652,17.283,18.539,18.084,17.411,17.08,17.036,14.124,11.895,8.122,7.827,6.214,6.074
18.879,47.123,10.69,16.106,21.079,2.243,3.461,3.951,14.116,7.75,7.923,2.345,4.019,2.693,16.973,3.115,8.455,4.862,4.891,8.111,17.637,8.608,18.419,9.12,13.485,9.263,15.188,13.287,12.953,15.781,13.278,17.23,17.492,13.696,18.4,19.861,20.34,13.688,15.549,16.142,16.031,15.354,12.023,11.346,10.371,6.312,8.062,11.818,2.55,0.686,0.081,0,2.138,1.257,1.45,2.181,2.235,2.826,3.836,5.464,7.013,4.104,4.758,4.65,4.491,5.868,8.422,10.971,11.853,11.889,12.291,12.843,13.826,16.035,19.263,16.333,19.772,17.31,19.471,22.94,17.571,17.202,18.458,18.003,17.33,16.999,16.955,14.043,11.814,8.041,7.746,6.133,6.155
21.017,49.261,12.828,18.244,23.217,4.381,1.323,6.089,16.254,9.888,10.061,4.483,6.157,4.831,19.111,5.253,10.593,7,7.029,10.249,19.775,10.746,20.557,11.258,15.623,11.401,17.326,15.425,15.091,17.919,15.416,19.368,19.63,15.834,20.538,21.999,22.478,15.826,17.687,18.28,18.169,17.492,14.161,13.484,12.509,8.45,10.2,13.956,1.964,1.452,2.057,2.138,0,3.395,3.588,4.319,4.373,4.964,5.974,7.602,9.151,6.242,6.896,6.788,6.629,8.006,10.56,13.109,13.991,14.027,14.429,14.981,15.964,18.173,21.401,18.471,21.91,19.448,21.609,25.078,19.709,19.34,20.596,20.141,19.468,19.137,19.093,16.181,13.952,10.179,9.884,8.271,5.569
17.622,45.866,9.433,14.849,19.822,3.5,4.718,2.694,12.859,6.493,6.666,1.088,2.762,1.436,15.716,1.858,7.198,3.605,3.634,6.854,16.38,7.351,17.162,7.863,12.228,8.006,13.931,12.03,11.696,14.524,12.021,15.973,16.235,12.439,17.143,18.604,19.083,12.431,14.292,14.885,14.774,14.097,10.766,10.089,9.114,5.055,6.805,10.561,3.807,1.943,1.338,1.257,3.395,0,0.193,0.924,0.978,1.569,2.579,4.207,5.756,2.847,3.501,3.393,3.234,4.611,7.165,9.714,10.596,10.632,11.034,11.586,12.569,14.778,18.006,15.076,18.515,16.053,18.214,21.683,16.314,15.945,17.201,16.746,16.073,15.742,15.698,12.786,10.557,6.784,6.489,4.876,7.412
17.429,45.673,9.24,14.656,19.629,3.693,4.911,2.887,12.666,6.3,6.473,0.895,2.569,1.243,15.523,1.665,7.005,3.412,3.441,6.661,16.187,7.158,16.969,7.67,12.035,7.813,13.738,11.837,11.503,14.331,11.828,15.78,16.042,12.246,16.95,18.411,18.89,12.238,14.099,14.692,14.581,13.904,10.573,9.896,8.921,4.862,6.612,10.368,4,2.136,1.531,1.45,3.588,0.193,0,0.731,0.785,1.376,2.386,4.014,5.563,2.654,3.308,3.2,3.041,4.418,6.972,9.521,10.403,10.439,10.841,11.393,12.376,14.585,17.813,14.883,18.322,15.86,18.021,21.49,16.121,15.752,17.008,16.553,15.88,15.549,15.505,12.593,10.364,6.591,6.296,4.683,7.605
16.698,44.942,8.509,13.925,18.898,4.424,5.642,3.618,11.935,5.569,5.742,0.164,3.3,0.512,14.792,0.934,6.274,2.681,2.71,5.93,15.456,6.427,16.238,6.939,11.304,7.082,13.007,11.106,10.772,13.6,11.097,15.049,15.311,11.515,16.219,17.68,18.159,11.507,13.368,13.961,13.85,13.173,9.842,9.165,8.19,4.131,5.881,9.637,4.731,2.867,2.262,2.181,4.319,0.924,0.731,0,0.054,0.645,1.655,3.283,4.832,1.923,2.577,2.469,2.31,3.687,6.241,8.79,9.672,9.708,10.11,10.662,11.645,13.854,17.082,14.152,17.591,15.129,17.29,20.759,15.39,15.021,16.277,15.822,15.149,14.818,14.774,11.862,9.633,5.86,5.565,3.952,8.336
16.644,44.888,8.455,13.871,18.844,4.478,5.696,3.672,11.881,5.515,5.688,0.218,3.354,0.458,14.738,0.88,6.22,2.627,2.656,5.876,15.402,6.373,16.184,6.885,11.25,7.028,12.953,11.052,10.718,13.546,11.043,14.995,15.257,11.461,16.165,17.626,18.105,11.453,13.314,13.907,13.796,13.119,9.788,9.111,8.136,4.077,5.827,9.583,4.785,2.921,2.316,2.235,4.373,0.978,0.785,0.054,0,0.591,1.601,3.229,4.778,1.869,2.523,2.415,2.256,3.633,6.187,8.736,9.618,9.654,10.056,10.608,11.591,13.8,17.028,14.098,17.537,15.075,17.236,20.705,15.336,14.967,16.223,15.768,15.095,14.764,14.72,11.808,9.579,5.806,5.511,3.898,8.39
16.053,44.297,7.864,13.28,18.253,5.069,6.287,4.263,11.29,4.924,5.097,0.809,3.945,1.049,14.147,0.289,5.629,2.036,2.065,5.285,14.811,5.782,15.593,6.294,10.659,6.437,12.362,10.461,10.127,12.955,10.452,14.404,14.666,10.87,15.574,17.035,17.514,10.862,12.723,13.316,13.205,12.528,9.197,8.52,7.545,3.486,5.236,8.992,5.376,3.512,2.907,2.826,4.964,1.569,1.376,0.645,0.591,0,1.01,2.638,4.187,1.278,1.932,1.824,1.665,3.042,5.596,8.145,9.027,9.063,9.465,10.017,11,13.209,16.437,13.507,16.946,14.484,16.645,20.114,14.745,14.376,15.632,15.177,14.504,14.173,14.129,11.217,8.988,5.215,4.92,3.307,8.981
15.043,43.287,6.854,12.27,17.243,6.079,7.297,5.273,10.28,3.914,4.087,1.819,4.955,2.059,13.137,1.299,4.619,1.026,1.055,4.275,13.801,4.772,14.583,5.284,9.649,5.427,11.352,9.451,9.117,11.945,9.442,13.394,13.656,9.86,14.564,16.025,16.504,9.852,11.713,12.306,12.195,11.518,8.187,7.51,6.535,2.476,4.226,7.982,6.386,4.522,3.917,3.836,5.974,2.579,2.386,1.655,1.601,1.01,0,1.628,3.177,0.268,0.922,0.814,0.655,2.032,4.586,7.135,8.017,8.053,8.455,9.007,9.99,12.199,15.427,12.497,15.936,13.474,15.635,19.104,13.735,13.366,14.622,14.167,13.494,13.163,13.119,10.207,7.978,4.205,3.91,2.297,9.991
16.671,43.522,5.226,10.642,17.478,7.707,8.925,6.901,8.652,2.286,2.459,3.447,6.583,3.687,11.509,2.927,2.991,2.654,2.683,5.903,12.173,6.4,12.955,6.912,9.884,7.055,11.587,9.686,10.745,12.18,11.07,13.629,13.891,11.488,14.799,16.26,16.739,8.224,10.085,10.678,10.567,9.89,6.559,5.882,4.907,0.848,2.598,6.354,8.014,6.15,5.545,5.464,7.602,4.207,4.014,3.283,3.229,2.638,1.628,0,1.549,1.896,2.55,2.442,2.283,3.66,6.214,8.763,9.645,9.681,10.083,10.635,11.618,13.827,17.055,14.125,17.564,13.709,15.87,19.339,12.107,11.738,14.857,14.402,13.729,13.398,13.354,10.442,8.213,5.833,5.538,3.925,11.619
18.22,45.071,6.775,12.191,19.027,9.256,10.474,8.45,10.201,0.737,0.91,4.996,8.132,5.236,13.058,4.476,4.54,4.203,4.232,7.452,13.722,7.949,14.504,8.461,11.433,8.604,13.136,11.235,12.294,13.729,12.619,15.178,15.44,13.037,16.348,17.809,18.288,9.773,11.634,12.227,12.116,11.439,8.108,7.431,6.456,2.397,4.147,7.903,9.563,7.699,7.094,7.013,9.151,5.756,5.563,4.832,4.778,4.187,3.177,1.549,0,3.445,4.099,3.991,3.832,5.209,7.763,10.312,11.194,11.23,11.632,12.184,13.167,15.376,18.604,15.674,19.113,15.258,17.419,20.888,13.656,13.287,16.406,15.951,15.278,14.947,14.903,11.991,9.762,7.382,7.087,5.474,13.168
14.775,43.019,7.122,12.538,16.975,6.347,7.565,5.541,10.548,4.182,4.355,2.087,5.223,2.327,13.405,1.567,4.887,0.758,0.787,4.007,14.069,4.504,14.851,5.016,9.381,5.159,11.084,9.183,8.849,11.677,9.174,13.126,13.388,9.592,14.296,15.757,16.236,10.12,11.981,12.574,12.463,11.786,8.455,7.778,6.803,2.744,4.494,8.25,6.654,4.79,4.185,4.104,6.242,2.847,2.654,1.923,1.869,1.278,0.268,1.896,3.445,0,0.654,0.546,0.387,1.764,4.318,6.867,7.749,7.785,8.187,8.739,9.722,11.931,15.159,12.229,15.668,13.206,15.367,18.836,14.003,13.634,14.354,13.899,13.226,12.895,12.851,9.939,7.71,3.937,3.642,2.029,10.259
14.121,42.365,7.776,13.192,16.321,7.001,8.219,6.195,11.202,4.836,5.009,2.741,5.877,2.981,14.059,2.221,5.541,0.839,0.55,3.353,14.723,3.85,15.505,4.362,8.727,4.505,10.43,8.529,8.195,11.023,8.52,12.472,12.734,8.938,13.642,15.103,15.582,10.774,12.635,13.228,13.117,12.44,9.109,8.432,7.457,3.398,5.148,8.904,7.308,5.444,4.839,4.758,6.896,3.501,3.308,2.577,2.523,1.932,0.922,2.55,4.099,0.654,0,0.309,0.468,1.11,3.664,6.213,7.095,7.131,7.533,8.085,9.068,11.277,14.505,11.575,15.014,12.552,14.713,18.182,14.657,14.288,13.7,13.245,12.572,12.241,12.197,9.285,7.056,3.283,2.988,1.375,10.913
14.43,42.674,7.668,13.084,16.63,6.893,8.111,6.087,11.094,4.728,4.901,2.633,5.769,2.873,13.951,2.113,5.433,0.53,0.241,3.662,14.615,4.159,15.397,4.671,9.036,4.814,10.739,8.838,8.504,11.332,8.829,12.781,13.043,9.247,13.951,15.412,15.891,10.666,12.527,13.12,13.009,12.332,9.001,8.324,7.349,3.29,5.04,8.796,7.2,5.336,4.731,4.65,6.788,3.393,3.2,2.469,2.415,1.824,0.814,2.442,3.991,0.546,0.309,0,0.159,1.419,3.973,6.522,7.404,7.44,7.842,8.394,9.377,11.586,14.814,11.884,15.323,12.861,15.022,18.491,14.549,14.18,14.009,13.554,12.881,12.55,12.506,9.594,7.365,3.592,3.297,1.684,10.805
14.589,42.833,7.509,12.925,16.789,6.734,7.952,5.928,10.935,4.569,4.742,2.474,5.61,2.714,13.792,1.954,5.274,0.371,0.4,3.821,14.456,4.318,15.238,4.83,9.195,4.973,10.898,8.997,8.663,11.491,8.988,12.94,13.202,9.406,14.11,15.571,16.05,10.507,12.368,12.961,12.85,12.173,8.842,8.165,7.19,3.131,4.881,8.637,7.041,5.177,4.572,4.491,6.629,3.234,3.041,2.31,2.256,1.665,0.655,2.283,3.832,0.387,0.468,0.159,0,1.578,4.132,6.681,7.563,7.599,8.001,8.553,9.536,11.745,14.973,12.043,15.482,13.02,15.181,18.65,14.39,14.021,14.168,13.713,13.04,12.709,12.665,9.753,7.524,3.751,3.456,1.843,10.646
13.011,41.255,8.886,12.108,15.211,8.111,9.329,7.305,12.312,5.946,6.119,3.851,6.987,4.091,15.169,3.331,6.651,1.949,1.66,2.243,13.639,2.74,14.421,3.252,7.617,3.395,9.32,7.419,7.085,9.913,7.41,11.362,11.624,7.828,12.532,13.993,14.472,11.884,13.745,12.144,12.033,11.356,10.219,9.542,8.567,4.508,6.258,7.805,8.418,6.554,5.949,5.868,8.006,4.611,4.418,3.687,3.633,3.042,2.032,3.66,5.209,1.764,1.11,1.419,1.578,0,2.554,5.103,5.985,6.021,6.423,6.975,7.958,10.167,13.395,10.465,13.904,11.442,13.603,17.072,13.573,13.204,12.59,12.135,11.462,11.131,11.087,8.175,5.946,2.173,1.878,0.265,12.023
10.457,41.38,11.44,14.662,15.336,10.665,11.883,9.859,14.866,8.5,8.673,6.405,9.541,6.645,17.723,5.885,9.205,4.503,4.214,4.797,16.193,5.294,16.975,0.698,10.171,5.949,9.445,7.544,4.531,10.038,4.856,11.487,11.749,5.274,12.657,12.7,13.179,14.438,16.299,14.698,14.587,13.91,12.773,12.096,11.121,7.062,8.812,10.359,10.972,9.108,8.503,8.422,10.56,7.165,6.972,6.241,6.187,5.596,4.586,6.214,7.763,4.318,3.664,3.973,4.132,2.554,0,2.549,3.431,3.467,3.869,4.421,5.404,7.613,10.841,7.911,11.35,11.567,13.728,17.197,16.127,15.758,12.715,12.26,11.587,11.256,11.212,8.3,8.5,4.727,4.432,2.819,14.577
