0,40.951,23.324,18.587,14.907,21.122,22.34,20.316,24.119,23.111,23.284,16.862,19.998,17.102,23.254,16.342,18.62,14.96,14.671,15.254,17.926,15.751,17.97,11.155,14.283,16.406,13.04,11.139,9.89,12.011,8.379,11.112,11.286,6.889,10.345,7.931,8.41,23.691,21.83,18.551,18.662,18.022,22.707,22.03,23.005,19.977,18.227,14.471,21.429,19.565,18.96,18.879,21.017,17.622,17.429,16.698,16.644,16.053,15.043,20.825,22.374,14.775,14.121,14.43,14.589,13.011,10.457,7.908,7.026,6.99,6.588,6.036,5.053,2.844,5.476,2.546,6.581,11.138,13.299,16.768,17.122,17.491,9.334,9.948,10.462,10.793,10.837,11.895,12.612,15.184,14.889,13.276,25.034
40.951,0,35.778,29.724,26.044,49.366,50.584,48.56,35.256,42.652,42.825,45.106,48.242,45.346,34.391,44.586,38.176,43.204,42.915,39.742,29.063,39.649,29.107,42.078,36.98,44.12,34.225,33.836,40.813,31.342,39.374,32.791,33.053,39.792,33.961,35.422,35.901,34.828,32.967,29.688,29.799,30.476,34.002,34.484,35.459,39.518,37.783,34.027,49.673,47.809,47.204,47.123,49.261,45.866,45.673,44.942,44.888,44.297,43.287,40.366,41.915,43.019,42.365,42.674,42.833,41.255,41.38,38.831,37.949,37.985,38.387,38.939,39.922,38.107,41.335,38.405,34.37,29.813,27.652,24.183,28.259,28.628,34.019,33.564,32.891,32.56,32.516,33.08,35.309,39.082,39.377,40.99,53.278
23.324,35.778,0,6.054,9.734,24.769,25.987,23.963,4.064,7.512,7.685,20.509,23.645,20.749,6.921,19.989,6.521,18.607,18.318,15.145,7.585,15.052,8.367,19.91,12.383,19.523,14.086,12.185,19.162,14.679,17.723,16.128,16.39,18.141,17.298,18.759,19.238,3.636,5.497,6.09,5.979,5.302,1.971,1.294,0.319,4.378,6.128,8.853,25.076,23.212,22.607,22.526,24.664,21.269,21.076,20.345,20.291,19.7,18.69,5.226,6.775,18.422,17.768,18.077,18.236,16.658,19.212,17.18,16.298,16.334,16.736,17.288,18.271,20.48,23.708,20.778,18.06,13.503,11.342,11.595,7.519,7.15,17.356,16.901,16.228,15.897,15.853,12.941,10.712,14.485,14.78,16.393,28.681
18.587,29.724,6.054,0,3.68,20.219,21.437,19.413,5.604,12.928,13.101,15.959,19.095,16.199,4.739,15.439,8.452,14.057,13.768,10.595,1.531,10.502,2.313,15.36,7.833,14.973,9.536,7.635,14.612,8.978,13.173,10.427,10.689,13.591,11.597,13.058,13.537,5.176,3.315,0.036,0.075,0.752,4.278,4.76,5.735,9.794,8.059,4.303,20.526,18.662,18.057,17.976,20.114,16.719,16.526,15.795,15.741,15.15,14.14,10.642,12.191,13.872,13.218,13.527,13.686,12.108,14.662,12.63,11.748,11.784,12.186,12.738,13.721,15.743,18.971,16.041,12.006,7.449,5.288,5.541,1.465,1.096,11.655,11.2,10.527,10.196,10.152,8.391,6.162,9.935,10.23,11.843,24.131
14.907,26.044,9.734,3.68,0,23.322,24.54,22.516,9.212,16.608,16.781,19.062,22.198,19.302,8.347,18.542,12.132,17.16,16.871,13.698,3.019,13.605,3.063,16.034,10.936,18.076,8.181,7.792,14.769,5.298,13.33,6.747,7.009,13.748,7.917,9.378,9.857,8.784,6.923,3.644,3.755,4.432,7.958,8.44,9.415,13.474,11.739,7.983,23.629,21.765,21.16,21.079,23.217,19.822,19.629,18.898,18.844,18.253,17.243,14.322,15.871,16.975,16.321,16.63,16.789,15.211,15.336,12.787,11.905,11.941,12.343,12.895,13.878,12.063,15.291,12.361,8.326,3.769,1.608,1.861,2.215,2.584,7.975,7.52,6.847,6.516,6.472,7.036,9.265,13.038,13.333,14.946,27.234
21.122,49.366,24.769,20.219,23.322,0,5.704,6.194,25.823,24.556,24.729,4.588,6.262,4.936,24.958,5.358,20.065,7.105,7.134,10.354,21.75,10.851,22.532,11.363,15.728,11.506,17.431,15.53,15.196,18.024,15.521,19.473,19.735,15.939,20.643,22.104,22.583,25.395,23.534,20.255,20.144,19.467,24.152,23.475,24.45,21.422,19.672,15.916,4.793,2.929,2.324,2.243,4.381,3.5,3.693,4.424,4.478,5.069,6.079,22.27,23.819,6.347,7.001,6.893,6.734,8.111,10.665,13.214,14.096,14.132,14.534,15.086,16.069,18.278,21.506,18.576,22.015,19.553,21.714,25.183,21.684,21.315,20.701,20.246,19.573,19.242,19.198,16.286,14.057,10.284,9.989,8.376,8.398
22.34,50.584,25.987,21.437,24.54,5.704,0,7.412,27.041,25.774,25.947,5.806,7.48,6.154,26.176,6.576,21.283,8.323,8.352,11.572,22.968,12.069,23.75,12.581,16.946,12.724,18.649,16.748,16.414,19.242,16.739,20.691,20.953,17.157,21.861,23.322,23.801,26.613,24.752,21.473,21.362,20.685,25.37,24.693,25.668,22.64,20.89,17.134,3.287,2.775,3.38,3.461,1.323,4.718,4.911,5.642,5.696,6.287,7.297,23.488,25.037,7.565,8.219,8.111,7.952,9.329,11.883,14.432,15.314,15.35,15.752,16.304,17.287,19.496,22.724,19.794,23.233,20.771,22.932,26.401,22.902,22.533,21.919,21.464,20.791,20.46,20.416,17.504,15.275,11.502,11.207,9.594,6.892
20.316,48.56,23.963,19.413,22.516,6.194,7.412,0,25.017,23.75,23.923,3.782,5.456,4.13,24.152,4.552,19.259,6.299,6.328,9.548,20.944,10.045,21.726,10.557,14.922,10.7,16.625,14.724,14.39,17.218,14.715,18.667,18.929,15.133,19.837,21.298,21.777,24.589,22.728,19.449,19.338,18.661,23.346,22.669,23.644,20.616,18.866,15.11,6.501,4.637,4.032,3.951,6.089,2.694,2.887,3.618,3.672,4.263,5.273,21.464,23.013,5.541,6.195,6.087,5.928,7.305,9.859,12.408,13.29,13.326,13.728,14.28,15.263,17.472,20.7,17.77,21.209,18.747,20.908,24.377,20.878,20.509,19.895,19.44,18.767,18.436,18.392,15.48,13.251,9.478,9.183,7.57,10.106
24.119,35.256,4.064,5.604,9.212,25.823,27.041,25.017,0,10.938,11.111,21.563,24.699,21.803,3.713,21.043,9.947,19.661,19.372,16.199,7.063,16.106,7.845,20.964,13.437,20.577,15.14,13.239,20.216,14.51,18.777,15.959,16.221,19.195,17.129,18.59,19.069,0.428,2.289,5.568,5.679,6.356,2.093,2.77,3.745,7.804,9.554,9.907,26.13,24.266,23.661,23.58,25.718,22.323,22.13,21.399,21.345,20.754,19.744,8.652,10.201,19.476,18.822,19.131,19.29,17.712,20.266,18.234,17.352,17.388,17.79,18.342,19.325,21.275,24.503,21.573,17.538,12.981,10.82,11.073,6.997,6.628,17.187,16.732,16.059,15.728,15.684,13.995,11.766,15.539,15.834,17.447,29.735
23.111,42.652,7.512,12.928,16.608,24.556,25.774,23.75,10.938,0,1.647,20.296,23.432,20.536,13.795,19.776,5.277,18.394,18.105,14.932,14.459,14.839,15.241,19.697,12.17,19.31,13.873,11.972,18.949,14.466,17.51,15.915,16.177,17.928,17.085,18.546,19.025,10.51,12.371,12.964,12.853,12.176,8.845,8.168,7.193,3.134,4.884,8.64,24.863,22.999,22.394,22.313,24.451,21.056,20.863,20.132,20.078,19.487,18.477,2.286,0.737,18.209,17.555,17.864,18.023,16.445,18.999,16.967,16.085,16.121,16.523,17.075,18.058,20.267,23.495,20.565,19.896,15.995,18.156,18.469,14.393,14.024,17.143,16.688,16.015,15.684,15.64,12.728,10.499,14.272,14.567,16.18,28.468
23.284,42.825,7.685,13.101,16.781,24.729,25.947,23.923,11.111,1.647,0,20.469,23.605,20.709,13.968,19.949,5.45,18.567,18.278,15.105,14.632,15.012,15.414,19.87,12.343,19.483,14.046,12.145,19.122,14.639,17.683,16.088,16.35,18.101,17.258,18.719,19.198,10.683,12.544,13.137,13.026,12.349,9.018,8.341,7.366,3.307,5.057,8.813,25.036,23.172,22.567,22.486,24.624,21.229,21.036,20.305,20.251,19.66,18.65,2.459,0.91,18.382,17.728,18.037,18.196,16.618,19.172,17.14,16.258,16.294,16.696,17.248,18.231,20.44,23.668,20.738,20.069,16.168,18.329,18.642,14.566,14.197,17.316,16.861,16.188,15.857,15.813,12.901,10.672,14.445,14.74,16.353,28.641
16.862,45.106,20.509,15.959,19.062,4.588,5.806,3.782,21.563,20.296,20.469,0,3.464,0.676,20.698,1.098,15.805,2.845,2.874,6.094,17.49,6.591,18.272,7.103,11.468,7.246,13.171,11.27,10.936,13.764,11.261,15.213,15.475,11.679,16.383,17.844,18.323,21.135,19.274,15.995,15.884,15.207,19.892,19.215,20.19,17.162,15.412,11.656,4.895,3.031,2.426,2.345,4.483,1.088,0.895,0.164,0.218,0.809,1.819,18.01,19.559,2.087,2.741,2.633,2.474,3.851,6.405,8.954,9.836,9.872,10.274,10.826,11.809,14.018,17.246,14.316,17.755,15.293,17.454,20.923,17.424,17.055,16.441,15.986,15.313,14.982,14.938,12.026,9.797,6.024,5.729,4.116,8.5
19.998,48.242,23.645,19.095,22.198,6.262,7.48,5.456,24.699,23.432,23.605,3.464,0,3.812,23.834,4.234,18.941,5.981,6.01,9.23,20.626,9.727,21.408,10.239,14.604,10.382,16.307,14.406,14.072,16.9,14.397,18.349,18.611,14.815,19.519,20.98,21.459,24.271,22.41,19.131,19.02,18.343,23.028,22.351,23.326,20.298,18.548,14.792,6.569,4.705,4.1,4.019,6.157,2.762,2.569,3.3,3.354,3.945,4.955,21.146,22.695,5.223,5.877,5.769,5.61,6.987,9.541,12.09,12.972,13.008,13.41,13.962,14.945,17.154,20.382,17.452,20.891,18.429,20.59,24.059,20.56,20.191,19.577,19.122,18.449,18.118,18.074,15.162,12.933,9.16,8.865,7.252,10.174
17.102,45.346,20.749,16.199,19.302,4.936,6.154,4.13,21.803,20.536,20.709,0.676,3.812,0,20.938,1.338,16.045,3.085,3.114,6.334,17.73,6.831,18.512,7.343,11.708,7.486,13.411,11.51,11.176,14.004,11.501,15.453,15.715,11.919,16.623,18.084,18.563,21.375,19.514,16.235,16.124,15.447,20.132,19.455,20.43,17.402,15.652,11.896,5.243,3.379,2.774,2.693,4.831,1.436,1.243,0.512,0.458,1.049,2.059,18.25,19.799,2.327,2.981,2.873,2.714,4.091,6.645,9.194,10.076,10.112,10.514,11.066,12.049,14.258,17.486,14.556,17.995,15.533,17.694,21.163,17.664,17.295,16.681,16.226,15.553,15.222,15.178,12.266,10.037,6.264,5.969,4.356,8.848
23.254,34.391,6.921,4.739,8.347,24.958,26.176,24.152,3.713,13.795,13.968,20.698,23.834,20.938,0,20.178,12.804,18.796,18.507,15.334,6.198,15.241,6.98,20.099,12.572,19.712,14.275,12.374,19.351,13.645,17.912,15.094,15.356,18.33,16.264,17.725,18.204,3.285,1.424,4.703,4.814,5.491,4.95,5.627,6.602,10.661,12.411,9.042,25.265,23.401,22.796,22.715,24.853,21.458,21.265,20.534,20.48,19.889,18.879,11.509,13.058,18.611,17.957,18.266,18.425,16.847,19.401,17.369,16.487,16.523,16.925,17.477,18.46,20.41,23.638,20.708,16.673,12.116,9.955,10.208,6.132,5.763,16.322,15.867,15.194,14.863,14.819,13.13,10.901,14.674,14.969,16.582,28.87
16.342,44.586,19.989,15.439,18.542,5.358,6.576,4.552,21.043,19.776,19.949,1.098,4.234,1.338,20.178,0,15.285,2.325,2.354,5.574,16.97,6.071,17.752,6.583,10.948,6.726,12.651,10.75,10.416,13.244,10.741,14.693,14.955,11.159,15.863,17.324,17.803,20.615,18.754,15.475,15.364,14.687,19.372,18.695,19.67,16.642,14.892,11.136,5.665,3.801,3.196,3.115,5.253,1.858,1.665,0.934,0.88,0.289,1.299,17.49,19.039,1.567,2.221,2.113,1.954,3.331,5.885,8.434,9.316,9.352,9.754,10.306,11.289,13.498,16.726,13.796,17.235,14.773,16.934,20.403,16.904,16.535,15.921,15.466,14.793,14.462,14.418,11.506,9.277,5.504,5.209,3.596,9.27
18.62,38.176,6.521,8.452,12.132,20.065,21.283,19.259,9.947,5.277,5.45,15.805,18.941,16.045,12.804,15.285,0,13.903,13.614,10.441,9.983,10.348,10.765,15.206,7.679,14.819,9.382,7.481,14.458,9.975,13.019,11.424,11.686,13.437,12.594,14.055,14.534,9.519,11.38,8.488,8.377,7.7,7.854,7.177,6.202,2.143,0.393,4.149,20.372,18.508,17.903,17.822,19.96,16.565,16.372,15.641,15.587,14.996,13.986,2.991,4.54,13.718,13.064,13.373,13.532,11.954,14.508,12.476,11.594,11.63,12.032,12.584,13.567,15.776,19.004,16.074,15.405,11.504,13.665,13.993,9.917,9.548,12.652,12.197,11.524,11.193,11.149,8.237,6.008,9.781,10.076,11.689,23.977
14.96,43.204,18.607,14.057,17.16,7.105,8.323,6.299,19.661,18.394,18.567,2.845,5.981,3.085,18.796,2.325,13.903,0,0.771,4.192,15.588,4.689,16.37,5.201,9.566,5.344,11.269,9.368,9.034,11.862,9.359,13.311,13.573,9.777,14.481,15.942,16.421,19.233,17.372,14.093,13.982,13.305,17.99,17.313,18.288,15.26,13.51,9.754,7.412,5.548,4.943,4.862,7,3.605,3.412,2.681,2.627,2.036,1.026,16.108,17.657,0.758,0.839,0.53,0.371,1.949,4.503,7.052,7.934,7.97,8.372,8.924,9.907,12.116,15.344,12.414,15.853,13.391,15.552,19.021,15.522,15.153,14.539,14.084,13.411,13.08,13.036,10.124,7.895,4.122,3.827,2.214,11.017
14.671,42.915,18.318,13.768,16.871,7.134,8.352,6.328,19.372,18.105,18.278,2.874,6.01,3.114,18.507,2.354,13.614,0.771,0,3.903,15.299,4.4,16.081,4.912,9.277,5.055,10.98,9.079,8.745,11.573,9.07,13.022,13.284,9.488,14.192,15.653,16.132,18.944,17.083,13.804,13.693,13.016,17.701,17.024,17.999,14.971,13.221,9.465,7.441,5.577,4.972,4.891,7.029,3.634,3.441,2.71,2.656,2.065,1.055,15.819,17.368,0.787,0.55,0.241,0.4,1.66,4.214,6.763,7.645,7.681,8.083,8.635,9.618,11.827,15.055,12.125,15.564,13.102,15.263,18.732,15.233,14.864,14.25,13.795,13.122,12.791,12.747,9.835,7.606,3.833,3.538,1.925,11.046
15.254,39.742,15.145,10.595,13.698,10.354,11.572,9.548,16.199,14.932,15.105,6.094,9.23,6.334,15.334,5.574,10.441,4.192,3.903,0,12.126,1.227,12.908,5.495,6.104,5.108,7.807,5.906,9.328,8.4,9.653,9.849,10.111,10.071,11.019,12.48,12.959,15.771,13.91,10.631,10.52,9.843,14.528,13.851,14.826,11.798,10.048,6.292,10.661,8.797,8.192,8.111,10.249,6.854,6.661,5.93,5.876,5.285,4.275,12.646,14.195,4.007,3.353,3.662,3.821,2.243,4.797,7.346,8.228,8.264,8.666,9.218,10.201,12.41,15.638,12.708,13.83,9.929,12.09,15.559,12.06,11.691,11.077,10.622,9.949,9.618,9.574,6.662,4.433,0.66,0.365,1.978,14.266
17.926,29.063,7.585,1.531,3.019,21.75,22.968,20.944,7.063,14.459,14.632,17.49,20.626,17.73,6.198,16.97,9.983,15.588,15.299,12.126,0,12.033,1.652,16.891,9.364,16.504,11.067,9.166,16.143,8.317,14.704,9.766,10.028,15.122,10.936,12.397,12.876,6.635,4.774,1.495,1.606,2.283,5.809,6.291,7.266,11.325,9.59,5.834,22.057,20.193,19.588,19.507,21.645,18.25,18.057,17.326,17.272,16.681,15.671,12.173,13.722,15.403,14.749,15.058,15.217,13.639,16.193,14.161,13.279,13.315,13.717,14.269,15.252,15.082,18.31,15.38,11.345,6.788,4.627,4.88,0.804,0.435,10.994,10.539,9.866,9.535,9.491,9.922,7.693,11.466,11.761,13.374,25.662
15.751,39.649,15.052,10.502,13.605,10.851,12.069,10.045,16.106,14.839,15.012,6.591,9.727,6.831,15.241,6.071,10.348,4.689,4.4,1.227,12.033,0,12.815,5.992,6.011,5.605,7.714,5.813,9.825,8.307,10.15,9.756,10.018,10.568,10.926,12.387,12.866,15.678,13.817,10.538,10.427,9.75,14.435,13.758,14.733,11.705,9.955,6.199,11.158,9.294,8.689,8.608,10.746,7.351,7.158,6.427,6.373,5.782,4.772,12.553,14.102,4.504,3.85,4.159,4.318,2.74,5.294,7.843,8.725,8.761,9.163,9.715,10.698,12.907,16.135,13.205,13.737,9.836,11.997,15.466,11.967,11.598,10.984,10.529,9.856,9.525,9.481,6.569,4.34,0.567,0.862,2.475,14.763
17.97,29.107,8.367,2.313,3.063,22.532,23.75,21.726,7.845,15.241,15.414,18.272,21.408,18.512,6.98,17.752,10.765,16.37,16.081,12.908,1.652,12.815,0,17.673,10.146,17.286,11.244,9.948,16.925,8.361,15.486,9.81,10.072,15.904,10.98,12.441,12.92,7.417,5.556,2.277,2.388,3.065,6.591,7.073,8.048,12.107,10.372,6.616,22.839,20.975,20.37,20.289,22.427,19.032,18.839,18.108,18.054,17.463,16.453,12.955,14.504,16.185,15.531,15.84,15.999,14.421,16.975,14.943,14.061,14.097,14.499,15.051,16.034,15.126,18.354,15.424,11.389,6.832,4.671,4.924,0.848,1.217,11.038,10.583,9.91,9.579,9.535,10.099,8.475,12.248,12.543,14.156,26.444
11.155,42.078,19.91,15.36,16.034,11.363,12.581,10.557,20.964,19.697,19.87,7.103,10.239,7.343,20.099,6.583,15.206,5.201,4.912,5.495,16.891,5.992,17.673,0,10.869,6.647,10.143,8.242,5.229,10.736,5.554,12.185,12.447,5.972,13.355,13.398,13.877,20.536,18.675,15.396,15.285,14.608,19.293,18.616,19.591,16.563,14.813,11.057,11.67,9.806,9.201,9.12,11.258,7.863,7.67,6.939,6.885,6.294,5.284,17.411,18.96,5.016,4.362,4.671,4.83,3.252,0.698,3.247,4.129,4.165,4.567,5.119,6.102,8.311,11.539,8.609,12.048,12.265,14.426,17.895,16.825,16.456,13.413,12.958,12.285,11.954,11.91,8.998,9.198,5.425,5.13,3.517,15.275
14.283,36.98,12.383,7.833,10.936,15.728,16.946,14.922,13.437,12.17,12.343,11.468,14.604,11.708,12.572,10.948,7.679,9.566,9.277,6.104,9.364,6.011,10.146,10.869,0,10.482,5.045,3.144,10.121,5.638,8.682,7.087,7.349,9.1,8.257,9.718,10.197,13.009,11.148,7.869,7.758,7.081,11.766,11.089,12.064,9.036,7.286,3.53,16.035,14.171,13.566,13.485,15.623,12.228,12.035,11.304,11.25,10.659,9.649,9.884,11.433,9.381,8.727,9.036,9.195,7.617,10.171,8.139,7.257,7.293,7.695,8.247,9.23,11.439,14.667,11.737,11.068,7.167,9.328,12.797,9.298,8.929,8.315,7.86,7.187,6.856,6.812,3.9,1.671,5.444,5.739,7.352,19.64
16.406,44.12,19.523,14.973,18.076,11.506,12.724,10.7,20.577,19.31,19.483,7.246,10.382,7.486,19.712,6.726,14.819,5.344,5.055,5.108,16.504,5.605,17.286,6.647,10.482,0,12.185,10.284,10.48,12.778,10.805,14.227,14.489,11.223,15.397,16.858,17.337,20.149,18.288,15.009,14.898,14.221,18.906,18.229,19.204,16.176,14.426,10.67,11.813,9.949,9.344,9.263,11.401,8.006,7.813,7.082,7.028,6.437,5.427,17.024,18.573,5.159,4.505,4.814,4.973,3.395,5.949,8.498,9.38,9.416,9.818,10.37,11.353,13.562,16.79,13.86,17.299,14.307,16.468,19.937,16.438,16.069,15.455,15,14.327,13.996,13.952,11.04,8.811,5.038,4.743,3.13,15.418
13.04,34.225,14.086,9.536,8.181,17.431,18.649,16.625,15.14,13.873,14.046,13.171,16.307,13.411,14.275,12.651,9.382,11.269,10.98,7.807,11.067,7.714,11.244,10.143,5.045,12.185,0,1.901,8.878,2.883,7.439,4.332,4.594,7.857,5.502,6.963,7.442,14.712,12.851,9.572,9.461,8.784,13.469,12.792,13.767,10.739,8.989,5.233,17.738,15.874,15.269,15.188,17.326,13.931,13.738,13.007,12.953,12.362,11.352,11.587,13.136,11.084,10.43,10.739,10.898,9.32,9.445,6.896,6.014,6.05,6.452,7.004,7.987,10.196,13.424,10.494,8.313,4.412,6.573,10.042,10.396,10.632,5.56,5.105,4.432,4.101,4.057,1.145,3.374,7.147,7.442,9.055,21.343
11.139,33.836,12.185,7.635,7.792,15.53,16.748,14.724,13.239,11.972,12.145,11.27,14.406,11.51,12.374,10.75,7.481,9.368,9.079,5.906,9.166,5.813,9.948,8.242,3.144,10.284,1.901,0,6.977,2.494,5.538,3.943,4.205,5.956,5.113,6.574,7.053,12.811,10.95,7.671,7.56,6.883,11.568,10.891,11.866,8.838,7.088,3.332,15.837,13.973,13.368,13.287,15.425,12.03,11.837,11.106,11.052,10.461,9.451,9.686,11.235,9.183,8.529,8.838,8.997,7.419,7.544,4.995,4.113,4.149,4.551,5.103,6.086,8.295,11.523,8.593,7.924,4.023,6.184,9.653,9.1,8.731,5.171,4.716,4.043,3.712,3.668,0.756,1.473,5.246,5.541,7.154,19.442
9.89,40.813,19.162,14.612,14.769,15.196,16.414,14.39,20.216,18.949,19.122,10.936,14.072,11.176,19.351,10.416,14.458,9.034,8.745,9.328,16.143,9.825,16.925,5.229,10.121,10.48,8.878,6.977,0,9.471,4.289,10.92,11.182,4.707,12.09,12.133,12.612,19.788,17.927,14.648,14.537,13.86,18.545,17.868,18.843,15.815,14.065,10.309,15.503,13.639,13.034,12.953,15.091,11.696,11.503,10.772,10.718,10.127,9.117,16.663,18.212,8.849,8.195,8.504,8.663,7.085,4.531,1.982,2.864,2.9,3.302,3.854,4.837,7.046,10.274,7.344,10.783,11,13.161,16.63,16.077,15.708,12.148,11.693,11.02,10.689,10.645,7.733,8.45,9.258,8.963,7.35,19.108
12.011,31.342,14.679,8.978,5.298,18.024,19.242,17.218,14.51,14.466,14.639,13.764,16.9,14.004,13.645,13.244,9.975,11.862,11.573,8.4,8.317,8.307,8.361,10.736,5.638,12.778,2.883,2.494,9.471,0,8.032,1.449,1.711,8.45,2.619,4.08,4.559,14.082,12.221,8.942,9.053,9.377,13.256,13.385,14.36,11.332,9.582,5.826,18.331,16.467,15.862,15.781,17.919,14.524,14.331,13.6,13.546,12.955,11.945,12.18,13.729,11.677,11.023,11.332,11.491,9.913,10.038,7.489,6.607,6.643,7.045,7.597,8.58,9.167,12.395,9.465,5.43,1.529,3.69,7.159,7.513,7.882,2.677,2.222,1.549,1.218,1.174,1.738,3.967,7.74,8.035,9.648,21.936
8.379,39.374,17.723,13.173,13.33,15.521,16.739,14.715,18.777,17.51,17.683,11.261,14.397,11.501,17.912,10.741,13.019,9.359,9.07,9.653,14.704,10.15,15.486,5.554,8.682,10.805,7.439,5.538,4.289,8.032,0,9.481,9.743,3.196,10.651,10.622,11.101,18.349,16.488,13.209,13.098,12.421,17.106,16.429,17.404,14.376,12.626,8.87,15.828,13.964,13.359,13.278,15.416,12.021,11.828,11.097,11.043,10.452,9.442,15.224,16.773,9.174,8.52,8.829,8.988,7.41,4.856,2.307,1.425,1.389,1.791,2.343,3.326,5.535,8.763,5.833,9.272,9.561,11.722,15.191,14.638,14.269,10.709,10.254,9.581,9.25,9.206,6.294,7.011,9.583,9.288,7.675,19.433
11.112,32.791,16.128,10.427,6.747,19.473,20.691,18.667,15.959,15.915,16.088,15.213,18.349,15.453,15.094,14.693,11.424,13.311,13.022,9.849,9.766,9.756,9.81,12.185,7.087,14.227,4.332,3.943,10.92,1.449,9.481,0,0.812,9.899,1.72,3.181,3.66,15.531,13.67,10.391,10.502,10.826,14.705,14.834,15.809,12.781,11.031,7.275,19.78,17.916,17.311,17.23,19.368,15.973,15.78,15.049,14.995,14.404,13.394,13.629,15.178,13.126,12.472,12.781,12.94,11.362,11.487,8.938,8.056,8.092,8.494,9.046,10.029,8.268,11.496,8.566,4.531,2.978,5.139,8.608,8.962,9.331,1.778,1.323,0.65,0.319,0.275,3.187,5.416,9.189,9.484,11.097,23.385
11.286,33.053,16.39,10.689,7.009,19.735,20.953,18.929,16.221,16.177,16.35,15.475,18.611,15.715,15.356,14.955,11.686,13.573,13.284,10.111,10.028,10.018,10.072,12.447,7.349,14.489,4.594,4.205,11.182,1.711,9.743,0.812,0,10.161,1.894,3.355,3.834,15.793,13.932,10.653,10.764,11.088,14.967,15.096,16.071,13.043,11.293,7.537,20.042,18.178,17.573,17.492,19.63,16.235,16.042,15.311,15.257,14.666,13.656,13.891,15.44,13.388,12.734,13.043,13.202,11.624,11.749,9.2,8.318,8.354,8.756,9.308,10.291,8.442,11.67,8.74,4.705,3.24,5.401,8.87,9.224,9.593,1.952,1.497,0.824,0.493,0.537,3.449,5.678,9.451,9.746,11.359,23.647
6.889,39.792,18.141,13.591,13.748,15.939,17.157,15.133,19.195,17.928,18.101,11.679,14.815,11.919,18.33,11.159,13.437,9.777,9.488,10.071,15.122,10.568,15.904,5.972,9.1,11.223,7.857,5.956,4.707,8.45,3.196,9.899,10.161,0,11.069,9.132,9.611,18.767,16.906,13.627,13.516,12.839,17.524,16.847,17.822,14.794,13.044,9.288,16.246,14.382,13.777,13.696,15.834,12.439,12.246,11.515,11.461,10.87,9.86,15.642,17.191,9.592,8.938,9.247,9.406,7.828,5.274,2.725,1.843,1.807,1.405,0.853,1.836,4.045,7.273,4.343,7.782,9.979,12.14,15.609,15.056,14.687,10.535,10.672,9.999,9.668,9.624,6.712,7.429,10.001,9.706,8.093,19.851
10.345,33.961,17.298,11.597,7.917,20.643,21.861,19.837,17.129,17.085,17.258,16.383,19.519,16.623,16.264,15.863,12.594,14.481,14.192,11.019,10.936,10.926,10.98,13.355,8.257,15.397,5.502,5.113,12.09,2.619,10.651,1.72,1.894,11.069,0,2.414,2.893,16.701,14.84,11.561,11.672,11.996,15.875,16.004,16.979,13.951,12.201,8.445,20.95,19.086,18.481,18.4,20.538,17.143,16.95,16.219,16.165,15.574,14.564,14.799,16.348,14.296,13.642,13.951,14.11,12.532,12.657,10.108,9.226,9.262,9.664,10.216,9.71,7.501,10.729,7.799,3.764,4.148,6.309,9.778,10.132,10.501,1.011,0.397,1.07,1.401,1.445,4.357,6.586,10.359,10.654,12.267,24.555
7.931,35.422,18.759,13.058,9.378,22.104,23.322,21.298,18.59,18.546,18.719,17.844,20.98,18.084,17.725,17.324,14.055,15.942,15.653,12.48,12.397,12.387,12.441,13.398,9.718,16.858,6.963,6.574,12.133,4.08,10.622,3.181,3.355,9.132,2.414,0,0.479,18.162,16.301,13.022,13.133,13.457,17.336,17.465,18.44,15.412,13.662,9.906,22.411,20.547,19.942,19.861,21.999,18.604,18.411,17.68,17.626,17.035,16.025,16.26,17.809,15.757,15.103,15.412,15.571,13.993,12.7,10.151,9.269,9.233,8.831,8.279,7.296,5.087,8.315,5.385,1.35,5.609,7.77,11.239,11.593,11.962,1.403,2.017,2.531,2.862,2.906,5.818,8.047,11.82,12.115,13.728,26.016
8.41,35.901,19.238,13.537,9.857,22.583,23.801,21.777,19.069,19.025,19.198,18.323,21.459,18.563,18.204,17.803,14.534,16.421,16.132,12.959,12.876,12.866,12.92,13.877,10.197,17.337,7.442,7.053,12.612,4.559,11.101,3.66,3.834,9.611,2.893,0.479,0,18.641,16.78,13.501,13.612,13.936,17.815,17.944,18.919,15.891,14.141,10.385,22.89,21.026,20.421,20.34,22.478,19.083,18.89,18.159,18.105,17.514,16.504,16.739,18.288,16.236,15.582,15.891,16.05,14.472,13.179,10.63,9.748,9.712,9.31,8.758,7.775,5.566,8.794,5.864,1.829,6.088,8.249,11.718,12.072,12.441,1.882,2.496,3.01,3.341,3.385,6.297,8.526,12.299,12.594,14.207,26.495
23.691,34.828,3.636,5.176,8.784,25.395,26.613,24.589,0.428,10.51,10.683,21.135,24.271,21.375,3.285,20.615,9.519,19.233,18.944,15.771,6.635,15.678,7.417,20.536,13.009,20.149,14.712,12.811,19.788,14.082,18.349,15.531,15.793,18.767,16.701,18.162,18.641,0,1.861,5.14,5.251,5.928,1.665,2.342,3.317,7.376,9.126,9.479,25.702,23.838,23.233,23.152,25.29,21.895,21.702,20.971,20.917,20.326,19.316,8.224,9.773,19.048,18.394,18.703,18.862,17.284,19.838,17.806,16.924,16.96,17.362,17.914,18.897,20.847,24.075,21.145,17.11,12.553,10.392,10.645,6.569,6.2,16.759,16.304,15.631,15.3,15.256,13.567,11.338,15.111,15.406,17.019,29.307
21.83,32.967,5.497,3.315,6.923,23.534,24.752,22.728,2.289,12.371,12.544,19.274,22.41,19.514,1.424,18.754,11.38,17.372,17.083,13.91,4.774,13.817,5.556,18.675,11.148,18.288,12.851,10.95,17.927,12.221,16.488,13.67,13.932,16.906,14.84,16.301,16.78,1.861,0,3.279,3.39,4.067,3.526,4.203,5.178,9.237,10.987,7.618,23.841,21.977,21.372,21.291,23.429,20.034,19.841,19.11,19.056,18.465,17.455,10.085,11.634,17.187,16.533,16.842,17.001,15.423,17.977,15.945,15.063,15.099,15.501,16.053,17.036,18.986,22.214,19.284,15.249,10.692,8.531,8.784,4.708,4.339,14.898,14.443,13.77,13.439,13.395,11.706,9.477,13.25,13.545,15.158,27.446
18.551,29.688,6.09,0.036,3.644,20.255,21.473,19.449,5.568,12.964,13.137,15.995,19.131,16.235,4.703,15.475,8.488,14.093,13.804,10.631,1.495,10.538,2.277,15.396,7.869,15.009,9.572,7.671,14.648,8.942,13.209,10.391,10.653,13.627,11.561,13.022,13.501,5.14,3.279,0,0.111,0.788,4.314,4.796,5.771,9.83,8.095,4.339,20.562,18.698,18.093,18.012,20.15,16.755,16.562,15.831,15.777,15.186,14.176,10.678,12.227,13.908,13.254,13.563,13.722,12.144,14.698,12.666,11.784,11.82,12.222,12.774,13.757,15.707,18.935,16.005,11.97,7.413,5.252,5.505,1.429,1.06,11.619,11.164,10.491,10.16,10.116,8.427,6.198,9.971,10.266,11.879,24.167
18.662,29.799,5.979,0.075,3.755,20.144,21.362,19.338,5.679,12.853,13.026,15.884,19.02,16.124,4.814,15.364,8.377,13.982,13.693,10.52,1.606,10.427,2.388,15.285,7.758,14.898,9.461,7.56,14.537,9.053,13.098,10.502,10.764,13.516,11.672,13.133,13.612,5.251,3.39,0.111,0,0.677,4.203,4.685,5.66,9.719,7.984,4.228,20.451,18.587,17.982,17.901,20.039,16.644,16.451,15.72,15.666,15.075,14.065,10.567,12.116,13.797,13.143,13.452,13.611,12.033,14.587,12.555,11.673,11.709,12.111,12.663,13.646,15.818,19.046,16.116,12.081,7.524,5.363,5.616,1.54,1.171,11.73,11.275,10.602,10.271,10.227,8.316,6.087,9.86,10.155,11.768,24.056
18.022,30.476,5.302,0.752,4.432,19.467,20.685,18.661,6.356,12.176,12.349,15.207,18.343,15.447,5.491,14.687,7.7,13.305,13.016,9.843,2.283,9.75,3.065,14.608,7.081,14.221,8.784,6.883,13.86,9.377,12.421,10.826,11.088,12.839,11.996,13.457,13.936,5.928,4.067,0.788,0.677,0,4.685,4.008,4.983,9.042,7.307,3.551,19.774,17.91,17.305,17.224,19.362,15.967,15.774,15.043,14.989,14.398,13.388,9.89,11.439,13.12,12.466,12.775,12.934,11.356,13.91,11.878,10.996,11.032,11.434,11.986,12.969,15.178,18.406,15.476,12.758,8.201,6.04,6.293,2.217,1.848,12.054,11.599,10.926,10.595,10.551,7.639,5.41,9.183,9.478,11.091,23.379
22.707,34.002,1.971,4.278,7.958,24.152,25.37,23.346,2.093,8.845,9.018,19.892,23.028,20.132,4.95,19.372,7.854,17.99,17.701,14.528,5.809,14.435,6.591,19.293,11.766,18.906,13.469,11.568,18.545,13.256,17.106,14.705,14.967,17.524,15.875,17.336,17.815,1.665,3.526,4.314,4.203,4.685,0,0.677,1.652,5.711,7.461,8.236,24.459,22.595,21.99,21.909,24.047,20.652,20.459,19.728,19.674,19.083,18.073,6.559,8.108,17.805,17.151,17.46,17.619,16.041,18.595,16.563,15.681,15.717,16.119,16.671,17.654,19.863,23.091,20.161,16.284,11.727,9.566,9.819,5.743,5.374,15.933,15.478,14.805,14.474,14.43,12.324,10.095,13.868,14.163,15.776,28.064
22.03,34.484,1.294,4.76,8.44,23.475,24.693,22.669,2.77,8.168,8.341,19.215,22.351,19.455,5.627,18.695,7.177,17.313,17.024,13.851,6.291,13.758,7.073,18.616,11.089,18.229,12.792,10.891,17.868,13.385,16.429,14.834,15.096,16.847,16.004,17.465,17.944,2.342,4.203,4.796,4.685,4.008,0.677,0,0.975,5.034,6.784,7.559,23.782,21.918,21.313,21.232,23.37,19.975,19.782,19.051,18.997,18.406,17.396,5.882,7.431,17.128,16.474,16.783,16.942,15.364,17.918,15.886,15.004,15.04,15.442,15.994,16.977,19.186,22.414,19.484,16.766,12.209,10.048,10.301,6.225,5.856,16.062,15.607,14.934,14.603,14.559,11.647,9.418,13.191,13.486,15.099,27.387
23.005,35.459,0.319,5.735,9.415,24.45,25.668,23.644,3.745,7.193,7.366,20.19,23.326,20.43,6.602,19.67,6.202,18.288,17.999,14.826,7.266,14.733,8.048,19.591,12.064,19.204,13.767,11.866,18.843,14.36,17.404,15.809,16.071,17.822,16.979,18.44,18.919,3.317,5.178,5.771,5.66,4.983,1.652,0.975,0,4.059,5.809,8.534,24.757,22.893,22.288,22.207,24.345,20.95,20.757,20.026,19.972,19.381,18.371,4.907,6.456,18.103,17.449,17.758,17.917,16.339,18.893,16.861,15.979,16.015,16.417,16.969,17.952,20.161,23.389,20.459,17.741,13.184,11.023,11.276,7.2,6.831,17.037,16.582,15.909,15.578,15.534,12.622,10.393,14.166,14.461,16.074,28.362
19.977,39.518,4.378,9.794,13.474,21.422,22.64,20.616,7.804,3.134,3.307,17.162,20.298,17.402,10.661,16.642,2.143,15.26,14.971,11.798,11.325,11.705,12.107,16.563,9.036,16.176,10.739,8.838,15.815,11.332,14.376,12.781,13.043,14.794,13.951,15.412,15.891,7.376,9.237,9.83,9.719,9.042,5.711,5.034,4.059,0,1.75,5.506,21.729,19.865,19.26,19.179,21.317,17.922,17.729,16.998,16.944,16.353,15.343,0.848,2.397,15.075,14.421,14.73,14.889,13.311,15.865,13.833,12.951,12.987,13.389,13.941,14.924,17.133,20.361,17.431,16.762,12.861,15.022,15.335,11.259,10.89,14.009,13.554,12.881,12.55,12.506,9.594,7.365,11.138,11.433,13.046,25.334
18.227,37.783,6.128,8.059,11.739,19.672,20.89,18.866,9.554,4.884,5.057,15.412,18.548,15.652,12.411,14.892,0.393,13.51,13.221,10.048,9.59,9.955,10.372,14.813,7.286,14.426,8.989,7.088,14.065,9.582,12.626,11.031,11.293,13.044,12.201,13.662,14.141,9.126,10.987,8.095,7.984,7.307,7.461,6.784,5.809,1.75,0,3.756,19.979,18.115,17.51,17.429,19.567,16.172,15.979,15.248,15.194,14.603,13.593,2.598,4.147,13.325,12.671,12.98,13.139,11.561,14.115,12.083,11.201,11.237,11.639,12.191,13.174,15.383,18.611,15.681,15.012,11.111,13.272,13.6,9.524,9.155,12.259,11.804,11.131,10.8,10.756,7.844,5.615,9.388,9.683,11.296,23.584
14.471,34.027,8.853,4.303,7.983,15.916,17.134,15.11,9.907,8.64,8.813,11.656,14.792,11.896,9.042,11.136,4.149,9.754,9.465,6.292,5.834,6.199,6.616,11.057,3.53,10.67,5.233,3.332,10.309,5.826,8.87,7.275,7.537,9.288,8.445,9.906,10.385,9.479,7.618,4.339,4.228,3.551,8.236,7.559,8.534,5.506,3.756,0,16.223,14.359,13.754,13.673,15.811,12.416,12.223,11.492,11.438,10.847,9.837,6.354,7.903,9.569,8.915,9.224,9.383,7.805,10.359,8.327,7.445,7.481,7.883,8.435,9.418,11.627,14.855,11.925,11.256,7.355,9.516,9.844,5.768,5.399,8.503,8.048,7.375,7.044,7,4.088,1.859,5.632,5.927,7.54,19.828
21.429,49.673,25.076,20.526,23.629,4.793,3.287,6.501,26.13,24.863,25.036,4.895,6.569,5.243,25.265,5.665,20.372,7.412,7.441,10.661,22.057,11.158,22.839,11.67,16.035,11.813,17.738,15.837,15.503,18.331,15.828,19.78,20.042,16.246,20.95,22.411,22.89,25.702,23.841,20.562,20.451,19.774,24.459,23.782,24.757,21.729,19.979,16.223,0,1.864,2.469,2.55,1.964,3.807,4,4.731,4.785,5.376,6.386,22.577,24.126,6.654,7.308,7.2,7.041,8.418,10.972,13.521,14.403,14.439,14.841,15.393,16.376,18.585,21.813,18.883,22.322,19.86,22.021,25.49,21.991,21.622,21.008,20.553,19.88,19.549,19.505,16.593,14.364,10.591,10.296,8.683,3.605
19.565,47.809,23.212,18.662,21.765,2.929,2.775,4.637,24.266,22.999,23.172,3.031,4.705,3.379,23.401,3.801,18.508,5.548,5.577,8.797,20.193,9.294,20.975,9.806,14.171,9.949,15.874,13.973,13.639,16.467,13.964,17.916,18.178,14.382,19.086,20.547,21.026,23.838,21.977,18.698,18.587,17.91,22.595,21.918,22.893,19.865,18.115,14.359,1.864,0,0.605,0.686,1.452,1.943,2.136,2.867,2.921,3.512,4.522,20.713,22.262,4.79,5.444,5.336,5.177,6.554,9.108,11.657,12.539,12.575,12.977,13.529,14.512,16.721,19.949,17.019,20.458,17.996,20.157,23.626,20.127,19.758,19.144,18.689,18.016,17.685,17.641,14.729,12.5,8.727,8.432,6.819,5.469
18.96,47.204,22.607,18.057,21.16,2.324,3.38,4.032,23.661,22.394,22.567,2.426,4.1,2.774,22.796,3.196,17.903,4.943,4.972,8.192,19.588,8.689,20.37,9.201,13.566,9.344,15.269,13.368,13.034,15.862,13.359,17.311,17.573,13.777,18.481,19.942,20.421,23.233,21.372,18.093,17.982,17.305,21.99,21.313,22.288,19.26,17.51,13.754,2.469,0.605,0,0.081,2.057,1.338,1.531,2.262,2.316,2.907,3.917,20.108,21.657,4.185,4.839,4.731,4.572,5.949,8.503,11.052,11.934,11.97,12.372,12.924,13.907,16.116,19.344,16.414,19.853,17.391,19.552,23.021,19.522,19.153,18.539,18.084,17.411,17.08,17.036,14.124,11.895,8.122,7.827,6.214,6.074
18.879,47.123,22.526,17.976,21.079,2.243,3.461,3.951,23.58,22.313,22.486,2.345,4.019,2.693,22.715,3.115,17.822,4.862,4.891,8.111,19.507,8.608,20.289,9.12,13.485,9.263,15.188,13.287,12.953,15.781,13.278,17.23,17.492,13.696,18.4,19.861,20.34,23.152,21.291,18.012,17.901,17.224,21.909,21.232,22.207,19.179,17.429,13.673,2.55,0.686,0.081,0,2.138,1.257,1.45,2.181,2.235,2.826,3.836,20.027,21.576,4.104,4.758,4.65,4.491,5.868,8.422,10.971,11.853,11.889,12.291,12.843,13.826,16.035,19.263,16.333,19.772,17.31,19.471,22.94,19.441,19.072,18.458,18.003,17.33,16.999,16.955,14.043,11.814,8.041,7.746,6.133,6.155
21.017,49.261,24.664,20.114,23.217,4.381,1.323,6.089,25.718,24.451,24.624,4.483,6.157,4.831,24.853,5.253,19.96,7,7.029,10.249,21.645,10.746,22.427,11.258,15.623,11.401,17.326,15.425,15.091,17.919,15.416,19.368,19.63,15.834,20.538,21.999,22.478,25.29,23.429,20.15,20.039,19.362,24.047,23.37,24.345,21.317,19.567,15.811,1.964,1.452,2.057,2.138,0,3.395,3.588,4.319,4.373,4.964,5.974,22.165,23.714,6.242,6.896,6.788,6.629,8.006,10.56,13.109,13.991,14.027,14.429,14.981,15.964,18.173,21.401,18.471,21.91,19.448,21.609,25.078,21.579,21.21,20.596,20.141,19.468,19.137,19.093,16.181,13.952,10.179,9.884,8.271,5.569
17.622,45.866,21.269,16.719,19.822,3.5,4.718,2.694,22.323,21.056,21.229,1.088,2.762,1.436,21.458,1.858,16.565,3.605,3.634,6.854,18.25,7.351,19.032,7.863,12.228,8.006,13.931,12.03,11.696,14.524,12.021,15.973,16.235,12.439,17.143,18.604,19.083,21.895,20.034,16.755,16.644,15.967,20.652,19.975,20.95,17.922,16.172,12.416,3.807,1.943,1.338,1.257,3.395,0,0.193,0.924,0.978,1.569,2.579,18.77,20.319,2.847,3.501,3.393,3.234,4.611,7.165,9.714,10.596,10.632,11.034,11.586,12.569,14.778,18.006,15.076,18.515,16.053,18.214,21.683,18.184,17.815,17.201,16.746,16.073,15.742,15.698,12.786,10.557,6.784,6.489,4.876,7.412
17.429,45.673,21.076,16.526,19.629,3.693,4.911,2.887,22.13,20.863,21.036,0.895,2.569,1.243,21.265,1.665,16.372,3.412,3.441,6.661,18.057,7.158,18.839,7.67,12.035,7.813,13.738,11.837,11.503,14.331,11.828,15.78,16.042,12.246,16.95,18.411,18.89,21.702,19.841,16.562,16.451,15.774,20.459,19.782,20.757,17.729,15.979,12.223,4,2.136,1.531,1.45,3.588,0.193,0,0.731,0.785,1.376,2.386,18.577,20.126,2.654,3.308,3.2,3.041,4.418,6.972,9.521,10.403,10.439,10.841,11.393,12.376,14.585,17.813,14.883,18.322,15.86,18.021,21.49,17.991,17.622,17.008,16.553,15.88,15.549,15.505,12.593,10.364,6.591,6.296,4.683,7.605
16.698,44.942,20.345,15.795,18.898,4.424,5.642,3.618,21.399,20.132,20.305,0.164,3.3,0.512,20.534,0.934,15.641,2.681,2.71,5.93,17.326,6.427,18.108,6.939,11.304,7.082,13.007,11.106,10.772,13.6,11.097,15.049,15.311,11.515,16.219,17.68,18.159,20.971,19.11,15.831,15.72,15.043,19.728,19.051,20.026,16.998,15.248,11.492,4.731,2.867,2.262,2.181,4.319,0.924,0.731,0,0.054,0.645,1.655,17.846,19.395,1.923,2.577,2.469,2.31,3.687,6.241,8.79,9.672,9.708,10.11,10.662,11.645,13.854,17.082,14.152,17.591,15.129,17.29,20.759,17.26,16.891,16.277,15.822,15.149,14.818,14.774,11.862,9.633,5.86,5.565,3.952,8.336
16.644,44.888,20.291,15.741,18.844,4.478,5.696,3.672,21.345,20.078,20.251,0.218,3.354,0.458,20.48,0.88,15.587,2.627,2.656,5.876,17.272,6.373,18.054,6.885,11.25,7.028,12.953,11.052,10.718,13.546,11.043,14.995,15.257,11.461,16.165,17.626,18.105,20.917,19.056,15.777,15.666,14.989,19.674,18.997,19.972,16.944,15.194,11.438,4.785,2.921,2.316,2.235,4.373,0.978,0.785,0.054,0,0.591,1.601,17.792,19.341,1.869,2.523,2.415,2.256,3.633,6.187,8.736,9.618,9.654,10.056,10.608,11.591,13.8,17.028,14.098,17.537,15.075,17.236,20.705,17.206,16.837,16.223,15.768,15.095,14.764,14.72,11.808,9.579,5.806,5.511,3.898,8.39
16.053,44.297,19.7,15.15,18.253,5.069,6.287,4.263,20.754,19.487,19.66,0.809,3.945,1.049,19.889,0.289,14.996,2.036,2.065,5.285,16.681,5.782,17.463,6.294,10.659,6.437,12.362,10.461,10.127,12.955,10.452,14.404,14.666,10.87,15.574,17.035,17.514,20.326,18.465,15.186,15.075,14.398,19.083,18.406,19.381,16.353,14.603,10.847,5.376,3.512,2.907,2.826,4.964,1.569,1.376,0.645,0.591,0,1.01,17.201,18.75,1.278,1.932,1.824,1.665,3.042,5.596,8.145,9.027,9.063,9.465,10.017,11,13.209,16.437,13.507,16.946,14.484,16.645,20.114,16.615,16.246,15.632,15.177,14.504,14.173,14.129,11.217,8.988,5.215,4.92,3.307,8.981
15.043,43.287,18.69,14.14,17.243,6.079,7.297,5.273,19.744,18.477,18.65,1.819,4.955,2.059,18.879,1.299,13.986,1.026,1.055,4.275,15.671,4.772,16.453,5.284,9.649,5.427,11.352,9.451,9.117,11.945,9.442,13.394,13.656,9.86,14.564,16.025,16.504,19.316,17.455,14.176,14.065,13.388,18.073,17.396,18.371,15.343,13.593,9.837,6.386,4.522,3.917,3.836,5.974,2.579,2.386,1.655,1.601,1.01,0,16.191,17.74,0.268,0.922,0.814,0.655,2.032,4.586,7.135,8.017,8.053,8.455,9.007,9.99,12.199,15.427,12.497,15.936,13.474,15.635,19.104,15.605,15.236,14.622,14.167,13.494,13.163,13.119,10.207,7.978,4.205,3.91,2.297,9.991
20.825,40.366,5.226,10.642,14.322,22.27,23.488,21.464,8.652,2.286,2.459,18.01,21.146,18.25,11.509,17.49,2.991,16.108,15.819,12.646,12.173,12.553,12.955,17.411,9.884,17.024,11.587,9.686,16.663,12.18,15.224,13.629,13.891,15.642,14.799,16.26,16.739,8.224,10.085,10.678,10.567,9.89,6.559,5.882,4.907,0.848,2.598,6.354,22.577,20.713,20.108,20.027,22.165,18.77,18.577,17.846,17.792,17.201,16.191,0,1.549,15.923,15.269,15.578,15.737,14.159,16.713,14.681,13.799,13.835,14.237,14.789,15.772,17.981,21.209,18.279,17.61,13.709,15.87,16.183,12.107,11.738,14.857,14.402,13.729,13.398,13.354,10.442,8.213,11.986,12.281,13.894,26.182
22.374,41.915,6.775,12.191,15.871,23.819,25.037,23.013,10.201,0.737,0.91,19.559,22.695,19.799,13.058,19.039,4.54,17.657,17.368,14.195,13.722,14.102,14.504,18.96,11.433,18.573,13.136,11.235,18.212,13.729,16.773,15.178,15.44,17.191,16.348,17.809,18.288,9.773,11.634,12.227,12.116,11.439,8.108,7.431,6.456,2.397,4.147,7.903,24.126,22.262,21.657,21.576,23.714,20.319,20.126,19.395,19.341,18.75,17.74,1.549,0,17.472,16.818,17.127,17.286,15.708,18.262,16.23,15.348,15.384,15.786,16.338,17.321,19.53,22.758,19.828,19.159,15.258,17.419,17.732,13.656,13.287,16.406,15.951,15.278,14.947,14.903,11.991,9.762,13.535,13.83,15.443,27.731
14.775,43.019,18.422,13.872,16.975,6.347,7.565,5.541,19.476,18.209,18.382,2.087,5.223,2.327,18.611,1.567,13.718,0.758,0.787,4.007,15.403,4.504,16.185,5.016,9.381,5.159,11.084,9.183,8.849,11.677,9.174,13.126,13.388,9.592,14.296,15.757,16.236,19.048,17.187,13.908,13.797,13.12,17.805,17.128,18.103,15.075,13.325,9.569,6.654,4.79,4.185,4.104,6.242,2.847,2.654,1.923,1.869,1.278,0.268,15.923,17.472,0,0.654,0.546,0.387,1.764,4.318,6.867,7.749,7.785,8.187,8.739,9.722,11.931,15.159,12.229,15.668,13.206,15.367,18.836,15.337,14.968,14.354,13.899,13.226,12.895,12.851,9.939,7.71,3.937,3.642,2.029,10.259
14.121,42.365,17.768,13.218,16.321,7.001,8.219,6.195,18.822,17.555,17.728,2.741,5.877,2.981,17.957,2.221,13.064,0.839,0.55,3.353,14.749,3.85,15.531,4.362,8.727,4.505,10.43,8.529,8.195,11.023,8.52,12.472,12.734,8.938,13.642,15.103,15.582,18.394,16.533,13.254,13.143,12.466,17.151,16.474,17.449,14.421,12.671,8.915,7.308,5.444,4.839,4.758,6.896,3.501,3.308,2.577,2.523,1.932,0.922,15.269,16.818,0.654,0,0.309,0.468,1.11,3.664,6.213,7.095,7.131,7.533,8.085,9.068,11.277,14.505,11.575,15.014,12.552,14.713,18.182,14.683,14.314,13.7,13.245,12.572,12.241,12.197,9.285,7.056,3.283,2.988,1.375,10.913
14.43,42.674,18.077,13.527,16.63,6.893,8.111,6.087,19.131,17.864,18.037,2.633,5.769,2.873,18.266,2.113,13.373,0.53,0.241,3.662,15.058,4.159,15.84,4.671,9.036,4.814,10.739,8.838,8.504,11.332,8.829,12.781,13.043,9.247,13.951,15.412,15.891,18.703,16.842,13.563,13.452,12.775,17.46,16.783,17.758,14.73,12.98,9.224,7.2,5.336,4.731,4.65,6.788,3.393,3.2,2.469,2.415,1.824,0.814,15.578,17.127,0.546,0.309,0,0.159,1.419,3.973,6.522,7.404,7.44,7.842,8.394,9.377,11.586,14.814,11.884,15.323,12.861,15.022,18.491,14.992,14.623,14.009,13.554,12.881,12.55,12.506,9.594,7.365,3.592,3.297,1.684,10.805
14.589,42.833,18.236,13.686,16.789,6.734,7.952,5.928,19.29,18.023,18.196,2.474,5.61,2.714,18.425,1.954,13.532,0.371,0.4,3.821,15.217,4.318,15.999,4.83,9.195,4.973,10.898,8.997,8.663,11.491,8.988,12.94,13.202,9.406,14.11,15.571,16.05,18.862,17.001,13.722,13.611,12.934,17.619,16.942,17.917,14.889,13.139,9.383,7.041,5.177,4.572,4.491,6.629,3.234,3.041,2.31,2.256,1.665,0.655,15.737,17.286,0.387,0.468,0.159,0,1.578,4.132,6.681,7.563,7.599,8.001,8.553,9.536,11.745,14.973,12.043,15.482,13.02,15.181,18.65,15.151,14.782,14.168,13.713,13.04,12.709,12.665,9.753,7.524,3.751,3.456,1.843,10.646
13.011,41.255,16.658,12.108,15.211,8.111,9.329,7.305,17.712,16.445,16.618,3.851,6.987,4.091,16.847,3.331,11.954,1.949,1.66,2.243,13.639,2.74,14.421,3.252,7.617,3.395,9.32,7.419,7.085,9.913,7.41,11.362,11.624,7.828,12.532,13.993,14.472,17.284,15.423,12.144,12.033,11.356,16.041,15.364,16.339,13.311,11.561,7.805,8.418,6.554,5.949,5.868,8.006,4.611,4.418,3.687,3.633,3.042,2.032,14.159,15.708,1.764,1.11,1.419,1.578,0,2.554,5.103,5.985,6.021,6.423,6.975,7.958,10.167,13.395,10.465,13.904,11.442,13.603,17.072,13.573,13.204,12.59,12.135,11.462,11.131,11.087,8.175,5.946,2.173,1.878,0.265,12.023
