0,40.951,23.324,18.587,14.907,21.122,22.34,20.316,24.119,18.957,19.13,16.862,19.998,17.102,23.254,16.342,18.62,14.96,14.671,15.254,17.926,15.751,17.97,11.155,14.283,16.406,13.04,11.139,9.89,12.011,8.379,11.112,11.286,6.889,10.345,7.931,8.41,23.691,21.83,18.551,18.662,18.022,22.707,22.03,23.005,17.519,18.227,14.471,21.429,19.565,18.96,18.879,21.017,17.622,17.429,16.698,16.644,16.053,15.043,16.671,18.22,14.775,14.121,14.43,14.589,13.011,10.457,7.908,7.026,6.99,6.588,6.036,5.053,2.844,5.476,2.546,6.581,11.138,13.299,16.768,17.122,17.491,9.334,9.948,10.462,10.793,10.837,11.895,12.612,15.184,14.889,13.276,25.034
40.951,0,35.778,29.724,26.044,48.088,49.306,47.282,35.256,42.667,42.84,43.828,46.964,44.068,34.391,43.308,38.176,43.035,42.915,39.742,29.063,39.649,29.107,42.078,36.98,44.12,34.225,33.836,40.813,31.342,39.374,32.791,33.053,39.792,33.961,35.422,35.901,34.828,32.967,29.688,29.799,30.476,34.002,34.484,35.459,39.533,37.783,34.027,48.395,46.531,45.926,45.845,47.983,44.588,44.395,43.664,43.61,43.019,42.009,40.381,41.93,42.277,42.365,42.674,42.664,41.255,41.38,38.831,37.949,37.985,38.387,38.939,39.922,38.107,41.335,38.405,34.37,29.813,27.652,24.183,28.259,28.628,34.019,33.564,32.891,32.56,32.516,33.08,35.309,39.082,39.377,40.99,52
23.324,35.778,0,6.054,9.734,22.914,24.132,22.108,4.064,17.493,17.666,18.654,21.79,18.894,6.921,18.134,13.002,17.861,17.89,15.145,7.585,15.052,8.367,19.91,12.383,19.523,14.086,12.185,19.162,14.679,17.723,16.128,16.39,18.141,17.298,18.759,19.238,3.636,5.497,6.09,5.979,5.302,1.971,1.294,0.319,14.359,12.609,8.853,23.221,21.357,20.752,20.671,22.809,19.414,19.221,18.49,18.436,17.845,16.835,15.207,16.756,17.103,17.757,17.649,17.49,16.658,19.212,17.18,16.298,16.334,16.736,17.288,18.271,20.48,23.708,20.778,18.06,13.503,11.342,11.595,7.519,7.15,17.356,16.901,16.228,15.897,15.853,12.941,10.712,14.485,14.78,16.393,26.826
18.587,29.724,6.054,0,3.68,18.364,19.582,17.558,5.604,12.943,13.116,14.104,17.24,14.344,4.739,13.584,8.452,13.311,13.34,10.595,1.531,10.502,2.313,15.36,7.833,14.973,9.536,7.635,14.612,8.978,13.173,10.427,10.689,13.591,11.597,13.058,13.537,5.176,3.315,0.036,0.075,0.752,4.278,4.76,5.735,9.809,8.059,4.303,18.671,16.807,16.202,16.121,18.259,14.864,14.671,13.94,13.886,13.295,12.285,10.657,12.206,12.553,13.207,13.099,12.94,12.108,14.662,12.63,11.748,11.784,12.186,12.738,13.721,15.743,18.971,16.041,12.006,7.449,5.288,5.541,1.465,1.096,11.655,11.2,10.527,10.196,10.152,8.391,6.162,9.935,10.23,11.843,22.276
14.907,26.044,9.734,3.68,0,22.044,23.262,21.238,9.212,16.623,16.796,17.784,20.92,18.024,8.347,17.264,12.132,16.991,16.871,13.698,3.019,13.605,3.063,16.034,10.936,18.076,8.181,7.792,14.769,5.298,13.33,6.747,7.009,13.748,7.917,9.378,9.857,8.784,6.923,3.644,3.755,4.432,7.958,8.44,9.415,13.489,11.739,7.983,22.351,20.487,19.882,19.801,21.939,18.544,18.351,17.62,17.566,16.975,15.965,14.337,15.886,16.233,16.321,16.63,16.62,15.211,15.336,12.787,11.905,11.941,12.343,12.895,13.878,12.063,15.291,12.361,8.326,3.769,1.608,1.861,2.215,2.584,7.975,7.52,6.847,6.516,6.472,7.036,9.265,13.038,13.333,14.946,25.956
21.122,48.088,22.914,18.364,22.044,0,5.704,6.194,23.968,9.993,10.166,4.588,6.262,4.936,23.103,5.358,10.698,7.105,7.134,10.354,19.895,10.851,20.677,11.363,15.728,11.506,17.431,15.53,15.196,18.024,15.521,19.473,19.735,15.939,20.643,22.104,22.583,23.54,21.679,18.4,18.289,17.612,22.297,21.62,22.595,8.555,10.305,14.061,4.793,2.929,2.324,2.243,4.381,3.5,3.693,4.424,4.478,5.069,6.079,7.707,9.256,6.347,7.001,6.893,6.734,8.111,10.665,13.214,14.096,14.132,14.534,15.086,16.069,18.278,21.506,18.576,22.015,19.553,21.714,23.905,19.829,19.46,20.701,20.246,19.573,19.242,19.198,16.286,14.057,10.284,9.989,8.376,8.398
22.34,49.306,24.132,19.582,23.262,5.704,0,7.412,25.186,11.211,11.384,5.806,7.48,6.154,24.321,6.576,11.916,8.323,8.352,11.572,21.113,12.069,21.895,12.581,16.946,12.724,18.649,16.748,16.414,19.242,16.739,20.691,20.953,17.157,21.861,23.322,23.801,24.758,22.897,19.618,19.507,18.83,23.515,22.838,23.813,9.773,11.523,15.279,3.287,2.775,3.38,3.461,1.323,4.718,4.911,5.642,5.696,6.287,7.297,8.925,10.474,7.565,8.219,8.111,7.952,9.329,11.883,14.432,15.314,15.35,15.752,16.304,17.287,19.496,22.724,19.794,23.233,20.771,22.932,25.123,21.047,20.678,21.919,21.464,20.791,20.46,20.416,17.504,15.275,11.502,11.207,9.594,6.892
20.316,47.282,22.108,17.558,21.238,6.194,7.412,0,23.162,9.187,9.36,3.782,5.456,4.13,22.297,4.552,9.892,6.299,6.328,9.548,19.089,10.045,19.871,10.557,14.922,10.7,16.625,14.724,14.39,17.218,14.715,18.667,18.929,15.133,19.837,21.298,21.777,22.734,20.873,17.594,17.483,16.806,21.491,20.814,21.789,7.749,9.499,13.255,6.501,4.637,4.032,3.951,6.089,2.694,2.887,3.618,3.672,4.263,5.273,6.901,8.45,5.541,6.195,6.087,5.928,7.305,9.859,12.408,13.29,13.326,13.728,14.28,15.263,17.472,20.7,17.77,21.209,18.747,20.908,23.099,19.023,18.654,19.895,19.44,18.767,18.436,18.392,15.48,13.251,9.478,9.183,7.57,10.106
24.119,35.256,4.064,5.604,9.212,23.968,25.186,23.162,0,18.547,18.72,19.708,22.844,19.948,3.713,19.188,14.056,18.915,18.944,16.199,7.063,16.106,7.845,20.964,13.437,20.577,15.14,13.239,20.216,14.51,18.777,15.959,16.221,19.195,17.129,18.59,19.069,0.428,2.289,5.568,5.679,6.356,2.093,2.77,3.745,15.413,13.663,9.907,24.275,22.411,21.806,21.725,23.863,20.468,20.275,19.544,19.49,18.899,17.889,16.261,17.81,18.157,18.811,18.703,18.544,17.712,20.266,18.234,17.352,17.388,17.79,18.342,19.325,21.275,24.503,21.573,17.538,12.981,10.82,11.073,6.997,6.628,17.187,16.732,16.059,15.728,15.684,13.995,11.766,15.539,15.834,17.447,27.88
18.957,42.667,17.493,12.943,16.623,9.993,11.211,9.187,18.547,0,1.647,5.733,8.869,5.973,17.682,5.213,5.277,4.94,4.969,8.189,14.474,8.686,15.256,9.198,12.17,9.341,13.873,11.972,13.031,14.466,13.356,15.915,16.177,13.774,17.085,18.546,19.025,18.119,16.258,12.979,12.868,12.191,16.876,16.199,17.174,3.134,4.884,8.64,10.3,8.436,7.831,7.75,9.888,6.493,6.3,5.569,5.515,4.924,3.914,2.286,0.737,4.182,4.836,4.728,4.569,5.946,8.5,11.049,11.931,11.967,12.369,12.921,13.904,16.113,19.341,16.411,19.85,15.995,18.156,18.484,14.408,14.039,17.143,16.688,16.015,15.684,15.64,12.728,10.499,8.119,7.824,6.211,13.905
19.13,42.84,17.666,13.116,16.796,10.166,11.384,9.36,18.72,1.647,0,5.906,9.042,6.146,17.855,5.386,5.45,5.113,5.142,8.362,14.647,8.859,15.429,9.371,12.343,9.514,14.046,12.145,13.204,14.639,13.529,16.088,16.35,13.947,17.258,18.719,19.198,18.292,16.431,13.152,13.041,12.364,17.049,16.372,17.347,3.307,5.057,8.813,10.473,8.609,8.004,7.923,10.061,6.666,6.473,5.742,5.688,5.097,4.087,2.459,0.91,4.355,5.009,4.901,4.742,6.119,8.673,11.222,12.104,12.14,12.542,13.094,14.077,16.286,19.514,16.584,20.023,16.168,18.329,18.657,14.581,14.212,17.316,16.861,16.188,15.857,15.813,12.901,10.672,8.292,7.997,6.384,14.078
16.862,43.828,18.654,14.104,17.784,4.588,5.806,3.782,19.708,5.733,5.906,0,3.464,0.676,18.843,1.098,6.438,2.845,2.874,6.094,15.635,6.591,16.417,7.103,11.468,7.246,13.171,11.27,10.936,13.764,11.261,15.213,15.475,11.679,16.383,17.844,18.323,19.28,17.419,14.14,14.029,13.352,18.037,17.36,18.335,4.295,6.045,9.801,4.895,3.031,2.426,2.345,4.483,1.088,0.895,0.164,0.218,0.809,1.819,3.447,4.996,2.087,2.741,2.633,2.474,3.851,6.405,8.954,9.836,9.872,10.274,10.826,11.809,14.018,17.246,14.316,17.755,15.293,17.454,19.645,15.569,15.2,16.441,15.986,15.313,14.982,14.938,12.026,9.797,6.024,5.729,4.116,8.5
19.998,46.964,21.79,17.24,20.92,6.262,7.48,5.456,22.844,8.869,9.042,3.464,0,3.812,21.979,4.234,9.574,5.981,6.01,9.23,18.771,9.727,19.553,10.239,14.604,10.382,16.307,14.406,14.072,16.9,14.397,18.349,18.611,14.815,19.519,20.98,21.459,22.416,20.555,17.276,17.165,16.488,21.173,20.496,21.471,7.431,9.181,12.937,6.569,4.705,4.1,4.019,6.157,2.762,2.569,3.3,3.354,3.945,4.955,6.583,8.132,5.223,5.877,5.769,5.61,6.987,9.541,12.09,12.972,13.008,13.41,13.962,14.945,17.154,20.382,17.452,20.891,18.429,20.59,22.781,18.705,18.336,19.577,19.122,18.449,18.118,18.074,15.162,12.933,9.16,8.865,7.252,10.174
17.102,44.068,18.894,14.344,18.024,4.936,6.154,4.13,19.948,5.973,6.146,0.676,3.812,0,19.083,1.338,6.678,3.085,3.114,6.334,15.875,6.831,16.657,7.343,11.708,7.486,13.411,11.51,11.176,14.004,11.501,15.453,15.715,11.919,16.623,18.084,18.563,19.52,17.659,14.38,14.269,13.592,18.277,17.6,18.575,4.535,6.285,10.041,5.243,3.379,2.774,2.693,4.831,1.436,1.243,0.512,0.458,1.049,2.059,3.687,5.236,2.327,2.981,2.873,2.714,4.091,6.645,9.194,10.076,10.112,10.514,11.066,12.049,14.258,17.486,14.556,17.995,15.533,17.694,19.885,15.809,15.44,16.681,16.226,15.553,15.222,15.178,12.266,10.037,6.264,5.969,4.356,8.848
23.254,34.391,6.921,4.739,8.347,23.103,24.321,22.297,3.713,17.682,17.855,18.843,21.979,19.083,0,18.323,13.191,18.05,18.079,15.334,6.198,15.241,6.98,20.099,12.572,19.712,14.275,12.374,19.351,13.645,17.912,15.094,15.356,18.33,16.264,17.725,18.204,3.285,1.424,4.703,4.814,5.491,4.95,5.627,6.602,14.548,12.798,9.042,23.41,21.546,20.941,20.86,22.998,19.603,19.41,18.679,18.625,18.034,17.024,15.396,16.945,17.292,17.946,17.838,17.679,16.847,19.401,17.369,16.487,16.523,16.925,17.477,18.46,20.41,23.638,20.708,16.673,12.116,9.955,10.208,6.132,5.763,16.322,15.867,15.194,14.863,14.819,13.13,10.901,14.674,14.969,16.582,27.015
16.342,43.308,18.134,13.584,17.264,5.358,6.576,4.552,19.188,5.213,5.386,1.098,4.234,1.338,18.323,0,5.918,2.325,2.354,5.574,15.115,6.071,15.897,6.583,10.948,6.726,12.651,10.75,10.416,13.244,10.741,14.693,14.955,11.159,15.863,17.324,17.803,18.76,16.899,13.62,13.509,12.832,17.517,16.84,17.815,3.775,5.525,9.281,5.665,3.801,3.196,3.115,5.253,1.858,1.665,0.934,0.88,0.289,1.299,2.927,4.476,1.567,2.221,2.113,1.954,3.331,5.885,8.434,9.316,9.352,9.754,10.306,11.289,13.498,16.726,13.796,17.235,14.773,16.934,19.125,15.049,14.68,15.921,15.466,14.793,14.462,14.418,11.506,9.277,5.504,5.209,3.596,9.27
18.62,38.176,13.002,8.452,12.132,10.698,11.916,9.892,14.056,5.277,5.45,6.438,9.574,6.678,13.191,5.918,0,5.645,5.674,8.894,9.983,9.391,10.765,9.903,7.679,10.046,9.382,7.481,13.736,9.975,13.019,11.424,11.686,13.437,12.594,14.055,14.534,13.628,11.767,8.488,8.377,7.7,12.385,11.708,12.683,2.143,0.393,4.149,11.005,9.141,8.536,8.455,10.593,7.198,7.005,6.274,6.22,5.629,4.619,2.991,4.54,4.887,5.541,5.433,5.274,6.651,9.205,11.754,11.594,11.63,12.032,12.584,13.567,15.776,19.004,16.074,15.405,11.504,13.665,13.993,9.917,9.548,12.652,12.197,11.524,11.193,11.149,8.237,6.008,8.824,8.529,6.916,14.61
14.96,43.035,17.861,13.311,16.991,7.105,8.323,6.299,18.915,4.94,5.113,2.845,5.981,3.085,18.05,2.325,5.645,0,0.771,4.192,14.842,4.689,15.624,5.201,9.566,5.344,11.269,9.368,9.034,11.862,9.359,13.311,13.573,9.777,14.481,15.942,16.421,18.487,16.626,13.347,13.236,12.559,17.244,16.567,17.542,3.502,5.252,9.008,7.412,5.548,4.943,4.862,7,3.605,3.412,2.681,2.627,2.036,1.026,2.654,4.203,0.758,0.839,0.53,0.371,1.949,4.503,7.052,7.934,7.97,8.372,8.924,9.907,12.116,15.344,12.414,15.853,13.391,15.552,18.852,14.776,14.407,14.539,14.084,13.411,13.08,13.036,10.124,7.895,4.122,3.827,2.214,11.017
14.671,42.915,17.89,13.34,16.871,7.134,8.352,6.328,18.944,4.969,5.142,2.874,6.01,3.114,18.079,2.354,5.674,0.771,0,3.903,14.871,4.4,15.653,4.912,9.277,5.055,10.98,9.079,8.745,11.573,9.07,13.022,13.284,9.488,14.192,15.653,16.132,18.516,16.655,13.376,13.265,12.588,17.273,16.596,17.571,3.531,5.281,9.037,7.441,5.577,4.972,4.891,7.029,3.634,3.441,2.71,2.656,2.065,1.055,2.683,4.232,0.787,0.55,0.241,0.4,1.66,4.214,6.763,7.645,7.681,8.083,8.635,9.618,11.827,15.055,12.125,15.564,13.102,15.263,18.732,14.805,14.436,14.25,13.795,13.122,12.791,12.747,9.835,7.606,3.833,3.538,1.925,11.046
15.254,39.742,15.145,10.595,13.698,10.354,11.572,9.548,16.199,8.189,8.362,6.094,9.23,6.334,15.334,5.574,8.894,4.192,3.903,0,12.126,1.227,12.908,5.495,6.104,5.108,7.807,5.906,9.328,8.4,9.653,9.849,10.111,10.071,11.019,12.48,12.959,15.771,13.91,10.631,10.52,9.843,14.528,13.851,14.826,6.751,8.501,6.292,10.661,8.797,8.192,8.111,10.249,6.854,6.661,5.93,5.876,5.285,4.275,5.903,7.452,4.007,3.353,3.662,3.821,2.243,4.797,7.346,8.228,8.264,8.666,9.218,10.201,12.41,15.638,12.708,13.83,9.929,12.09,15.559,12.06,11.691,11.077,10.622,9.949,9.618,9.574,6.662,4.433,0.66,0.365,1.978,14.266
17.926,29.063,7.585,1.531,3.019,19.895,21.113,19.089,7.063,14.474,14.647,15.635,18.771,15.875,6.198,15.115,9.983,14.842,14.871,12.126,0,12.033,1.652,16.891,9.364,16.504,11.067,9.166,16.143,8.317,14.704,9.766,10.028,15.122,10.936,12.397,12.876,6.635,4.774,1.495,1.606,2.283,5.809,6.291,7.266,11.34,9.59,5.834,20.202,18.338,17.733,17.652,19.79,16.395,16.202,15.471,15.417,14.826,13.816,12.188,13.737,14.084,14.738,14.63,14.471,13.639,16.193,14.161,13.279,13.315,13.717,14.269,15.252,15.082,18.31,15.38,11.345,6.788,4.627,4.88,0.804,0.435,10.994,10.539,9.866,9.535,9.491,9.922,7.693,11.466,11.761,13.374,23.807
15.751,39.649,15.052,10.502,13.605,10.851,12.069,10.045,16.106,8.686,8.859,6.591,9.727,6.831,15.241,6.071,9.391,4.689,4.4,1.227,12.033,0,12.815,5.992,6.011,5.605,7.714,5.813,9.825,8.307,10.15,9.756,10.018,10.568,10.926,12.387,12.866,15.678,13.817,10.538,10.427,9.75,14.435,13.758,14.733,7.248,8.998,6.199,11.158,9.294,8.689,8.608,10.746,7.351,7.158,6.427,6.373,5.782,4.772,6.4,7.949,4.504,3.85,4.159,4.318,2.74,5.294,7.843,8.725,8.761,9.163,9.715,10.698,12.907,16.135,13.205,13.737,9.836,11.997,15.466,11.967,11.598,10.984,10.529,9.856,9.525,9.481,6.569,4.34,0.567,0.862,2.475,14.763
17.97,29.107,8.367,2.313,3.063,20.677,21.895,19.871,7.845,15.256,15.429,16.417,19.553,16.657,6.98,15.897,10.765,15.624,15.653,12.908,1.652,12.815,0,17.673,10.146,17.286,11.244,9.948,16.925,8.361,15.486,9.81,10.072,15.904,10.98,12.441,12.92,7.417,5.556,2.277,2.388,3.065,6.591,7.073,8.048,12.122,10.372,6.616,20.984,19.12,18.515,18.434,20.572,17.177,16.984,16.253,16.199,15.608,14.598,12.97,14.519,14.866,15.52,15.412,15.253,14.421,16.975,14.943,14.061,14.097,14.499,15.051,16.034,15.126,18.354,15.424,11.389,6.832,4.671,4.924,0.848,1.217,11.038,10.583,9.91,9.579,9.535,10.099,8.475,12.248,12.543,14.156,24.589
11.155,42.078,19.91,15.36,16.034,11.363,12.581,10.557,20.964,9.198,9.371,7.103,10.239,7.343,20.099,6.583,9.903,5.201,4.912,5.495,16.891,5.992,17.673,0,10.869,6.647,10.143,8.242,5.229,10.736,5.554,12.185,12.447,5.972,13.355,13.398,13.877,20.536,18.675,15.396,15.285,14.608,19.293,18.616,19.591,7.76,9.51,11.057,11.67,9.806,9.201,9.12,11.258,7.863,7.67,6.939,6.885,6.294,5.284,6.912,8.461,5.016,4.362,4.671,4.83,3.252,0.698,3.247,4.129,4.165,4.567,5.119,6.102,8.311,11.539,8.609,12.048,12.265,14.426,17.895,16.825,16.456,13.413,12.958,12.285,11.954,11.91,8.998,9.198,5.425,5.13,3.517,15.275
14.283,36.98,12.383,7.833,10.936,15.728,16.946,14.922,13.437,12.17,12.343,11.468,14.604,11.708,12.572,10.948,7.679,9.566,9.277,6.104,9.364,6.011,10.146,10.869,0,10.482,5.045,3.144,10.121,5.638,8.682,7.087,7.349,9.1,8.257,9.718,10.197,13.009,11.148,7.869,7.758,7.081,11.766,11.089,12.064,9.036,7.286,3.53,16.035,14.171,13.566,13.485,15.623,12.228,12.035,11.304,11.25,10.659,9.649,9.884,11.433,9.381,8.727,9.036,9.195,7.617,10.171,8.139,7.257,7.293,7.695,8.247,9.23,11.439,14.667,11.737,11.068,7.167,9.328,12.797,9.298,8.929,8.315,7.86,7.187,6.856,6.812,3.9,1.671,5.444,5.739,7.352,19.64
16.406,44.12,19.523,14.973,18.076,11.506,12.724,10.7,20.577,9.341,9.514,7.246,10.382,7.486,19.712,6.726,10.046,5.344,5.055,5.108,16.504,5.605,17.286,6.647,10.482,0,12.185,10.284,10.48,12.778,10.805,14.227,14.489,11.223,15.397,16.858,17.337,20.149,18.288,15.009,14.898,14.221,18.906,18.229,19.204,7.903,9.653,10.67,11.813,9.949,9.344,9.263,11.401,8.006,7.813,7.082,7.028,6.437,5.427,7.055,8.604,5.159,4.505,4.814,4.973,3.395,5.949,8.498,9.38,9.416,9.818,10.37,11.353,13.562,16.79,13.86,17.299,14.307,16.468,19.937,16.438,16.069,15.455,15,14.327,13.996,13.952,11.04,8.811,5.038,4.743,3.13,15.418
13.04,34.225,14.086,9.536,8.181,17.431,18.649,16.625,15.14,13.873,14.046,13.171,16.307,13.411,14.275,12.651,9.382,11.269,10.98,7.807,11.067,7.714,11.244,10.143,5.045,12.185,0,1.901,8.878,2.883,7.439,4.332,4.594,7.857,5.502,6.963,7.442,14.712,12.851,9.572,9.461,8.784,13.469,12.792,13.767,10.739,8.989,5.233,17.738,15.874,15.269,15.188,17.326,13.931,13.738,13.007,12.953,12.362,11.352,11.587,13.136,11.084,10.43,10.739,10.898,9.32,9.445,6.896,6.014,6.05,6.452,7.004,7.987,10.196,13.424,10.494,8.313,4.412,6.573,10.042,10.396,10.632,5.56,5.105,4.432,4.101,4.057,1.145,3.374,7.147,7.442,9.055,21.343
11.139,33.836,12.185,7.635,7.792,15.53,16.748,14.724,13.239,11.972,12.145,11.27,14.406,11.51,12.374,10.75,7.481,9.368,9.079,5.906,9.166,5.813,9.948,8.242,3.144,10.284,1.901,0,6.977,2.494,5.538,3.943,4.205,5.956,5.113,6.574,7.053,12.811,10.95,7.671,7.56,6.883,11.568,10.891,11.866,8.838,7.088,3.332,15.837,13.973,13.368,13.287,15.425,12.03,11.837,11.106,11.052,10.461,9.451,9.686,11.235,9.183,8.529,8.838,8.997,7.419,7.544,4.995,4.113,4.149,4.551,5.103,6.086,8.295,11.523,8.593,7.924,4.023,6.184,9.653,9.1,8.731,5.171,4.716,4.043,3.712,3.668,0.756,1.473,5.246,5.541,7.154,19.442
9.89,40.813,19.162,14.612,14.769,15.196,16.414,14.39,20.216,13.031,13.204,10.936,14.072,11.176,19.351,10.416,13.736,9.034,8.745,9.328,16.143,9.825,16.925,5.229,10.121,10.48,8.878,6.977,0,9.471,4.289,10.92,11.182,4.707,12.09,12.133,12.612,19.788,17.927,14.648,14.537,13.86,18.545,17.868,18.843,11.593,13.343,10.309,15.503,13.639,13.034,12.953,15.091,11.696,11.503,10.772,10.718,10.127,9.117,10.745,12.294,8.849,8.195,8.504,8.663,7.085,4.531,1.982,2.864,2.9,3.302,3.854,4.837,7.046,10.274,7.344,10.783,11,13.161,16.63,16.077,15.708,12.148,11.693,11.02,10.689,10.645,7.733,8.45,9.258,8.963,7.35,19.108
12.011,31.342,14.679,8.978,5.298,18.024,19.242,17.218,14.51,14.466,14.639,13.764,16.9,14.004,13.645,13.244,9.975,11.862,11.573,8.4,8.317,8.307,8.361,10.736,5.638,12.778,2.883,2.494,9.471,0,8.032,1.449,1.711,8.45,2.619,4.08,4.559,14.082,12.221,8.942,9.053,9.377,13.256,13.385,14.36,11.332,9.582,5.826,18.331,16.467,15.862,15.781,17.919,14.524,14.331,13.6,13.546,12.955,11.945,12.18,13.729,11.677,11.023,11.332,11.491,9.913,10.038,7.489,6.607,6.643,7.045,7.597,8.58,9.167,12.395,9.465,5.43,1.529,3.69,7.159,7.513,7.882,2.677,2.222,1.549,1.218,1.174,1.738,3.967,7.74,8.035,9.648,21.936
8.379,39.374,17.723,13.173,13.33,15.521,16.739,14.715,18.777,13.356,13.529,11.261,14.397,11.501,17.912,10.741,13.019,9.359,9.07,9.653,14.704,10.15,15.486,5.554,8.682,10.805,7.439,5.538,4.289,8.032,0,9.481,9.743,3.196,10.651,10.622,11.101,18.349,16.488,13.209,13.098,12.421,17.106,16.429,17.404,11.918,12.626,8.87,15.828,13.964,13.359,13.278,15.416,12.021,11.828,11.097,11.043,10.452,9.442,11.07,12.619,9.174,8.52,8.829,8.988,7.41,4.856,2.307,1.425,1.389,1.791,2.343,3.326,5.535,8.763,5.833,9.272,9.561,11.722,15.191,14.638,14.269,10.709,10.254,9.581,9.25,9.206,6.294,7.011,9.583,9.288,7.675,19.433
11.112,32.791,16.128,10.427,6.747,19.473,20.691,18.667,15.959,15.915,16.088,15.213,18.349,15.453,15.094,14.693,11.424,13.311,13.022,9.849,9.766,9.756,9.81,12.185,7.087,14.227,4.332,3.943,10.92,1.449,9.481,0,0.812,9.899,1.72,3.181,3.66,15.531,13.67,10.391,10.502,10.826,14.705,14.834,15.809,12.781,11.031,7.275,19.78,17.916,17.311,17.23,19.368,15.973,15.78,15.049,14.995,14.404,13.394,13.629,15.178,13.126,12.472,12.781,12.94,11.362,11.487,8.938,8.056,8.092,8.494,9.046,10.029,8.268,11.496,8.566,4.531,2.978,5.139,8.608,8.962,9.331,1.778,1.323,0.65,0.319,0.275,3.187,5.416,9.189,9.484,11.097,23.385
11.286,33.053,16.39,10.689,7.009,19.735,20.953,18.929,16.221,16.177,16.35,15.475,18.611,15.715,15.356,14.955,11.686,13.573,13.284,10.111,10.028,10.018,10.072,12.447,7.349,14.489,4.594,4.205,11.182,1.711,9.743,0.812,0,10.161,1.894,3.355,3.834,15.793,13.932,10.653,10.764,11.088,14.967,15.096,16.071,13.043,11.293,7.537,20.042,18.178,17.573,17.492,19.63,16.235,16.042,15.311,15.257,14.666,13.656,13.891,15.44,13.388,12.734,13.043,13.202,11.624,11.749,9.2,8.318,8.354,8.756,9.308,10.291,8.442,11.67,8.74,4.705,3.24,5.401,8.87,9.224,9.593,1.952,1.497,0.824,0.493,0.537,3.449,5.678,9.451,9.746,11.359,23.647
6.889,39.792,18.141,13.591,13.748,15.939,17.157,15.133,19.195,13.774,13.947,11.679,14.815,11.919,18.33,11.159,13.437,9.777,9.488,10.071,15.122,10.568,15.904,5.972,9.1,11.223,7.857,5.956,4.707,8.45,3.196,9.899,10.161,0,11.069,9.132,9.611,18.767,16.906,13.627,13.516,12.839,17.524,16.847,17.822,12.336,13.044,9.288,16.246,14.382,13.777,13.696,15.834,12.439,12.246,11.515,11.461,10.87,9.86,11.488,13.037,9.592,8.938,9.247,9.406,7.828,5.274,2.725,1.843,1.807,1.405,0.853,1.836,4.045,7.273,4.343,7.782,9.979,12.14,15.609,15.056,14.687,10.535,10.672,9.999,9.668,9.624,6.712,7.429,10.001,9.706,8.093,19.851
10.345,33.961,17.298,11.597,7.917,20.643,21.861,19.837,17.129,17.085,17.258,16.383,19.519,16.623,16.264,15.863,12.594,14.481,14.192,11.019,10.936,10.926,10.98,13.355,8.257,15.397,5.502,5.113,12.09,2.619,10.651,1.72,1.894,11.069,0,2.414,2.893,16.701,14.84,11.561,11.672,11.996,15.875,16.004,16.979,13.951,12.201,8.445,20.95,19.086,18.481,18.4,20.538,17.143,16.95,16.219,16.165,15.574,14.564,14.799,16.348,14.296,13.642,13.951,14.11,12.532,12.657,10.108,9.226,9.262,9.664,10.216,9.71,7.501,10.729,7.799,3.764,4.148,6.309,9.778,10.132,10.501,1.011,0.397,1.07,1.401,1.445,4.357,6.586,10.359,10.654,12.267,24.555
7.931,35.422,18.759,13.058,9.378,22.104,23.322,21.298,18.59,18.546,18.719,17.844,20.98,18.084,17.725,17.324,14.055,15.942,15.653,12.48,12.397,12.387,12.441,13.398,9.718,16.858,6.963,6.574,12.133,4.08,10.622,3.181,3.355,9.132,2.414,0,0.479,18.162,16.301,13.022,13.133,13.457,17.336,17.465,18.44,15.412,13.662,9.906,22.411,20.547,19.942,19.861,21.999,18.604,18.411,17.68,17.626,17.035,16.025,16.26,17.809,15.757,15.103,15.412,15.571,13.993,12.7,10.151,9.269,9.233,8.831,8.279,7.296,5.087,8.315,5.385,1.35,5.609,7.77,11.239,11.593,11.962,1.403,2.017,2.531,2.862,2.906,5.818,8.047,11.82,12.115,13.728,26.016
8.41,35.901,19.238,13.537,9.857,22.583,23.801,21.777,19.069,19.025,19.198,18.323,21.459,18.563,18.204,17.803,14.534,16.421,16.132,12.959,12.876,12.866,12.92,13.877,10.197,17.337,7.442,7.053,12.612,4.559,11.101,3.66,3.834,9.611,2.893,0.479,0,18.641,16.78,13.501,13.612,13.936,17.815,17.944,18.919,15.891,14.141,10.385,22.89,21.026,20.421,20.34,22.478,19.083,18.89,18.159,18.105,17.514,16.504,16.739,18.288,16.236,15.582,15.891,16.05,14.472,13.179,10.63,9.748,9.712,9.31,8.758,7.775,5.566,8.794,5.864,1.829,6.088,8.249,11.718,12.072,12.441,1.882,2.496,3.01,3.341,3.385,6.297,8.526,12.299,12.594,14.207,26.495
23.691,34.828,3.636,5.176,8.784,23.54,24.758,22.734,0.428,18.119,18.292,19.28,22.416,19.52,3.285,18.76,13.628,18.487,18.516,15.771,6.635,15.678,7.417,20.536,13.009,20.149,14.712,12.811,19.788,14.082,18.349,15.531,15.793,18.767,16.701,18.162,18.641,0,1.861,5.14,5.251,5.928,1.665,2.342,3.317,14.985,13.235,9.479,23.847,21.983,21.378,21.297,23.435,20.04,19.847,19.116,19.062,18.471,17.461,15.833,17.382,17.729,18.383,18.275,18.116,17.284,19.838,17.806,16.924,16.96,17.362,17.914,18.897,20.847,24.075,21.145,17.11,12.553,10.392,10.645,6.569,6.2,16.759,16.304,15.631,15.3,15.256,13.567,11.338,15.111,15.406,17.019,27.452
21.83,32.967,5.497,3.315,6.923,21.679,22.897,20.873,2.289,16.258,16.431,17.419,20.555,17.659,1.424,16.899,11.767,16.626,16.655,13.91,4.774,13.817,5.556,18.675,11.148,18.288,12.851,10.95,17.927,12.221,16.488,13.67,13.932,16.906,14.84,16.301,16.78,1.861,0,3.279,3.39,4.067,3.526,4.203,5.178,13.124,11.374,7.618,21.986,20.122,19.517,19.436,21.574,18.179,17.986,17.255,17.201,16.61,15.6,13.972,15.521,15.868,16.522,16.414,16.255,15.423,17.977,15.945,15.063,15.099,15.501,16.053,17.036,18.986,22.214,19.284,15.249,10.692,8.531,8.784,4.708,4.339,14.898,14.443,13.77,13.439,13.395,11.706,9.477,13.25,13.545,15.158,25.591
18.551,29.688,6.09,0.036,3.644,18.4,19.618,17.594,5.568,12.979,13.152,14.14,17.276,14.38,4.703,13.62,8.488,13.347,13.376,10.631,1.495,10.538,2.277,15.396,7.869,15.009,9.572,7.671,14.648,8.942,13.209,10.391,10.653,13.627,11.561,13.022,13.501,5.14,3.279,0,0.111,0.788,4.314,4.796,5.771,9.845,8.095,4.339,18.707,16.843,16.238,16.157,18.295,14.9,14.707,13.976,13.922,13.331,12.321,10.693,12.242,12.589,13.243,13.135,12.976,12.144,14.698,12.666,11.784,11.82,12.222,12.774,13.757,15.707,18.935,16.005,11.97,7.413,5.252,5.505,1.429,1.06,11.619,11.164,10.491,10.16,10.116,8.427,6.198,9.971,10.266,11.879,22.312
18.662,29.799,5.979,0.075,3.755,18.289,19.507,17.483,5.679,12.868,13.041,14.029,17.165,14.269,4.814,13.509,8.377,13.236,13.265,10.52,1.606,10.427,2.388,15.285,7.758,14.898,9.461,7.56,14.537,9.053,13.098,10.502,10.764,13.516,11.672,13.133,13.612,5.251,3.39,0.111,0,0.677,4.203,4.685,5.66,9.734,7.984,4.228,18.596,16.732,16.127,16.046,18.184,14.789,14.596,13.865,13.811,13.22,12.21,10.582,12.131,12.478,13.132,13.024,12.865,12.033,14.587,12.555,11.673,11.709,12.111,12.663,13.646,15.818,19.046,16.116,12.081,7.524,5.363,5.616,1.54,1.171,11.73,11.275,10.602,10.271,10.227,8.316,6.087,9.86,10.155,11.768,22.201
18.022,30.476,5.302,0.752,4.432,17.612,18.83,16.806,6.356,12.191,12.364,13.352,16.488,13.592,5.491,12.832,7.7,12.559,12.588,9.843,2.283,9.75,3.065,14.608,7.081,14.221,8.784,6.883,13.86,9.377,12.421,10.826,11.088,12.839,11.996,13.457,13.936,5.928,4.067,0.788,0.677,0,4.685,4.008,4.983,9.057,7.307,3.551,17.919,16.055,15.45,15.369,17.507,14.112,13.919,13.188,13.134,12.543,11.533,9.905,11.454,11.801,12.455,12.347,12.188,11.356,13.91,11.878,10.996,11.032,11.434,11.986,12.969,15.178,18.406,15.476,12.758,8.201,6.04,6.293,2.217,1.848,12.054,11.599,10.926,10.595,10.551,7.639,5.41,9.183,9.478,11.091,21.524
22.707,34.002,1.971,4.278,7.958,22.297,23.515,21.491,2.093,16.876,17.049,18.037,21.173,18.277,4.95,17.517,12.385,17.244,17.273,14.528,5.809,14.435,6.591,19.293,11.766,18.906,13.469,11.568,18.545,13.256,17.106,14.705,14.967,17.524,15.875,17.336,17.815,1.665,3.526,4.314,4.203,4.685,0,0.677,1.652,13.742,11.992,8.236,22.604,20.74,20.135,20.054,22.192,18.797,18.604,17.873,17.819,17.228,16.218,14.59,16.139,16.486,17.14,17.032,16.873,16.041,18.595,16.563,15.681,15.717,16.119,16.671,17.654,19.863,23.091,20.161,16.284,11.727,9.566,9.819,5.743,5.374,15.933,15.478,14.805,14.474,14.43,12.324,10.095,13.868,14.163,15.776,26.209
22.03,34.484,1.294,4.76,8.44,21.62,22.838,20.814,2.77,16.199,16.372,17.36,20.496,17.6,5.627,16.84,11.708,16.567,16.596,13.851,6.291,13.758,7.073,18.616,11.089,18.229,12.792,10.891,17.868,13.385,16.429,14.834,15.096,16.847,16.004,17.465,17.944,2.342,4.203,4.796,4.685,4.008,0.677,0,0.975,13.065,11.315,7.559,21.927,20.063,19.458,19.377,21.515,18.12,17.927,17.196,17.142,16.551,15.541,13.913,15.462,15.809,16.463,16.355,16.196,15.364,17.918,15.886,15.004,15.04,15.442,15.994,16.977,19.186,22.414,19.484,16.766,12.209,10.048,10.301,6.225,5.856,16.062,15.607,14.934,14.603,14.559,11.647,9.418,13.191,13.486,15.099,25.532
23.005,35.459,0.319,5.735,9.415,22.595,23.813,21.789,3.745,17.174,17.347,18.335,21.471,18.575,6.602,17.815,12.683,17.542,17.571,14.826,7.266,14.733,8.048,19.591,12.064,19.204,13.767,11.866,18.843,14.36,17.404,15.809,16.071,17.822,16.979,18.44,18.919,3.317,5.178,5.771,5.66,4.983,1.652,0.975,0,14.04,12.29,8.534,22.902,21.038,20.433,20.352,22.49,19.095,18.902,18.171,18.117,17.526,16.516,14.888,16.437,16.784,17.438,17.33,17.171,16.339,18.893,16.861,15.979,16.015,16.417,16.969,17.952,20.161,23.389,20.459,17.741,13.184,11.023,11.276,7.2,6.831,17.037,16.582,15.909,15.578,15.534,12.622,10.393,14.166,14.461,16.074,26.507
17.519,39.533,14.359,9.809,13.489,8.555,9.773,7.749,15.413,3.134,3.307,4.295,7.431,4.535,14.548,3.775,2.143,3.502,3.531,6.751,11.34,7.248,12.122,7.76,9.036,7.903,10.739,8.838,11.593,11.332,11.918,12.781,13.043,12.336,13.951,15.412,15.891,14.985,13.124,9.845,9.734,9.057,13.742,13.065,14.04,0,1.75,5.506,8.862,6.998,6.393,6.312,8.45,5.055,4.862,4.131,4.077,3.486,2.476,0.848,2.397,2.744,3.398,3.29,3.131,4.508,7.062,9.611,10.493,10.529,10.931,11.483,12.466,14.675,17.903,14.973,16.762,12.861,15.022,15.35,11.274,10.905,14.009,13.554,12.881,12.55,12.506,9.594,7.365,6.681,6.386,4.773,12.467
18.227,37.783,12.609,8.059,11.739,10.305,11.523,9.499,13.663,4.884,5.057,6.045,9.181,6.285,12.798,5.525,0.393,5.252,5.281,8.501,9.59,8.998,10.372,9.51,7.286,9.653,8.989,7.088,13.343,9.582,12.626,11.031,11.293,13.044,12.201,13.662,14.141,13.235,11.374,8.095,7.984,7.307,11.992,11.315,12.29,1.75,0,3.756,10.612,8.748,8.143,8.062,10.2,6.805,6.612,5.881,5.827,5.236,4.226,2.598,4.147,4.494,5.148,5.04,4.881,6.258,8.812,11.361,11.201,11.237,11.639,12.191,13.174,15.383,18.611,15.681,15.012,11.111,13.272,13.6,9.524,9.155,12.259,11.804,11.131,10.8,10.756,7.844,5.615,8.431,8.136,6.523,14.217
14.471,34.027,8.853,4.303,7.983,14.061,15.279,13.255,9.907,8.64,8.813,9.801,12.937,10.041,9.042,9.281,4.149,9.008,9.037,6.292,5.834,6.199,6.616,11.057,3.53,10.67,5.233,3.332,10.309,5.826,8.87,7.275,7.537,9.288,8.445,9.906,10.385,9.479,7.618,4.339,4.228,3.551,8.236,7.559,8.534,5.506,3.756,0,14.368,12.504,11.899,11.818,13.956,10.561,10.368,9.637,9.583,8.992,7.982,6.354,7.903,8.25,8.904,8.796,8.637,7.805,10.359,8.327,7.445,7.481,7.883,8.435,9.418,11.627,14.855,11.925,11.256,7.355,9.516,9.844,5.768,5.399,8.503,8.048,7.375,7.044,7,4.088,1.859,5.632,5.927,7.54,17.973
21.429,48.395,23.221,18.671,22.351,4.793,3.287,6.501,24.275,10.3,10.473,4.895,6.569,5.243,23.41,5.665,11.005,7.412,7.441,10.661,20.202,11.158,20.984,11.67,16.035,11.813,17.738,15.837,15.503,18.331,15.828,19.78,20.042,16.246,20.95,22.411,22.89,23.847,21.986,18.707,18.596,17.919,22.604,21.927,22.902,8.862,10.612,14.368,0,1.864,2.469,2.55,1.964,3.807,4,4.731,4.785,5.376,6.386,8.014,9.563,6.654,7.308,7.2,7.041,8.418,10.972,13.521,14.403,14.439,14.841,15.393,16.376,18.585,21.813,18.883,22.322,19.86,22.021,24.212,20.136,19.767,21.008,20.553,19.88,19.549,19.505,16.593,14.364,10.591,10.296,8.683,3.605
19.565,46.531,21.357,16.807,20.487,2.929,2.775,4.637,22.411,8.436,8.609,3.031,4.705,3.379,21.546,3.801,9.141,5.548,5.577,8.797,18.338,9.294,19.12,9.806,14.171,9.949,15.874,13.973,13.639,16.467,13.964,17.916,18.178,14.382,19.086,20.547,21.026,21.983,20.122,16.843,16.732,16.055,20.74,20.063,21.038,6.998,8.748,12.504,1.864,0,0.605,0.686,1.452,1.943,2.136,2.867,2.921,3.512,4.522,6.15,7.699,4.79,5.444,5.336,5.177,6.554,9.108,11.657,12.539,12.575,12.977,13.529,14.512,16.721,19.949,17.019,20.458,17.996,20.157,22.348,18.272,17.903,19.144,18.689,18.016,17.685,17.641,14.729,12.5,8.727,8.432,6.819,5.469
18.96,45.926,20.752,16.202,19.882,2.324,3.38,4.032,21.806,7.831,8.004,2.426,4.1,2.774,20.941,3.196,8.536,4.943,4.972,8.192,17.733,8.689,18.515,9.201,13.566,9.344,15.269,13.368,13.034,15.862,13.359,17.311,17.573,13.777,18.481,19.942,20.421,21.378,19.517,16.238,16.127,15.45,20.135,19.458,20.433,6.393,8.143,11.899,2.469,0.605,0,0.081,2.057,1.338,1.531,2.262,2.316,2.907,3.917,5.545,7.094,4.185,4.839,4.731,4.572,5.949,8.503,11.052,11.934,11.97,12.372,12.924,13.907,16.116,19.344,16.414,19.853,17.391,19.552,21.743,17.667,17.298,18.539,18.084,17.411,17.08,17.036,14.124,11.895,8.122,7.827,6.214,6.074
18.879,45.845,20.671,16.121,19.801,2.243,3.461,3.951,21.725,7.75,7.923,2.345,4.019,2.693,20.86,3.115,8.455,4.862,4.891,8.111,17.652,8.608,18.434,9.12,13.485,9.263,15.188,13.287,12.953,15.781,13.278,17.23,17.492,13.696,18.4,19.861,20.34,21.297,19.436,16.157,16.046,15.369,20.054,19.377,20.352,6.312,8.062,11.818,2.55,0.686,0.081,0,2.138,1.257,1.45,2.181,2.235,2.826,3.836,5.464,7.013,4.104,4.758,4.65,4.491,5.868,8.422,10.971,11.853,11.889,12.291,12.843,13.826,16.035,19.263,16.333,19.772,17.31,19.471,21.662,17.586,17.217,18.458,18.003,17.33,16.999,16.955,14.043,11.814,8.041,7.746,6.133,6.155
21.017,47.983,22.809,18.259,21.939,4.381,1.323,6.089,23.863,9.888,10.061,4.483,6.157,4.831,22.998,5.253,10.593,7,7.029,10.249,19.79,10.746,20.572,11.258,15.623,11.401,17.326,15.425,15.091,17.919,15.416,19.368,19.63,15.834,20.538,21.999,22.478,23.435,21.574,18.295,18.184,17.507,22.192,21.515,22.49,8.45,10.2,13.956,1.964,1.452,2.057,2.138,0,3.395,3.588,4.319,4.373,4.964,5.974,7.602,9.151,6.242,6.896,6.788,6.629,8.006,10.56,13.109,13.991,14.027,14.429,14.981,15.964,18.173,21.401,18.471,21.91,19.448,21.609,23.8,19.724,19.355,20.596,20.141,19.468,19.137,19.093,16.181,13.952,10.179,9.884,8.271,5.569
17.622,44.588,19.414,14.864,18.544,3.5,4.718,2.694,20.468,6.493,6.666,1.088,2.762,1.436,19.603,1.858,7.198,3.605,3.634,6.854,16.395,7.351,17.177,7.863,12.228,8.006,13.931,12.03,11.696,14.524,12.021,15.973,16.235,12.439,17.143,18.604,19.083,20.04,18.179,14.9,14.789,14.112,18.797,18.12,19.095,5.055,6.805,10.561,3.807,1.943,1.338,1.257,3.395,0,0.193,0.924,0.978,1.569,2.579,4.207,5.756,2.847,3.501,3.393,3.234,4.611,7.165,9.714,10.596,10.632,11.034,11.586,12.569,14.778,18.006,15.076,18.515,16.053,18.214,20.405,16.329,15.96,17.201,16.746,16.073,15.742,15.698,12.786,10.557,6.784,6.489,4.876,7.412
17.429,44.395,19.221,14.671,18.351,3.693,4.911,2.887,20.275,6.3,6.473,0.895,2.569,1.243,19.41,1.665,7.005,3.412,3.441,6.661,16.202,7.158,16.984,7.67,12.035,7.813,13.738,11.837,11.503,14.331,11.828,15.78,16.042,12.246,16.95,18.411,18.89,19.847,17.986,14.707,14.596,13.919,18.604,17.927,18.902,4.862,6.612,10.368,4,2.136,1.531,1.45,3.588,0.193,0,0.731,0.785,1.376,2.386,4.014,5.563,2.654,3.308,3.2,3.041,4.418,6.972,9.521,10.403,10.439,10.841,11.393,12.376,14.585,17.813,14.883,18.322,15.86,18.021,20.212,16.136,15.767,17.008,16.553,15.88,15.549,15.505,12.593,10.364,6.591,6.296,4.683,7.605
16.698,43.664,18.49,13.94,17.62,4.424,5.642,3.618,19.544,5.569,5.742,0.164,3.3,0.512,18.679,0.934,6.274,2.681,2.71,5.93,15.471,6.427,16.253,6.939,11.304,7.082,13.007,11.106,10.772,13.6,11.097,15.049,15.311,11.515,16.219,17.68,18.159,19.116,17.255,13.976,13.865,13.188,17.873,17.196,18.171,4.131,5.881,9.637,4.731,2.867,2.262,2.181,4.319,0.924,0.731,0,0.054,0.645,1.655,3.283,4.832,1.923,2.577,2.469,2.31,3.687,6.241,8.79,9.672,9.708,10.11,10.662,11.645,13.854,17.082,14.152,17.591,15.129,17.29,19.481,15.405,15.036,16.277,15.822,15.149,14.818,14.774,11.862,9.633,5.86,5.565,3.952,8.336
16.644,43.61,18.436,13.886,17.566,4.478,5.696,3.672,19.49,5.515,5.688,0.218,3.354,0.458,18.625,0.88,6.22,2.627,2.656,5.876,15.417,6.373,16.199,6.885,11.25,7.028,12.953,11.052,10.718,13.546,11.043,14.995,15.257,11.461,16.165,17.626,18.105,19.062,17.201,13.922,13.811,13.134,17.819,17.142,18.117,4.077,5.827,9.583,4.785,2.921,2.316,2.235,4.373,0.978,0.785,0.054,0,0.591,1.601,3.229,4.778,1.869,2.523,2.415,2.256,3.633,6.187,8.736,9.618,9.654,10.056,10.608,11.591,13.8,17.028,14.098,17.537,15.075,17.236,19.427,15.351,14.982,16.223,15.768,15.095,14.764,14.72,11.808,9.579,5.806,5.511,3.898,8.39
16.053,43.019,17.845,13.295,16.975,5.069,6.287,4.263,18.899,4.924,5.097,0.809,3.945,1.049,18.034,0.289,5.629,2.036,2.065,5.285,14.826,5.782,15.608,6.294,10.659,6.437,12.362,10.461,10.127,12.955,10.452,14.404,14.666,10.87,15.574,17.035,17.514,18.471,16.61,13.331,13.22,12.543,17.228,16.551,17.526,3.486,5.236,8.992,5.376,3.512,2.907,2.826,4.964,1.569,1.376,0.645,0.591,0,1.01,2.638,4.187,1.278,1.932,1.824,1.665,3.042,5.596,8.145,9.027,9.063,9.465,10.017,11,13.209,16.437,13.507,16.946,14.484,16.645,18.836,14.76,14.391,15.632,15.177,14.504,14.173,14.129,11.217,8.988,5.215,4.92,3.307,8.981
15.043,42.009,16.835,12.285,15.965,6.079,7.297,5.273,17.889,3.914,4.087,1.819,4.955,2.059,17.024,1.299,4.619,1.026,1.055,4.275,13.816,4.772,14.598,5.284,9.649,5.427,11.352,9.451,9.117,11.945,9.442,13.394,13.656,9.86,14.564,16.025,16.504,17.461,15.6,12.321,12.21,11.533,16.218,15.541,16.516,2.476,4.226,7.982,6.386,4.522,3.917,3.836,5.974,2.579,2.386,1.655,1.601,1.01,0,1.628,3.177,0.268,0.922,0.814,0.655,2.032,4.586,7.135,8.017,8.053,8.455,9.007,9.99,12.199,15.427,12.497,15.936,13.474,15.635,17.826,13.75,13.381,14.622,14.167,13.494,13.163,13.119,10.207,7.978,4.205,3.91,2.297,9.991
16.671,40.381,15.207,10.657,14.337,7.707,8.925,6.901,16.261,2.286,2.459,3.447,6.583,3.687,15.396,2.927,2.991,2.654,2.683,5.903,12.188,6.4,12.97,6.912,9.884,7.055,11.587,9.686,10.745,12.18,11.07,13.629,13.891,11.488,14.799,16.26,16.739,15.833,13.972,10.693,10.582,9.905,14.59,13.913,14.888,0.848,2.598,6.354,8.014,6.15,5.545,5.464,7.602,4.207,4.014,3.283,3.229,2.638,1.628,0,1.549,1.896,2.55,2.442,2.283,3.66,6.214,8.763,9.645,9.681,10.083,10.635,11.618,13.827,17.055,14.125,17.564,13.709,15.87,16.198,12.122,11.753,14.857,14.402,13.729,13.398,13.354,10.442,8.213,5.833,5.538,3.925,11.619
18.22,41.93,16.756,12.206,15.886,9.256,10.474,8.45,17.81,0.737,0.91,4.996,8.132,5.236,16.945,4.476,4.54,4.203,4.232,7.452,13.737,7.949,14.519,8.461,11.433,8.604,13.136,11.235,12.294,13.729,12.619,15.178,15.44,13.037,16.348,17.809,18.288,17.382,15.521,12.242,12.131,11.454,16.139,15.462,16.437,2.397,4.147,7.903,9.563,7.699,7.094,7.013,9.151,5.756,5.563,4.832,4.778,4.187,3.177,1.549,0,3.445,4.099,3.991,3.832,5.209,7.763,10.312,11.194,11.23,11.632,12.184,13.167,15.376,18.604,15.674,19.113,15.258,17.419,17.747,13.671,13.302,16.406,15.951,15.278,14.947,14.903,11.991,9.762,7.382,7.087,5.474,13.168
14.775,42.277,17.103,12.553,16.233,6.347,7.565,5.541,18.157,4.182,4.355,2.087,5.223,2.327,17.292,1.567,4.887,0.758,0.787,4.007,14.084,4.504,14.866,5.016,9.381,5.159,11.084,9.183,8.849,11.677,9.174,13.126,13.388,9.592,14.296,15.757,16.236,17.729,15.868,12.589,12.478,11.801,16.486,15.809,16.784,2.744,4.494,8.25,6.654,4.79,4.185,4.104,6.242,2.847,2.654,1.923,1.869,1.278,0.268,1.896,3.445,0,0.654,0.546,0.387,1.764,4.318,6.867,7.749,7.785,8.187,8.739,9.722,11.931,15.159,12.229,15.668,13.206,15.367,18.094,14.018,13.649,14.354,13.899,13.226,12.895,12.851,9.939,7.71,3.937,3.642,2.029,10.259
14.121,42.365,17.757,13.207,16.321,7.001,8.219,6.195,18.811,4.836,5.009,2.741,5.877,2.981,17.946,2.221,5.541,0.839,0.55,3.353,14.738,3.85,15.52,4.362,8.727,4.505,10.43,8.529,8.195,11.023,8.52,12.472,12.734,8.938,13.642,15.103,15.582,18.383,16.522,13.243,13.132,12.455,17.14,16.463,17.438,3.398,5.148,8.904,7.308,5.444,4.839,4.758,6.896,3.501,3.308,2.577,2.523,1.932,0.922,2.55,4.099,0.654,0,0.309,0.468,1.11,3.664,6.213,7.095,7.131,7.533,8.085,9.068,11.277,14.505,11.575,15.014,12.552,14.713,18.182,14.672,14.303,13.7,13.245,12.572,12.241,12.197,9.285,7.056,3.283,2.988,1.375,10.913
14.43,42.674,17.649,13.099,16.63,6.893,8.111,6.087,18.703,4.728,4.901,2.633,5.769,2.873,17.838,2.113,5.433,0.53,0.241,3.662,14.63,4.159,15.412,4.671,9.036,4.814,10.739,8.838,8.504,11.332,8.829,12.781,13.043,9.247,13.951,15.412,15.891,18.275,16.414,13.135,13.024,12.347,17.032,16.355,17.33,3.29,5.04,8.796,7.2,5.336,4.731,4.65,6.788,3.393,3.2,2.469,2.415,1.824,0.814,2.442,3.991,0.546,0.309,0,0.159,1.419,3.973,6.522,7.404,7.44,7.842,8.394,9.377,11.586,14.814,11.884,15.323,12.861,15.022,18.491,14.564,14.195,14.009,13.554,12.881,12.55,12.506,9.594,7.365,3.592,3.297,1.684,10.805
14.589,42.664,17.49,12.94,16.62,6.734,7.952,5.928,18.544,4.569,4.742,2.474,5.61,2.714,17.679,1.954,5.274,0.371,0.4,3.821,14.471,4.318,15.253,4.83,9.195,4.973,10.898,8.997,8.663,11.491,8.988,12.94,13.202,9.406,14.11,15.571,16.05,18.116,16.255,12.976,12.865,12.188,16.873,16.196,17.171,3.131,4.881,8.637,7.041,5.177,4.572,4.491,6.629,3.234,3.041,2.31,2.256,1.665,0.655,2.283,3.832,0.387,0.468,0.159,0,1.578,4.132,6.681,7.563,7.599,8.001,8.553,9.536,11.745,14.973,12.043,15.482,13.02,15.181,18.481,14.405,14.036,14.168,13.713,13.04,12.709,12.665,9.753,7.524,3.751,3.456,1.843,10.646
13.011,41.255,16.658,12.108,15.211,8.111,9.329,7.305,17.712,5.946,6.119,3.851,6.987,4.091,16.847,3.331,6.651,1.949,1.66,2.243,13.639,2.74,14.421,3.252,7.617,3.395,9.32,7.419,7.085,9.913,7.41,11.362,11.624,7.828,12.532,13.993,14.472,17.284,15.423,12.144,12.033,11.356,16.041,15.364,16.339,4.508,6.258,7.805,8.418,6.554,5.949,5.868,8.006,4.611,4.418,3.687,3.633,3.042,2.032,3.66,5.209,1.764,1.11,1.419,1.578,0,2.554,5.103,5.985,6.021,6.423,6.975,7.958,10.167,13.395,10.465,13.904,11.442,13.603,17.072,13.573,13.204,12.59,12.135,11.462,11.131,11.087,8.175,5.946,2.173,1.878,0.265,12.023
