0,1242.1,642.29,616.12,616.54,0,0,0,662.49,656.91,661.23,0,0,0,693.57,611.35,628.42,580.08,576.97,650.18,633.09,656.71,645.26,688.96,679.32,711.24,705.73,676.4,747.04,701.3,796.82,670.43,676,727.54,611.08,655.45,667.43,651.79,657.97,616.37,615.59,613.5,626.93,624.71,634.31,604.41,618.6,615.66,0,0,0,0,0,0,0,0,0,604.13,578.88,599.76,638.48,574.86,626.87,570.94,570.81,634.64,671.51,697.49,761.34,762.09,770.53,706.22,739.84,2.844,5.476,2.546,704.7,648.14,655.84,637.52,624.06,622.21,635.47,601.16,664.01,663.68,663.56,677.1,637.55,642.53,641.06,632.99,0
1242.1,0,1171.8,1215,1419.6,0,0,0,1215.9,1213.3,1217.6,0,0,0,1256.5,1184.5,1175.9,1139.1,1136.4,1183.4,1299.2,1189.5,1317.3,1190.5,1195.8,1236.5,1188.9,1150.5,1203.2,1194.4,1174.9,1187.4,1192.9,1148,1146.3,1172.5,1184.4,1205.2,1220.9,1266.1,1218.2,1189.8,1178.6,1161.3,1163.9,1153.6,1166.1,1157,0,0,0,0,0,0,0,0,0,1177.2,1152,1156.1,1194.9,1150.7,1142.5,1130.3,1129.9,1153.7,1173.1,1153.7,1140.1,1140.1,1140.6,1126.7,1152.6,1171,1251.7,1178.4,1178.2,1281.4,1345.9,24.183,1296.1,1288.4,1165.2,1136.3,1180,1180.6,1180.6,1160.3,1154,1175.3,1174.3,1158.2,0
642.29,1171.8,0,586.86,586.82,0,0,0,636.96,651.99,656.31,0,0,0,658.15,606.2,619.8,536.04,532.63,574.5,600.8,580.43,612.01,590.93,596.93,638.78,575.55,546.93,625.25,539.72,606.63,548.68,554.35,565.77,519.67,531.72,543.69,626.26,622.55,590.6,617.3,653.67,641.57,700.53,0.319,629.6,609.98,612.83,0,0,0,0,0,0,0,0,0,598.98,573.73,594.84,633.57,569.71,571.4,526.61,526.77,567.91,573.48,575.7,571.29,571.9,578.74,544.44,545.09,571.19,651.89,578.64,541.71,543.01,550.01,567.26,590.81,589.93,510.43,509.74,543.68,542.02,541.8,546.93,555.16,566.26,565.37,560.53,0
616.12,1215,586.86,0,625.31,0,0,0,670.98,586.43,590.76,0,0,0,716.16,550.84,549.79,483.61,480.84,518.92,675.89,524.86,681.42,552.14,546.19,579.73,546.32,509.31,580.65,528.7,560.5,537.9,543.57,543.11,507.98,528.77,540.74,660.28,680.56,686.65,685.76,623.22,633.79,603.16,578.88,533.3,539.97,535,0,0,0,0,0,0,0,0,0,543.62,518.37,529.28,568,516.49,492.36,474.81,474.33,499.09,534.69,531.1,525.45,525.77,529.39,521.78,524.52,545.02,625.72,552.47,535.88,552.72,579.6,610.43,660.22,665.02,509.45,498.06,532.9,531.24,531.02,517.69,504.41,510.69,509.8,501.48,0
616.54,1419.6,586.82,625.31,0,0,0,0,631.16,603.5,607.82,0,0,0,676.07,571.31,568.36,513.9,510.49,549.25,695.54,555.78,714.35,553.3,568.74,606.08,568.2,529.74,581.21,573.48,558.64,565.22,570.54,532.39,524.39,554.82,566.8,620.46,640.47,660.29,627.49,605.32,598.76,581.5,578.85,543.83,558.54,546.26,0,0,0,0,0,0,0,0,0,564.08,538.83,546.35,585.07,535.88,526.2,504.47,504.63,524.38,535.85,531.66,523.81,523.92,524.88,511.07,529.98,545.44,626.14,552.89,565.98,653.1,698.48,815.02,693.15,684.67,543.52,514.47,557.2,558.21,558.34,539.57,526.96,541.6,540.13,527.83,0
0,0,0,0,0,0,33.784,13.144,0,0,0,9.932,13.28,10.628,0,0,0,0,0,0,0,0,0,0,0,0,0,0,0,0,0,0,0,0,0,0,0,0,0,0,0,0,0,0,0,0,0,0,28.492,8.966,7.756,2.243,28.492,7.756,8.142,9.604,9.712,0,0,0,0,0,0,0,0,0,0,0,0,0,0,0,0,0,0,0,0,0,0,0,0,0,0,0,0,0,0,0,0,0,0,0,42.912
0,0,0,0,0,33.784,0,35.588,0,0,0,29.164,35.86,30.556,0,0,0,0,0,0,0,0,0,0,0,0,0,0,0,0,0,0,0,0,0,0,0,0,0,0,0,0,0,0,0,0,0,0,7.926,7.926,9.136,24.812,1.323,24.812,25.584,28.508,28.724,0,0,0,0,0,0,0,0,0,0,0,0,0,0,0,0,0,0,0,0,0,0,0,0,0,0,0,0,0,0,0,0,0,0,0,15.136
0,0,0,0,0,13.144,35.588,0,0,0,0,3.782,5.456,4.13,0,0,0,0,0,0,0,0,0,0,0,0,0,0,0,0,0,0,0,0,0,0,0,0,0,0,0,0,0,0,0,0,0,0,30.296,9.868,8.658,8.658,30.296,2.694,2.887,3.618,3.672,0,0,0,0,0,0,0,0,0,0,0,0,0,0,0,0,0,0,0,0,0,0,0,0,0,0,0,0,0,0,0,0,0,0,0,44.716
662.49,1215.9,636.96,670.98,631.16,0,0,0,0,617.27,621.6,0,0,0,805.25,580.93,583.12,503.67,499.98,543.09,672.28,550.8,679.28,571.46,581.96,597.7,576.34,546.68,629.19,546.22,618.6,561.53,567.2,592.58,526.74,537.61,549.58,0.428,769.64,694.23,686.54,646.66,774.15,673.62,628.99,569.89,573.29,558.77,0,0,0,0,0,0,0,0,0,573.71,548.46,560.13,598.85,546.05,513.23,493.96,494.39,517.06,554.01,579.64,583.19,583.88,591.48,571.25,573.69,591.39,672.09,598.84,548.45,566.78,586.32,611.31,658.08,661.4,520.45,516.81,556.2,554.88,554.66,547.71,540.19,536.62,533.97,519.45,0
656.91,1213.3,651.99,586.43,603.5,0,0,0,617.27,0,1.647,0,0,0,644.25,762.87,712.58,703.25,699.53,703.5,608.29,704.12,621.17,703.91,668.29,787.25,627.53,604.19,700.72,584.73,671.7,591.69,597.01,603.21,569.48,571.6,583.57,606.57,608.65,586.32,598.25,637.64,605.5,629.39,644.02,748.33,702.76,654.18,0,0,0,0,0,0,0,0,0,755.64,730.39,2.286,0.737,724.23,758.82,693.5,693.98,735.51,686.46,651.17,636.94,636.98,637.06,581.89,573.77,585.81,666.51,593.26,567.34,578.66,590.08,608.71,599.97,597.41,557.36,559.55,583.69,584.69,584.82,598.9,626.52,689.94,694.37,709,0
661.23,1217.6,656.31,590.76,607.82,0,0,0,621.6,1.647,0,0,0,0,648.57,767.19,716.91,707.58,703.85,707.82,612.61,708.44,625.5,708.23,672.62,791.57,631.85,608.52,705.05,589.05,676.02,596.02,601.34,607.54,573.81,575.92,587.9,610.9,612.97,590.65,602.58,641.97,609.83,633.71,648.34,752.66,707.08,658.5,0,0,0,0,0,0,0,0,0,759.97,734.72,2.459,0.91,728.56,763.14,697.83,698.3,739.83,690.78,655.5,641.26,641.3,641.39,586.21,578.09,590.13,670.83,597.58,571.67,582.99,594.41,613.03,604.29,601.74,561.68,563.88,588.02,589.01,589.14,603.23,630.84,694.27,698.7,713.32,0
0,0,0,0,0,9.932,29.164,3.782,0,0,0,0,3.464,0.676,0,0,0,0,0,0,0,0,0,0,0,0,0,0,0,0,0,0,0,0,0,0,0,0,0,0,0,0,0,0,0,0,0,0,23.872,6.656,5.446,5.446,23.872,1.088,0.895,0.164,0.218,0,0,0,0,0,0,0,0,0,0,0,0,0,0,0,0,0,0,0,0,0,0,0,0,0,0,0,0,0,0,0,0,0,0,0,38.292
0,0,0,0,0,13.28,35.86,5.456,0,0,0,3.464,0,3.812,0,0,0,0,0,0,0,0,0,0,0,0,0,0,0,0,0,0,0,0,0,0,0,0,0,0,0,0,0,0,0,0,0,0,30.568,10.004,8.794,8.794,30.568,2.762,2.569,3.3,3.354,0,0,0,0,0,0,0,0,0,0,0,0,0,0,0,0,0,0,0,0,0,0,0,0,0,0,0,0,0,0,0,0,0,0,0,44.988
0,0,0,0,0,10.628,30.556,4.13,0,0,0,0.676,3.812,0,0,0,0,0,0,0,0,0,0,0,0,0,0,0,0,0,0,0,0,0,0,0,0,0,0,0,0,0,0,0,0,0,0,0,25.264,7.352,6.142,6.142,25.264,1.436,1.243,0.512,0.458,0,0,0,0,0,0,0,0,0,0,0,0,0,0,0,0,0,0,0,0,0,0,0,0,0,0,0,0,0,0,0,0,0,0,0,39.684
693.57,1256.5,658.15,716.16,676.07,0,0,0,805.24,644.25,648.57,0,0,0,0,608.18,609.97,534.4,530.99,571.84,717.67,578.37,724.68,605.47,603.22,629.07,606.66,571,656.38,583.23,639.5,593.17,598.85,623.6,562.42,572.54,584.52,794.54,1.424,761.93,727.44,679.03,756.25,687.7,650.17,595.46,600.15,585.95,0,0,0,0,0,0,0,0,0,600.95,575.7,587.1,625.82,573.83,540.26,524.97,525.12,547.38,588.02,606.83,604.16,604.77,611.61,602.27,605.65,622.47,703.17,629.92,580.97,605.66,628.86,651.94,703.48,706.8,555.87,552.49,588.18,586.52,586.3,578.03,561.45,564.19,562.72,550.82,0
611.35,1184.5,606.2,550.84,571.31,0,0,0,580.93,762.87,767.19,0,0,0,608.18,0,667.84,712.77,709.04,672.1,575.31,672.13,589.57,681.4,631.45,766.21,589.05,567.23,675.49,543.56,644.49,552.71,558.2,572.38,526.33,527.73,539.7,570.23,572.58,550.81,557.26,594.31,564.68,583.6,598.23,686.21,658.01,610.55,0,0,0,0,0,0,0,0,0,0.289,1.299,705.72,744.44,737,768.33,703.02,703.49,745.02,663.95,625.94,609.95,609.77,607,551.06,543.3,540.25,620.95,547.7,521.57,543.67,563.43,579.89,568.37,564.44,526.53,516.41,545.49,545.88,545.84,560.43,589.68,657.96,662.97,687.96,0
628.42,1175.9,619.8,549.79,568.36,0,0,0,583.12,712.58,716.91,0,0,0,609.97,667.84,0,589.9,586.18,621.48,571.49,627.42,584.78,620.05,643.55,680.7,603.95,584.75,642.53,563.16,621.03,564.59,570,556.22,541.77,542.97,554.95,572.41,574.37,549.9,564.67,596.96,571.92,597.2,611.83,700.96,0.393,654.83,0,0,0,0,0,0,0,0,0,660.61,635.36,655.43,694.16,631.87,623.38,580.15,580.63,613.39,602.6,592.98,585.98,586.3,589.92,534.9,541.84,557.32,638.02,564.77,544.64,551.21,552.7,571.37,563.58,560.62,532.05,531.84,557.34,557.67,557.72,575.33,601.78,613.25,612.36,602.45,0
580.08,1139.1,536.04,483.61,513.9,0,0,0,503.67,703.25,707.58,0,0,0,534.4,712.77,589.9,0,772.79,609.96,508.13,610,522.13,628.7,569.42,701.92,547.59,520.28,629.47,508.96,599.69,520.11,525.61,530.86,488.77,488.99,500.96,492.97,498.8,483.72,484.49,507.71,487.12,515.27,528.07,628.3,580.08,537.76,0,0,0,0,0,0,0,0,0,705.54,680.29,646.1,684.83,761.52,759.66,766.76,0.371,662.37,611.25,579.92,564.93,564.96,564.58,509.54,506.54,508.98,589.68,516.43,487.64,506.76,516.43,534.57,500.93,497.26,489.85,478.84,513.61,513.28,513.24,518.97,527.65,595.82,600.84,623.67,0
576.97,1136.4,532.63,480.84,510.49,0,0,0,499.98,699.53,703.85,0,0,0,530.99,709.04,586.18,772.79,0,606.85,505.04,606.88,519.03,625.06,566.3,698.37,544.61,517.15,626.38,505.55,596.3,517.32,522.81,527.45,485.36,485.58,497.55,489.28,495.39,480.94,481.08,504.3,483.71,511.86,524.66,624.57,576.35,534.33,0,0,0,0,0,0,0,0,0,701.82,676.57,642.38,681.1,754.61,760.07,0.241,763.51,659.47,607.61,576.83,561.84,561.57,561.17,506.13,503.17,505.87,586.57,513.32,484.23,503.33,513.34,531.79,497.83,494.17,486.3,475.43,510.82,510.49,510.44,515.98,524.52,592.71,597.72,620.12,0
650.18,1183.4,574.5,518.92,549.25,0,0,0,543.09,703.49,707.82,0,0,0,571.84,672.1,621.48,609.96,606.85,0,541.5,717.07,555.88,665.49,657.89,750.83,607.15,589.75,678.68,561,641.27,559.18,564.68,582.09,529.3,552.23,564.2,532.39,536.24,518.96,524.62,554.16,529.42,553.85,566.52,645.75,611.66,594.34,0,0,0,0,0,0,0,0,0,664.87,639.62,646.35,685.07,637.74,639.75,600.82,600.69,666.49,648.04,629.13,619.43,606.54,606.94,560.77,576.28,579.08,659.78,586.53,558.87,546.37,556.93,578.81,534.68,530.62,542.41,519.38,551.81,552.35,552.31,578.52,616.12,702.9,0.365,672.58,0
633.09,1299.2,600.8,675.89,695.54,0,0,0,672.28,608.29,612.61,0,0,0,717.67,575.31,571.49,508.13,505.04,541.5,0,547.43,767.69,571.13,570.63,604.04,572.82,534.36,596.35,562.35,577.35,570.33,575.91,558.74,532.88,555.61,567.58,661.58,682.07,730.59,677.8,633.92,634.88,608.48,592.83,552.16,561.67,557.1,0,0,0,0,0,0,0,0,0,568.09,542.84,551.14,589.86,540.96,520.06,499.02,498.86,523.48,553.68,546.8,542.16,542.63,546.72,537.41,545.68,561.99,642.69,569.44,564.78,609.71,655.09,694.66,746.49,0.435,542.98,522.96,563.97,563.59,563.46,544.19,528.85,533.26,532.37,525.79,0
656.71,1189.5,580.43,524.86,555.78,0,0,0,550.8,704.12,708.44,0,0,0,578.37,672.13,627.42,610,606.88,717.07,547.43,0,561.81,667.29,669.73,749.1,613.17,599.22,681.33,568.12,646.61,564.57,569.89,586.62,535.68,558.75,570.73,540.1,542.76,524.9,531.14,559.51,535.52,559.78,572.46,647.14,617.6,602.04,0,0,0,0,0,0,0,0,0,664.91,639.66,646.97,685.7,637.78,639.78,600.86,600.72,664.75,649.84,631.77,622.07,611.89,612.29,565.29,581.63,585.61,666.31,593.06,565.99,553.56,564.5,584.94,540.61,536.56,548.79,525.76,556.57,557.56,557.69,584.54,627.95,0.567,707.95,670.85,0
645.26,1317.3,612.01,681.42,714.35,0,0,0,679.28,621.17,625.5,0,0,0,724.68,589.57,584.78,522.13,519.03,555.88,767.69,561.81,0,581.39,582.8,617.69,584.97,546.51,607.35,576,588.05,583.38,588.87,569.05,545.86,569.13,581.11,668.58,689.08,732.43,683.33,642.4,641.88,616.96,604.04,563.59,574.95,568.53,0,0,0,0,0,0,0,0,0,582.35,557.1,564.02,602.75,555.22,535.79,513.01,512.85,537.12,563.94,557.8,552.93,553.33,556.98,547.72,558.7,574.16,654.86,581.61,577.69,627.79,673.17,712.73,0.848,756.81,556.2,535.93,575.95,576.55,576.5,556.34,541.02,547.64,546.75,539.44,0
688.96,1190.5,590.93,552.14,553.3,0,0,0,571.46,703.91,708.23,0,0,0,605.47,681.4,620.05,628.7,625.06,665.49,571.13,667.29,581.39,0,640.74,746.88,615.55,596.13,766.83,574.23,682.23,569.69,575.27,618.58,529.52,561.17,573.15,560.76,569.87,552.25,552.24,566.47,551.63,570.28,582.95,638.66,610.23,578.38,0,0,0,0,0,0,0,0,0,674.18,648.93,646.76,685.48,647.05,661.99,619.03,619.43,717.16,0.698,717.28,696.99,647.5,645.66,597.26,619.51,617.86,698.56,625.31,587.32,548.47,556,585.97,560.19,560.26,550.09,519.59,563.27,562.94,562.82,586.92,598.97,653.12,656.36,668.63,0
679.32,1195.8,596.93,546.19,568.74,0,0,0,581.96,668.29,672.62,0,0,0,603.23,631.45,643.55,569.42,566.3,657.89,570.63,669.73,582.8,640.74,0,689.92,656.01,688.42,668.79,597.84,647.83,583.87,589.36,585.67,547.53,580.79,592.77,571.26,567.63,549.39,554.61,572.57,561.33,576.28,588.96,614.54,633.73,647.26,0,0,0,0,0,0,0,0,0,624.23,598.98,611.14,649.87,596.57,597.8,560.27,560.15,605.57,623.29,619.24,613.07,613.11,613.51,564.35,595.13,608.22,688.92,615.67,594.13,578.99,579.74,591.23,561.6,559.75,571.97,537.61,577,577.04,577,627.38,1.671,655.55,648.77,611.67,0
711.24,1236.5,638.78,579.73,606.08,0,0,0,597.7,787.25,791.57,0,0,0,629.07,766.21,680.7,701.92,698.37,750.83,604.04,749.1,617.69,746.88,689.92,0,656.2,632.48,752.21,614.53,705.67,616.96,622.45,651.54,590.17,608.61,620.59,587,593.47,579.76,582.97,614.47,586.36,618.13,630.81,716.35,670.88,643.78,0,0,0,0,0,0,0,0,0,758.99,733.74,730.1,768.82,732.4,732.59,692.35,692.65,772.71,729.43,702.65,688.23,670.95,670.32,630.22,637.5,640.14,720.84,647.59,614.25,599.53,608.01,631.92,596.49,593.17,598.78,580.24,610.46,610.13,610.09,627.57,648.14,734.92,741.71,3.13,0
705.73,1188.9,575.55,546.32,568.2,0,0,0,576.34,627.53,631.85,0,0,0,606.66,589.06,603.95,547.59,544.61,607.15,572.82,613.17,584.97,615.55,656.01,656.2,0,659.61,665.49,637.02,651.66,607.36,612.68,590.96,559.62,606.65,618.62,565.64,571.06,552.33,551.79,560.45,554.07,554.9,567.58,572.79,594.13,583.49,0,0,0,0,0,0,0,0,0,581.83,556.58,570.38,609.1,553.63,567.88,538.58,538.32,573.44,598.1,615.94,616.76,616.94,618.51,569.63,612.08,634.63,715.33,642.08,631.06,601.35,595.06,584.37,563.77,561.94,603.53,549.69,599.36,600.35,600.48,1.145,614.23,598.99,598.02,577.95,0
676.4,1150.5,546.93,509.31,529.74,0,0,0,546.68,604.19,608.52,0,0,0,571,567.23,584.75,520.28,517.16,589.75,534.36,599.22,546.51,596.13,688.42,632.48,659.61,0,646.4,591.01,632.17,564.37,569.69,567.61,518.14,564.08,576.05,535.98,535.4,512.57,514.61,525.35,523.43,526.8,538.96,549.46,574.92,584.09,0,0,0,0,0,0,0,0,0,560.01,534.76,547.04,585.77,531.81,541.95,511.13,511.01,550.81,578.68,596.85,597.4,597.44,597.84,546.29,588.63,605.3,686,612.75,591.53,558.36,552.07,545.92,525.31,523.49,560.54,508.21,556.37,557.36,557.49,630.98,646.65,585.05,580.62,554.23,0
747.04,1203.2,625.25,580.65,581.21,0,0,0,629.19,700.72,705.04,0,0,0,656.38,675.49,642.53,629.47,626.38,678.68,596.35,681.33,607.35,766.83,668.79,752.21,665.49,646.4,0,625.24,739.6,611.39,616.89,671.89,554.07,596.34,608.31,618.49,620.78,580.61,581.5,589.02,599.56,604.6,617.28,637.27,632.7,597.74,0,0,0,0,0,0,0,0,0,668.27,643.02,643.57,682.29,641.14,665.85,620.36,620.2,690.63,749.38,1.982,787.72,704.88,702.64,650.56,687.07,675.94,756.64,683.39,642.16,587.9,594.82,598.66,586.15,585.48,586.12,544.15,603.78,604.56,604.52,636.87,627.02,667.15,669.56,673.96,0
701.3,1194.4,539.72,528.7,573.48,0,0,0,546.22,584.73,589.05,0,0,0,583.23,543.56,563.16,508.96,505.55,561,562.35,568.12,576,574.23,597.84,614.53,637.02,591.01,625.24,0,611.81,676.69,681.13,565.67,639.55,690.7,702.67,535.52,547.63,540.24,532.68,534.58,521.42,520.61,531.75,531.17,553.34,542.47,0,0,0,0,0,0,0,0,0,536.34,511.09,527.58,566.3,508.14,530.28,499.53,499.69,532.84,556.78,575.69,576.69,577.09,581.51,544.34,594.98,630.2,710.9,637.65,662.35,649.46,625.32,589.8,554.8,551.48,720.16,629.63,661.2,668.81,669.82,608.39,556.06,553.94,551.88,536.28,0
796.82,1174.9,606.63,560.5,558.64,0,0,0,618.6,671.7,676.03,0,0,0,639.5,644.49,621.03,599.69,596.3,641.27,577.35,646.61,588.05,682.23,647.83,705.67,651.66,632.17,739.6,611.81,0,597.36,603.03,732.13,533.64,587.95,599.92,607.9,603.9,560.54,561.62,568.38,584.54,585.98,598.65,609.4,611.2,576.93,0,0,0,0,0,0,0,0,0,637.27,612.02,614.55,653.28,609.43,630.51,590.27,590.41,636.68,664.78,690.05,753.45,1.389,745.03,710.8,772.11,725.72,806.42,733.17,647.24,574.33,580.53,570.3,566.85,566.48,573.4,523.71,592.36,590.7,590.48,623.04,606.06,632.44,632.14,627.42,0
670.43,1187.4,548.68,537.9,565.22,0,0,0,561.53,591.69,596.02,0,0,0,593.17,552.71,564.59,520.11,517.32,559.18,570.33,564.57,583.38,569.69,583.87,616.96,607.36,564.37,611.39,676.69,597.36,0,715.01,536.28,671.08,722.23,734.2,550.83,557.58,545.98,540.56,538.84,529.74,529.06,540.7,539.21,554.77,536.4,0,0,0,0,0,0,0,0,0,545.49,520.24,534.54,573.27,516.75,541.57,511.29,510.84,536.26,552.24,561.84,562.16,562.63,567.58,514.95,561.78,599.33,680.03,606.78,693.88,616.21,606.61,582.87,562.18,559.46,751.69,661.15,695.07,702.68,0.275,578.73,542.1,550.39,550.06,538.71,0
676,1192.9,554.35,543.57,570.54,0,0,0,567.2,597.01,601.34,0,0,0,598.84,558.2,570,525.61,522.81,564.68,575.91,569.89,588.87,575.27,589.36,622.45,612.68,569.69,616.89,681.13,603.03,715.01,0,541.77,677.45,728.6,740.58,556.5,563.25,551.65,546.23,544.42,535.41,534.73,546.37,544.62,560.17,542.07,0,0,0,0,0,0,0,0,0,550.98,525.73,539.86,578.59,522.25,547.4,516.79,516.33,541.82,557.82,567.34,567.83,568.3,573.25,520.44,567.35,604.9,685.6,612.35,700.25,621.62,612.1,588.33,567.67,565.04,758.06,667.53,701.53,0.493,708.13,584.05,547.59,555.71,555.55,544.2,0
727.54,1148,565.77,543.11,532.39,0,0,0,592.58,603.21,607.54,0,0,0,623.6,572.38,556.22,530.86,527.45,582.09,558.74,586.62,569.05,618.58,585.67,651.54,590.96,567.61,671.89,565.67,732.13,536.28,541.77,0,478.7,525.59,537.57,581.88,588,543.22,542.76,543.22,557.71,553.21,557.79,542.27,546.4,527.36,0,0,0,0,0,0,0,0,0,565.16,539.91,546.06,584.79,537.41,574.72,521.43,521.59,578.15,601.13,622.34,696.65,697.4,789.76,0.853,779.84,656.44,737.14,663.89,577.96,524.12,545.57,543.42,547.85,547.86,508.72,468.77,529.78,529.44,529.4,562.33,543.9,572.44,572.97,573.29,0
611.08,1146.3,519.67,507.98,524.39,0,0,0,526.74,569.48,573.81,0,0,0,562.42,526.33,541.77,488.77,485.36,529.3,532.88,535.68,545.86,529.52,547.53,590.17,559.62,518.14,554.07,639.55,533.64,671.08,677.45,478.7,0,642.91,654.88,516.04,526.82,512.47,508.7,509.32,498.01,498.62,511.69,513.19,531.94,512.1,0,0,0,0,0,0,0,0,0,519.11,493.86,512.33,551.06,489.84,525.09,479.33,479.49,510.06,512.07,504.52,498.59,498.92,502.53,457.37,503.77,539.98,620.68,547.43,614.56,565.97,562.06,541.68,524.66,522.01,778.09,0.397,776.74,665.13,664.2,530.99,505.76,521.51,520.18,511.92,0
655.45,1172.5,531.72,528.77,554.82,0,0,0,537.61,571.6,575.92,0,0,0,572.54,527.73,542.97,488.99,485.58,552.23,555.61,558.75,569.13,561.17,580.79,608.61,606.65,564.07,596.34,690.7,587.95,722.23,728.6,525.59,642.91,0,0.479,526.91,536.94,535.19,528.71,526.95,509.8,511.74,523.74,517.2,533.15,534.68,0,0,0,0,0,0,0,0,0,520.5,495.25,514.45,553.17,491.23,536.73,479.55,479.71,527.98,543.72,546.79,552.75,553.22,558.45,504.27,543.05,584.35,665.05,591.8,665.77,612.35,596.18,567.88,547.93,544.73,664.55,632.98,723.23,716.27,715.35,578.02,539.02,544.58,543.1,530.36,0
667.43,1184.4,543.69,540.74,566.8,0,0,0,549.58,583.57,587.9,0,0,0,584.52,539.7,554.95,500.96,497.55,564.2,567.58,570.73,581.11,573.15,592.77,620.59,618.62,576.05,608.31,702.67,599.92,734.2,740.58,537.57,654.88,0.479,0,538.88,548.92,547.17,540.69,538.92,521.78,523.71,535.71,529.18,545.12,546.65,0,0,0,0,0,0,0,0,0,532.48,507.23,526.42,565.15,503.2,548.71,491.53,491.69,539.95,555.7,558.76,564.73,565.2,570.42,516.24,555.03,596.33,677.03,603.78,677.75,624.32,608.15,579.85,559.91,556.71,676.53,644.96,735.2,728.25,727.33,590,550.99,556.55,555.08,542.34,0
651.79,1205.2,626.26,660.28,620.46,0,0,0,0.428,606.57,610.9,0,0,0,794.54,570.24,572.42,492.97,489.28,532.39,661.58,540.1,668.58,560.76,571.26,587,565.64,535.98,618.49,535.52,607.9,550.83,556.5,581.88,516.04,526.91,538.88,0,758.95,683.53,675.84,635.96,763.45,662.92,618.29,559.19,562.59,548.07,0,0,0,0,0,0,0,0,0,563.01,537.76,549.42,588.15,535.35,502.53,483.26,483.69,506.36,543.31,568.94,572.49,573.18,580.78,560.55,562.99,580.69,661.39,588.14,537.75,556.08,575.62,600.61,647.38,650.7,509.75,506.11,545.5,544.18,543.96,537.01,529.49,525.92,523.27,508.75,0
657.97,1220.9,622.55,680.56,640.47,0,0,0,769.64,608.65,612.97,0,0,0,1.424,572.58,574.37,498.8,495.39,536.24,682.07,542.76,689.08,569.87,567.63,593.47,571.06,535.4,620.78,547.63,603.9,557.58,563.24,588,526.82,536.94,548.92,758.94,0,726.33,691.84,643.43,720.65,652.1,614.57,559.86,564.54,550.35,0,0,0,0,0,0,0,0,0,565.35,540.1,551.5,590.22,538.23,504.66,489.37,489.52,511.78,552.42,571.23,568.56,569.18,576.01,566.67,570.05,586.87,667.57,594.32,545.37,570.06,593.26,616.34,667.88,671.2,520.27,516.89,552.57,550.92,550.7,542.43,525.85,528.59,527.12,515.22,0
616.37,1266.1,590.6,686.65,660.29,0,0,0,694.23,586.32,590.65,0,0,0,761.93,550.81,549.9,483.72,480.94,518.96,730.59,524.9,732.43,552.25,549.39,579.77,552.33,512.57,580.61,540.24,560.54,545.98,551.65,543.22,512.47,535.19,547.17,683.53,726.33,0,684.93,626.06,645.23,609.48,582.62,533.12,540.07,538.93,0,0,0,0,0,0,0,0,0,543.58,518.33,529.17,567.9,516.45,492.32,474.92,474.44,499.13,534.8,531.06,525.49,525.81,529.43,521.89,524.91,545.27,625.97,552.72,544.61,576.58,621.96,661.52,711.23,719.72,522.4,502.54,540.98,539.33,539.11,523.7,507.61,510.72,509.84,501.51,0
615.59,1218.2,617.3,685.76,627.49,0,0,0,686.54,598.25,602.58,0,0,0,727.44,557.26,564.67,484.49,481.08,524.62,677.8,531.14,683.33,552.24,554.61,582.97,551.78,514.61,581.5,532.68,561.62,540.56,546.23,542.76,508.7,528.71,540.69,675.84,691.84,684.93,0,646.57,656.82,645.36,609.32,552.1,554.85,550.06,0,0,0,0,0,0,0,0,0,550.04,524.79,541.1,579.83,521.84,499,475.06,475.21,502.33,534.79,531.94,526.64,526.9,529.71,521.44,523.6,544.49,625.19,551.94,535.59,555.6,582.32,613.61,662.13,666.92,513.28,498.78,535.56,533.9,533.68,523.16,512.83,516.97,515.5,504.72,0
613.51,1189.8,653.67,623.22,605.32,0,0,0,646.66,637.64,641.97,0,0,0,679.03,594.31,596.96,507.71,504.3,554.16,633.92,559.51,642.4,566.47,572.57,614.47,560.45,525.35,589.02,534.58,568.38,538.84,544.42,543.22,509.32,526.95,538.92,635.96,643.43,626.06,646.57,0,653.78,652.18,645.7,599.97,587.13,581.41,0,0,0,0,0,0,0,0,0,587.09,561.84,580.49,619.22,558.35,539.91,498.27,498.43,534.36,549.02,539.47,533.54,533.65,534.24,521.89,522.19,542.4,623.1,549.85,531.83,546.46,559.7,585.2,621.2,623.04,515.67,499.4,532.6,532.09,531.96,531.83,530.8,545.33,545.04,536.22,0
626.93,1178.6,641.57,633.79,598.75,0,0,0,774.15,605.5,609.83,0,0,0,756.25,564.68,571.92,487.12,483.71,529.42,634.88,535.52,641.88,551.63,561.33,586.36,554.07,523.43,599.56,521.42,584.54,529.74,535.41,557.71,498.01,509.8,521.78,763.45,720.65,645.23,656.82,653.78,0,692.25,633.6,565.39,562.1,555.69,0,0,0,0,0,0,0,0,0,557.46,532.21,548.36,587.08,528.73,506.48,477.69,477.85,505.5,534.17,550.01,549.13,549.82,557.45,536.38,538.15,555.83,636.53,563.28,519.57,537.58,553.96,574.01,620.68,624,490.19,488.09,524.18,523.09,522.86,525.44,519.55,521.34,520.3,508.11,0
624.71,1161.3,700.53,603.16,581.5,0,0,0,673.62,629.39,633.71,0,0,0,687.7,583.6,597.2,515.27,511.86,553.85,608.48,559.78,616.96,570.28,576.28,618.13,554.9,526.8,604.6,520.61,585.98,529.06,534.73,553.21,498.61,511.74,523.71,662.92,652.1,609.48,645.36,652.18,692.25,0,692.55,599.2,587.38,594.13,0,0,0,0,0,0,0,0,0,576.38,551.13,572.24,610.96,547.11,546.85,505.83,505.99,543.36,552.83,555.05,550.64,551.25,558.09,531.88,532.65,553.61,634.31,561.06,520.49,531.01,538.37,556.77,595.76,597.6,489.51,488.69,524.06,522.41,522.19,526.28,534.51,545.61,544.72,539.88,0
634.31,1163.9,0.319,578.88,578.85,0,0,0,628.99,644.01,648.34,0,0,0,650.17,598.23,611.83,528.07,524.66,566.52,592.83,572.46,604.04,582.95,588.96,630.81,567.58,538.96,617.28,531.75,598.65,540.7,546.37,557.79,511.69,523.74,535.71,618.29,614.57,582.62,609.32,645.7,633.6,692.56,0,621.62,602,604.86,0,0,0,0,0,0,0,0,0,591,565.75,586.87,625.59,561.73,563.42,518.63,518.79,559.94,565.5,567.73,563.32,563.93,570.76,536.47,537.12,563.21,643.91,570.66,533.74,535.03,542.04,559.29,582.84,581.95,502.45,501.77,535.7,534.05,533.83,538.95,547.18,558.28,557.4,552.56,0
604.41,1153.6,629.6,533.3,543.83,0,0,0,569.89,748.33,752.66,0,0,0,595.46,686.22,700.96,628.3,624.57,645.75,552.16,647.14,563.59,638.66,614.54,716.35,572.79,549.46,637.27,531.17,609.4,539.21,544.62,542.27,513.19,517.2,529.18,559.19,559.86,533.12,552.1,599.97,565.39,599.2,621.62,0,691.14,604.75,0,0,0,0,0,0,0,0,0,678.99,653.74,691.18,729.91,647.58,683.86,618.54,619.02,660.55,621.21,587.72,574.49,574.67,575.99,520.95,518.78,533.31,614.01,540.76,517.71,521.96,529.39,549.04,542.39,541.29,501.48,503.26,531.96,532.29,532.34,544.16,572.76,632.97,636.62,638.1,0
618.6,1166.1,609.98,539.97,558.53,0,0,0,573.29,702.76,707.08,0,0,0,600.14,658.01,0.393,580.08,576.35,611.66,561.67,617.6,574.95,610.23,633.73,670.88,594.13,574.92,632.7,553.34,611.2,554.77,560.17,546.4,531.94,533.15,545.12,562.59,564.54,540.07,554.85,587.13,562.1,587.38,602,691.14,0,645,0,0,0,0,0,0,0,0,0,650.79,625.54,645.61,684.33,622.05,613.55,570.33,570.8,603.56,592.78,583.15,576.15,576.48,580.09,525.07,532.01,547.5,628.2,554.95,534.82,541.39,542.87,561.55,553.75,550.79,522.23,522.02,547.52,547.85,547.89,565.5,591.95,603.42,602.54,592.62,0
615.66,1157,612.83,535,546.26,0,0,0,558.77,654.18,658.5,0,0,0,585.95,610.55,654.83,537.76,534.33,594.34,557.1,602.04,568.53,578.38,647.26,643.78,583.49,584.09,597.74,542.47,576.93,536.4,542.07,527.36,512.1,534.68,546.65,548.07,550.35,538.93,550.06,581.41,555.69,594.13,604.86,604.75,645,0,0,0,0,0,0,0,0,0,0,603.33,578.08,597.03,635.75,574.59,566.75,528.3,528.48,567.59,560.93,548.19,542.1,542.21,542.65,506.03,520.08,544.56,625.26,552.01,536.52,528.42,536.46,552.44,547.33,546.23,521.42,502.17,530.97,529.75,529.53,554.86,605.49,587.87,585.22,565.53,0
0,0,0,0,0,28.492,7.926,30.296,0,0,0,23.872,30.568,25.264,0,0,0,0,0,0,0,0,0,0,0,0,0,0,0,0,0,0,0,0,0,0,0,0,0,0,0,0,0,0,0,0,0,0,0,5.28,6.49,19.52,5.28,19.52,20.292,23.216,23.432,0,0,0,0,0,0,0,0,0,0,0,0,0,0,0,0,0,0,0,0,0,0,0,0,0,0,0,0,0,0,0,0,0,0,0,3.605
0,0,0,0,0,8.966,7.926,9.868,0,0,0,6.656,10.004,7.352,0,0,0,0,0,0,0,0,0,0,0,0,0,0,0,0,0,0,0,0,0,0,0,0,0,0,0,0,0,0,0,0,0,0,5.28,0,0.605,4.48,5.28,4.48,4.866,6.328,6.436,0,0,0,0,0,0,0,0,0,0,0,0,0,0,0,0,0,0,0,0,0,0,0,0,0,0,0,0,0,0,0,0,0,0,0,12.49
0,0,0,0,0,7.756,9.136,8.658,0,0,0,5.446,8.794,6.142,0,0,0,0,0,0,0,0,0,0,0,0,0,0,0,0,0,0,0,0,0,0,0,0,0,0,0,0,0,0,0,0,0,0,6.49,0.605,0,3.27,6.49,3.27,3.656,5.118,5.226,0,0,0,0,0,0,0,0,0,0,0,0,0,0,0,0,0,0,0,0,0,0,0,0,0,0,0,0,0,0,0,0,0,0,0,13.7
0,0,0,0,0,2.243,24.812,8.658,0,0,0,5.446,8.794,6.142,0,0,0,0,0,0,0,0,0,0,0,0,0,0,0,0,0,0,0,0,0,0,0,0,0,0,0,0,0,0,0,0,0,0,19.52,4.48,3.27,0,19.52,3.27,3.656,5.118,5.226,0,0,0,0,0,0,0,0,0,0,0,0,0,0,0,0,0,0,0,0,0,0,0,0,0,0,0,0,0,0,0,0,0,0,0,33.94
0,0,0,0,0,28.492,1.323,30.296,0,0,0,23.872,30.568,25.264,0,0,0,0,0,0,0,0,0,0,0,0,0,0,0,0,0,0,0,0,0,0,0,0,0,0,0,0,0,0,0,0,0,0,5.28,5.28,6.49,19.52,0,19.52,20.292,23.216,23.432,0,0,0,0,0,0,0,0,0,0,0,0,0,0,0,0,0,0,0,0,0,0,0,0,0,0,0,0,0,0,0,0,0,0,0,12.49
0,0,0,0,0,7.756,24.812,2.694,0,0,0,1.088,2.762,1.436,0,0,0,0,0,0,0,0,0,0,0,0,0,0,0,0,0,0,0,0,0,0,0,0,0,0,0,0,0,0,0,0,0,0,19.52,4.48,3.27,3.27,19.52,0,0.193,0.924,0.978,0,0,0,0,0,0,0,0,0,0,0,0,0,0,0,0,0,0,0,0,0,0,0,0,0,0,0,0,0,0,0,0,0,0,0,33.94
0,0,0,0,0,8.142,25.584,2.887,0,0,0,0.895,2.569,1.243,0,0,0,0,0,0,0,0,0,0,0,0,0,0,0,0,0,0,0,0,0,0,0,0,0,0,0,0,0,0,0,0,0,0,20.292,4.866,3.656,3.656,20.292,0.193,0,0.731,0.785,0,0,0,0,0,0,0,0,0,0,0,0,0,0,0,0,0,0,0,0,0,0,0,0,0,0,0,0,0,0,0,0,0,0,0,34.712
0,0,0,0,0,9.604,28.508,3.618,0,0,0,0.164,3.3,0.512,0,0,0,0,0,0,0,0,0,0,0,0,0,0,0,0,0,0,0,0,0,0,0,0,0,0,0,0,0,0,0,0,0,0,23.216,6.328,5.118,5.118,23.216,0.924,0.731,0,0.054,0,0,0,0,0,0,0,0,0,0,0,0,0,0,0,0,0,0,0,0,0,0,0,0,0,0,0,0,0,0,0,0,0,0,0,37.636
0,0,0,0,0,9.712,28.724,3.672,0,0,0,0.218,3.354,0.458,0,0,0,0,0,0,0,0,0,0,0,0,0,0,0,0,0,0,0,0,0,0,0,0,0,0,0,0,0,0,0,0,0,0,23.432,6.436,5.226,5.226,23.432,0.978,0.785,0.054,0,0,0,0,0,0,0,0,0,0,0,0,0,0,0,0,0,0,0,0,0,0,0,0,0,0,0,0,0,0,0,0,0,0,0,0,37.852
604.13,1177.2,598.98,543.62,564.08,0,0,0,573.71,755.64,759.97,0,0,0,600.95,0.289,660.61,705.54,701.82,664.87,568.09,664.91,582.35,674.18,624.23,758.99,581.83,560.01,668.27,536.34,637.27,545.49,550.98,565.16,519.11,520.5,532.48,563.01,565.35,543.58,550.04,587.09,557.46,576.38,591,678.99,650.79,603.33,0,0,0,0,0,0,0,0,0,0,1.01,698.49,737.22,729.77,761.1,695.79,696.27,737.79,656.73,618.72,602.72,602.54,599.77,543.83,536.08,533.03,613.73,540.48,514.34,536.45,556.21,572.67,561.15,557.21,519.3,509.18,538.26,538.65,538.61,553.2,582.45,650.73,655.75,680.74,0
578.88,1152,573.73,518.37,538.83,0,0,0,548.46,730.39,734.72,0,0,0,575.7,1.299,635.36,680.29,676.57,639.62,542.84,639.66,557.1,648.93,598.98,733.74,556.58,534.76,643.02,511.09,612.02,520.24,525.73,539.91,493.86,495.25,507.23,537.76,540.1,518.33,524.79,561.84,532.21,551.13,565.75,653.74,625.54,578.08,0,0,0,0,0,0,0,0,0,1.01,0,673.24,711.97,704.52,735.85,670.54,671.02,712.54,631.48,593.47,577.47,577.29,574.52,518.58,510.83,507.78,588.48,515.23,489.09,511.19,530.96,547.42,535.9,531.96,494.05,483.93,513.01,513.4,513.36,527.96,557.2,625.48,630.5,655.49,0
599.76,1156.1,594.84,529.28,546.35,0,0,0,560.12,2.286,2.459,0,0,0,587.1,705.72,655.43,646.1,642.38,646.35,551.14,646.97,564.02,646.76,611.14,730.1,570.38,547.04,643.57,527.58,614.55,534.54,539.86,546.06,512.33,514.45,526.42,549.42,551.5,529.17,541.1,580.49,548.35,572.24,586.87,691.18,645.61,597.03,0,0,0,0,0,0,0,0,0,698.49,673.24,0,1.549,667.08,701.67,636.35,636.83,678.36,629.31,594.02,579.79,579.83,579.91,524.74,516.62,528.66,609.36,536.11,510.19,521.51,532.93,551.56,542.82,540.26,500.21,502.41,526.54,527.54,527.67,541.75,569.37,632.8,637.22,651.85,0
638.48,1194.9,633.57,568,585.07,0,0,0,598.85,0.737,0.91,0,0,0,625.82,744.44,694.16,684.83,681.1,685.07,589.86,685.7,602.75,685.48,649.87,768.82,609.1,585.77,682.29,566.3,653.28,573.27,578.59,584.79,551.06,553.17,565.15,588.15,590.22,567.9,579.83,619.22,587.08,610.96,625.59,729.91,684.33,635.75,0,0,0,0,0,0,0,0,0,737.22,711.97,1.549,0,705.8,740.39,675.08,675.55,717.08,668.03,632.75,618.51,618.55,618.64,563.46,555.34,567.38,648.08,574.83,548.91,560.24,571.66,590.28,581.54,578.99,538.93,541.13,565.27,566.26,566.39,580.48,608.09,671.52,675.94,690.57,0
574.86,1150.7,569.71,516.49,535.88,0,0,0,546.05,724.23,728.56,0,0,0,573.83,737,631.87,761.52,754.61,637.74,540.96,637.78,555.22,647.05,596.57,732.4,553.63,531.81,641.14,508.14,609.43,516.75,522.25,537.41,489.84,491.23,503.2,535.35,538.23,516.45,521.84,558.35,528.73,547.11,561.73,647.58,622.05,574.59,0,0,0,0,0,0,0,0,0,729.77,704.52,667.08,705.8,0,741.48,748.59,752.25,718.17,629.6,591.59,575.6,574.71,571.88,516.09,508.9,503.76,584.46,511.21,485.07,507.71,529.01,546.16,534.02,530.09,491.59,479.91,510.04,509.92,509.88,525.01,554.79,623.61,628.62,654.15,0
626.87,1142.5,571.4,492.36,526.2,0,0,0,513.23,758.82,763.14,0,0,0,540.26,768.33,623.38,759.66,760.07,639.75,520.06,639.78,535.79,661.99,597.8,732.59,567.88,541.95,665.85,530.28,630.51,541.57,547.4,574.72,525.09,536.73,548.71,502.53,504.66,492.32,499,539.91,506.48,546.85,563.42,683.86,613.55,566.75,0,0,0,0,0,0,0,0,0,761.1,735.85,701.67,740.39,741.48,0,754.04,750.38,685.16,644.55,616.3,600.88,595.79,594.76,553.39,551.85,555.77,636.47,563.22,530.11,519.46,524.64,537.92,514.59,509.18,525.18,515.17,537.08,535.08,534.7,539.26,556.03,625.61,630.62,654.34,0
570.94,1130.3,526.61,474.81,504.47,0,0,0,493.96,693.5,697.83,0,0,0,524.97,703.02,580.15,766.76,0.241,600.82,499.02,600.86,513.01,619.03,560.27,692.35,538.58,511.13,620.36,499.53,590.27,511.29,516.79,521.43,479.33,479.55,491.53,483.26,489.37,474.92,475.06,498.27,477.69,505.83,518.63,618.54,570.33,528.3,0,0,0,0,0,0,0,0,0,695.79,670.54,636.35,675.08,748.59,754.04,0,757.49,653.45,601.58,570.81,555.81,555.55,555.14,500.11,497.14,499.84,580.54,507.29,478.2,497.31,507.32,525.77,491.81,488.14,480.28,469.41,504.79,504.46,504.42,509.96,518.49,586.68,591.7,614.1,0
570.81,1129.9,526.77,474.33,504.63,0,0,0,494.39,693.98,698.3,0,0,0,525.12,703.49,580.63,0.371,763.51,600.69,498.86,600.72,512.85,619.43,560.15,692.65,538.32,511.01,620.2,499.69,590.41,510.84,516.33,521.59,479.49,479.71,491.69,483.69,489.52,474.44,475.21,498.43,477.85,505.99,518.79,619.02,570.8,528.48,0,0,0,0,0,0,0,0,0,696.27,671.02,636.83,675.55,752.25,750.38,757.49,0,653.09,601.98,570.65,555.65,555.69,555.3,500.26,497.27,499.71,580.41,507.16,478.36,497.49,507.16,525.29,491.65,487.98,480.58,469.57,504.34,504.01,503.96,509.69,518.37,586.55,591.56,614.4,0
634.63,1153.7,567.91,499.09,524.38,0,0,0,517.06,735.51,739.83,0,0,0,547.38,745.02,613.39,662.37,659.47,666.49,523.48,664.75,537.12,717.16,605.57,772.71,573.44,550.81,690.63,532.84,636.68,536.26,541.82,578.15,510.06,527.98,539.95,506.36,511.78,499.13,502.33,534.36,505.5,543.36,559.94,660.55,603.56,567.59,0,0,0,0,0,0,0,0,0,737.79,712.54,678.36,717.08,718.17,685.16,653.45,653.09,0,699.71,641.08,620.8,601.96,600.12,556.82,563.75,563.53,644.24,570.99,533.44,517.71,525.78,549.17,515.92,512.6,517.61,500.14,529.83,529.49,529.38,544.82,563.8,650.58,657.36,694.46,0
671.51,1173.1,573.48,534.69,535.85,0,0,0,554.01,686.46,690.78,0,0,0,588.02,663.95,602.6,611.25,607.61,648.04,553.68,649.84,563.94,0.698,623.29,729.43,598.1,578.68,749.38,556.78,664.78,552.24,557.82,601.13,512.07,543.72,555.7,543.31,552.42,534.8,534.79,549.02,534.18,552.83,565.5,621.21,592.78,560.93,0,0,0,0,0,0,0,0,0,656.73,631.48,629.31,668.03,629.6,644.55,601.58,601.98,699.71,0,699.83,679.54,630.05,628.22,579.81,602.06,600.41,681.11,607.86,569.87,531.02,538.55,568.52,542.74,542.81,532.64,502.14,545.83,545.49,545.37,569.47,581.52,635.67,638.91,651.18,0
697.49,1153.7,575.7,531.1,531.66,0,0,0,579.64,651.17,655.5,0,0,0,606.83,625.94,592.98,579.92,576.83,629.13,546.8,631.78,557.8,717.28,619.24,702.65,615.94,596.85,1.982,575.69,690.05,561.84,567.34,622.34,504.52,546.79,558.76,568.94,571.23,531.06,531.94,539.47,550.01,555.05,567.73,587.72,583.15,548.19,0,0,0,0,0,0,0,0,0,618.72,593.47,594.02,632.75,591.59,616.3,570.81,570.65,641.08,699.83,0,738.17,655.33,653.09,601.01,637.52,626.39,707.09,633.84,592.62,538.35,545.27,549.11,536.6,535.93,536.57,494.6,554.23,555.01,554.97,587.32,577.47,617.6,620.01,624.41,0
761.34,1140.1,571.29,525.45,523.81,0,0,0,583.19,636.94,641.26,0,0,0,604.16,609.95,585.98,564.93,561.84,619.43,542.16,622.07,552.93,696.99,613.07,688.23,616.76,597.4,787.72,576.69,753.45,562.16,567.83,696.65,498.59,552.75,564.73,572.49,568.56,525.49,526.64,533.54,549.13,550.64,563.32,574.49,576.15,542.1,0,0,0,0,0,0,0,0,0,602.72,577.47,579.79,618.51,575.6,600.88,555.81,555.65,620.8,679.54,738.17,0,718.72,709.48,675.32,736.62,690.24,770.94,697.69,611.76,539.14,545.34,535.54,531.73,531.28,538.21,488.67,557.16,555.51,555.29,588.13,571.29,607.9,610.31,609.98,0
762.09,1140.1,571.9,525.78,523.92,0,0,0,583.88,636.98,641.3,0,0,0,604.77,609.77,586.3,564.96,561.57,606.54,542.63,611.89,553.33,647.5,613.11,670.95,616.94,597.44,704.88,577.09,1.389,562.63,568.3,697.4,498.92,553.22,565.2,573.18,569.18,525.81,526.9,533.65,549.82,551.25,563.93,574.67,576.48,542.21,0,0,0,0,0,0,0,0,0,602.54,577.29,579.83,618.55,574.71,595.79,555.55,555.69,601.96,630.05,655.33,718.72,0,710.3,676.08,737.38,690.99,771.69,698.44,612.51,539.61,545.81,535.57,532.13,531.75,538.68,488.99,557.63,555.98,555.76,588.31,571.33,597.71,597.42,592.7,0
770.53,1140.6,578.74,529.39,524.88,0,0,0,591.48,637.06,641.39,0,0,0,611.61,607,589.92,564.58,561.17,606.94,546.72,612.29,556.98,645.66,613.51,670.32,618.51,597.84,702.64,581.51,745.03,567.58,573.25,789.76,502.53,558.45,570.42,580.78,576.01,529.43,529.71,534.24,557.45,558.09,570.76,575.99,580.09,542.65,0,0,0,0,0,0,0,0,0,599.77,574.52,579.91,618.64,571.88,594.76,555.14,555.3,600.12,628.22,653.09,709.48,710.3,0,768.43,745.82,699.43,780.13,706.88,620.96,544.84,550.89,535.98,535.78,535.84,543.9,492.61,562.58,560.92,560.7,589.89,571.73,598.11,597.82,592.07,0
706.22,1126.7,544.44,521.78,511.07,0,0,0,571.25,581.89,586.21,0,0,0,602.27,551.06,534.9,509.54,506.13,560.77,537.41,565.29,547.72,597.26,564.35,630.22,569.63,546.29,650.56,544.34,710.8,514.95,520.45,0.853,457.37,504.27,516.24,560.55,566.67,521.89,521.44,521.89,536.38,531.88,536.47,520.95,525.07,506.03,0,0,0,0,0,0,0,0,0,543.83,518.58,524.74,563.46,516.09,553.39,500.11,500.26,556.82,579.81,601.01,675.32,676.08,768.43,0,758.52,635.12,715.81,642.57,556.64,502.8,524.24,522.1,526.52,526.54,487.39,447.45,508.45,508.12,508.08,541.01,522.57,551.12,551.64,551.97,0
739.84,1152.6,545.09,524.52,529.98,0,0,0,573.69,573.77,578.09,0,0,0,605.65,543.3,541.84,506.54,503.17,576.28,545.68,581.63,558.7,619.51,595.13,637.5,612.08,588.63,687.07,594.98,772.11,561.78,567.35,779.84,503.77,543.05,555.03,562.99,570.05,524.91,523.6,522.19,538.15,532.65,537.12,518.78,532.01,520.08,0,0,0,0,0,0,0,0,0,536.08,510.83,516.62,555.34,508.9,551.85,497.14,497.27,563.75,602.06,637.52,736.63,737.38,745.82,758.52,0,668.74,749.44,676.19,582.79,543.46,556.02,548.06,537.5,534.8,524.61,493.84,555.36,555.03,554.9,583.45,553.35,567.45,567.16,559.25,0
2.844,1171,571.19,545.02,545.44,0,0,0,591.39,585.81,590.13,0,0,0,622.47,540.25,557.32,508.98,505.87,579.08,561.99,585.61,574.16,617.86,608.22,640.14,634.63,605.3,675.94,630.2,725.72,599.33,604.9,656.44,539.98,584.35,596.33,580.69,586.87,545.27,544.49,542.4,555.83,553.61,563.21,533.31,547.5,544.56,0,0,0,0,0,0,0,0,0,533.03,507.78,528.66,567.38,503.76,555.77,499.84,499.71,563.53,600.41,626.39,690.24,690.99,699.43,635.12,668.74,0,3.228,0.298,633.6,577.04,584.74,566.42,552.96,551.11,564.37,530.06,592.91,592.58,592.46,606,566.45,571.43,569.96,561.89,0
5.476,1251.7,651.89,625.72,626.14,0,0,0,672.09,666.51,670.83,0,0,0,703.17,620.95,638.02,589.68,586.57,659.78,642.69,666.31,654.86,698.56,688.92,720.84,715.33,686,756.64,710.9,806.42,680.03,685.6,737.14,620.68,665.05,677.03,661.39,667.57,625.97,625.19,623.1,636.53,634.31,643.91,614.01,628.2,625.26,0,0,0,0,0,0,0,0,0,613.73,588.48,609.36,648.08,584.46,636.47,580.54,580.41,644.24,681.11,707.09,770.94,771.69,780.13,715.81,749.44,3.228,0,2.93,714.3,657.74,665.44,647.12,633.66,631.81,645.07,610.76,673.61,673.28,673.16,686.7,647.15,652.13,650.66,642.59,0
2.546,1178.4,578.64,552.47,552.89,0,0,0,598.84,593.26,597.58,0,0,0,629.92,547.7,564.77,516.43,513.32,586.53,569.44,593.06,581.61,625.31,615.67,647.59,642.08,612.75,683.39,637.65,733.17,606.78,612.35,663.89,547.43,591.8,603.78,588.14,594.32,552.72,551.94,549.85,563.28,561.06,570.66,540.76,554.95,552.01,0,0,0,0,0,0,0,0,0,540.48,515.23,536.11,574.83,511.21,563.22,507.29,507.16,570.99,607.86,633.84,697.69,698.44,706.88,642.57,676.19,0.298,2.93,0,641.05,584.49,592.19,573.87,560.41,558.56,571.82,537.51,600.36,600.03,599.91,613.45,573.9,578.88,577.41,569.34,0
704.7,1178.2,541.71,535.88,565.98,0,0,0,548.45,567.34,571.66,0,0,0,580.97,521.57,544.64,487.64,484.23,558.87,564.78,565.99,577.69,587.32,594.13,614.25,631.06,591.53,642.16,662.35,647.24,693.88,700.25,577.96,614.56,665.77,677.75,537.75,545.37,544.61,535.59,531.83,519.57,520.49,533.74,517.71,534.82,536.52,0,0,0,0,0,0,0,0,0,514.34,489.09,510.19,548.91,485.07,530.11,478.2,478.36,533.44,569.87,592.62,611.76,612.51,620.96,556.64,582.79,633.6,714.3,641.05,0,651.79,619.31,573.67,556.49,553.9,633.5,604.63,694.88,687.93,687,602.44,552.35,551.81,549.75,536,0
648.14,1281.4,543.01,552.72,653.1,0,0,0,566.78,578.67,582.99,0,0,0,605.66,543.67,551.21,506.76,503.33,546.37,609.71,553.56,627.78,548.47,578.99,599.53,601.35,558.36,587.9,649.46,574.33,616.21,621.62,524.12,565.97,612.35,624.32,556.08,570.06,576.58,555.6,546.46,537.58,531.01,535.03,521.96,541.39,528.41,0,0,0,0,0,0,0,0,0,536.45,511.19,521.51,560.24,507.71,519.46,497.31,497.49,517.71,531.02,538.35,539.14,539.61,544.84,502.8,543.46,577.04,657.74,584.49,651.79,0,694.39,676.81,606.59,598.84,596.95,556.05,608.96,609.29,609.33,572.73,537.22,539.38,537.24,521.28,0
655.84,1345.9,550.01,579.6,698.48,0,0,0,586.32,590.08,594.41,0,0,0,628.86,563.43,552.7,516.43,513.34,556.93,655.09,564.5,673.17,556,579.74,608.01,595.06,552.07,594.82,625.32,580.53,606.61,612.1,545.57,562.06,596.18,608.15,575.62,593.26,621.96,582.32,559.71,553.96,538.37,542.04,529.39,542.87,536.46,0,0,0,0,0,0,0,0,0,556.21,530.96,532.93,571.66,529.01,524.64,507.32,507.16,525.78,538.55,545.27,545.34,545.81,550.89,524.24,556.02,584.74,665.44,592.19,619.31,694.39,0,741.28,651.97,644.22,583.08,552.13,599.76,599.77,599.73,566.44,537.97,550.32,547.81,529.76,0
637.52,24.183,567.26,610.43,815.02,0,0,0,611.31,608.71,613.03,0,0,0,651.94,579.89,571.37,534.57,531.79,578.81,694.66,584.94,712.73,585.97,591.23,631.92,584.37,545.92,598.66,589.8,570.3,582.87,588.33,543.42,541.68,567.88,579.85,600.61,616.34,661.52,613.61,585.2,574.01,556.77,559.29,549.04,561.55,552.44,0,0,0,0,0,0,0,0,0,572.67,547.42,551.56,590.28,546.16,537.92,525.77,525.29,549.16,568.52,549.11,535.54,535.57,535.98,522.1,548.06,566.42,647.12,573.87,573.67,676.81,741.28,0,691.53,683.79,560.59,531.75,575.46,576.01,576,555.75,549.46,570.77,569.69,553.67,0
