0,1242.1,660.32,619.84,616.88,665.88,649.27,710.7,696.95,656.91,661.23,624.35,702.75,630.35,714.11,611.35,628.42,580.08,576.97,650.18,636.2,656.71,648.02,688.96,679.32,711.24,706.22,684.3,747.04,701.71,797.36,670.43,676,727.54,611.08,655.45,667.43,686.25,678.51,620.02,619.47,615.55,683.83,653.33,652.35,604.41,618.6,615.66,619.6,625.27,610.14,609.8,616.2,643.35,638.53,620.25,618.9,604.13,578.88,599.76,638.48,574.86,626.87,570.94,570.81,634.64,671.51,697.49,761.88,762.63,771.08,706.22,739.84,2.844,5.476,2.546,704.7,648.14,656.31,637.52,626.82,625.32,635.47,601.16,664.01,663.68,663.56,677.59,637.55,642.53,641.06,632.99,709.72
1242.1,0,1252.2,1264.2,1455.6,1272.6,1291.6,1305.3,1338.2,1245.6,1250,1219,1297.4,1225,1351.2,1206,1214.8,1156.1,1152.7,1199.8,1325.9,1206.3,1344,1197.5,1215.7,1253.4,1202.6,1164.1,1203.2,1216.4,1175.2,1193.3,1198.5,1148,1149.5,1177.6,1189.5,1327.5,1315.6,1292.8,1270.5,1259,1322.3,1250.3,1244.2,1190.4,1205,1196.9,1263,1231.9,1216.8,1216.5,1258.5,1238,1233.2,1214.9,1213.5,1198.8,1173.5,1188.5,1227.2,1170,1172.8,1146.7,1146.8,1171.7,1180,1153.7,1140.5,1140.5,1140.9,1126.7,1152.6,1171,1251.7,1178.4,1185.4,1307.8,1381.9,24.183,1322.8,1315.1,1170.6,1139.6,1184.5,1186.2,1186.4,1174,1173.9,1192.2,1190.7,1175.2,1353.1
660.32,1252.2,0,678.31,651.68,699.47,646.03,817.31,736.07,768.27,772.6,730.96,809.36,736.96,753.7,717.96,732.35,643.37,639.65,684.99,683.51,689.75,691.97,675.68,693.07,748.6,653.51,624.02,679.74,616.88,653.66,610.14,615.37,595.26,570.39,573.68,585.66,725.37,718.1,677.94,713.88,751.35,722.9,843.53,0.319,772.6,722.53,712.43,613.37,658.6,643.48,643.4,612.96,749.96,745.14,726.86,725.51,710.74,685.49,711.12,749.85,680.93,698.07,633.62,634.1,685.04,658.23,630.19,618.97,618.93,618.53,573.93,571.26,589.23,669.93,596.67,575.08,610.99,630.44,647.58,670.77,672.64,562.12,560.47,601.39,603.04,603.26,624.88,651.3,675.57,675.87,670.35,703.49
619.84,1264.2,678.31,0,670.73,640.24,606.4,707.84,830.44,650.34,654.66,621.49,699.89,627.49,836.6,608.49,620.89,542.15,538.74,595.85,735.87,602.38,738.45,599.38,611.65,650.77,584.86,550.65,604.7,558.85,578.45,560.51,566.01,551.73,524.73,549.36,561.33,819.74,801,753.95,753.05,732.3,811.72,681.06,670.34,606.34,611.07,621.32,576.01,599.37,584.25,584.16,573.33,640.49,635.67,617.39,616.04,601.27,576.02,593.19,631.91,572.53,574.02,532.72,532.87,569.61,581.93,555.15,543.69,543.72,543.62,530.41,531.18,548.74,629.44,556.19,549.6,592.07,628.81,659.65,717.25,725,538.08,514.8,554.02,553.68,553.64,556.23,569.88,588.2,586.73,572.53,666.14
616.88,1455.6,651.68,670.73,0,645.43,644.49,689.86,754.09,632.05,636.37,603.51,681.9,609.5,760.55,590.5,608.59,541.76,538.35,579.42,724.34,585.36,743.15,570.86,603.95,636.24,590.24,551.79,587.77,596.87,562.93,578.21,583.52,532.73,530.62,564.62,576.59,743.39,724.95,689.08,675.7,661.48,734.8,654.98,643.7,580.83,598.77,590.27,613.77,604.56,589.43,589.35,611.42,622.51,617.68,599.4,598.06,583.28,558.03,574.9,613.62,553.94,563.96,532.33,532.49,554.95,553.41,538.22,528.17,528.2,528.61,511.41,530.32,545.78,626.48,553.23,575.71,689.09,734.47,851.02,721.95,713.46,557.26,520.69,569.11,571.2,571.33,561.62,562.17,571.18,570.3,557.99,703.89
665.87,1272.6,699.47,640.24,645.43,0,33.784,13.144,700.18,805.42,809.74,9.932,13.28,10.628,712.36,11.472,712.93,722.65,719.1,697.38,656.93,698.6,668.49,703.04,674.13,782.12,646.96,619.09,709.83,616.6,683.65,625.85,631.08,583.33,593.28,598.53,610.51,689.48,676.76,640.2,646.29,642.91,684.73,686.62,691.5,730.46,703.1,655.52,28.492,8.966,7.756,2.243,28.492,7.756,8.142,9.604,9.712,10.894,12.914,748.27,786.99,776.83,791.32,713.08,713.37,772.44,685.59,660.28,648.82,648.92,650.13,562.01,561.41,594.78,675.48,602.23,602.85,622.49,640.58,668.02,647.29,646.05,580.29,583.36,617.1,618.75,618.97,618.34,632.35,684.42,688.26,703.87,42.912
649.27,1291.6,646.03,606.4,644.49,33.784,0,35.588,682.95,701.81,706.13,29.164,35.86,30.556,698.67,32.244,608.37,584.65,581.25,564.27,634.36,567.34,650.03,584,566.39,640.53,580.94,534.92,614.06,587.78,597.62,614.15,620.26,540.6,606.99,625.39,637.36,672.25,663.07,607.01,605.13,592.45,668.77,636.76,638.06,630.24,598.54,539.5,7.926,7.926,9.136,24.812,1.323,24.812,25.584,28.508,28.724,31.088,35.128,644.66,683.38,667.78,630.27,575.22,575.38,620.28,566.55,564.51,562,562.9,572.95,519.28,522.95,578.17,658.87,585.62,627.12,612.68,641.13,687.04,628.83,623.49,598.28,597.06,612.9,607.93,607.27,552.31,524.61,553.17,555.15,562.28,15.136
710.7,1305.3,817.31,707.84,689.85,13.144,35.588,0,765.34,908.38,912.71,3.782,5.456,4.13,782.93,4.552,807.53,857.19,853.4,796.63,717.33,796.67,727.29,790.96,762.55,886.91,704.37,684.06,779.73,655.16,748.77,654.25,659.61,673.16,625.68,627.08,639.05,754.64,747.33,707.52,729.23,734.92,752.14,795.04,809.34,831.73,797.7,736.9,30.296,9.868,8.658,8.658,30.296,2.694,2.887,3.618,3.672,4.263,5.273,851.23,889.96,882.51,926.52,847.37,847.91,903.21,773.51,730.18,714.35,714.05,709.92,651.84,642.78,639.6,720.3,647.05,620.92,648.42,677.04,700.77,706.09,706.46,625.88,615.76,646.29,647.28,647.37,675.74,720.77,782.49,787.51,808.66,44.716
696.95,1338.2,736.07,830.44,754.09,700.18,682.95,765.34,0,710.85,715.18,678.99,757.39,684.99,1008.9,665.99,683.76,597.52,594.11,643.87,819.23,649.22,821.81,662.07,675.56,704.56,662.23,628.12,691.35,637.72,672.53,628.32,633.37,650.37,577.5,591.24,603.22,0.428,973.3,897.89,881.14,815.85,977.81,740.15,728.1,661.33,673.93,689.95,652.75,659.48,644.35,644.11,649.87,697.99,693.17,674.89,673.54,658.77,633.52,653.7,692.43,630.03,625.03,588.08,588.24,623.92,644.62,641.8,637.48,637.8,641.05,629.05,628.55,625.85,706.55,633.3,590.6,669.18,705.92,733.66,800.61,808.36,585.27,567.57,618.07,621.05,621.44,633.6,633.78,635.04,634.75,626.31,742.88
656.91,1245.6,768.27,650.34,632.05,805.42,701.81,908.38,710.85,0,1.647,822.03,900.43,828.03,726.33,809.03,763.78,748.32,744.53,735.13,659.83,735.75,669.78,722.45,705.78,817.57,647.6,627.29,711.21,599.86,681.22,600.78,606.1,607.44,570.43,571.6,583.57,700.15,690.73,650.01,676.48,685.21,697.18,745.67,760.3,794.5,753.96,691.54,669.97,764.55,749.42,749.34,668.73,841.03,836.21,817.93,816.58,801.81,776.56,2.286,0.737,770.39,817.65,738.51,739.05,794.34,705,661.66,646.67,646.49,644.48,586.11,579.5,585.81,666.51,593.26,567.81,591.5,618.81,641.07,648.58,648.95,561.78,560.51,592.31,593.77,593.9,618.97,664,721.58,726,739.32,760.09
661.23,1250,772.6,654.66,636.37,809.74,706.13,912.71,715.18,1.647,0,826.36,904.76,832.36,730.66,813.36,768.11,752.65,748.86,739.45,664.15,740.08,674.11,726.77,710.11,821.89,651.92,631.62,715.54,604.18,685.54,605.1,610.42,611.76,574.76,575.92,587.9,704.48,695.06,654.34,680.81,689.54,701.51,750,764.62,798.82,758.28,695.87,674.29,768.87,753.75,753.67,673.06,845.36,840.53,822.26,820.91,806.13,780.88,2.459,0.91,774.72,821.98,742.83,743.37,798.67,709.32,665.99,651,650.82,648.81,590.44,583.82,590.13,670.83,597.58,572.13,595.82,623.14,645.39,652.91,653.28,566.1,564.83,596.63,598.1,598.23,623.3,668.33,725.9,730.33,743.64,764.42
624.35,1219,730.96,621.49,603.5,9.932,29.164,3.782,678.99,822.03,826.36,0,3.464,0.676,696.58,1.098,721.18,770.84,767.05,710.28,630.98,710.32,640.94,704.61,676.2,800.56,618.02,597.71,693.38,568.81,662.42,567.9,573.26,586.81,539.33,540.72,552.7,668.29,660.98,621.17,642.88,648.57,665.79,708.69,722.99,745.38,711.35,650.55,23.872,6.656,5.446,5.446,23.872,1.088,0.895,0.164,0.218,0.809,1.819,764.88,803.61,796.16,840.17,761.02,761.56,816.86,687.16,643.83,628,627.7,623.57,565.48,556.43,553.25,633.95,560.7,534.57,562.07,590.69,614.42,619.74,620.11,539.53,529.41,559.94,560.93,561.02,589.39,634.42,696.14,701.16,722.31,38.292
702.75,1297.4,809.36,699.89,681.9,13.28,35.86,5.456,757.39,900.43,904.76,3.464,0,3.812,774.98,4.234,799.58,849.24,845.45,788.68,709.38,788.72,719.34,783.01,754.6,878.96,696.42,676.11,771.78,647.21,740.82,646.3,651.66,665.21,617.73,619.12,631.1,746.69,739.38,699.57,721.28,726.97,744.19,787.09,801.39,823.78,789.75,728.95,30.568,10.004,8.794,8.794,30.568,2.762,2.569,3.3,3.354,3.945,4.955,843.28,882.01,874.56,918.57,839.42,839.96,895.26,765.56,722.23,706.4,706.1,701.97,643.88,634.83,631.65,712.35,639.1,612.97,640.47,669.09,692.82,698.14,698.51,617.93,607.81,638.34,639.33,639.42,667.79,712.82,774.54,779.56,800.71,44.988
630.35,1225,736.96,627.49,609.5,10.628,30.556,4.13,684.99,828.03,832.36,0.676,3.812,0,702.58,1.338,727.18,776.84,773.05,716.28,636.98,716.32,646.94,710.61,682.2,806.56,624.02,603.71,699.38,574.81,668.42,573.9,579.26,592.81,545.33,546.73,558.7,674.29,666.98,627.17,648.88,654.57,671.79,714.69,728.99,751.38,717.35,656.55,25.264,7.352,6.142,6.142,25.264,1.436,1.243,0.512,0.458,1.049,2.059,770.88,809.61,802.16,846.17,767.02,767.56,822.86,693.16,649.83,634,633.7,629.57,571.49,562.43,559.25,639.95,566.7,540.57,568.07,596.69,620.42,625.74,626.11,545.53,535.41,565.94,566.93,567.02,595.39,640.42,702.14,707.16,728.31,39.684
714.11,1351.2,753.7,836.6,760.55,712.36,698.68,782.93,1008.9,726.33,730.66,696.58,774.98,702.58,0,683.58,698.61,613.6,610.2,661.37,825.68,667.9,828.26,675.43,691.16,720.88,673.2,640.79,702.28,646.12,682.18,642.67,647.99,654.52,595.35,609.99,621.96,998.2,1.424,965.59,863.24,821.41,959.91,755.7,745.73,679.1,688.78,700.24,667.34,671.49,656.37,656.28,665.6,715.58,710.76,692.48,691.13,676.36,651.11,669.18,707.91,647.63,645.44,604.17,604.33,640.24,657.98,652.73,647.35,647.45,648.16,633.2,633.71,643.01,723.71,650.46,611.65,678.89,715.62,746.61,807.06,814.81,605.61,585.43,634.28,635.67,635.8,644.57,649.38,653.72,652.25,642.63,757.47
611.35,1206,717.96,608.49,590.5,11.472,32.244,4.552,665.99,809.03,813.36,1.098,4.234,1.338,683.58,0,708.18,757.84,754.05,697.28,617.98,697.32,627.94,691.61,663.2,787.56,605.02,584.71,680.38,555.81,649.42,554.9,560.26,573.81,526.33,527.73,539.7,655.29,647.98,608.17,629.88,635.57,652.79,695.69,709.99,732.38,698.35,637.55,26.952,8.196,6.986,6.986,26.952,1.858,1.665,0.934,0.88,0.289,1.299,751.88,790.61,783.16,827.17,748.02,748.56,803.86,674.16,630.83,615,614.7,610.57,552.49,543.43,540.25,620.95,547.7,521.57,549.07,577.69,601.42,606.74,607.11,526.53,516.41,546.94,547.93,548.02,576.39,621.42,683.14,688.16,709.31,41.372
628.42,1214.8,732.35,620.89,608.59,712.93,608.37,807.53,683.76,763.78,768.11,721.18,799.58,727.18,698.61,708.18,0,642.84,639.33,676.75,632.77,682.09,642.5,658.13,681.51,736.91,626.15,612.63,661.06,578.4,634.81,571.69,576.92,561.03,543.23,542.97,554.95,673.06,663.01,622.52,648.05,654.62,670.18,713.9,724.38,745.02,0.393,698.89,575.71,672.06,656.93,656.85,575.29,740.18,735.35,717.08,715.73,700.95,675.7,706.64,745.36,670.61,692.78,633.3,633.57,678.35,640.68,611.51,600.05,600.08,600.49,539.7,546.46,557.32,638.02,564.77,546.04,569.68,592.87,610.23,621.3,621.9,534.1,533.3,562.51,564.6,564.81,597.52,639.73,667.92,667.62,658.66,665.83
580.08,1156.1,643.37,542.15,541.76,722.65,584.65,857.19,597.52,748.32,752.65,770.84,849.24,776.84,613.6,757.84,642.85,0,831.63,632.9,560.26,632.94,573.05,636.95,595.93,724.44,554.14,532.32,635.4,509.88,604.88,520.45,525.95,531.41,488.77,488.99,500.96,586.82,578,541.97,567.07,570.33,583.23,622.88,635.4,673.37,633.02,575.12,553.96,681.94,666.82,666.57,551.58,789.84,785.01,766.74,765.39,750.61,725.36,691.17,729.9,820.36,818.5,825.6,0.371,707.44,619.5,585.85,571.58,570.16,568.15,510.08,506.54,508.98,589.68,516.43,487.64,511.14,534.05,551.55,551.85,549.39,489.85,478.84,513.95,513.62,513.58,525.52,554.15,618.76,623.78,646.19,644.08
576.97,1152.7,639.65,538.74,538.35,719.1,581.25,853.4,594.11,744.53,748.86,767.05,845.45,773.05,610.19,754.05,639.33,831.63,0,629.5,556.86,629.53,569.59,633.86,592.52,721.13,550.74,528.91,632.63,506.47,601.47,517.36,522.85,527.91,485.36,485.58,497.55,583.41,574.6,538.56,563.5,566.6,579.82,619.32,631.67,669.58,629.5,571.71,550.25,678.23,663.11,663.03,548.17,786.05,781.22,762.95,761.6,746.82,721.57,687.38,726.11,813.45,818.9,0.241,822.35,704.66,616.41,583.08,568.56,566.75,564.74,506.58,503.17,505.87,586.57,513.32,484.23,507.87,530.55,548.14,548.39,545.98,486.3,475.43,510.86,510.53,510.49,522.11,550.74,615.36,620.37,642.88,640.38
650.18,1199.8,684.99,595.85,579.42,697.38,564.27,796.63,643.87,735.13,739.45,710.28,788.68,716.28,661.37,697.28,676.75,632.9,629.5,0,607.81,777.3,617.77,693.69,718.12,811.06,611.81,619.38,691.01,563.31,646.16,559.18,564.68,582.09,529.3,552.23,564.2,633.17,625.77,597.5,616.5,616.93,630.95,666.29,677.02,682.81,666.92,637.41,531.69,656.73,641.61,641.31,531.2,729.28,724.46,706.18,704.83,690.06,664.81,677.98,716.7,661.86,685.99,623.47,623.63,726.71,676.24,641.46,628.23,611.43,610.23,560.77,576.28,579.08,659.78,586.53,558.87,548.61,573.34,595.23,596.57,596.94,542.41,519.38,551.81,552.35,552.31,583.18,676.34,763.12,0.365,732.81,621.82
636.2,1325.9,683.51,735.87,724.34,656.93,634.36,717.33,819.23,659.83,664.15,630.98,709.38,636.98,825.68,617.98,632.77,560.26,556.86,607.81,0,615.03,796.48,606.97,626.24,660.67,604.56,567.2,616.26,588.64,590.01,585.77,591.18,564.42,549.43,582.04,594.02,808.53,790.09,759.39,740.84,726.62,799.94,687.69,675.54,611.49,622.95,628.54,604.61,616.06,600.93,600.85,601.29,649.98,645.16,626.88,625.53,610.76,585.51,602.68,641.4,582.02,583.44,550.83,550.99,579.51,589.52,566.71,555.24,555.28,555.68,543.1,549.63,565.1,645.8,572.55,578.36,645.7,691.08,721.36,775.28,0.435,568.63,539.51,577.99,578.86,578.9,575.94,584.46,600.85,598.69,582.42,694.73
656.71,1206.3,689.75,602.38,585.36,698.6,567.34,796.67,649.22,735.75,740.08,710.32,788.72,716.32,667.9,697.32,682.09,632.94,629.53,777.3,615.03,0,624.96,694.9,729.95,809.32,617.74,626.06,694.59,569.84,650.32,564.57,569.89,586.62,535.68,558.75,570.73,638.52,632.3,604.02,621.35,622.27,637.06,671.05,681.77,684.23,672.27,643.94,534.68,657.95,642.82,642.52,534.27,729.32,724.49,706.22,704.87,690.09,664.84,678.6,717.33,661.89,686.62,623.51,623.67,724.98,677.45,645.04,631.81,615.6,614.39,565.29,581.63,585.61,666.31,593.06,565.99,555.13,579.51,601.77,603.76,604.15,548.79,525.76,556.57,557.56,557.69,589.12,688.18,0.567,768.17,731.07,624.8
648.02,1344,691.97,738.45,743.15,668.49,650.03,727.29,821.81,669.78,674.11,640.94,719.34,646.94,828.26,627.94,642.5,573.05,569.59,617.77,796.48,624.96,0,615.45,636.04,670.63,615.26,577.15,626.22,602.29,599.96,597.19,602.51,573.68,559.8,593.25,605.23,811.11,792.66,761.23,743.41,729.2,802.51,695.94,683.99,619.97,632.68,635.54,619.23,627.78,612.66,612.41,616.96,659.94,655.11,636.84,635.49,620.71,595.46,612.63,651.36,591.98,593.4,563.57,563.77,589.47,598,576.67,565.2,565.24,565.64,552.35,561.46,576.92,657.62,584.37,590.53,663.78,709.16,739.44,0.848,785.61,580.8,549.87,589.19,590.19,590.32,586.63,594.26,610.79,608.64,592.38,709.35
688.96,1197.5,675.68,599.38,570.86,703.04,584,790.96,662.07,722.45,726.77,704.61,783.01,710.61,675.43,691.61,658.13,636.95,633.86,693.69,606.97,694.9,615.45,0,676.34,767.81,633.62,635.32,777.09,582.4,690.47,569.72,575.27,620.94,529.52,561.17,573.15,651.37,639.83,599.21,603.03,602.03,647.78,655.55,667.7,664.14,648.3,612.49,551.33,662.42,647.3,646.97,550.92,723.61,718.79,700.51,699.16,684.39,659.14,665.3,704.02,657.26,681.53,627.84,627.68,727.42,0.698,727.54,707.25,655.75,651.41,599.62,621.11,617.86,698.56,625.31,587.33,554.35,569.66,592.88,594.25,596.1,550.09,519.59,563.28,562.95,562.84,605,634.57,680.73,684.56,689.56,641.46
679.32,1215.7,693.07,611.65,603.95,674.13,566.39,762.55,675.56,705.78,710.11,676.2,754.6,682.2,691.16,663.2,681.51,595.93,592.52,718.12,626.24,729.95,636.04,676.34,0,750.14,665.75,702.36,689.02,609.53,661.76,587.98,593.29,588.25,548.65,582.78,594.76,664.86,655.56,616.42,624.72,628.11,659.84,680.69,685.1,655.85,671.68,689.51,533.72,633.51,618.38,618.05,533.31,695.2,690.37,672.1,670.75,655.97,630.72,648.63,687.35,627.67,665.92,586.49,586.65,665.8,658.89,639.46,628.2,627.04,625.03,566.92,598.55,608.22,688.92,615.67,599.94,592.44,608.43,611.13,614.84,615.36,575.79,538.72,579.98,580.97,581.1,637.13,1.671,715.78,708.99,671.89,623.85
711.24,1253.4,748.6,650.77,636.24,782.12,640.53,886.91,704.56,817.57,821.89,800.56,878.96,806.56,720.88,787.56,736.91,724.44,721.13,811.06,660.67,809.32,670.63,767.81,750.14,0,672.98,671.27,761.68,622.07,712.65,616.98,622.47,651.76,590.17,608.61,620.59,693.86,685.28,650.38,673.98,676.02,691.81,729.9,740.63,756.66,727.08,692.06,608.69,741.51,726.39,726.04,607.46,819.56,814.73,796.46,795.11,780.33,755.08,760.42,799.14,753.21,768.37,715.11,715.16,832.94,750.36,712.13,698.12,677.93,675.11,630.44,637.5,640.14,720.84,647.59,614.25,605.3,623.56,648.83,649.43,649.8,598.78,580.24,610.48,610.15,610.11,644.36,708.37,795.15,801.93,3.13,698.82
706.22,1202.6,653.51,584.86,590.24,646.96,580.94,704.37,662.23,647.6,651.93,618.02,696.42,624.02,673.2,605.02,626.15,554.14,550.73,611.81,604.56,617.74,615.26,633.62,665.75,672.98,0,673,675.66,650.41,656.85,616.52,621.66,592.24,563.6,614.2,626.18,651.53,637.6,590.96,592.46,588.86,648.26,641.53,645.53,599.78,616.32,597.22,548.27,606.34,591.22,590.89,547.86,637.02,632.19,613.92,612.57,597.79,572.54,590.45,629.17,569.36,599.66,544.71,544.87,593.19,616.17,626.11,621.94,622.12,623.29,570.92,613.8,635.12,715.82,642.57,644.48,617.64,623.13,598.02,594.06,593.69,609.55,553.68,607.02,609.33,609.64,1.145,623.98,603.57,602.68,594.73,638.4
684.3,1164.1,624.02,550.65,551.79,619.09,534.92,684.06,628.12,627.29,631.62,597.71,676.11,603.71,640.79,584.71,612.63,532.32,528.91,619.38,567.2,626.06,577.15,635.32,702.36,671.27,673,0,663.61,604.4,644.89,573.53,578.67,571.55,522.12,571.93,583.9,617.42,605.19,557.38,559.81,561.84,614.15,611.34,616.04,579.47,602.81,607.2,502.26,578.47,563.35,563.02,501.85,616.71,611.88,593.61,592.26,577.48,552.23,570.14,608.87,549.29,586.22,522.89,523.05,599.28,617.87,614.06,610.27,610.17,608.96,550.22,600.99,613.2,693.9,620.65,608.83,574.65,580.14,559.56,555.95,556.32,566.56,512.2,564.03,566.34,566.65,644.37,660.58,611.89,610.26,593.02,592.38
747.04,1203.2,679.74,604.7,587.77,709.83,614.06,779.73,691.35,711.21,715.54,693.38,771.78,699.38,702.29,680.38,661.06,635.4,632.63,691.01,616.26,694.59,626.22,777.09,689.02,761.68,675.66,663.61,0,630.63,746.58,611.39,616.89,674.07,554.07,596.34,608.31,680.65,666.68,604.74,607.16,605.56,676.26,659.78,671.77,654.91,651.24,612.44,581.4,669.21,654.09,653.76,580.99,712.38,707.56,689.28,687.93,673.15,647.91,654.06,692.79,646.03,675.39,626.61,626.13,700.89,759.64,1.982,797.98,711.86,707.44,652.75,687.07,675.94,756.64,683.39,642.16,594.61,606.53,598.66,605.02,605.38,586.12,544.15,603.78,604.56,604.52,647.03,647.24,680.41,681.89,683.43,671.52
701.71,1216.4,616.88,558.85,596.87,616.6,587.78,655.16,637.72,599.86,604.18,568.81,647.21,574.81,646.12,555.81,578.4,509.88,506.47,563.31,588.64,569.84,602.29,582.4,609.53,622.07,650.41,604.4,630.63,0,617.95,677.23,681.67,566.01,640.13,703.88,715.85,627.02,610.52,568.01,564.02,558.36,619.9,608.68,608.9,552.03,568.58,555.41,556.76,575.98,560.85,560.52,554.7,587.81,582.98,564.71,563.36,548.58,523.33,542.71,581.43,519.8,551.61,500.44,500.6,541.97,564.95,581.08,582.9,583.23,586.84,544.69,595.51,630.61,711.3,638.06,675.53,678.01,652.86,611.87,581.09,577.77,733.34,630.21,661.73,669.34,670.36,621.79,567.76,555.66,554.19,543.82,646.89
797.36,1175.2,653.66,578.45,562.93,683.65,597.62,748.77,672.53,681.22,685.54,662.42,740.82,668.42,682.18,649.42,634.81,604.88,601.47,646.16,590,650.32,599.96,690.47,661.76,712.65,656.85,644.89,746.58,617.95,0,597.91,603.58,732.13,533.64,587.95,599.92,661.83,646.58,578.49,580.83,578.78,657.52,634.45,645.68,624.91,624.98,585.63,565.78,643.03,627.9,627.57,564.55,681.42,676.6,658.32,656.97,642.2,616.95,624.06,662.79,613.89,638.49,595.45,595.6,644.93,673.02,697.03,753.45,1.389,745.03,710.8,772.65,726.26,806.96,733.71,647.78,582.34,589.45,570.64,578.76,579.13,573.4,523.71,592.91,591.25,591.03,628.22,619.99,636.15,637.03,634.4,655.91
670.43,1193.3,610.14,560.51,578.21,625.85,614.15,654.25,628.32,600.78,605.1,567.9,646.3,573.9,642.67,554.9,571.69,520.45,517.36,559.18,585.77,564.57,597.19,569.71,587.98,616.98,616.52,573.53,611.39,677.23,597.91,0,715.55,536.28,671.66,735.41,747.38,617.62,607.07,569.38,565.06,560.35,613.48,603.53,602.16,552.24,561.87,541.94,583.13,584.98,569.85,569.77,581.07,586.9,582.07,563.8,562.45,547.67,522.42,543.63,582.35,518.01,545.11,511.34,511.18,536.35,552.26,561.84,562.71,563.18,568.1,514.95,561.78,599.33,680.03,606.78,707.06,627.94,621.04,588.68,575.99,574.9,764.87,661.74,695.61,703.22,0.275,587.89,546.2,550.39,550.06,538.73,673.26
676,1198.5,615.37,566.01,583.52,631.08,620.26,659.61,633.37,606.1,610.42,573.26,651.66,579.26,647.99,560.26,576.92,525.95,522.85,564.68,591.18,569.89,602.51,575.27,593.29,622.48,621.66,578.67,616.89,681.67,603.58,715.55,0,541.77,678.04,741.78,753.76,622.67,612.39,574.88,570.56,566.02,618.62,608.76,607.39,557.38,567.1,547.34,589.24,590.21,575.08,575,587.18,592.26,587.43,569.16,567.81,553.03,527.78,548.94,587.67,523.5,550.6,516.83,516.67,541.84,557.83,567.34,568.38,568.85,573.77,520.44,567.35,604.9,685.6,612.35,713.43,633.26,626.43,593.91,581.31,580.31,771.24,668.11,702.07,0.493,708.67,593.03,551.52,555.71,555.55,544.23,679.37
727.54,1148,595.26,551.73,532.73,583.33,540.6,673.16,650.37,607.44,611.76,586.81,665.21,592.81,654.52,573.81,561.03,531.41,527.91,582.09,564.42,586.62,573.68,620.94,588.25,651.76,592.24,571.55,674.07,566.01,732.13,536.28,541.77,0,478.7,525.59,537.57,639.67,618.92,551.84,551.89,546.45,631.11,584.41,587.28,549.69,551.2,527.37,508.79,542.46,527.34,527.26,507.53,605.81,600.98,582.71,581.36,566.58,541.33,550.29,589.01,538.69,576.9,521.88,522.13,580.51,603.49,624.52,696.65,697.4,790.3,0.853,780.39,656.44,737.14,663.89,577.96,524.12,546.12,543.42,552.48,553.55,508.72,468.77,529.78,529.44,529.4,563.62,546.47,572.44,572.97,573.51,598.91
611.08,1149.5,570.39,524.73,530.62,593.28,606.99,625.68,577.5,570.43,574.76,539.33,617.73,545.33,595.35,526.33,543.23,488.77,485.36,529.3,549.43,535.68,559.8,529.52,548.65,590.17,563.6,522.12,554.07,640.13,533.64,671.66,678.04,478.7,0,643.38,655.35,566.8,559.75,533.01,529.63,526.75,564.58,564.84,562.42,517.52,533.4,513.42,577.58,552.41,537.29,537.21,573.91,558.33,553.51,535.23,533.88,519.11,493.86,513.28,552.01,489.84,525.09,479.33,479.49,510.06,512.07,504.52,498.59,498.92,502.53,457.37,503.77,539.98,620.68,547.43,615.03,571.3,570.13,544.94,538.6,538.56,791.27,0.397,789.92,665.71,664.79,534.98,506.87,521.51,520.18,511.92,667.7
655.45,1177.6,573.68,549.36,564.62,598.53,625.39,627.08,591.24,571.6,575.92,540.72,619.12,546.73,609.99,527.73,542.97,488.99,485.58,552.23,582.04,558.75,593.25,561.17,582.78,608.61,614.2,571.93,596.34,703.88,587.95,735.41,741.78,525.59,643.38,0,0.479,580.54,574.39,562.19,555.13,553.1,577.62,569.15,565.71,517.24,533.15,535.85,597.76,557.91,542.78,542.46,592.31,559.72,554.9,536.63,535.27,520.5,495.25,514.45,553.17,491.23,536.73,479.55,479.71,527.98,543.72,546.79,552.75,553.22,558.45,504.27,543.05,584.35,665.05,591.8,666.31,618.58,605.37,572.99,572.05,571.17,665.09,633.45,736.41,729.46,728.53,585.58,541.01,544.58,543.1,530.36,687.89
667.43,1189.5,585.66,561.33,576.59,610.51,637.36,639.05,603.22,583.57,587.9,552.7,631.1,558.7,621.96,539.7,554.95,500.96,497.55,564.2,594.02,570.73,605.23,573.15,594.76,620.59,626.18,583.9,608.31,715.85,599.92,747.38,753.76,537.57,655.35,0.479,0,592.52,586.36,574.17,567.11,565.08,589.6,581.12,577.68,529.22,545.12,547.83,609.74,569.88,554.76,554.43,604.29,571.7,566.87,548.6,547.25,532.48,507.23,526.42,565.15,503.2,548.71,491.53,491.69,539.95,555.7,558.76,564.73,565.2,570.42,516.24,555.03,596.33,677.03,603.78,678.28,630.55,617.35,584.97,584.03,583.14,677.06,645.43,748.38,741.43,740.51,597.55,552.98,556.55,555.08,542.34,699.86
686.25,1327.5,725.37,819.74,743.39,689.48,672.25,754.64,0.428,700.15,704.48,668.29,746.69,674.29,998.2,655.29,673.06,586.82,583.41,633.17,808.53,638.52,811.11,651.37,664.86,693.86,651.53,617.42,680.65,627.02,661.83,617.62,622.67,639.67,566.8,580.54,592.52,0,962.6,887.19,870.44,805.15,967.11,729.45,717.4,650.63,663.23,679.25,642.05,648.78,633.65,633.41,639.17,687.29,682.47,664.19,662.84,648.07,622.82,643,681.73,619.33,614.33,577.38,577.54,613.22,633.92,631.1,626.78,627.1,630.35,618.35,617.85,615.15,695.85,622.6,579.9,658.49,695.22,722.96,789.91,797.66,574.57,556.87,607.37,610.35,610.74,622.9,623.08,624.34,624.05,615.61,732.18
678.51,1315.6,718.1,801,724.95,676.76,663.08,747.33,973.3,690.73,695.06,660.98,739.38,666.98,1.424,647.98,663.01,578,574.6,625.77,790.09,632.3,792.66,639.83,655.56,685.28,637.6,605.19,666.68,610.52,646.58,607.07,612.39,618.92,559.75,574.39,586.36,962.6,0,929.99,827.64,785.81,924.31,720.1,710.13,643.5,653.18,664.64,631.74,635.89,620.77,620.69,630,679.98,675.16,656.88,655.53,640.76,615.51,633.58,672.31,612.02,609.84,568.57,568.73,604.64,622.38,617.13,611.75,611.85,612.56,597.6,598.11,607.41,688.11,614.86,576.05,643.29,680.02,711.01,771.46,779.21,570.01,549.83,598.68,600.07,600.2,608.97,613.78,618.12,616.65,607.03,721.87
620.02,1292.8,677.94,753.95,689.08,640.2,607.01,707.52,897.89,650.01,654.34,621.17,699.57,627.17,965.59,608.17,622.52,541.97,538.56,597.5,759.39,604.02,761.23,599.21,616.42,650.38,590.97,557.38,604.74,568.01,578.49,569.38,574.88,551.84,533.01,562.19,574.17,887.19,929.99,0,752.22,738,848.89,682.11,669.96,605.91,612.7,627.2,576.7,599.34,584.21,584.13,573.94,640.17,635.34,617.07,615.72,600.94,575.69,592.86,631.59,572.21,573.63,532.53,532.69,569.21,581.76,555.19,543.72,543.76,543.66,530.52,531.43,548.92,629.62,556.37,560.64,612.57,657.95,688.23,740.03,748.52,548.54,523.09,562.88,562.55,562.51,562.34,574.65,589.85,588.37,572.13,666.82
619.47,1270.5,713.88,753.05,675.7,646.29,605.13,729.23,881.14,676.48,680.81,642.88,721.28,648.88,863.24,629.88,648.05,567.07,563.5,616.5,740.84,621.35,743.41,603.03,624.72,673.98,592.46,559.81,607.16,564.02,580.83,565.06,570.56,551.89,529.63,555.13,567.11,870.44,827.64,752.22,0,757.33,908.74,716.74,705.9,636.6,638.22,643.82,574.59,605.42,590.3,590.22,572.05,661.88,657.06,638.78,637.43,622.66,597.41,619.33,658.06,592.85,604.02,557.47,557.8,592.82,585.58,557.61,546.14,546.1,545.7,530.57,531.4,548.37,629.07,555.82,553.53,598.98,635.72,665.92,722.21,729.96,544.07,519.71,557.93,558.23,558.19,563.84,582.95,607.18,607.37,595.73,664.71
615.55,1259,751.35,732.3,661.48,642.91,592.45,734.92,815.85,685.21,689.54,648.57,726.97,654.57,821.41,635.57,654.62,570.33,566.6,616.93,726.62,622.27,729.2,602.03,628.11,676.02,588.86,561.84,605.56,558.36,578.78,560.35,566.02,546.45,526.75,553.1,565.08,805.15,785.81,738.01,757.33,0,798.32,765.8,743.37,650.02,644.8,652.63,560.1,602.04,586.91,586.83,559.38,667.57,662.74,644.47,643.12,628.34,603.09,628.07,666.79,598.54,606.97,560.58,561.05,594.32,584.58,556.02,544.02,544.05,544.46,525.12,525.31,544.45,625.15,551.9,551.54,587.47,624.21,654.41,708,715.75,540.3,516.83,555.18,553.69,553.47,560.24,586.33,608.1,607.8,597.77,650.22
683.83,1322.3,722.9,811.72,734.8,684.73,668.77,752.14,977.81,697.18,701.51,665.79,744.19,671.79,959.91,652.79,670.18,583.23,579.82,630.95,799.94,637.06,802.51,647.78,659.84,691.81,648.26,614.15,676.26,619.9,657.52,613.48,618.62,631.11,564.58,577.62,589.6,967.11,924.31,848.89,908.74,798.32,0,726.96,714.92,649.75,660.36,673.51,637.43,643.86,628.74,628.65,635.69,684.79,679.96,661.69,660.34,645.56,620.31,640.03,678.76,616.83,613.51,573.8,573.96,611.25,630.33,626.71,622.55,622.8,625.16,609.78,610.4,612.73,693.43,620.18,578.94,651.74,688.48,717.73,781.31,789.06,573.41,554.65,603.98,606.3,606.61,619.64,618.07,622.88,621.82,613.56,727.56
653.33,1250.3,843.53,681.06,654.98,686.62,636.76,795.04,740.15,745.67,750,708.69,787.09,714.69,755.7,695.69,713.9,622.88,619.32,666.29,687.69,671.05,695.94,655.55,680.69,729.9,641.53,611.34,659.78,608.68,634.45,603.53,608.76,584.41,564.84,569.15,581.12,729.45,720.1,682.11,716.74,765.8,726.96,0,835.56,742.2,704.08,703.25,604.42,645.75,630.63,630.55,603.68,727.69,722.86,704.59,703.24,688.46,663.21,688.52,727.25,658.66,675.11,613.3,613.61,662.44,638.1,610.23,599.69,599.73,600.13,563.08,560.87,582.22,662.92,589.67,570.03,610.76,630.09,645.75,674.74,676.81,559.46,554.92,594.78,596.43,596.65,612.9,638.92,656.87,657.17,651.65,694.54
652.35,1244.2,0.319,670.34,643.7,691.5,638.06,809.34,728.1,760.3,764.62,722.99,801.39,728.99,745.73,709.99,724.38,635.4,631.67,677.02,675.54,681.77,683.99,667.7,685.1,740.63,645.53,616.04,671.77,608.9,645.68,602.16,607.39,587.28,562.42,565.71,577.68,717.4,710.13,669.96,705.9,743.37,714.92,835.56,0,764.63,714.55,704.45,605.39,650.63,635.5,635.42,604.98,741.99,737.16,718.89,717.54,702.76,677.51,703.15,741.87,672.96,690.09,625.65,626.12,677.07,650.25,622.22,610.99,610.96,610.56,565.96,563.28,581.25,661.95,588.7,567.11,603.01,622.46,639.61,662.79,664.66,554.14,552.49,593.41,595.07,595.29,616.91,643.32,667.6,667.89,662.38,695.52
604.41,1190.4,772.6,606.34,580.83,730.46,630.24,831.73,661.33,794.5,798.82,745.38,823.78,751.38,679.1,732.38,745.02,673.37,669.58,682.81,611.49,684.23,619.97,664.14,655.85,756.66,599.78,579.47,654.91,552.04,624.91,552.24,557.38,549.69,517.52,517.24,529.22,650.63,643.5,605.91,636.6,650.02,649.75,742.2,764.63,0,735.2,648.81,598.4,689.59,674.46,674.38,597.17,764.38,759.55,741.28,739.93,725.15,699.9,737.35,776.07,693.74,742.7,663.55,664.09,719.39,646.69,605.36,590.37,590.19,588.18,528.37,525.89,533.31,614.01,540.76,519.68,541.84,566.32,585.86,598.77,600.61,507.42,507.6,542.72,545.06,545.36,571.15,614.07,670.05,673.68,678.41,688.53
618.6,1205,722.53,611.07,598.77,703.1,598.54,797.7,673.93,753.96,758.28,711.35,789.75,717.35,688.78,698.35,0.393,633.02,629.5,666.92,622.95,672.27,632.68,648.3,671.68,727.08,616.32,602.81,651.24,568.58,624.98,561.87,567.09,551.2,533.4,533.15,545.12,663.23,653.18,612.7,638.22,644.8,660.36,704.08,714.55,735.2,0,689.06,565.88,662.23,647.11,647.03,565.47,730.35,725.53,707.25,705.9,691.13,665.88,696.81,735.54,660.79,682.95,623.48,623.74,668.52,630.86,601.69,590.22,590.26,590.66,529.88,536.63,547.5,628.2,554.95,536.21,559.86,583.04,600.41,611.48,612.07,524.28,523.48,552.69,554.77,554.99,587.7,629.91,658.09,657.8,648.83,656.01
615.66,1196.9,712.43,621.32,590.27,655.52,539.5,736.9,689.95,691.54,695.87,650.55,728.95,656.55,700.24,637.55,698.89,575.12,571.71,637.41,628.54,643.94,635.54,612.49,689.51,692.06,597.22,607.2,612.44,555.41,585.63,541.94,547.34,527.37,513.42,535.85,547.83,679.25,664.64,627.2,643.82,652.63,673.51,703.25,704.45,648.81,689.06,0,506.83,614.98,599.85,599.45,506.42,669.55,664.72,646.45,645.1,630.32,605.07,634.39,673.12,599.98,634.67,565.68,565.84,621.89,595.04,562.89,550.87,550.91,551.31,506.05,520.65,544.56,625.26,552.01,538.21,554.06,575.61,592.29,614.34,617.66,523.7,503.5,534.69,535.02,535.06,568.59,647.73,629.76,628.29,613.81,596.96
619.6,1263,613.37,576.01,613.77,28.492,7.926,30.296,652.75,669.97,674.29,23.872,30.568,25.264,667.34,26.952,575.71,553.96,550.25,531.69,604.61,534.68,619.23,551.33,533.72,608.69,548.27,502.26,581.4,556.76,565.78,583.13,589.24,508.79,577.58,597.76,609.74,642.05,631.74,576.69,574.59,560.1,637.43,604.42,605.39,598.4,565.88,506.83,0,5.28,6.49,19.52,5.28,19.52,20.292,23.216,23.432,25.796,29.836,612.82,651.54,635.94,597.9,544.23,544.68,587.91,533.88,531.85,530.16,531.06,541.11,487.46,493.27,548.5,629.2,555.95,599.96,581.67,611.69,658.4,598.03,593.73,568.91,567.65,581.88,576.92,576.26,519.65,491.95,520.5,522.57,530.44,3.605
625.27,1231.9,658.6,599.37,604.56,8.966,7.926,9.868,659.48,764.55,768.87,6.656,10.004,7.352,671.49,8.196,672.06,681.94,678.23,656.73,616.06,657.95,627.78,662.42,633.51,741.51,606.34,578.47,669.21,575.98,643.03,584.98,590.21,542.46,552.41,557.91,569.88,648.78,635.89,599.33,605.42,602.04,643.86,645.75,650.63,689.59,662.23,614.98,5.28,0,0.605,4.48,5.28,4.48,4.866,6.328,6.436,7.618,9.638,707.4,746.12,735.96,750.77,672.21,672.66,731.9,644.97,619.66,608.2,608.3,609.51,521.14,520.86,554.17,634.87,561.62,562.08,581.95,599.82,627.31,606.58,605.18,539.42,542.49,576.23,577.88,578.1,577.72,591.73,643.77,647.61,663.26,12.49
610.14,1216.8,643.48,584.25,589.43,7.756,9.136,8.658,644.35,749.42,753.75,5.446,8.794,6.142,656.37,6.986,656.93,666.82,663.11,641.61,600.93,642.82,612.66,647.3,618.38,726.38,591.22,563.35,654.09,560.85,627.9,569.85,575.08,527.34,537.29,542.78,554.76,633.65,620.77,584.21,590.3,586.91,628.74,630.63,635.5,674.46,647.11,599.85,6.49,0.605,0,3.27,6.49,3.27,3.656,5.118,5.226,6.408,8.428,692.27,731,720.83,735.64,657.08,657.54,716.77,629.85,604.54,593.07,593.18,594.38,506.01,505.74,539.04,619.74,546.49,546.95,566.82,584.69,612.19,591.46,590.06,524.29,527.36,561.1,562.76,562.98,562.59,576.6,628.65,632.48,648.13,13.7
609.8,1216.5,643.4,584.16,589.35,2.243,24.812,8.658,644.11,749.34,753.67,5.446,8.794,6.142,656.28,6.986,656.85,666.57,663.03,641.3,600.85,642.52,612.41,646.97,618.05,726.04,590.89,563.02,653.76,560.52,627.57,569.77,575,527.26,537.21,542.46,554.43,633.41,620.68,584.13,590.22,586.83,628.65,630.55,635.42,674.38,647.03,599.45,19.52,4.48,3.27,0,19.52,3.27,3.656,5.118,5.226,6.408,8.428,692.19,730.92,720.75,735.24,657,657.3,716.37,629.52,604.21,592.74,592.85,594.05,505.93,505.33,538.7,619.4,546.15,546.77,566.42,584.5,611.94,591.21,589.98,524.21,527.28,561.02,562.68,562.9,562.26,576.27,628.34,632.18,647.79,33.94
616.2,1258.5,612.96,573.33,611.42,28.492,1.323,30.296,649.87,668.73,673.06,23.872,30.568,25.264,665.6,26.952,575.29,551.58,548.17,531.2,601.29,534.27,616.96,550.92,533.31,607.46,547.86,501.85,580.99,554.7,564.55,581.07,587.18,507.53,573.91,592.31,604.29,639.17,630,573.94,572.05,559.38,635.69,603.68,604.98,597.17,565.47,506.42,5.28,5.28,6.49,19.52,0,19.52,20.292,23.216,23.432,25.796,29.836,611.58,650.31,634.7,597.2,542.14,542.3,587.21,533.47,531.44,528.92,529.82,539.87,486.2,489.87,545.1,625.8,552.55,594.05,579.61,608.06,653.97,595.76,590.41,565.21,563.99,579.82,574.86,574.2,519.24,491.54,520.09,522.07,529.21,12.49
643.35,1238,749.96,640.49,622.5,7.756,24.812,2.694,697.99,841.03,845.36,1.088,2.762,1.436,715.58,1.858,740.18,789.84,786.05,729.28,649.98,729.32,659.94,723.61,695.2,819.56,637.02,616.71,712.38,587.81,681.42,586.9,592.26,605.81,558.33,559.72,571.7,687.29,679.98,640.17,661.88,667.57,684.79,727.69,741.99,764.38,730.35,669.55,19.52,4.48,3.27,3.27,19.52,0,0.193,0.924,0.978,1.569,2.579,783.88,822.61,815.16,859.17,780.02,780.56,835.86,706.16,662.83,647,646.7,642.57,584.49,575.43,572.25,652.95,579.7,553.57,581.07,609.69,633.42,638.74,639.11,558.53,548.41,578.94,579.93,580.02,608.39,653.42,715.14,720.16,741.31,33.94
638.53,1233.2,745.14,635.67,617.68,8.142,25.584,2.887,693.17,836.21,840.53,0.895,2.569,1.243,710.76,1.665,735.35,785.01,781.22,724.46,645.16,724.49,655.11,718.79,690.37,814.73,632.19,611.88,707.56,582.98,676.6,582.07,587.43,600.99,553.51,554.9,566.87,682.47,675.16,635.34,657.06,662.74,679.96,722.86,737.16,759.55,725.53,664.72,20.292,4.866,3.656,3.656,20.292,0.193,0,0.731,0.785,1.376,2.386,779.06,817.78,810.34,854.34,775.2,775.74,831.03,701.34,658.01,642.18,641.87,637.74,579.66,570.6,567.43,648.13,574.88,548.74,576.24,604.86,628.59,633.91,634.28,553.7,543.58,574.11,575.11,575.2,603.57,648.6,710.32,715.33,736.48,34.712
620.25,1214.9,726.86,617.39,599.4,9.604,28.508,3.618,674.89,817.93,822.26,0.164,3.3,0.512,692.48,0.934,717.08,766.74,762.95,706.18,626.88,706.22,636.84,700.51,672.1,796.46,613.92,593.61,689.28,564.71,658.32,563.8,569.16,582.71,535.23,536.63,548.6,664.19,656.88,617.07,638.78,644.47,661.69,704.59,718.89,741.28,707.25,646.45,23.216,6.328,5.118,5.118,23.216,0.924,0.731,0,0.054,0.645,1.655,760.78,799.51,792.06,836.07,756.92,757.46,812.76,683.06,639.73,623.9,623.6,619.47,561.39,552.33,549.15,629.85,556.6,530.47,557.97,586.59,610.32,615.64,616.01,535.43,525.31,555.84,556.83,556.92,585.29,630.32,692.04,697.06,718.21,37.636
618.9,1213.5,725.51,616.04,598.06,9.712,28.724,3.672,673.54,816.58,820.91,0.218,3.354,0.458,691.13,0.88,715.73,765.39,761.6,704.83,625.53,704.87,635.49,699.16,670.75,795.11,612.57,592.26,687.93,563.36,656.97,562.45,567.81,581.36,533.88,535.28,547.25,662.84,655.53,615.72,637.43,643.12,660.34,703.24,717.54,739.93,705.9,645.1,23.432,6.436,5.226,5.226,23.432,0.978,0.785,0.054,0,0.591,1.601,759.43,798.16,790.71,834.72,755.57,756.11,811.41,681.71,638.38,622.55,622.25,618.12,560.04,550.98,547.8,628.5,555.25,529.12,556.62,585.24,608.97,614.29,614.66,534.08,523.96,554.49,555.48,555.57,583.94,628.97,690.69,695.71,716.86,37.852
604.13,1198.8,710.74,601.27,583.28,10.894,31.088,4.263,658.77,801.81,806.13,0.809,3.945,1.049,676.36,0.289,700.95,750.61,746.82,690.06,610.76,690.09,620.71,684.39,655.97,780.33,597.79,577.48,673.15,548.58,642.2,547.67,553.03,566.58,519.11,520.5,532.48,648.07,640.76,600.94,622.66,628.34,645.56,688.46,702.76,725.15,691.13,630.32,25.796,7.618,6.408,6.408,25.796,1.569,1.376,0.645,0.591,0,1.01,744.66,783.38,775.94,819.94,740.8,741.34,796.63,666.94,623.61,607.78,607.47,603.34,545.26,536.2,533.03,613.73,540.48,514.34,541.84,570.46,594.19,599.51,599.88,519.3,509.18,539.71,540.71,540.8,569.17,614.2,675.92,680.93,702.08,40.216
578.88,1173.5,685.49,576.02,558.03,12.914,35.128,5.273,633.52,776.56,780.88,1.819,4.955,2.059,651.11,1.299,675.7,725.36,721.57,664.81,585.51,664.84,595.46,659.14,630.72,755.08,572.54,552.23,647.91,523.33,616.95,522.42,527.78,541.33,493.86,495.25,507.23,622.82,615.51,575.69,597.41,603.09,620.31,663.21,677.51,699.9,665.88,605.07,29.836,9.638,8.428,8.428,29.836,2.579,2.386,1.655,1.601,1.01,0,719.41,758.13,750.69,794.69,715.55,716.09,771.38,641.69,598.36,582.53,582.22,578.09,520.01,510.95,507.78,588.48,515.23,489.09,516.59,545.21,568.94,574.26,574.63,494.05,483.93,514.46,515.46,515.55,543.92,588.95,650.67,655.68,676.83,44.256
599.76,1188.5,711.12,593.19,574.9,748.27,644.66,851.23,653.7,2.286,2.459,764.88,843.28,770.88,669.18,751.88,706.64,691.17,687.38,677.98,602.68,678.6,612.63,665.3,648.63,760.42,590.45,570.14,654.06,542.71,624.06,543.63,548.94,550.29,513.28,514.45,526.42,643,633.58,592.86,619.33,628.07,640.03,688.52,703.15,737.35,696.81,634.39,612.82,707.4,692.27,692.19,611.58,783.88,779.06,760.78,759.43,744.66,719.41,0,1.549,713.24,760.5,681.36,681.9,737.19,647.85,604.51,589.52,589.34,587.33,528.96,522.35,528.66,609.36,536.11,510.66,534.35,561.67,583.92,591.43,591.8,504.63,503.36,535.16,536.62,536.75,561.82,606.85,664.43,668.85,682.17,702.94
638.48,1227.2,749.85,631.91,613.62,786.99,683.38,889.96,692.43,0.737,0.91,803.61,882.01,809.61,707.91,790.61,745.36,729.9,726.11,716.7,641.4,717.33,651.36,704.02,687.35,799.14,629.17,608.87,692.79,581.43,662.79,582.35,587.67,589.01,552.01,553.17,565.15,681.73,672.31,631.59,658.06,666.79,678.76,727.25,741.87,776.07,735.54,673.12,651.54,746.12,731,730.92,650.31,822.61,817.78,799.51,798.16,783.38,758.13,1.549,0,751.97,799.23,720.08,720.62,775.92,686.57,643.24,628.25,628.06,626.05,567.69,561.07,567.38,648.08,574.83,549.38,573.08,600.39,622.64,630.16,630.53,543.35,542.08,573.88,575.35,575.48,600.55,645.58,703.15,707.58,720.89,741.67
574.86,1170,680.93,572.53,553.94,776.83,667.78,882.51,630.03,770.39,774.72,796.16,874.56,802.16,647.63,783.16,670.61,820.36,813.45,661.86,582.02,661.89,591.98,657.26,627.67,753.21,569.36,549.29,646.03,519.8,613.88,518.01,523.5,538.68,489.84,491.23,503.2,619.33,612.02,572.21,592.85,598.54,616.83,658.66,672.96,693.74,660.79,599.98,635.94,735.96,720.83,720.75,634.7,815.16,810.34,792.06,790.71,775.94,750.69,713.24,751.97,0,800.32,807.43,811.08,777.01,639.81,596.48,580.65,579.16,574.74,517.36,508.9,503.76,584.46,511.21,485.07,512.21,541.73,565.46,570.78,571.15,491.59,479.91,510.98,511.18,511.13,540.73,585.89,647.72,652.73,674.96,726.06
626.87,1172.8,698.07,574.02,563.96,791.32,630.27,926.52,625.03,817.65,821.98,840.17,918.57,846.17,645.44,827.17,692.78,818.5,818.9,685.99,583.44,686.62,593.4,681.53,665.92,768.37,599.66,586.22,675.39,551.61,638.49,545.11,550.6,576.9,525.09,536.73,548.71,614.33,609.84,573.63,604.02,606.97,613.51,675.11,690.09,742.7,682.95,634.67,597.9,750.77,735.64,735.24,597.2,859.17,854.34,836.07,834.72,819.94,794.69,760.5,799.23,800.32,0,812.88,809.22,731.32,664.08,625.84,610.78,603.76,600.14,555.58,551.85,555.77,636.47,563.22,530.13,530.32,546.24,568.25,572.2,572.57,525.18,515.17,538.61,538.27,538.23,571.04,624.14,672.44,676.87,690.12,688.03
