0,1242.1,668.46,630.85,617.08,672.12,649.79,758.06,673.42,782.07,786.4,671.7,750.11,677.71,702.57,658.71,717.67,628.62,625.21,751.51,644.7,752.73,653.42,794.28,724.66,837.4,753.01,741.75,825.99,739.38,842.24,689.77,695.18,745.12,615.98,663.9,675.87,662.72,666.97,631.59,631.39,636.62,642.23,644.14,660.49,703.72,707.85,673.59,619.6,631.41,616.29,616.05,616.71,690.7,685.88,667.61,666.26,651.48,626.23,724.92,763.65,619.53,789.29,619.18,619.34,761.54,776.83,776.44,806.76,807.52,815.96,723.8,757.28,2.844,5.476,2.546,722.13,661.54,657.54,637.52,632.22,633.83,648.46,606.05,682.52,682.85,682.9,724.38,682.88,738.55,742.38,759.15,709.72
1242.1,0,1195.8,1215,1447.1,1309.9,1318.8,1347.8,1228.1,1280.3,1284.6,1261.5,1339.9,1267.5,1259.9,1248.5,1206.6,1218.4,1214.9,1231.9,1301.3,1234.9,1319.4,1217.7,1200,1305.9,1188.9,1150.5,1207.3,1200.3,1177,1187.4,1192.9,1148,1146.3,1172.5,1184.4,1217.4,1224.3,1268.2,1218.3,1190.3,1198.1,1179.8,1187.8,1202,1196.8,1158.6,1288.5,1269.1,1253.9,1253.8,1285.8,1280.5,1275.7,1257.4,1256,1241.3,1216,1223.2,1261.9,1209.3,1254.4,1208.9,1209.1,1226.6,1200.2,1157.7,1142.3,1142.3,1142.7,1126.7,1152.6,1171,1251.7,1178.4,1178.2,1289.9,1373.3,24.183,1298.2,1290.5,1165.2,1136.3,1180,1180.6,1180.6,1160.3,1158.2,1220.7,1222.8,1227.6,1378.7
668.46,1195.8,0,653.9,623.12,714.14,712.37,762.43,718.35,883.08,887.4,676.08,754.48,682.08,732.94,663.08,774.3,633,629.59,689.94,657.25,692.44,664.25,689.98,681.75,767.55,627.09,603.85,689.75,577.08,659.96,571.06,576.47,619.92,530.29,538.51,550.48,707.65,697.34,671.22,710.18,746.04,750.05,875.66,0.319,804.73,764.48,678.09,679.97,673.43,658.3,658.06,679.3,695.08,690.26,671.98,670.63,655.86,630.61,825.93,864.66,623.91,716.89,623.56,623.72,689.14,672.53,640.19,625.2,625.24,625.64,598.59,594.69,597.37,678.07,604.82,547.42,577,581.02,591.18,643.05,646.37,522.65,520.37,563.75,564.14,564.19,598.46,639.97,678.27,680.81,689.3,770.09
630.85,1215,653.9,0,632.36,690.25,678.61,728.92,717.4,728.17,732.5,642.57,720.97,648.57,749.2,629.57,645,599.48,596.05,631.99,687.17,635.16,691.22,626.47,608.76,702.65,576.43,549.65,620.14,539.89,587.46,542.56,548.14,559.21,507.98,528.77,540.74,706.7,713.6,709.05,708.15,660.12,693.13,660.02,645.93,649.83,635.18,583.72,647.95,649.71,634.58,634.18,645.53,661.57,656.74,638.47,637.12,622.34,597.09,671.02,709.75,590.39,651.36,590.03,590.21,623.61,609.02,570.59,552.77,552.74,552.34,537.89,545.08,559.75,640.45,567.2,535.88,565.72,589.49,610.43,670.02,676.29,509.45,498.06,536.6,535.82,535.69,547.81,566.98,620.98,622.86,624.41,738.07
617.08,1447.1,623.12,632.36,0,689.61,682.59,720.83,655.35,702.26,706.58,634.48,712.88,640.48,687.36,621.48,620.32,591.39,587.96,608.51,706.9,611.57,725.72,607.62,590.96,682.16,578.27,539.81,600.79,585.46,569.15,565.22,570.54,532.46,524.39,554.82,566.8,644.65,651.76,671.65,636.44,617.79,630.79,614.99,615.14,623.91,610.49,568.49,650.26,648.74,633.62,633.54,649.52,653.48,648.65,630.38,629.03,614.25,589.01,645.11,683.83,582.3,631.39,581.94,582.12,603.64,590.17,551.24,534.39,534.42,534.68,511.13,530.52,545.98,626.68,553.43,565.98,680.59,725.97,842.51,704.52,696.03,543.52,514.47,557.2,558.21,558.34,549.64,549.18,597.4,599.38,603.91,740.38
672.12,1309.9,714.14,690.25,689.61,0,33.784,13.144,727.1,821.28,825.61,9.932,13.28,10.628,755.42,11.472,763.66,31.402,30.882,765.8,708.37,765.83,719.06,762.63,729.29,862.34,684.3,662.47,751.4,640.03,721.25,639.59,644.65,615.73,608,603.47,615.45,716.4,719.82,690.29,690.13,705.45,692.53,693.01,706.16,742.93,753.84,721.7,28.492,8.966,7.756,2.243,28.492,7.756,8.142,9.604,9.712,10.894,12.914,764.13,802.86,13.45,29.918,29.918,29.918,34.358,745.18,701.85,686.85,686.53,682.91,594.4,585.56,601.02,681.72,608.47,605.92,644.97,681.61,705.35,697.86,697.49,593.89,598.07,629.34,632.32,632.72,655.67,687.52,751.66,756.67,784.09,42.912
649.79,1318.8,712.37,678.61,682.59,33.784,0,35.588,725.61,790.25,794.58,29.164,35.86,30.556,761.87,32.244,709.48,81.404,80.364,658.55,699.06,660.94,709.75,660.79,654.59,742.19,633.47,599.56,669.95,617.01,647.44,632.42,638.18,542.29,614.39,628.24,640.22,714.91,726.26,679.15,677.48,676.89,693.2,692.59,704.4,711.9,699.65,649.77,7.926,7.926,9.136,24.812,1.323,24.812,25.584,28.508,28.724,31.088,35.128,733.1,771.83,36.2,78.436,78.436,78.436,87.316,643.34,620.4,612.46,612.71,615.53,520.97,523.46,578.69,659.39,586.14,627.12,636.61,670.15,714.27,688.55,688.18,603.93,604.46,628.17,625.85,625.54,604.85,612.81,646.77,649.43,663.94,15.136
758.05,1347.8,762.43,728.92,720.83,13.144,35.588,0,762.36,894.34,898.66,3.782,5.456,4.13,792.42,4.552,829.13,13.333,13.073,888.79,745.57,887.64,757.01,882.91,836.01,991.78,747.54,755.3,861.49,689.37,779.68,672.23,677.46,703.79,644.6,652.33,664.3,751.66,756.82,728.81,735.56,768.67,736.05,737.88,754.46,815.99,819.3,784.58,30.296,9.868,8.658,8.658,30.296,2.694,2.887,3.618,3.672,4.263,5.273,837.19,875.91,5.541,12.591,12.591,12.591,14.811,865.47,811.94,793.41,744.95,738.12,682.47,699.16,686.95,767.66,694.4,653.32,669.7,708.12,743.27,735.81,734.7,650.92,634.67,663.48,665.13,665.35,718.92,794.23,873.47,879.66,913.53,44.716
673.42,1228.1,718.35,717.4,655.34,727.1,725.61,762.36,0,770.53,774.86,676.01,754.41,682.01,874.54,663.01,683.75,632.92,629.51,660.24,710.15,662.05,714.2,681.23,640.27,743.3,605.64,578.07,685.32,566.71,655.82,570.11,575.43,620.62,526.74,537.61,549.58,0.428,838.94,763.52,747.93,709.06,843.45,742.48,710.38,692.18,673.93,617.08,693.13,686.49,671.36,671.03,692.53,695.01,690.18,671.91,670.56,655.78,630.53,713.38,752.11,623.83,693.59,623.49,623.65,665.84,663.78,635.77,620.77,621.1,623.05,599.3,597.21,602.32,683.02,609.77,548.45,584.49,604.07,623.5,693,699.27,520.54,516.81,562.11,563.1,563.23,577.02,598.49,647.87,651.12,665.05,783.25
782.07,1280.3,883.08,728.17,702.26,821.28,790.25,894.34,770.53,0,1.647,807.99,886.39,813.99,795.99,794.99,938.04,764.9,761.26,811.57,736.39,816.92,743.39,797.49,808.66,876.98,734.08,728.98,794.74,679.39,765.02,679.34,684.83,720.86,652.68,658.5,670.48,759.83,760.39,739.41,767.7,803.09,790.48,852.68,875.11,3.134,928.21,841.82,759.47,780.41,765.29,765.21,757.18,826.99,822.16,803.89,802.54,787.76,762.51,2.286,0.737,755.81,825.68,755.23,755.63,797.93,780.04,745.19,730.19,730.3,730.7,699.54,705.68,710.97,791.67,718.42,665.83,666.35,666.41,675.75,722.19,725.51,645.86,642.75,672.84,672.51,672.47,705.46,766.88,802.75,802.45,798.73,849.6
786.4,1284.6,887.4,732.5,706.58,825.61,794.58,898.66,774.86,1.647,0,812.31,890.71,818.31,800.32,799.31,942.36,769.23,765.58,815.9,740.71,821.25,747.72,801.82,812.98,881.3,738.41,733.31,799.06,683.71,769.35,683.67,689.16,725.19,657,662.83,674.8,764.16,764.72,743.73,772.03,807.42,794.81,857.01,879.43,3.307,932.54,846.15,763.8,784.74,769.61,769.53,761.5,831.31,826.49,808.21,806.86,792.09,766.84,2.459,0.91,760.14,830.01,759.56,759.95,802.26,784.37,749.51,734.52,734.62,735.03,703.86,710,715.3,796,722.75,670.15,670.67,670.74,680.07,726.52,729.84,650.18,647.08,677.17,676.83,676.79,709.78,771.21,807.07,806.77,803.05,853.92
671.7,1261.5,676.08,642.57,634.48,9.932,29.164,3.782,676.01,807.99,812.31,0,3.464,0.676,706.07,1.098,742.78,6.425,6.165,802.44,659.22,801.29,670.66,796.56,749.66,905.43,661.19,668.95,775.14,603.02,693.33,585.88,591.11,617.44,558.25,565.97,577.95,665.31,670.47,642.46,649.21,682.31,649.7,651.53,668.11,729.64,732.95,698.23,23.872,6.656,5.446,5.446,23.872,1.088,0.895,0.164,0.218,0.809,1.819,750.84,789.56,2.087,5.683,5.683,5.683,7.903,779.11,725.59,707.06,658.6,651.77,596.12,612.81,600.6,681.3,608.06,566.97,583.34,621.77,656.92,649.46,648.35,564.57,548.32,577.13,578.78,579,632.57,707.88,787.12,793.31,827.18,38.292
750.1,1339.9,754.48,720.97,712.88,13.28,35.86,5.456,754.41,886.39,890.71,3.464,0,3.812,784.47,4.234,821.18,12.697,12.437,880.84,737.62,879.69,749.06,874.97,828.06,983.83,739.59,747.35,853.54,681.42,771.73,664.28,669.51,695.84,636.65,644.38,656.35,743.71,748.87,720.86,727.61,760.72,728.1,729.93,746.51,808.04,811.35,776.63,30.568,10.004,8.794,8.794,30.568,2.762,2.569,3.3,3.354,3.945,4.955,829.24,867.96,5.223,11.955,11.955,11.955,14.175,857.52,803.99,785.46,737,730.17,674.52,691.21,679,759.7,686.45,645.37,661.75,700.17,735.32,727.86,726.75,642.97,626.72,655.53,657.18,657.4,710.97,786.28,865.52,871.71,905.58,44.988
677.7,1267.5,682.08,648.57,640.48,10.628,30.556,4.13,682.01,813.99,818.31,0.676,3.812,0,712.07,1.338,748.78,6.905,6.645,808.44,665.22,807.29,676.66,802.56,755.66,911.43,667.2,674.95,781.14,609.02,699.33,591.88,597.11,623.44,564.25,571.97,583.95,671.31,676.47,648.46,655.21,688.31,655.7,657.53,674.11,735.64,738.95,704.23,25.264,7.352,6.142,6.142,25.264,1.436,1.243,0.512,0.458,1.049,2.059,756.84,795.56,2.327,6.163,6.163,6.163,8.383,785.11,731.59,713.06,664.6,657.77,602.12,618.81,606.61,687.3,614.06,572.97,589.34,627.77,662.92,655.46,654.35,570.57,554.32,583.13,584.78,585,638.57,713.88,793.12,799.31,833.18,39.684
702.57,1259.9,732.94,749.2,687.36,755.42,761.87,792.42,874.54,795.99,800.32,706.07,784.47,712.07,0,693.07,708.78,662.98,659.52,689.4,742.16,692.38,746.21,701.04,666.33,766.35,633.89,607.53,702.68,595.86,673.12,597.95,603.44,644.3,562.42,572.54,584.52,863.84,1.424,831.23,766.93,727.26,825.54,754.65,724.97,717.64,698.95,641.28,732.08,714.55,699.43,699.35,728.79,725.07,720.24,701.97,700.62,685.84,660.59,738.84,777.57,653.89,716.65,653.5,653.71,688.9,683.59,653.13,638.14,638.39,640.11,622.98,621.86,631.47,712.17,638.92,580.97,617.15,638.31,655.28,725.01,731.28,555.87,552.49,591.45,591.11,591.07,605.26,624.55,678.21,680.27,688.1,822.21
658.7,1248.5,663.08,629.57,621.48,11.472,32.244,4.552,663.01,794.99,799.31,1.098,4.234,1.338,693.07,0,729.78,5.385,5.125,789.44,646.22,788.29,657.66,783.56,736.66,892.43,648.2,655.95,762.14,590.02,680.33,572.88,578.11,604.44,545.25,552.97,564.95,652.31,657.47,629.46,636.21,669.31,636.7,638.53,655.11,716.64,719.95,685.23,26.952,8.196,6.986,6.986,26.952,1.858,1.665,0.934,0.88,0.289,1.299,737.84,776.56,1.567,4.643,4.643,4.643,6.863,766.11,712.59,694.06,645.6,638.77,583.12,599.81,587.61,668.3,595.05,553.97,570.34,608.77,643.92,636.46,635.35,551.57,535.33,564.13,565.78,566,619.57,694.88,774.12,780.31,814.18,41.372
717.67,1206.6,774.31,645,620.32,763.66,709.48,829.13,683.75,938.04,942.36,742.78,821.18,748.78,708.78,729.78,0,699.43,695.68,742.06,654.45,746.23,661.45,727.04,749.34,810.69,661.41,670.06,723.4,606.72,692.86,606.75,612.42,646.85,582.22,598.37,610.35,673.05,673.18,655.72,677.39,713,697.24,743.91,766.33,859.69,0.393,813.55,678.7,722.8,707.67,707.59,676.4,761.78,756.95,738.68,737.33,722.55,697.3,880.89,919.61,690.6,758.66,689.65,690.16,730.91,709.59,673.85,658.17,658.14,657.74,625.52,640.37,646.57,727.27,654.02,602.83,588.81,589.43,602.02,640.25,643.57,584.13,572.29,601.75,600.1,599.88,632.79,707.57,732.05,732.94,732.44,768.82
628.62,1218.4,633,599.48,591.39,31.402,81.404,13.333,632.92,764.9,769.23,6.425,12.697,6.905,662.98,5.385,699.43,0,2.733,759.35,616.13,758.21,627.57,753.48,706.57,862.35,617.91,625.87,732.05,559.74,650.24,542.79,548.02,574.35,515.16,522.89,534.86,622.22,627.38,599.38,606.13,638.9,606.61,608.45,625.02,686.55,689.61,655.14,70.82,24.85,22.43,22.43,70.82,7.945,7.559,6.097,5.989,4.807,2.787,707.75,746.48,2.251,2.251,2.251,0.371,4.471,736.03,682.5,663.98,615.51,608.68,553.03,569.72,557.52,638.22,564.97,523.89,540.26,578.68,613.84,606.37,605.26,521.49,505.24,534.04,535.7,535.92,589.28,664.8,744.03,750.23,784.1,99.66
625.21,1214.9,629.59,596.05,587.96,30.882,80.364,13.073,629.51,761.26,765.58,6.165,12.437,6.645,659.52,5.125,695.68,2.733,0,755.94,612.41,754.8,623.84,750.07,703.16,858.94,614.18,622.46,728.64,556.01,646.6,539.27,544.5,570.95,511.73,519.46,531.43,618.81,623.92,595.94,602.72,634.9,603.2,605.04,621.61,682.91,685.85,651.73,69.78,24.33,21.91,21.91,69.78,7.685,7.299,5.837,5.729,4.547,2.527,704.11,742.83,1.991,1.991,0.241,1.991,4.211,732.62,679.09,660.57,611.87,605.04,549.62,566.31,554.11,634.81,561.56,520.48,536.85,575.23,610.32,602.64,601.53,517.81,501.81,530.44,532.17,532.39,585.56,661.39,740.62,746.82,780.69,98.62
751.51,1231.9,689.94,631.99,608.51,765.8,658.55,888.79,660.24,811.57,815.9,802.44,880.84,808.44,689.4,789.44,742.06,759.35,755.94,0,640.75,919.44,648.49,827.56,860.26,953.2,679.12,725.69,801.04,613.99,717.82,585.29,590.61,652.97,551.27,588.96,600.94,649.54,653.8,635.71,641.99,670.24,649.32,663.43,681.96,733.22,732.23,726.72,629.18,725.19,710.07,709.72,625.48,821.44,816.61,798.34,796.99,782.21,756.96,754.42,793.15,750.26,896.61,749.92,750.07,868.86,810.11,751.49,731.2,683.09,678.67,631.64,691.61,680.41,761.11,687.86,632.99,579.11,601.87,627.35,627.29,629.87,576.28,541.34,577.27,578.28,578.41,650.49,818.49,905.27,0.365,874.95,719.31
644.7,1301.3,657.25,687.17,706.9,708.37,699.06,745.57,710.15,736.39,740.71,659.22,737.62,665.22,742.16,646.22,654.45,616.13,612.41,640.75,0,644.32,779.05,638.29,627.67,712.44,600.57,573.04,631.59,586.39,598.21,572.79,578.19,570.68,532.88,555.61,567.58,699.45,706.56,741.96,691.24,662.26,685.59,659.45,649.27,658.04,644.62,602.63,668.09,667.5,652.37,652.29,665.98,678.22,673.4,655.12,653.77,639,613.75,679.24,717.96,607.05,661.15,606.38,606.86,633.4,620.84,582.04,563.52,563.48,563.08,549.36,558.14,573.61,654.3,581.05,564.78,637.2,682.58,696.76,757.85,0.435,542.98,522.96,565,565.87,565.91,571.95,585.9,630.15,631.62,634.19,758.21
752.73,1234.9,692.44,635.16,611.57,765.83,660.95,887.64,662.05,816.92,821.25,801.29,879.69,807.29,692.38,788.29,746.23,758.21,754.8,919.44,644.32,0,652.07,825.83,872.1,951.47,681.51,728.46,799.3,616.39,719.62,588.86,594.18,655.36,556.02,591.95,603.93,651.35,656.78,639.55,645.61,674.11,651.45,665.94,684.47,738.57,736.4,731.58,631.58,725.22,710.1,709.76,627.87,820.29,815.47,797.19,795.84,781.07,755.82,759.77,798.49,749.12,894.87,748.77,748.93,867.12,808.38,749.75,729.47,684.9,680.47,634.04,692.24,681.62,762.32,689.07,634.2,582.69,605.45,630.34,630.87,633.45,579.27,546.1,580.84,581.86,581.99,652.89,830.32,0.567,910.32,873.22,721.7
653.42,1319.4,664.25,691.22,725.72,719.06,709.75,757.01,714.2,743.39,747.72,670.66,749.06,676.66,746.21,657.66,661.45,627.57,623.84,648.49,779.05,652.07,0,648.25,634.67,720.89,610.59,580.78,641.55,598.56,608.16,584.2,589.52,579.46,545.86,569.13,581.11,703.5,710.61,743.79,695.29,667.78,689.64,664.98,656.27,665.04,651.63,609.63,679.56,678.19,663.07,662.99,676.68,689.66,684.83,666.56,665.21,650.43,625.18,686.24,724.97,618.48,670.03,617.81,618.29,642.29,630.8,592,573.48,573.44,573.04,558.14,566.86,582.32,663.02,589.77,577.69,655.27,700.66,714.84,0.848,768.17,556.2,535.93,576.2,577.2,577.33,581.96,592.9,637.89,639.37,642.64,769.69
794.28,1217.7,689.98,626.47,607.62,762.63,660.79,882.92,681.23,797.49,801.82,796.57,874.97,802.57,701.04,783.56,727.04,753.48,750.07,827.56,638.29,825.83,648.25,0,766.65,933.79,706.95,736.43,911.3,647.41,766.88,609.33,614.56,695.24,556.36,611.01,622.99,670.53,665.44,626.29,630.11,647.07,658.22,661.53,682,719.14,717.22,695.88,631.42,722.02,706.9,706.56,627.72,815.57,810.74,792.46,791.11,776.34,751.09,740.34,779.07,744.39,889.38,744.05,744.2,861.63,0.698,861.75,841.46,732.16,725.32,673.91,745.58,723.18,803.88,730.63,670.07,602.27,623.54,613.09,627.05,627.42,598.39,546.43,600.58,602.23,602.45,678.33,724.87,811.65,818.44,855.54,721.55
724.66,1200,681.75,608.76,590.96,729.29,654.59,836.01,640.27,808.66,812.98,749.66,828.06,755.66,666.33,736.66,749.34,706.57,703.16,860.26,627.67,872.1,634.67,766.65,0,892.29,671.32,715.37,740.12,606.2,702.84,587.64,593.05,641.48,547.53,586.27,598.25,629.57,630.73,626.34,626.71,651.54,635.8,653.82,673.77,730.31,739.52,754.48,625.22,688.68,673.56,673.22,621.51,768.66,763.83,745.56,744.21,729.43,704.18,751.51,790.23,697.48,835.69,697.14,697.3,807.94,749.2,690.57,670.29,668.11,663.93,620.15,663.24,653.56,734.26,661.01,607.61,582.32,590.38,595.38,613.47,616.79,576,537.61,580.04,580.72,580.77,642.7,1.671,857.92,851.14,814.04,715.35
837.4,1305.9,767.55,702.65,682.16,862.34,742.19,991.78,743.3,876.98,881.3,905.43,983.83,911.43,766.35,892.43,810.7,862.35,858.94,953.2,712.44,951.47,720.89,933.79,892.29,0,760.7,804.34,907.26,695.58,804.68,662.48,667.8,736.61,622,667.33,679.3,732.6,730.75,702.33,710.65,736.1,728.27,739.62,759.58,798.63,800.87,790.03,712.83,821.74,806.61,806.27,709.12,924.43,919.61,901.33,899.98,885.21,859.96,819.83,858.55,853.26,1002.8,852.91,853.07,975.08,916.34,857.71,837.42,769.96,765.54,715.28,782.4,766.3,847,773.75,717.67,656.3,678.49,701.29,699.69,701.57,652.59,612.08,654.46,655.47,655.61,732.08,850.51,937.29,944.08,3.13,802.95
753.01,1188.9,627.09,576.43,578.27,684.3,633.47,747.54,605.64,734.08,738.41,661.2,739.59,667.2,633.89,648.2,661.41,617.91,614.18,679.12,600.57,681.51,610.59,706.96,671.32,760.7,0,659.61,721.57,637.02,698.55,607.36,612.68,637.79,559.62,616.13,628.11,594.94,598.29,588.64,584.86,596.2,592.26,601.21,619.11,655.74,651.59,631.92,604.11,643.69,628.56,628.22,600.4,680.2,675.37,657.1,655.74,640.97,615.72,676.93,715.66,609.02,712.06,608.16,608.63,684.31,689.5,672.02,663.86,663.83,663.4,616.46,672.78,681.91,762.61,689.36,649.34,601.96,605.7,584.37,589.39,589.7,603.86,549.69,599.36,600.35,600.48,1.145,629.55,667.34,669.99,682.45,694.23
741.75,1150.5,603.85,549.65,539.81,662.48,599.56,755.3,578.07,728.98,733.31,668.95,747.35,674.95,607.53,655.95,670.06,625.87,622.46,725.69,573.04,728.46,580.78,736.43,715.37,804.34,659.61,0,743.33,591.01,713.35,564.37,569.69,643.29,518.14,573.81,585.79,567.37,571.93,568.15,561.8,579.39,566.51,577.39,595.88,650.63,660.24,656.87,570.19,621.87,606.74,606.4,566.48,687.95,683.13,664.85,663.5,648.73,623.48,671.83,710.56,616.78,754.06,616.43,616.59,726.31,718.98,693.78,679.16,678.62,672.12,621.97,696.22,670.65,751.35,678.1,612.37,558.97,562.71,545.92,559.58,562.16,560.87,508.21,556.37,557.36,557.49,630.98,673.6,714.29,716.56,726.09,660.31
825.99,1207.3,689.75,620.14,600.79,751.4,669.95,861.49,685.32,794.74,799.06,775.14,853.54,781.14,702.68,762.14,723.4,732.05,728.64,801.04,631.59,799.3,641.55,911.3,740.12,907.26,721.57,743.33,0,669.73,796.67,636.34,641.66,725.78,575.11,630.57,642.55,674.62,667.08,620.11,622.74,635.88,659.95,661.29,681.77,716.39,713.57,677.95,640.58,710.79,695.66,695.32,636.88,794.14,789.31,771.04,769.69,754.91,729.66,737.59,776.31,722.96,862.86,722.62,722.78,835.11,893.85,1.982,932.19,761.95,754.87,704.45,782.18,754.89,835.59,762.34,694.95,627.86,632.35,602.7,620.35,620.72,620.75,565.19,628.34,629.33,629.47,692.94,698.35,785.13,791.91,829.01,730.71
739.38,1200.3,577.08,539.89,585.46,640.03,617.01,689.37,566.71,679.39,683.71,603.02,681.42,609.02,595.86,590.02,606.72,559.74,556.01,613.99,586.39,616.39,598.56,647.41,606.2,695.58,637.02,591.01,669.73,0,661.09,689,693.43,600.85,648.97,716.73,728.7,556.01,560.26,569.17,545.82,545.97,549.14,549.95,569.1,601.04,596.89,567.44,587.65,599.42,584.3,583.95,583.94,622.02,617.2,598.92,597.57,582.8,557.55,622.24,660.97,550.85,646.93,549.99,550.46,619.18,629.96,620.18,626.04,626.36,629.82,579.52,637.16,668.28,748.98,675.73,688.38,660.82,636.16,595.77,577.36,575.51,746.19,639.04,673.5,681.11,682.12,608.39,564.42,602.21,604.87,617.33,677.77
842.24,1177,659.96,587.46,569.15,721.25,647.44,779.68,655.82,765.02,769.35,693.33,771.73,699.33,673.12,680.33,692.86,650.24,646.6,717.82,598.21,719.62,608.16,766.88,702.84,804.68,698.55,713.35,796.67,661.09,0,627.16,632.74,747.99,555.06,621.21,633.19,645.12,637.51,587.36,590.47,602.72,630.42,631.51,651.99,686.67,683.04,644.5,618.07,680.65,665.52,665.18,614.36,712.33,707.5,689.23,687.88,673.1,647.85,707.87,746.6,641.15,757.1,640.57,640.96,729.35,749.43,747.12,770.88,1.389,762.46,726.66,817.53,771.14,851.84,778.59,692.66,607,604.47,572.46,586.96,587.33,606.69,545.14,621.05,620.41,620.28,669.93,661.06,705.45,708.69,726.43,708.2
689.77,1187.4,571.06,542.56,565.22,639.59,632.42,672.23,570.11,679.34,683.66,585.88,664.28,591.88,597.94,572.88,606.75,542.79,539.27,585.29,572.79,588.86,584.2,609.33,587.64,662.48,607.36,564.37,636.34,689,627.16,0,727.31,554.01,680.5,748.26,760.23,559.41,562.35,556.39,547.08,544.15,544.08,545.98,563.09,600.99,596.93,552.24,603.05,598.72,583.6,583.52,599.34,604.88,600.05,581.78,580.43,565.65,540.4,622.19,660.91,533.7,613.3,533.24,533.52,585.55,591.88,586.79,592.11,592.43,596.05,532.68,581.97,618.67,699.37,626.12,719.91,616.21,607.01,582.87,563,561.91,777.72,670.57,707.37,714.99,0.275,578.73,545.87,574.69,576.17,584.23,693.18
695.18,1192.9,576.47,548.14,570.54,644.65,638.18,677.46,575.43,684.83,689.16,591.11,669.51,597.11,603.44,578.11,612.42,548.02,544.5,590.61,578.19,594.18,589.52,614.56,593.05,667.8,612.68,569.69,641.66,693.43,632.74,727.31,0,559.33,686.87,754.63,766.6,564.73,567.84,561.89,552.58,549.64,549.49,551.38,568.49,606.48,602.6,557.56,608.81,603.78,588.65,588.57,605.1,610.11,605.28,587.01,585.66,570.88,545.63,627.68,666.41,538.93,618.62,538.47,538.75,590.87,597.11,592.11,597.69,598.01,601.63,538,587.29,624.08,704.78,631.53,726.28,621.62,612.41,588.33,568.32,567.32,784.09,676.94,713.84,0.493,720.44,584.05,551.27,580.01,581.48,589.55,698.93
745.12,1148,619.92,559.21,532.46,615.73,542.29,703.79,620.62,720.86,725.19,617.44,695.84,623.44,644.3,604.44,646.85,574.35,570.95,652.97,570.68,655.36,579.46,695.24,641.48,736.61,637.79,643.29,725.77,600.85,747.99,554.01,559.33,0,482.96,534.76,546.74,609.92,608.7,559.25,560.16,569.03,592.86,593.47,611.94,642.51,637.02,591.84,509.76,575.02,559.9,559.65,509.22,636.44,631.62,613.34,611.99,597.22,571.97,663.71,702.44,565.27,688.49,564.92,565.08,660.74,677.79,676.23,712.51,713.26,835.18,0.853,825.27,674.02,754.72,681.47,595.54,538.02,552.53,543.42,558.26,559.81,521.67,473.03,546.01,547,547.13,609.16,599.7,641.19,643.84,658.36,599.89
615.98,1146.3,530.29,507.98,524.39,608,614.39,644.6,526.74,652.68,657,558.25,636.65,564.25,562.42,545.25,582.22,515.16,511.73,551.27,532.88,556.02,545.86,556.36,547.53,622,559.62,518.14,575.11,648.97,555.06,680.5,686.87,482.96,0,652.21,664.18,516.04,526.82,512.47,508.7,509.32,499.72,501.94,522.32,574.33,572.39,522.59,584.09,567.29,552.16,551.92,581.31,577.25,572.42,554.15,552.8,538.02,512.77,595.53,634.25,506.07,571.77,505.71,505.89,544.02,538.91,525.56,520.01,520.34,523.96,461.63,512.96,544.88,625.58,552.33,623.86,565.97,562.06,541.68,524.66,522.01,804.12,0.397,802.77,674.54,673.62,530.99,505.76,541.85,542.14,543.75,674.21
663.9,1172.5,538.51,528.77,554.82,603.47,628.24,652.33,537.61,658.5,662.83,565.98,644.38,571.98,572.54,552.97,598.37,522.89,519.46,588.96,555.61,591.95,569.13,611.01,586.27,667.33,616.13,573.81,630.57,716.73,621.21,748.26,754.63,534.76,652.21,0,0.479,526.91,536.94,535.19,528.71,526.95,509.8,511.83,530.53,580.15,588.55,550.14,599.64,562.77,547.64,547.4,595.17,584.98,580.15,561.88,560.52,545.75,520.5,601.35,640.08,513.8,618.15,513.43,513.61,590.4,593.56,581.02,586.09,586.49,590.91,513.44,559.66,592.8,673.5,600.25,678.07,612.38,596.18,567.88,547.93,544.73,676.85,642.28,749.26,742.3,741.38,587.51,544.5,577.77,579.84,589.08,689.76
675.87,1184.4,550.48,540.74,566.8,615.45,640.22,664.3,549.58,670.48,674.8,577.95,656.35,583.95,584.52,564.95,610.35,534.86,531.43,600.94,567.58,603.93,581.11,622.99,598.25,679.3,628.11,585.79,642.55,728.7,633.19,760.23,766.6,546.74,664.18,0.479,0,538.88,548.92,547.17,540.69,538.92,521.78,523.81,542.5,592.13,600.52,562.12,611.61,574.74,559.62,559.37,607.14,596.95,592.12,573.85,572.5,557.73,532.48,613.33,652.05,525.77,630.13,525.41,525.59,602.38,605.54,593,598.07,598.46,602.89,525.41,571.64,604.77,685.47,612.22,690.05,624.36,608.15,579.85,559.91,556.71,688.83,654.26,761.23,754.28,753.36,599.48,556.47,589.75,591.82,601.05,701.74
662.72,1217.4,707.65,706.7,644.64,716.4,714.91,751.66,0.428,759.83,764.16,665.31,743.71,671.31,863.84,652.31,673.05,622.22,618.81,649.54,699.45,651.35,703.5,670.53,629.57,732.6,594.94,567.37,674.62,556.01,645.12,559.41,564.73,609.92,516.04,526.91,538.88,0,828.24,752.82,737.23,698.36,832.75,731.78,699.68,681.48,663.23,606.38,682.43,675.79,660.66,660.33,681.83,684.31,679.48,661.21,659.86,645.08,619.83,702.68,741.41,613.13,682.89,612.79,612.95,655.14,653.08,625.07,610.07,610.4,612.34,588.6,586.51,591.62,672.32,599.07,537.75,573.79,593.37,612.8,682.3,688.57,509.84,506.11,551.41,552.4,552.53,566.32,587.79,637.17,640.42,654.35,772.55
666.97,1224.3,697.34,713.6,651.76,719.82,726.26,756.82,838.94,760.39,764.72,670.47,748.87,676.47,1.424,657.47,673.18,627.38,623.92,653.8,706.56,656.78,710.61,665.44,630.73,730.75,598.29,571.93,667.08,560.26,637.51,562.35,567.84,608.7,526.82,536.94,548.92,828.24,0,795.63,731.34,691.66,789.94,719.04,689.37,682.04,663.35,605.68,696.48,678.95,663.83,663.75,693.19,689.47,684.64,666.37,665.02,650.24,624.99,703.24,741.97,618.29,681.05,617.9,618.11,653.3,647.99,617.53,602.54,602.79,604.51,587.38,586.26,595.87,676.57,603.32,545.37,581.55,602.71,619.68,689.41,695.68,520.27,516.89,555.85,555.51,555.47,569.66,588.95,642.61,644.67,652.5,786.61
631.59,1268.2,671.22,709.05,671.65,690.29,679.15,728.81,763.52,739.41,743.73,642.46,720.86,648.46,831.23,629.46,655.72,599.38,595.95,635.71,741.96,639.55,743.8,626.29,626.34,702.33,588.64,568.15,620.11,569.17,587.36,556.39,561.89,559.25,512.47,535.19,547.17,752.82,795.63,0,707.32,668.66,714.53,680.51,663.24,661.06,645.89,601.29,648.42,649.75,634.62,634.22,646.07,661.46,656.64,638.36,637.01,622.24,596.99,682.26,720.98,590.29,651.04,589.92,590.1,623.29,608.84,570.56,552.67,552.63,552.23,537.92,545.05,560.49,641.19,567.94,544.61,604.06,649.45,663.63,722.6,731.08,522.56,502.54,549.89,549.56,549.52,560.01,584.56,625.38,626.58,624.08,738.54
631.39,1218.3,710.18,708.15,636.44,690.13,677.48,735.56,747.93,767.7,772.03,649.21,727.61,655.21,766.93,636.21,677.39,606.13,602.72,641.99,691.24,645.61,695.29,630.11,626.71,710.65,584.86,561.8,622.74,545.82,590.47,547.08,552.58,560.16,508.7,528.71,540.69,737.23,731.34,707.32,0,693.02,734.51,721.55,702.2,689.35,667.57,609.1,646.97,649.59,634.46,634.06,644.41,668.21,663.39,645.11,643.76,628.99,603.74,710.55,749.28,597.04,659.04,596.69,596.85,631.29,612.66,573.19,555.79,555.75,555.08,538.84,546.38,560.29,640.99,567.74,535.59,572.38,596.15,613.69,674.09,680.37,513.28,498.78,540.58,540.25,540.21,556.23,584.93,631.43,632.87,632.4,737.1
636.62,1190.3,746.04,660.11,617.79,705.45,676.89,768.67,709.06,803.09,807.42,682.31,760.72,688.31,727.26,669.31,713,638.9,634.9,670.24,662.26,674.11,667.78,647.07,651.54,736.1,596.2,579.39,635.88,545.98,602.72,544.15,549.64,569.03,509.32,526.95,538.92,698.36,691.66,668.66,693.02,0,723.73,736.85,738.06,724.74,703.18,641.37,644.78,664.58,649.46,649.38,643.81,701.32,696.49,678.21,676.87,662.09,636.84,745.94,784.67,630.14,684.02,628.88,629.63,656.27,629.62,586.33,568.1,568,566.79,547.71,560.94,565.52,646.22,572.97,531.83,562.33,570.26,585.75,646.58,651.38,515.75,499.4,537.65,537.32,537.28,567.57,609.77,659.94,661.11,657.85,734.9
642.23,1198.1,750.05,693.13,630.79,692.53,693.2,736.05,843.45,790.48,794.81,649.7,728.1,655.7,825.54,636.7,697.24,606.61,603.2,649.32,685.59,651.45,689.64,658.22,635.8,728.27,592.26,566.51,659.95,549.14,630.42,544.08,549.49,592.86,499.72,509.8,521.78,832.75,789.94,714.53,734.51,723.73,0,781.71,742.07,712.13,687.41,621.55,663.01,651.66,636.53,636.45,660.12,668.7,663.87,645.6,644.25,629.47,604.22,733.33,772.06,597.52,678.57,597.18,597.34,650.82,640.78,610.4,595.59,595.69,596.76,571.54,566.73,571.13,651.83,578.58,519.57,560.06,579.51,593.57,668.44,674.71,492.14,489.8,536.83,537.16,537.21,563.64,594.03,637.28,640.19,650.02,753.13
644.14,1179.8,875.66,660.02,614.99,693.01,692.59,737.88,742.48,852.68,857,651.53,729.93,657.53,754.64,638.53,743.91,608.45,605.04,663.43,659.45,665.94,664.98,661.53,653.81,739.62,601.21,577.39,661.29,549.95,631.51,545.98,551.38,593.47,501.94,511.83,523.81,731.78,719.04,680.51,721.55,736.85,781.71,0,867.69,774.33,734.08,647.69,662.08,652.14,637.02,636.94,659.52,670.53,665.71,647.43,646.08,631.31,606.06,795.53,834.25,599.36,688.93,599.01,599.17,661.18,644.08,611.75,596.75,596.79,597.19,572.14,567.48,573.04,653.74,580.49,520.92,554.92,565.56,575.19,643.78,648.58,495.53,492.01,538.73,539.06,539.1,572.59,612.04,651.77,654.31,661.37,752.21
660.49,1187.8,0.319,645.93,615.14,706.16,704.4,754.46,710.38,875.11,879.43,668.11,746.51,674.11,724.97,655.11,766.33,625.02,621.61,681.96,649.27,684.47,656.27,682,673.77,759.58,619.11,595.88,681.77,569.1,651.99,563.09,568.49,611.94,522.31,530.53,542.5,699.68,689.37,663.24,702.2,738.06,742.07,867.69,0,796.76,756.51,670.12,671.99,665.46,650.33,650.09,671.32,687.11,682.28,664.01,662.66,647.88,622.63,817.95,856.68,615.93,708.92,615.59,615.75,681.17,664.55,632.22,617.23,617.26,617.66,590.62,586.72,589.39,670.09,596.84,539.45,569.02,573.04,583.21,635.07,638.4,514.68,512.39,555.78,556.17,556.21,590.49,632,670.29,672.84,681.33,762.12
703.72,1202,804.73,649.82,623.91,742.93,711.9,815.99,692.18,3.134,3.307,729.64,808.04,735.64,717.64,716.64,859.69,686.55,682.91,733.23,658.04,738.57,665.04,719.14,730.31,798.63,655.74,650.63,716.39,601.04,686.67,600.99,606.48,642.51,574.33,580.15,592.13,681.48,682.04,661.06,689.35,724.74,712.13,774.33,796.75,0,849.86,763.47,681.12,702.06,686.94,686.86,678.83,748.64,743.81,725.54,724.19,709.41,684.16,0.848,2.397,677.46,747.33,676.88,677.28,719.58,701.69,666.84,651.84,651.95,652.35,621.19,627.33,632.62,713.32,640.07,587.48,588,588.06,597.4,643.84,647.16,567.51,564.4,594.49,594.16,594.11,627.11,688.53,724.4,724.1,720.38,771.25
707.85,1196.8,764.48,635.18,610.49,753.84,699.65,819.3,673.93,928.21,932.54,732.95,811.35,738.95,698.95,719.95,0.393,689.61,685.85,732.24,644.62,736.4,651.63,717.22,739.52,800.87,651.59,660.24,713.57,596.89,683.04,596.93,602.6,637.02,572.39,588.55,600.52,663.23,663.35,645.89,667.57,703.18,687.41,734.08,756.5,849.86,0,803.72,668.87,712.97,697.85,697.76,666.58,751.95,747.13,728.85,727.5,712.73,687.48,871.06,909.79,680.78,748.83,679.83,680.33,721.08,699.77,664.02,648.35,648.31,647.91,615.69,630.54,636.75,717.45,644.2,593.01,578.98,579.6,592.2,630.43,633.75,574.31,562.47,591.93,590.27,590.05,622.96,697.74,722.23,723.11,722.62,759
673.59,1158.6,678.09,583.72,568.49,721.7,649.77,784.58,617.08,841.82,846.15,698.23,776.63,704.23,641.28,685.23,813.55,655.14,651.73,726.72,602.63,731.58,609.63,695.88,754.48,790.03,631.92,656.87,677.95,567.44,644.5,552.24,557.56,591.84,522.59,550.14,562.12,606.38,605.68,601.29,609.1,641.37,621.55,647.69,670.12,763.47,803.72,0,618.98,681.24,666.12,665.63,616.69,717.23,712.4,694.13,692.78,678,652.75,784.67,823.4,646.05,737.9,645.71,645.87,710.15,678.43,628.4,609.88,609.77,608.57,570.51,609.73,602.49,683.19,609.94,556.54,548.91,546.04,554.04,588.43,591.75,537.62,512.67,544.24,545.23,545.36,603.29,712.71,717.41,717.59,711.78,709.11
619.6,1288.5,679.97,647.95,650.26,28.492,7.926,30.296,693.13,759.47,763.8,23.872,30.568,25.264,732.08,26.952,678.7,70.82,69.78,629.18,668.09,631.58,679.56,631.42,625.22,712.83,604.11,570.19,640.58,587.65,618.07,603.05,608.81,509.76,584.09,599.64,611.61,682.43,696.48,648.41,646.97,644.78,663.01,662.08,671.99,681.12,668.87,618.98,0,5.28,6.49,19.52,5.28,19.52,20.292,23.216,23.432,25.796,29.836,702.32,741.05,30.908,67.852,67.852,67.852,76.732,613.97,591.03,583.1,583.35,586.16,488.44,493.27,548.5,629.2,555.95,599.96,607.24,637.48,683.96,658.36,657.21,574.56,574.16,598.8,596.48,596.18,575.48,583.45,617.4,620.06,634.58,3.605
631.41,1269.1,673.43,649.71,648.74,8.966,7.926,9.868,686.49,780.41,784.74,6.656,10.004,7.352,714.55,8.196,722.8,24.85,24.33,725.19,667.5,725.22,678.19,722.02,688.68,821.74,643.69,621.87,710.79,599.42,680.65,598.72,603.78,575.02,567.29,562.77,574.74,675.79,678.95,649.75,649.58,664.58,651.66,652.14,665.45,702.06,712.97,681.24,5.28,0,0.605,4.48,5.28,4.48,4.866,6.328,6.436,7.618,9.638,723.26,761.99,10.174,23.366,23.366,23.366,27.806,704.57,661.24,646.25,645.92,642.3,553.7,544.85,560.31,641.01,567.76,565.31,604.26,641,664.48,656.99,656.62,553.02,557.36,588.47,591.45,591.85,615.06,646.91,711.05,716.07,743.49,12.49
616.29,1253.9,658.3,634.58,633.62,7.756,9.136,8.658,671.36,765.29,769.61,5.446,8.794,6.142,699.43,6.986,707.67,22.43,21.91,710.07,652.37,710.1,663.07,706.9,673.56,806.61,628.56,606.74,695.66,584.3,665.52,583.6,588.65,559.9,552.16,547.64,559.62,660.66,663.83,634.62,634.46,649.46,636.53,637.02,650.33,686.94,697.85,666.12,6.49,0.605,0,3.27,6.49,3.27,3.656,5.118,5.226,6.408,8.428,708.14,746.86,8.964,20.946,20.946,20.946,25.386,689.45,646.12,631.12,630.8,627.18,538.57,529.73,545.19,625.89,552.64,550.19,589.14,625.87,649.36,641.87,641.5,537.9,542.24,573.35,576.33,576.72,599.94,631.78,695.92,700.94,728.36,13.7
616.04,1253.8,658.06,634.18,633.54,2.243,24.812,8.658,671.03,765.21,769.53,5.446,8.794,6.142,699.35,6.986,707.59,22.43,21.91,709.72,652.29,709.76,662.99,706.55,673.22,806.27,628.22,606.4,695.32,583.95,665.18,583.52,588.57,559.65,551.92,547.4,559.37,660.33,663.75,634.21,634.06,649.38,636.45,636.93,650.09,686.86,697.76,665.63,19.52,4.48,3.27,0,19.52,3.27,3.656,5.118,5.226,6.408,8.428,708.06,746.78,8.964,20.946,20.946,20.946,25.386,689.1,645.77,630.78,630.45,626.84,538.33,529.48,544.94,625.64,552.39,549.84,588.89,625.53,649.27,641.79,641.42,537.82,542,573.27,576.25,576.64,599.6,631.44,695.58,700.6,728.02,33.94
616.71,1285.8,679.3,645.53,649.52,28.492,1.323,30.296,692.53,757.18,761.5,23.872,30.568,25.264,728.79,26.952,676.4,70.82,69.78,625.47,665.98,627.87,676.68,627.72,621.51,709.12,600.4,566.48,636.88,583.94,614.36,599.34,605.1,509.21,581.31,595.17,607.14,681.83,693.19,646.07,644.41,643.81,660.12,659.52,671.32,678.83,666.58,616.69,5.28,5.28,6.49,19.52,0,19.52,20.292,23.216,23.432,25.796,29.836,700.03,738.75,30.908,67.852,67.852,67.852,76.732,610.27,587.32,579.39,579.64,582.45,487.89,490.39,545.61,626.31,553.06,594.05,603.53,637.07,681.2,655.48,655.11,570.86,571.39,595.09,592.78,592.47,571.77,579.74,613.69,616.35,630.87,12.49
690.7,1280.5,695.08,661.57,653.48,7.756,24.812,2.694,695.01,826.99,831.31,1.088,2.762,1.436,725.07,1.858,761.78,7.945,7.685,821.44,678.22,820.29,689.66,815.57,768.66,924.43,680.19,687.95,794.14,622.02,712.33,604.88,610.11,636.44,577.25,584.98,596.95,684.31,689.47,661.46,668.21,701.32,668.7,670.53,687.11,748.64,751.95,717.23,19.52,4.48,3.27,3.27,19.52,0,0.193,0.924,0.978,1.569,2.579,769.84,808.56,2.847,7.203,7.203,7.203,9.423,798.11,744.59,726.06,677.6,670.77,615.12,631.81,619.61,700.3,627.06,585.97,602.35,640.77,675.92,668.46,667.35,583.57,567.32,596.13,597.78,598,651.57,726.88,806.12,812.31,846.18,33.94
685.88,1275.7,690.26,656.74,648.65,8.142,25.584,2.887,690.18,822.16,826.49,0.895,2.569,1.243,720.24,1.665,756.95,7.559,7.299,816.61,673.4,815.47,684.83,810.74,763.83,919.61,675.37,683.13,789.31,617.2,707.5,600.05,605.28,631.62,572.42,580.15,592.12,679.48,684.64,656.64,663.39,696.49,663.87,665.71,682.28,743.81,747.13,712.4,20.292,4.866,3.656,3.656,20.292,0.193,0,0.731,0.785,1.376,2.386,765.01,803.74,2.654,6.817,6.817,6.817,9.037,793.29,739.76,721.24,672.78,665.94,610.29,626.98,614.78,695.48,622.23,581.15,597.52,635.94,671.1,663.63,662.52,578.75,562.5,591.3,592.96,593.18,646.74,722.06,801.29,807.49,841.36,34.712
667.61,1257.4,671.98,638.47,630.38,9.604,28.508,3.618,671.91,803.89,808.21,0.164,3.3,0.512,701.97,0.934,738.68,6.097,5.837,798.34,655.12,797.19,666.56,792.46,745.56,901.33,657.1,664.85,771.04,598.92,689.23,581.78,587.01,613.34,554.15,561.87,573.85,661.21,666.37,638.36,645.11,678.21,645.6,647.43,664.01,725.54,728.85,694.13,23.216,6.328,5.118,5.118,23.216,0.924,0.731,0,0.054,0.645,1.655,746.74,785.46,1.923,5.355,5.355,5.355,7.575,775.01,721.49,702.96,654.5,647.67,592.02,608.71,596.5,677.2,603.95,562.87,579.24,617.67,652.82,645.36,644.25,560.47,544.23,573.03,574.68,574.9,628.47,703.78,783.02,789.21,823.08,37.636
666.26,1256,670.63,637.12,629.03,9.712,28.724,3.672,670.56,802.54,806.86,0.218,3.354,0.458,700.62,0.88,737.33,5.989,5.729,796.99,653.77,795.84,665.21,791.11,744.21,899.98,655.74,663.5,769.69,597.57,687.88,580.43,585.66,611.99,552.8,560.53,572.5,659.86,665.02,637.01,643.76,676.87,644.25,646.08,662.66,724.19,727.5,692.78,23.432,6.436,5.226,5.226,23.432,0.978,0.785,0.054,0,0.591,1.601,745.39,784.11,1.869,5.247,5.247,5.247,7.467,773.66,720.14,701.61,653.15,646.32,590.67,607.36,595.15,675.86,602.6,561.52,577.89,616.32,651.47,644.01,642.9,559.12,542.88,571.68,573.33,573.55,627.12,702.43,781.67,787.86,821.73,37.852
651.48,1241.3,655.86,622.34,614.25,10.894,31.088,4.263,655.78,787.76,792.09,0.809,3.945,1.049,685.84,0.289,722.55,4.807,4.547,782.21,639,781.07,650.43,776.34,729.43,885.21,640.97,648.73,754.91,582.8,673.1,565.65,570.88,597.22,538.02,545.75,557.72,645.08,650.24,622.24,628.99,662.09,629.47,631.31,647.88,709.41,712.73,678,25.796,7.618,6.408,6.408,25.796,1.569,1.376,0.645,0.591,0,1.01,730.61,769.34,1.278,4.065,4.065,4.065,6.285,758.89,705.36,686.84,638.38,631.54,575.89,592.58,580.38,661.08,587.83,546.75,563.12,601.54,636.7,629.23,628.12,544.35,528.1,556.9,558.56,558.78,612.34,687.66,766.89,773.09,806.96,40.216
626.23,1216,630.61,597.09,589,12.914,35.128,5.273,630.53,762.51,766.84,1.819,4.955,2.059,660.59,1.299,697.3,2.787,2.527,756.96,613.75,755.82,625.18,751.09,704.18,859.96,615.72,623.48,729.66,557.55,647.85,540.4,545.63,571.97,512.77,520.5,532.48,619.83,624.99,596.99,603.74,636.84,604.22,606.06,622.63,684.16,687.48,652.75,29.836,9.638,8.428,8.428,29.836,2.579,2.386,1.655,1.601,1.01,0,705.36,744.09,0.268,2.045,2.045,2.045,4.265,733.64,680.11,661.59,613.13,606.29,550.64,567.33,555.13,635.83,562.58,521.5,537.87,576.29,611.45,603.98,602.87,519.1,502.85,531.65,533.31,533.53,587.1,662.41,741.64,747.84,781.71,44.256
724.92,1223.2,825.93,671.02,645.11,764.13,733.1,837.19,713.38,2.286,2.459,750.84,829.24,756.84,738.84,737.84,880.89,707.75,704.11,754.42,679.24,759.77,686.24,740.34,751.51,819.83,676.94,671.83,737.59,622.24,707.87,622.19,627.68,663.71,595.53,601.35,613.33,702.68,703.24,682.26,710.55,745.94,733.33,795.53,817.96,0.848,871.06,784.67,702.32,723.26,708.14,708.06,700.03,769.84,765.01,746.74,745.39,730.61,705.36,0,1.549,698.66,768.53,698.08,698.48,740.78,722.89,688.04,673.04,673.15,673.55,642.39,648.53,653.82,734.52,661.27,608.68,609.2,609.26,618.6,665.04,668.36,588.71,585.6,615.69,615.36,615.31,648.31,709.73,745.6,745.3,741.58,792.45
763.65,1261.9,864.66,709.75,683.83,802.86,771.83,875.91,752.11,0.737,0.91,789.56,867.96,795.56,777.57,776.56,919.61,746.48,742.83,793.15,717.96,798.49,724.97,779.07,790.23,858.55,715.66,710.56,776.31,660.97,746.6,660.92,666.41,702.44,634.25,640.08,652.05,741.41,741.97,720.98,749.28,784.67,772.06,834.26,856.68,2.397,909.79,823.4,741.05,761.99,746.86,746.78,738.75,808.56,803.74,785.46,784.11,769.34,744.09,1.549,0,737.39,807.26,736.81,737.2,779.51,761.62,726.76,711.77,711.87,712.28,681.11,687.26,692.55,773.25,700,647.4,647.92,647.98,657.32,703.77,707.09,627.43,624.33,654.42,654.08,654.04,687.04,748.46,784.32,784.03,780.3,831.17
619.53,1209.3,623.91,590.39,582.3,13.45,36.2,5.541,623.83,755.81,760.14,2.087,5.223,2.327,653.89,1.567,690.6,2.251,1.991,750.26,607.05,749.12,618.48,744.39,697.48,853.26,609.02,616.78,722.96,550.85,641.15,533.7,538.93,565.27,506.07,513.8,525.77,613.13,618.29,590.29,597.04,630.14,597.52,599.36,615.93,677.46,680.78,646.05,30.908,10.174,8.964,8.964,30.908,2.847,2.654,1.923,1.869,1.278,0.268,698.66,737.39,0,1.509,1.509,1.509,3.729,726.94,673.41,654.89,606.43,599.59,543.94,560.63,548.43,629.13,555.88,514.8,531.17,569.59,604.75,597.28,596.17,512.4,496.15,524.95,526.61,526.83,580.39,655.71,734.94,741.14,775.01,45.328
789.29,1254.4,716.89,651.36,631.39,29.918,78.436,12.591,693.59,825.68,830.01,5.683,11.955,6.163,716.65,4.643,758.66,2.251,1.991,896.61,661.15,894.87,670.03,889.38,835.69,1002.8,712.06,754.06,862.86,646.93,757.1,613.3,618.62,688.49,571.77,618.15,630.13,682.89,681.05,651.04,659.04,684.02,678.57,688.93,708.92,747.33,748.83,737.9,67.852,23.366,20.946,20.946,67.852,7.203,6.817,5.355,5.247,4.065,2.045,768.53,807.26,1.509,0,1.509,1.509,1.11,871.93,813.31,793.02,722.37,717.95,667.17,735.13,718.19,798.89,725.64,669.5,607.07,628.79,649.79,648.84,650.27,602.88,561.85,605.28,606.3,606.43,683.43,793.92,880.7,887.48,924.58,96.692
