0,1283.6,656.75,706.52,672.86,665.88,649.27,710.7,689.41,656.91,661.23,624.35,702.75,630.35,731.55,611.35,634.43,580.08,576.97,654.82,709.07,661.93,716.81,692.82,723.36,712.65,769.61,726.87,763.16,761.23,852.7,705.53,711.2,747.56,619.59,670.31,682.28,678.71,695.95,705.62,664.47,664.1,654.27,648.58,648.78,605.35,624.6,651.9,619.6,625.27,610.14,609.8,616.2,643.35,638.53,620.25,618.9,604.13,578.88,599.76,638.48,574.86,626.87,570.94,570.81,637.06,675.37,713.61,817.21,817.97,826.41,726.24,755.77,2.844,5.476,2.546,720.62,697.53,726.27,678.98,695.61,698.2,654.88,609.67,700.06,698.88,698.66,740.99,681.59,647.75,645.69,634.4,709.72
1283.6,0,1270.8,1430.2,1601.3,1311.9,1324.7,1354.8,1332,1289.9,1294.2,1268.5,1346.9,1274.5,1396,1255.5,1252.3,1212,1208.5,1245.3,1462.4,1251.3,1480.5,1226.9,1248.8,1301.6,1233.7,1195.2,1230.2,1283,1202.9,1235.7,1241.2,1165.7,1188.7,1237.1,1249.1,1321.3,1360.4,1429.3,1270.3,1271.1,1286.4,1262.6,1262.8,1230.4,1242.5,1226,1295.5,1271,1255.9,1255.8,1291.6,1287.5,1282.7,1264.4,1263,1248.3,1223,1232.8,1271.5,1219.1,1230,1202.5,1202.8,1220.2,1209.4,1180.6,1168.1,1168.2,1168.6,1144.3,1183.7,1212.5,1293.2,1219.9,1271.1,1452.4,1527.5,24.183,1459.3,1451.5,1222.1,1178.8,1229.2,1228.9,1228.8,1205,1207,1237.1,1236.1,1223.4,1385.6
656.75,1270.8,0,714.64,663.22,654.66,628.89,778.05,746.54,728.4,732.72,691.7,770.1,697.7,769.58,678.7,695.21,588.86,585.45,656.3,714.62,661.22,720.85,647.75,676.82,718.73,648.9,614.22,664.8,622.41,643.99,611.81,617.04,586.22,572.06,572.42,584.4,735.84,733.98,713.75,744.17,782.22,748.21,805.62,0.319,734.69,685.39,710.23,599.84,613.96,598.83,598.59,595.81,710.7,705.88,687.6,686.25,671.48,646.23,671.25,709.97,641.67,664.8,579.43,579.59,654.81,630.3,615.25,609.08,609.26,611.27,564.89,565.85,585.65,666.35,593.1,573.83,610.17,645.78,666.2,699.65,703.74,560.61,562.14,603.06,604.72,604.94,620.27,635.04,647.05,647.18,640.48,689.96
706.52,1430.2,714.64,0,841.75,730.27,736.51,767.21,818.04,708.18,712.5,680.86,759.26,686.86,885.74,667.86,678.56,613.5,610.09,649.76,912.05,656.79,913.89,653.52,672.78,702.14,661.61,623.16,671.79,680.97,643.75,657.43,662.84,615.19,609.33,638.25,650.23,807.34,850.14,0.036,719.68,717.24,769.05,725.74,706.67,657.21,668.73,652.23,708.21,689.4,674.27,674.19,703.43,699.86,695.04,676.76,675.41,660.64,635.39,651.03,689.75,631.9,625.36,604.07,604.23,620.98,636.07,622.24,608.99,609.02,609.43,593.86,606.7,635.42,716.12,642.87,639.31,759.13,804.51,825.6,892.69,901.18,623.58,599.4,649.65,650.51,650.56,632.99,631,642.62,640.64,623.9,798.34
672.86,1601.3,663.22,841.75,0,697.9,690.2,727.51,733.33,664.45,668.78,641.16,719.56,647.16,801.03,628.16,637.44,588.28,584.85,619.01,876.1,623.99,894.91,610.99,633.88,678.03,622.37,583.92,616.28,682.09,589.03,623.57,628.98,555.13,570.78,616.52,628.5,722.63,765.43,840.85,660.19,659.25,684.33,661.62,655.24,611.54,627.61,609.03,657.86,657.2,642.07,641.83,657.12,660.16,655.33,637.06,635.71,620.93,595.68,607.3,646.03,591.84,606.51,578.82,579,596.97,593.54,566.73,554.27,554.3,554.71,533.8,573.05,601.76,682.46,609.21,645.36,834.76,880.14,996.68,873.72,865.23,604.48,560.85,615.79,616.66,616.7,593.75,592.11,609.82,609.88,599.77,747.99
665.87,1311.9,654.66,730.27,697.9,0,33.784,13.144,677.02,775.08,779.41,9.932,13.28,10.628,735.48,11.472,679.83,695.31,691.9,685.14,741.23,686.35,750.42,695.2,662.08,767.44,643.84,612.94,706.14,619.66,680.1,625.85,631.08,583.33,593.28,598.53,610.51,666.32,699.88,729.37,626.16,655.98,624.79,635.8,646.69,700.12,670,644.48,28.492,8.966,7.756,2.243,28.492,7.756,8.142,9.604,9.712,10.894,12.914,717.93,756.65,746.49,776.29,685.87,686.03,757.42,677.75,656.59,645.12,645.37,648.19,562.01,561.41,594.78,675.48,602.23,602.85,632.96,678.81,707.34,729.22,730.36,580.29,583.36,617.1,618.75,618.97,615.21,620.31,672.18,676.01,689.19,42.912
649.27,1324.7,628.89,736.51,690.2,33.784,0,35.588,656.37,700.98,705.31,29.164,35.86,30.556,727.79,32.244,603.14,584.65,581.25,562.7,741.22,565.18,747.92,584,558.82,640.53,577.83,530.3,614.06,588.36,597.54,614.15,620.26,540.6,606.99,625.39,637.36,645.67,692.19,735.61,573.4,563.54,604.04,610.41,620.91,629.41,593.32,529.47,7.926,7.926,9.136,24.812,1.323,24.812,25.584,28.508,28.724,31.088,35.128,643.83,682.55,666.95,611.6,575.22,575.38,601.61,566.55,564.51,561.91,562.81,572.86,519.28,522.95,578.17,658.87,585.62,627.12,617.02,664.53,720.13,726.72,730.35,598.28,597.06,612.9,607.93,607.27,549.2,517.05,551,553.58,562.28,15.136
710.7,1354.8,778.05,767.21,727.51,13.144,35.588,0,753.63,893.34,897.66,3.782,5.456,4.13,795.75,4.552,789.95,842.2,838.55,792.22,770.78,794.03,777.78,782.85,781.74,879.09,713.54,707.07,776.09,668.47,745.07,657.31,662.63,671.73,626.29,627.08,639.05,742.93,760.15,766.31,740.58,771.59,724.62,755.45,770.08,816.69,780.13,767.83,30.296,9.868,8.658,8.658,30.296,2.694,2.887,3.618,3.672,4.263,5.273,836.19,874.91,867.47,943.29,832.53,832.92,919.98,765.4,726.54,710.88,710.34,706.72,650.41,642.65,639.6,720.3,647.05,620.92,659.89,709.02,750.26,756.58,759.9,628.06,616.36,649.26,650.31,650.44,684.92,739.97,779.85,783.1,800.84,44.716
689.41,1332,746.54,818.04,733.33,677.02,656.37,753.63,0,701.78,706.11,667.28,745.68,673.28,928.16,654.28,669.93,574.55,571.46,627.5,803.64,634.02,805.47,639.72,668.41,688.36,659.32,620.4,669.71,649.08,653.03,641.52,646.75,621.4,594.26,602.18,614.15,0.428,892.56,817.14,788.05,783.63,897.06,798.39,738.56,680.21,660.1,686.32,626.18,636.41,621.28,620.95,623.29,686.28,681.46,663.18,661.83,647.06,621.81,644.63,683.36,617.79,619.41,565.43,565.27,613.86,622.27,620.16,617.83,618.3,623.19,600.08,600.26,618.31,699.01,625.76,604.73,660.99,706.37,727.46,784.27,792.76,592.05,584.33,632.77,634.43,634.65,630.69,626.64,619.85,618.37,610.11,716.3
656.91,1289.9,728.4,708.18,664.45,775.08,700.98,893.34,701.78,0,1.647,806.99,885.39,812.99,740.92,793.99,744.29,733.34,729.69,728.94,710.56,730.75,717.56,714.33,718.47,810.89,658.29,643.79,708.2,614.02,679.26,604.64,609.96,603.66,573.37,573.4,585.38,691.08,705.32,707.28,691.14,724.51,672.77,705.8,720.42,779.45,734.47,713.79,669.97,734.21,719.09,719,667.91,825.99,821.16,802.89,801.54,786.76,761.51,2.286,0.737,755.35,834.43,723.67,724.06,811.12,696.88,658.65,644.79,644.54,641.72,582.34,573.77,585.81,666.51,593.26,570.66,606.38,650.26,685.33,696.36,699.68,569.51,563.45,596.17,597.64,597.77,629.66,676.69,716.57,719.82,732.64,760.09
661.23,1294.2,732.72,712.5,668.78,779.41,705.31,897.66,706.11,1.647,0,811.31,889.71,817.31,745.24,798.31,748.62,737.66,734.02,733.27,714.88,735.07,721.89,718.66,722.79,815.21,662.61,648.12,712.52,618.35,683.59,608.97,614.29,607.99,577.7,577.73,589.7,695.41,709.64,711.6,695.47,728.83,677.09,710.12,724.75,783.78,738.79,718.12,674.29,738.54,723.41,723.33,672.23,830.31,825.49,807.21,805.86,791.09,765.84,2.459,0.91,759.67,838.75,727.99,728.39,815.44,701.21,662.97,649.11,648.86,646.05,586.66,578.09,590.13,670.83,597.58,574.99,610.7,654.59,689.66,700.69,704.01,573.84,567.78,600.5,601.96,602.09,633.99,681.01,720.9,724.14,736.96,764.42
624.35,1268.5,691.7,680.86,641.16,9.932,29.164,3.782,667.28,806.99,811.31,0,3.464,0.676,709.4,1.098,703.6,755.85,752.21,705.87,684.43,707.68,691.43,696.5,695.39,792.74,627.19,620.72,689.75,582.12,658.72,570.96,576.28,585.38,539.94,540.72,552.7,656.58,673.8,679.96,654.23,685.24,638.27,669.1,683.73,730.33,693.78,681.48,23.872,6.656,5.446,5.446,23.872,1.088,0.895,0.164,0.218,0.809,1.819,749.84,788.56,781.12,856.94,746.18,746.57,833.63,679.05,640.19,624.53,623.99,620.37,564.06,556.3,553.25,633.95,560.7,534.57,573.54,622.67,663.91,670.23,673.55,541.71,530.01,562.91,563.96,564.09,598.57,653.62,693.5,696.75,714.49,38.292
702.75,1346.9,770.1,759.26,719.56,13.28,35.86,5.456,745.68,885.39,889.71,3.464,0,3.812,787.8,4.234,782,834.25,830.61,784.27,762.83,786.08,769.83,774.9,773.79,871.14,705.59,699.12,768.14,660.51,737.12,649.36,654.68,663.78,618.34,619.12,631.1,734.98,752.2,758.36,732.63,763.64,716.67,747.5,762.13,808.73,772.18,759.88,30.568,10.004,8.794,8.794,30.568,2.762,2.569,3.3,3.354,3.945,4.955,828.24,866.96,859.52,935.34,824.58,824.97,912.03,757.45,718.6,702.93,702.39,698.77,642.46,634.7,631.65,712.35,639.1,612.97,651.94,701.07,742.31,748.63,751.95,620.11,608.42,641.31,642.36,642.49,676.97,732.02,771.9,775.15,792.89,44.988
630.35,1274.5,697.7,686.86,647.16,10.628,30.556,4.13,673.28,812.99,817.31,0.676,3.812,0,715.4,1.338,709.6,761.85,758.21,711.87,690.43,713.68,697.43,702.5,701.39,798.74,633.19,626.72,695.75,588.11,664.72,576.96,582.28,591.38,545.94,546.73,558.7,662.58,679.8,685.96,660.23,691.24,644.27,675.1,689.73,736.33,699.78,687.48,25.264,7.352,6.142,6.142,25.264,1.436,1.243,0.512,0.458,1.049,2.059,755.84,794.56,787.12,862.94,752.18,752.57,839.63,685.05,646.19,630.53,629.99,626.37,570.06,562.3,559.25,639.95,566.7,540.57,579.54,628.67,669.91,676.23,679.55,547.71,536.01,568.91,569.96,570.09,604.57,659.62,699.5,702.75,720.49,39.684
731.55,1396,769.58,885.74,801.03,735.48,727.79,795.75,928.16,740.92,745.24,709.4,787.8,715.4,0,696.4,711.73,623.74,620.33,669.15,871.34,675.67,873.18,678.06,703.17,728.7,698.76,660.3,707.64,693.12,690.44,688.51,693.83,659.93,635.91,649.45,661.42,917.46,1.424,884.84,792.48,788.06,879.16,802.82,761.6,703.25,701.9,706.31,697.6,694.61,679.49,679.41,694.72,728.4,723.58,705.3,703.95,689.18,663.93,683.77,722.49,659.95,653.61,614.31,614.46,648.06,660.61,658.08,655.24,655.71,660.41,638.61,646.02,660.45,741.15,667.9,649.85,724.97,770.35,791.45,851.98,860.46,640.56,625.98,680.39,681.51,681.64,670.13,661.4,661.5,660.02,650.45,787.73
611.35,1255.5,678.7,667.86,628.16,11.472,32.244,4.552,654.28,793.99,798.31,1.098,4.234,1.338,696.4,0,690.6,742.85,739.2,692.87,671.43,694.68,678.43,683.5,682.39,779.74,614.19,607.72,676.75,569.11,645.72,557.96,563.28,572.38,526.94,527.73,539.7,643.58,660.8,666.96,641.23,672.24,625.27,656.1,670.73,717.33,680.78,668.48,26.952,8.196,6.986,6.986,26.952,1.858,1.665,0.934,0.88,0.289,1.299,736.84,775.56,768.12,843.94,733.18,733.57,820.63,666.05,627.19,611.53,610.99,607.37,551.06,543.3,540.25,620.95,547.7,521.57,560.54,609.67,650.91,657.23,660.55,528.71,517.01,549.91,550.96,551.09,585.57,640.62,680.5,683.75,701.49,41.372
634.43,1252.3,695.21,678.56,637.44,679.83,603.14,789.95,669.93,744.29,748.62,703.6,782,709.6,711.73,690.6,0,615.31,611.58,661.02,683.23,667.55,691.66,644.76,685.62,722.08,637.26,624.96,659.01,592.99,638.19,585.27,590.5,561.95,556.37,559.09,571.06,659.23,676.13,677.66,653.98,692.65,640.91,674.02,687.24,760.49,0.393,714.35,571.3,638.96,623.83,623.75,570.07,722.6,717.78,699.5,698.15,683.38,658.13,687.14,725.87,653.03,683.04,605.56,606.04,673.05,627.31,609.46,603.29,603.47,604.78,540.63,548.24,563.33,644.03,570.78,559.86,588.63,625.05,647.77,670.46,672.36,551.23,546.44,576.06,578.17,578.39,608.63,643.85,653.37,651.9,643.83,661.43
580.08,1212,588.86,613.5,588.28,695.31,584.65,842.2,574.55,733.34,737.66,755.85,834.25,761.85,623.74,742.85,615.31,0,848.4,620.87,624.19,621.49,634.15,628.7,592.36,710.1,557.82,530.92,629.79,521.41,599.71,522.74,528.24,530.86,488.77,488.99,500.96,563.85,588.14,612.6,551.81,590.1,536.37,568.21,580.89,658.38,605.49,574.49,553.96,654.44,639.31,639.23,551.58,774.85,770.02,751.75,750.4,735.62,710.37,676.19,714.91,837.13,835.27,842.38,0.371,692.53,611.25,580.24,565.31,564.98,564.58,509.54,506.54,508.98,589.68,516.43,487.64,526.64,572.02,607.46,612.95,613.32,489.85,478.84,515.47,515.91,515.87,529.19,550.58,607.32,611.74,631.85,644.08
576.97,1208.5,585.45,610.09,584.85,691.9,581.25,838.56,571.46,729.69,734.02,752.21,830.61,758.2,620.33,739.2,611.58,848.4,0,617.78,620.63,618.4,630.59,625.06,589.27,706.46,554.73,527.83,626.7,518,596.3,519.57,524.98,527.45,485.36,485.58,497.55,560.76,584.73,609.19,548.21,586.35,532.96,564.8,577.48,654.73,601.76,571.08,550.25,651.03,635.91,635.82,548.17,771.21,766.38,748.1,746.75,731.98,706.73,672.54,711.27,830.23,835.68,0.241,839.13,689.52,607.61,577.15,562.22,561.57,561.17,506.13,503.17,505.87,586.57,513.32,484.23,523.18,568.56,603.96,609.38,609.75,486.3,475.43,511.74,512.65,512.7,526.1,547.49,604.22,608.65,628.21,640.38
654.82,1245.3,656.3,649.76,619.01,685.14,562.7,792.22,627.5,728.94,733.27,705.87,784.27,711.87,669.15,692.87,661.02,620.87,617.78,0,656.62,816.43,665.84,682.76,757.25,850.19,624.14,646.06,686.82,586.82,646.01,570.08,575.49,584.25,537.28,567.89,579.87,616.8,633.55,648.86,603.82,629.17,601.15,635.65,648.33,677.33,651.19,652.97,530.94,644.52,629.39,629.06,529.63,724.87,720.05,701.77,700.42,685.65,660.4,671.79,710.52,658.52,676.5,611.75,611.59,765.84,665.31,637.28,627.57,611.29,611.32,562.92,579.67,583.72,664.42,591.16,582.54,571.95,611.4,640.68,644.64,645.75,555.54,527.36,562.56,563.16,563.21,595.51,715.47,802.25,0.365,771.94,621.07
709.07,1462.4,714.62,912.05,876.1,741.23,741.22,770.78,803.64,710.56,714.88,684.43,762.83,690.43,871.34,671.43,683.23,624.19,620.63,656.62,0,663.59,948.25,658.36,676.01,710.25,662.17,623.72,669.81,693.65,640.65,663.75,669.15,613.87,612.03,645.44,657.41,792.94,835.74,911.16,713.76,711.47,754.64,719.81,706.64,657.65,673.41,652.55,710.64,700.53,685.4,685.16,708.14,703.43,698.6,680.33,678.98,664.2,638.95,653.41,692.13,635.47,632.15,614.6,614.92,629.09,640.91,620.26,605.89,605.93,606.33,592.54,609.25,637.97,718.67,645.42,653.75,791.37,836.75,857.84,927.05,0.435,632.49,602.1,656.32,656.83,656.87,633.54,634.24,649.41,647.5,632,800.76
661.93,1251.3,661.22,656.79,623.99,686.35,565.18,794.03,634.02,730.75,735.07,707.68,786.08,713.68,675.67,694.68,667.55,621.49,618.4,816.43,663.59,0,672.81,687.52,769.08,848.45,630.66,652.58,691.58,593.35,651.36,577.2,582.6,589.59,544.4,575.01,586.98,623.32,640.07,655.89,609.16,635.11,606.89,640.57,653.25,679.54,657.72,659.49,533.34,645.73,630.61,630.28,532.1,726.68,721.85,703.58,702.23,687.45,662.2,673.6,712.32,660.33,680.08,612.38,612.22,764.11,670.07,642.03,632.33,616.63,617.04,568.27,586.79,590.83,671.53,598.28,590.46,579.07,617.34,646.75,651.61,652.71,562.66,534.48,569.67,570.28,570.32,602.04,727.31,0.567,807.3,770.2,623.47
716.81,1480.5,720.85,913.89,894.91,750.42,747.92,777.78,805.47,717.56,721.89,691.43,769.83,697.43,873.18,678.43,691.66,634.15,630.59,665.84,948.25,672.81,0,664.75,683.01,719.47,669.17,630.72,674.62,704.34,645.44,671.51,677.01,618.17,619.03,654.66,666.63,794.77,837.58,912.99,718.55,716.26,756.48,724.58,712.88,664.65,681.83,658.81,716.39,709.71,694.59,694.35,714.84,710.43,705.61,687.33,685.98,671.21,645.96,660.41,699.14,642.47,641.37,624.56,624.87,638.31,647.3,625.07,610.68,610.72,611.12,596.85,617,645.71,726.41,653.16,664.68,809.44,854.82,875.91,0.848,937.37,642.03,609.11,663.97,664.68,664.64,640.55,641.24,658.63,656.71,641.22,806.52
692.82,1226.9,647.75,653.52,610.99,695.2,584,782.85,639.72,714.33,718.66,696.5,774.9,702.5,678.06,683.5,644.76,628.7,625.06,682.76,658.36,687.52,664.75,0,737.73,753.5,658.09,687.45,773.2,613.82,685.28,581.57,586.8,618.58,532.41,568.73,580.71,629.02,642.46,652.62,601.96,616.36,607.5,627.95,639.77,657.25,634.93,641.51,551.33,654.59,639.47,639.13,550.92,715.5,710.67,692.4,691.05,676.27,651.02,657.18,695.91,649.15,665.53,619.03,619.43,723.53,0.698,723.65,703.36,650.56,646.94,597.26,619.51,621.72,702.42,629.17,602.58,581.51,625.68,622.3,643.55,647.49,558.37,522.48,572.76,574.48,574.7,629.47,695.96,673.34,673.64,675.25,641.46
723.36,1248.8,676.82,672.78,633.88,662.08,558.82,781.74,668.41,718.46,722.79,695.39,773.79,701.39,703.17,682.39,685.62,592.36,589.27,757.25,676.01,769.08,683.01,737.73,0,789.27,704.23,754.03,759.93,655.93,709.51,625.2,630.52,614.07,588.98,626.96,638.94,657.71,667.57,671.88,638.46,668.81,633.17,663.43,668.84,667.25,675.8,723.07,526.98,621.47,606.34,606.01,525.75,714.39,709.57,691.29,689.94,675.17,649.92,661.32,700.04,648.04,694.94,583.24,583.08,704.93,720.28,710.38,704.2,674.78,674.98,592.75,634.99,652.26,732.96,659.71,650.91,620.27,647.79,644.21,661.81,665.13,618.43,579.05,616.69,618.19,618.33,675.6,1.671,754.91,748.12,711.02,617.11
712.65,1301.6,718.73,702.14,678.03,767.44,640.53,879.09,688.36,810.89,815.21,792.74,871.14,798.74,728.7,779.74,722.08,710.1,706.46,850.19,710.25,848.45,719.47,753.5,789.27,0,684.75,701.92,757.17,647.43,708.4,627.21,632.53,651.54,593.04,615.63,627.6,677.66,693.1,701.25,665.42,691.41,661.79,698.08,710.76,752.68,712.25,714.03,608.69,726.84,711.71,711.37,607.46,811.74,806.92,788.64,787.29,772.52,747.27,753.74,792.46,745.39,753.67,700.43,700.83,872.07,736.05,707.63,693.95,673.68,671.67,630.22,637.5,641.55,722.25,649,629.05,628.1,671.67,697.06,698.27,699.38,605.27,583.11,618.6,620.2,620.33,656.12,747.5,834.28,841.06,3.13,698.82
769.61,1233.7,648.9,661.61,622.37,643.84,577.83,713.54,659.32,658.29,662.61,627.19,705.59,633.19,698.76,614.19,637.26,557.82,554.73,624.14,662.17,630.66,669.17,658.09,704.23,684.75,0,727.15,710.24,704.56,733.91,661.31,666.37,627,613.75,665.35,677.33,648.62,663.16,660.71,610.18,614.29,624.33,633.37,640.92,607.07,627.43,627.32,545.99,603.22,588.09,587.76,544.75,646.19,641.37,623.09,621.74,606.97,581.72,601.14,639.86,577.7,607.97,548.7,548.55,612.55,640.64,660.69,698.86,699.18,702.6,605.67,664.72,698.51,779.21,705.96,719.8,655.37,673.04,629.09,647.97,651.29,660.82,603.82,651.06,654.04,654.44,1.145,662.45,616.49,615.01,606.5,636.12
726.87,1195.2,614.22,623.16,583.92,612.94,530.3,707.07,620.4,643.79,648.12,620.72,699.12,626.72,660.3,607.72,624.96,530.92,527.83,646.06,623.72,652.58,630.72,687.45,754.03,701.92,727.15,0,738.91,658.55,725.08,618.32,623.38,595.97,572.27,622.36,634.34,609.7,624.7,622.26,584.57,602.24,582.85,597.43,606.24,592.58,615.14,638.89,498.46,572.32,557.2,556.87,497.23,639.72,634.9,616.62,615.27,600.5,575.25,586.64,625.37,573.37,615.53,521.8,521.64,641.9,670,689.36,690.24,690.35,690.76,574.65,632.64,655.76,736.47,663.22,676.81,612.38,630.05,590.64,609.52,612.84,617.84,562.35,608.07,611.05,611.45,698.52,712.25,638.41,636.93,623.67,588.59
763.16,1230.2,664.81,671.79,616.28,706.14,614.06,776.09,669.71,708.2,712.52,689.75,768.14,695.75,707.64,676.75,659.01,629.79,626.7,686.83,669.81,691.58,674.62,773.2,759.93,757.17,710.24,738.91,0,665.98,745.42,631.52,636.75,673.62,567.06,618.68,630.65,659.01,672.03,670.89,627.91,629.73,636.25,645.1,656.83,651.12,649.19,650.71,581.4,665.52,650.39,650.06,580.99,708.75,703.92,685.65,684.29,669.52,644.27,651.05,689.77,642.39,668.14,620.68,620.52,697.01,755.75,1.982,794.09,710.7,707.08,652.3,689.85,692.06,772.76,699.51,672.92,630.79,665.12,625.59,653.42,658.94,608.31,557.13,622.71,624.42,624.64,681.62,718.15,677.4,677.7,678.92,671.52
761.23,1283,622.41,680.97,682.09,619.66,588.36,668.47,649.08,614.02,618.35,582.12,660.51,588.12,693.12,569.11,592.99,521.41,518,586.82,693.65,593.35,704.34,613.82,655.93,647.43,704.56,658.55,665.98,0,690.23,726.74,731.17,609.19,684.75,766.89,778.86,638.38,657.52,680.07,595.92,595.89,616.43,613.71,614.44,562.81,583.17,594.45,557.34,579.16,564.03,563.59,555.28,601.12,596.29,578.01,576.67,561.89,536.64,556.87,595.6,532.08,570.66,511.97,512.13,568.28,596.37,616.43,655.03,655.5,660.73,587.87,648.26,690.13,770.83,697.58,738.54,753.21,747.69,678.45,683.14,682.77,796.35,674.83,711.23,718.85,719.86,675.94,614.16,579.17,577.7,569.18,647.47
852.7,1202.9,643.99,643.75,589.03,680.1,597.54,745.07,653.03,679.26,683.59,658.72,737.12,664.72,690.44,645.72,638.19,599.71,596.3,646.01,640.65,651.36,645.44,685.28,709.51,708.4,733.91,725.08,745.42,690.23,0,633.56,639.05,749.57,560.41,627.76,639.73,642.33,654.84,642.85,605.62,607.44,619.25,624.35,636.01,622.96,628.37,626.43,565.78,639.48,624.36,624.03,564.46,677.72,672.89,654.62,653.27,638.49,613.24,622.11,660.84,610.22,631.49,590.27,590.43,639.74,667.83,695.87,769.37,1.389,760.95,728.24,827.99,781.6,862.3,789.05,703.12,622.41,652.78,598.34,624.24,629.78,609.52,550.48,627.06,626.73,626.68,705.28,667.73,637.18,636.89,630.15,655.91
705.53,1235.7,611.81,657.43,623.57,625.85,614.15,657.31,641.52,604.64,608.97,570.96,649.36,576.96,688.51,557.96,585.27,522.74,519.57,570.08,663.75,577.2,671.51,581.57,625.2,627.21,661.31,618.32,631.52,726.74,633.56,0,765.05,556.56,716.28,798.42,810.39,630.82,652.91,656.53,605.95,605.92,609.18,603.25,603.84,556.51,575.44,582.4,583.13,584.98,569.85,569.77,581.07,589.96,585.14,566.86,565.51,550.74,525.49,547.49,586.22,521.47,553.6,513.55,513.47,546.25,564.12,581.97,598.37,598.83,604.06,535.24,592.46,634.43,715.13,641.88,770.07,671.65,690.18,631.11,650.31,652.87,827.88,706.36,745.11,752.73,0.275,632.69,583.43,563.02,560.96,548.96,673.26
711.2,1241.2,617.04,662.84,628.98,631.08,620.26,662.63,646.75,609.96,614.29,576.28,654.68,582.28,693.83,563.28,590.5,528.24,524.98,575.49,669.15,582.61,677.01,586.8,630.52,632.53,666.37,623.38,636.75,731.17,639.05,765.05,0,562.05,722.66,804.79,816.76,636.05,658.23,661.94,611.8,611.94,614.41,608.48,609.07,561.66,580.67,587.8,589.24,590.21,575.08,575,587.18,595.28,590.46,572.18,570.83,556.06,530.81,552.81,591.54,526.79,558.83,518.95,518.96,551.47,569.35,587.2,603.86,604.33,609.55,540.73,598.13,640.1,720.8,647.55,776.44,677.11,695.85,636.6,655.81,658.28,834.25,712.73,751.57,0.493,758.17,637.74,588.74,568.43,566.37,554.28,679.37
747.56,1165.7,586.22,615.19,555.13,583.33,540.6,671.73,621.4,603.66,607.99,585.38,663.78,591.38,659.93,572.38,561.95,530.86,527.45,584.25,613.87,589.59,618.17,618.58,614.07,651.54,627,595.97,673.62,609.19,749.57,556.56,562.05,0,482.4,537.3,549.28,610.7,624.33,614.29,572.91,569.71,581.93,575.41,578.24,544.93,552.13,542.63,508.79,542.46,527.34,527.26,507.53,604.38,599.56,581.28,579.93,565.16,539.91,546.51,585.24,537.41,574.72,521.43,521.59,578.15,601.13,624.07,714.09,714.84,845.64,0.853,835.72,676.46,757.16,683.91,597.99,553.5,591.67,561.1,596.97,602.99,519.06,472.48,549.84,549.73,549.68,598.37,572.29,575.42,575.12,573.29,598.91
619.59,1188.7,572.06,609.33,570.78,593.28,606.99,626.29,594.26,573.37,577.7,539.94,618.34,545.94,635.91,526.94,556.37,488.77,485.36,537.29,612.03,544.4,619.03,532.41,588.98,593.04,613.75,572.27,567.06,684.75,560.41,716.28,722.66,482.4,0,687.88,699.85,583.56,600.31,608.43,588.04,591.69,565.26,561.88,564.09,524.38,546.54,552.96,577.58,552.41,537.29,537.21,573.91,558.94,554.12,535.84,534.49,519.72,494.47,516.22,554.95,489.91,525.5,479.33,479.49,512.4,514.96,517.51,525.36,525.68,529.3,461.08,510.94,548.49,629.19,555.94,659.53,609.68,639.62,584.14,597.83,601.15,854.28,0.397,852.93,710.33,709.41,585.12,547.2,530.22,528.16,514.79,667.7
670.31,1237.1,572.42,638.25,616.52,598.53,625.39,627.08,602.18,573.4,577.73,540.72,619.12,546.73,649.45,527.73,559.09,488.99,485.58,567.89,645.44,575.01,654.66,568.73,626.96,615.63,665.35,622.36,618.68,766.89,627.76,798.42,804.79,537.3,687.88,0,0.479,591.48,613.85,637.35,606.11,610.91,569.83,566.52,564.45,523.02,549.26,575.24,597.76,557.91,542.78,542.46,592.31,559.72,554.9,536.63,535.27,520.5,495.25,516.25,554.98,491.23,536.73,479.55,479.71,533.4,551.28,569.13,592.57,593.03,598.26,515.98,557.24,599.21,679.91,606.66,715.81,667.43,691.2,632.54,633.46,634.56,714.59,677.95,799.42,792.47,791.54,636.73,585.19,560.83,558.77,537.38,687.89
682.28,1249.1,584.4,650.23,628.5,610.51,637.36,639.05,614.15,585.38,589.7,552.7,631.1,558.7,661.42,539.7,571.07,500.96,497.55,579.87,657.41,586.98,666.63,580.71,638.94,627.6,677.33,634.34,630.65,778.86,639.73,810.39,816.76,549.28,699.85,0.479,0,603.45,625.82,649.33,618.09,622.89,581.81,578.5,576.42,534.99,561.24,587.21,609.74,569.88,554.76,554.43,604.29,571.7,566.87,548.6,547.25,532.48,507.23,528.23,566.95,503.2,548.71,491.53,491.69,545.38,563.26,581.1,604.54,605.01,610.23,527.95,569.21,611.18,691.88,618.63,727.79,679.41,703.17,644.52,645.43,646.54,726.57,689.93,811.39,804.44,803.52,648.7,597.16,572.81,570.74,549.35,699.86
678.71,1321.3,735.84,807.34,722.63,666.32,645.67,742.93,0.428,691.08,695.41,656.58,734.98,662.58,917.46,643.58,659.23,563.85,560.76,616.8,792.94,623.32,794.77,629.02,657.71,677.66,648.62,609.7,659.01,638.38,642.33,630.82,636.05,610.7,583.56,591.48,603.45,0,881.86,806.44,777.35,772.93,886.36,787.69,727.86,669.51,649.4,675.62,615.48,625.71,610.58,610.25,612.59,675.58,670.76,652.48,651.13,636.36,611.11,633.93,672.66,607.09,608.71,554.73,554.57,603.16,611.57,609.46,607.13,607.6,612.49,589.38,589.56,607.61,688.31,615.06,594.03,650.29,695.67,716.76,773.57,782.06,581.35,573.63,622.07,623.73,623.95,619.99,615.94,609.15,607.67,599.41,705.6
695.95,1360.4,733.98,850.14,765.43,699.88,692.19,760.15,892.56,705.32,709.64,673.8,752.2,679.8,1.424,660.8,676.13,588.14,584.73,633.55,835.74,640.07,837.58,642.46,667.57,693.1,663.16,624.7,672.03,657.52,654.84,652.91,658.23,624.33,600.31,613.85,625.82,881.86,0,849.24,756.88,752.46,843.56,767.22,726,667.65,666.3,670.71,662,659.01,643.89,643.81,659.12,692.8,687.98,669.7,668.35,653.58,628.33,648.17,686.89,624.35,618.01,578.71,578.86,612.46,625.01,622.49,619.64,620.11,624.81,603.01,610.43,624.85,705.55,632.3,614.25,689.37,734.75,755.85,816.38,824.86,604.97,590.38,644.79,645.91,646.04,634.53,625.8,625.9,624.42,614.85,752.13
705.62,1429.3,713.75,0.036,840.85,729.37,735.61,766.31,817.14,707.28,711.6,679.96,758.36,685.96,884.84,666.96,677.66,612.6,609.19,648.86,911.16,655.89,912.99,652.62,671.88,701.25,660.71,622.26,670.89,680.07,642.85,656.53,661.94,614.29,608.43,637.35,649.33,806.44,849.24,0,718.78,716.34,768.14,724.84,705.77,656.31,667.83,651.33,707.31,688.5,673.38,673.29,702.53,698.96,694.14,675.86,674.51,659.74,634.49,650.13,688.85,631,624.46,603.17,603.33,620.08,635.16,621.34,608.09,608.12,608.53,592.96,605.8,634.52,715.22,641.97,638.41,758.23,803.61,824.7,891.79,900.28,622.68,598.5,648.75,649.62,649.66,632.09,630.1,641.72,639.74,623,797.44
664.47,1270.3,744.17,719.68,660.19,626.16,573.4,740.58,788.05,691.14,695.47,654.23,732.63,660.23,792.48,641.23,653.98,551.81,548.21,603.82,713.76,609.16,718.55,601.96,638.46,665.42,610.18,584.57,627.91,595.92,605.62,605.95,611.8,572.91,588.04,606.11,618.09,777.36,756.88,718.78,0,885.48,804.38,792.48,736.2,675.27,644.16,699.27,542.38,585.45,570.32,570.08,540.33,673.23,668.41,650.13,648.78,634.01,608.76,633.99,672.72,604.2,595.04,542.19,542.54,585.05,584.51,578.36,570.43,570.89,576.12,551.59,552.89,593.37,674.07,600.82,608.42,598.84,632.57,665.77,697.35,702.88,589.29,578.12,602.37,599.47,599.07,581.55,596.69,594.99,594.69,587.17,632.51
664.1,1271.1,782.22,717.24,659.25,655.98,563.54,771.59,783.63,724.51,728.83,685.24,763.64,691.24,788.06,672.24,692.65,590.1,586.35,629.17,711.47,635.11,716.26,616.36,668.81,691.41,614.29,602.24,629.73,595.89,607.44,605.92,611.94,569.71,591.69,610.91,622.89,772.93,752.46,716.34,885.48,0,788.81,787.64,774.24,711.63,682.83,723.57,531.7,615.13,600.01,599.9,530.46,704.24,699.42,681.14,679.79,665.02,639.77,667.36,706.08,634.67,635.69,580.32,580.82,627.31,598.91,580.18,572.24,572.71,577.94,548.39,554.99,593,673.7,600.45,614.61,597.55,631.08,666.54,695.06,700.59,592.1,581.77,603.01,599.62,599.05,585.67,627.03,620.93,620.05,613.16,621.82
654.27,1286.4,748.21,769.05,684.33,624.79,604.04,724.62,897.06,672.77,677.09,638.27,716.67,644.27,879.16,625.27,640.91,536.37,532.96,601.15,754.64,606.89,756.48,607.5,633.17,661.79,624.33,582.85,636.26,616.43,619.25,609.18,614.41,581.93,565.26,569.83,581.81,886.36,843.56,768.14,804.38,788.81,0,829.79,740.24,672.85,631.09,674.26,573.85,584.08,568.96,568.72,570.97,657.27,652.44,634.17,632.82,618.04,592.79,615.62,654.34,588.77,598.14,526.93,527.09,592.59,590.05,586.71,584.06,584.53,589.27,560.6,561.61,583.17,663.87,590.62,570.92,615.33,660.71,681.8,735.28,743.77,559.7,555.34,600.43,602.08,602.3,595.7,591.4,592.72,592.02,583.54,663.98
648.58,1262.6,805.62,725.74,661.62,635.8,610.41,755.45,798.39,705.8,710.12,669.1,747.5,675.1,802.82,656.1,674.02,568.21,564.8,635.65,719.81,640.57,724.58,627.95,663.43,698.08,633.36,597.43,645.1,613.71,624.35,603.25,608.48,575.41,561.88,566.52,578.49,787.69,767.22,724.84,792.48,787.64,829.79,0,797.64,704.29,664.19,709.84,579.39,594.94,579.81,579.73,577.33,688.1,683.28,665,663.65,648.88,623.63,648.65,687.37,619.07,641.06,558.78,558.94,631.07,610.5,595.55,589.38,589.63,591.66,554.09,554.89,577.48,658.18,584.93,566.18,603.41,639.94,658,703.38,708.94,554.16,551.95,594.5,596.16,596.38,604.74,621.65,626.4,626.53,619.83,669.52
648.78,1262.8,0.319,706.67,655.24,646.69,620.91,770.08,738.56,720.42,724.75,683.73,762.13,689.73,761.6,670.73,687.24,580.89,577.48,648.33,706.64,653.25,712.88,639.77,668.84,710.76,640.92,606.24,656.83,614.44,636.01,603.84,609.07,578.24,564.09,564.45,576.42,727.86,726,705.77,736.2,774.24,740.24,797.64,0,726.71,677.41,702.25,591.86,605.98,590.86,590.61,587.84,702.73,697.9,679.63,678.28,663.5,638.25,663.27,702,633.7,656.82,571.45,571.61,646.83,622.32,607.28,601.11,601.29,603.3,556.92,557.87,577.68,658.38,585.13,565.85,602.2,637.81,658.22,691.68,695.77,552.63,554.16,595.09,596.74,596.96,612.3,627.07,639.07,639.2,632.51,681.99
605.35,1230.4,734.69,657.21,611.54,700.12,629.41,816.69,680.21,779.45,783.78,730.33,808.74,736.33,703.25,717.34,760.49,658.38,654.73,677.33,657.65,679.54,664.65,657.25,667.25,752.68,607.07,592.58,651.12,562.81,622.96,556.51,561.66,544.93,524.38,523.01,534.99,669.51,667.65,656.31,675.27,711.63,672.85,704.29,726.71,0,750.66,664.28,598.4,659.25,644.13,644.05,596.34,749.34,744.51,726.24,724.88,710.11,684.86,722.3,761.03,678.7,759.47,648.71,649.1,736.16,639.8,601.57,588.34,588.23,586.92,523.61,519.16,534.25,614.95,541.7,524.23,558.08,597.21,625.83,643.45,646.77,515.16,514.46,546.59,549.33,549.64,578.45,625.48,665.36,668.2,674.43,688.52
624.6,1242.5,685.39,668.73,627.61,670,593.32,780.13,660.1,734.47,738.79,693.78,772.18,699.78,701.9,680.78,0.393,605.49,601.76,651.19,673.41,657.72,681.83,634.93,675.8,712.25,627.43,615.14,649.19,583.17,628.37,575.44,580.67,552.13,546.54,549.26,561.24,649.4,666.3,667.83,644.16,682.83,631.09,664.19,677.41,750.67,0,704.53,561.48,629.13,614.01,613.93,560.24,712.78,707.95,689.68,688.33,673.55,648.3,677.32,716.04,643.21,673.22,595.73,596.21,663.23,617.48,599.64,593.46,593.64,594.96,530.8,538.41,553.5,634.2,560.95,550.03,578.8,615.23,637.94,660.63,662.53,541.41,536.62,566.23,568.35,568.57,598.81,634.02,643.54,642.07,634,651.6
651.9,1226,710.23,652.23,609.03,644.48,529.47,767.83,686.32,713.79,718.12,681.48,759.88,687.48,706.31,668.48,714.35,574.49,571.08,652.97,652.55,659.49,658.81,641.51,723.07,714.03,627.32,638.89,650.71,594.45,626.43,582.4,587.8,542.63,552.96,575.24,587.21,675.62,670.71,651.33,699.27,723.57,674.26,709.84,702.25,664.28,704.53,0,497.63,603.86,588.73,588.4,496.39,700.48,695.65,677.38,676.03,661.25,636,656.65,695.37,631.98,666.3,565.06,565.21,663.61,624.06,601.16,591.46,591.71,594.52,521.3,547.14,580.8,661.5,588.25,579.64,578.76,607.76,621.43,637.61,641.67,563.59,543.04,574.74,575.48,575.52,598.7,681.3,645.32,643.84,635.78,587.75
619.6,1295.5,599.84,708.21,657.86,28.492,7.926,30.296,626.18,669.97,674.29,23.872,30.568,25.264,697.6,26.952,571.3,553.96,550.25,530.94,710.64,533.34,716.39,551.33,526.98,608.69,545.99,498.46,581.4,557.34,565.78,583.13,589.24,508.79,577.58,597.76,609.74,615.48,662,707.31,542.38,531.7,573.85,579.39,591.86,598.4,561.48,497.63,0,5.28,6.49,19.52,5.28,19.52,20.292,23.216,23.432,25.796,29.836,612.81,651.54,635.93,578.94,544.23,544.68,568.95,533.88,531.85,530.16,531.06,541.11,487.46,493.27,548.5,629.2,555.95,599.96,586.01,632.22,690.95,695.19,699.76,568.91,567.65,581.88,576.92,576.26,517.36,485.21,519.16,521.82,530.44,3.605
625.27,1271,613.95,689.4,657.19,8.966,7.926,9.868,636.41,734.21,738.54,6.656,10.004,7.352,694.61,8.196,638.96,654.44,651.03,644.52,700.53,645.73,709.71,654.59,621.47,726.84,603.22,572.32,665.52,579.16,639.48,584.98,590.21,542.46,552.41,557.91,569.88,625.71,659.01,688.5,585.45,615.13,584.08,594.94,605.98,659.25,629.13,603.86,5.28,0,0.605,4.48,5.28,4.48,4.866,6.328,6.436,7.618,9.638,677.06,715.79,705.62,735.58,645,645.16,716.71,637.14,615.97,604.5,604.76,607.57,521.14,520.86,554.17,634.87,561.62,562.08,592.41,638.27,666.47,688.51,689.65,539.42,542.49,576.23,577.88,578.1,574.59,579.69,631.56,635.39,648.59,12.49
610.14,1255.9,598.83,674.27,642.07,7.756,9.136,8.658,621.28,719.09,723.41,5.446,8.794,6.142,679.49,6.986,623.83,639.31,635.9,629.39,685.4,630.61,694.59,639.47,606.34,711.71,588.09,557.2,650.39,564.03,624.36,569.85,575.08,527.34,537.29,542.78,554.76,610.58,643.89,673.38,570.32,600.01,568.96,579.81,590.86,644.13,614.01,588.73,6.49,0.605,0,3.27,6.49,3.27,3.656,5.118,5.226,6.408,8.428,661.94,700.66,690.5,720.46,629.88,630.04,701.59,622.02,600.84,589.38,589.63,592.44,506.01,505.74,539.04,619.74,546.49,546.95,577.29,623.14,651.34,673.39,674.53,524.29,527.36,561.1,562.76,562.98,559.47,564.56,616.43,620.27,633.46,13.7
609.8,1255.8,598.59,674.19,641.83,2.243,24.812,8.658,620.95,719,723.33,5.446,8.794,6.142,679.4,6.986,623.75,639.23,635.82,629.06,685.16,630.28,694.35,639.13,606.01,711.37,587.76,556.87,650.06,563.59,624.02,569.77,575,527.26,537.21,542.46,554.43,610.25,643.81,673.29,570.08,599.9,568.72,579.73,590.61,644.05,613.93,588.4,19.52,4.48,3.27,0,19.52,3.27,3.656,5.118,5.226,6.408,8.428,661.85,700.58,690.42,720.21,629.8,629.96,701.34,621.67,600.51,589.05,589.3,592.11,505.93,505.33,538.7,619.4,546.15,546.77,576.88,622.74,651.26,673.15,674.28,524.21,527.28,561.02,562.68,562.9,559.14,564.23,616.1,619.94,633.12,33.94
616.2,1291.6,595.81,703.43,657.12,28.492,1.323,30.296,623.29,667.9,672.23,23.872,30.568,25.264,694.72,26.952,570.07,551.58,548.17,529.63,708.14,532.1,714.84,550.92,525.75,607.46,544.75,497.23,580.99,555.28,564.46,581.07,587.18,507.53,573.91,592.31,604.29,612.59,659.12,702.53,540.32,530.46,570.97,577.33,587.84,596.34,560.24,496.39,5.28,5.28,6.49,19.52,0,19.52,20.292,23.216,23.432,25.796,29.836,610.76,649.48,633.87,578.52,542.14,542.3,568.53,533.47,531.44,528.84,529.74,539.79,486.2,489.87,545.1,625.8,552.55,594.05,583.95,631.45,687.06,693.64,697.27,565.21,563.99,579.82,574.86,574.2,516.13,483.97,517.93,520.5,529.21,12.49
643.35,1287.5,710.7,699.86,660.16,7.756,24.812,2.694,686.28,825.99,830.31,1.088,2.762,1.436,728.4,1.858,722.6,774.85,771.21,724.87,703.43,726.68,710.43,715.5,714.39,811.74,646.19,639.72,708.74,601.12,677.72,589.96,595.28,604.38,558.94,559.72,571.7,675.58,692.8,698.96,673.23,704.24,657.27,688.1,702.73,749.33,712.78,700.48,19.52,4.48,3.27,3.27,19.52,0,0.193,0.924,0.978,1.569,2.579,768.84,807.56,800.12,875.94,765.18,765.57,852.63,698.05,659.2,643.53,642.99,639.37,583.06,575.3,572.25,652.95,579.7,553.57,592.54,641.67,682.91,689.23,692.55,560.71,549.01,581.91,582.96,583.09,617.57,672.62,712.5,715.75,733.49,33.94
638.53,1282.7,705.88,695.04,655.33,8.142,25.584,2.887,681.46,821.16,825.49,0.895,2.569,1.243,723.58,1.665,717.78,770.02,766.38,720.05,698.6,721.85,705.61,710.67,709.57,806.92,641.37,634.9,703.92,596.29,672.89,585.14,590.46,599.56,554.12,554.9,566.87,670.76,687.98,694.14,668.41,699.42,652.44,683.28,697.9,744.51,707.95,695.65,20.292,4.866,3.656,3.656,20.292,0.193,0,0.731,0.785,1.376,2.386,764.01,802.74,795.29,871.12,760.36,760.75,847.81,693.22,654.37,638.7,638.17,634.55,578.23,570.48,567.43,648.13,574.88,548.74,587.71,636.84,678.09,684.41,687.73,555.88,544.19,577.09,578.13,578.26,612.74,667.79,707.68,710.92,728.67,34.712
620.25,1264.4,687.6,676.76,637.06,9.604,28.508,3.618,663.18,802.89,807.21,0.164,3.3,0.512,705.3,0.934,699.5,751.75,748.1,701.77,680.33,703.58,687.33,692.4,691.29,788.64,623.09,616.62,685.65,578.01,654.62,566.86,572.18,581.28,535.84,536.63,548.6,652.48,669.7,675.86,650.13,681.14,634.17,665,679.63,726.23,689.68,677.38,23.216,6.328,5.118,5.118,23.216,0.924,0.731,0,0.054,0.645,1.655,745.74,784.46,777.02,852.84,742.08,742.47,829.53,674.95,636.09,620.43,619.89,616.27,559.96,552.2,549.15,629.85,556.6,530.47,569.44,618.57,659.81,666.13,669.45,537.61,525.91,558.81,559.86,559.99,594.47,649.52,689.4,692.65,710.39,37.636
618.9,1263,686.25,675.41,635.71,9.712,28.724,3.672,661.83,801.54,805.86,0.218,3.354,0.458,703.95,0.88,698.15,750.4,746.75,700.42,678.98,702.23,685.98,691.05,689.94,787.29,621.74,615.27,684.29,576.66,653.27,565.51,570.83,579.93,534.49,535.28,547.25,651.13,668.35,674.51,648.78,679.79,632.82,663.65,678.28,724.88,688.33,676.03,23.432,6.436,5.226,5.226,23.432,0.978,0.785,0.054,0,0.591,1.601,744.39,783.11,775.67,851.49,740.73,741.12,828.18,673.6,634.75,619.08,618.54,614.92,558.61,550.85,547.8,628.5,555.25,529.12,568.09,617.22,658.46,664.78,668.1,536.26,524.57,557.46,558.51,558.64,593.12,648.17,688.05,691.3,709.04,37.852
604.13,1248.3,671.48,660.64,620.93,10.894,31.088,4.263,647.06,786.76,791.09,0.809,3.945,1.049,689.18,0.289,683.38,735.62,731.98,685.65,664.2,687.45,671.21,676.27,675.17,772.52,606.97,600.5,669.52,561.89,638.49,550.74,556.06,565.16,519.72,520.5,532.48,636.36,653.58,659.74,634.01,665.01,618.04,648.88,663.5,710.11,673.55,661.25,25.796,7.618,6.408,6.408,25.796,1.569,1.376,0.645,0.591,0,1.01,729.61,768.34,760.89,836.72,725.96,726.35,813.41,658.82,619.97,604.3,603.77,600.15,543.83,536.08,533.03,613.73,540.48,514.34,553.31,602.44,643.69,650.01,653.33,521.48,509.79,542.69,543.73,543.86,578.34,633.39,673.28,676.52,694.27,40.216
578.88,1223,646.23,635.39,595.68,12.914,35.128,5.273,621.81,761.51,765.84,1.819,4.955,2.059,663.93,1.299,658.13,710.37,706.73,660.4,638.95,662.2,645.96,651.02,649.92,747.27,581.72,575.25,644.27,536.64,613.24,525.49,530.81,539.91,494.47,495.25,507.23,611.11,628.33,634.49,608.76,639.77,592.79,623.63,638.25,684.86,648.3,636,29.836,9.638,8.428,8.428,29.836,2.579,2.386,1.655,1.601,1.01,0,704.36,743.09,735.64,811.47,700.71,701.1,788.16,633.57,594.72,579.05,578.52,574.9,518.58,510.83,507.78,588.48,515.23,489.09,528.06,577.19,618.44,624.76,628.08,496.24,484.54,517.44,518.48,518.61,553.09,608.14,648.03,651.27,669.02,44.256
599.76,1232.8,671.25,651.03,607.3,717.93,643.83,836.19,644.63,2.286,2.459,749.84,828.24,755.84,683.77,736.84,687.14,676.19,672.54,671.79,653.41,673.6,660.41,657.18,661.31,753.74,601.14,586.64,651.05,556.87,622.11,547.49,552.81,546.51,516.22,516.25,528.23,633.93,648.17,650.13,633.99,667.36,615.62,648.65,663.27,722.3,677.32,656.65,612.82,677.06,661.94,661.86,610.76,768.84,764.01,745.74,744.39,729.61,704.36,0,1.549,698.2,777.28,666.52,666.91,753.97,639.73,601.5,587.64,587.39,584.57,525.19,516.62,528.66,609.36,536.11,513.51,549.23,593.11,628.18,639.21,642.53,512.36,506.3,539.02,540.49,540.62,572.51,619.54,659.42,662.67,675.49,702.94
638.48,1271.5,709.97,689.75,646.03,756.66,682.56,874.91,683.36,0.737,0.91,788.56,866.96,794.56,722.49,775.56,725.87,714.91,711.27,710.52,692.13,712.32,699.14,695.91,700.04,792.46,639.86,625.37,689.77,595.6,660.84,586.22,591.54,585.24,554.95,554.98,566.95,672.66,686.89,688.85,672.72,706.08,654.34,687.37,702,761.03,716.04,695.37,651.54,715.79,700.66,700.58,649.48,807.56,802.74,784.46,783.11,768.34,743.09,1.549,0,736.93,816,705.24,705.64,792.69,678.46,640.22,626.36,626.11,623.3,563.91,555.34,567.38,648.08,574.83,552.24,587.95,631.84,666.91,677.94,681.26,551.09,545.02,577.75,579.21,579.34,611.24,658.26,698.15,701.39,714.21,741.67
574.86,1219.1,641.67,631.9,591.84,746.49,666.95,867.47,617.79,755.35,759.67,781.12,859.52,787.12,659.95,768.12,653.03,837.13,830.23,658.52,635.47,660.33,642.47,649.15,648.04,745.39,577.7,573.37,642.39,532.08,610.22,521.47,526.79,537.41,489.91,491.23,503.2,607.09,624.35,631,604.2,634.67,588.77,619.07,633.7,678.7,643.21,631.98,635.94,705.62,690.5,690.42,633.88,800.12,795.29,777.02,775.67,760.89,735.64,698.2,736.93,0,817.09,824.2,827.86,793.78,631.7,592.84,577.18,575.5,571.88,516.09,508.9,503.76,584.46,511.21,485.07,524.19,573.35,614.48,621.27,624.59,492.21,479.98,513.42,514.46,514.59,549.07,606.27,646.15,649.4,667.14,726.06
626.87,1230,664.8,625.36,606.51,776.29,611.6,943.29,619.41,834.43,838.75,856.94,935.34,862.94,653.61,843.94,683.04,835.27,835.68,676.5,632.15,680.08,641.37,665.53,694.94,753.67,607.97,615.53,668.14,570.66,631.49,553.6,558.83,574.72,525.5,536.73,548.71,608.71,618.01,624.46,595.04,635.69,598.14,641.06,656.82,759.47,673.22,666.3,578.94,735.58,720.46,720.21,578.52,875.94,871.12,852.84,851.49,836.72,811.47,777.28,816,817.09,0,829.65,826,716.28,648.08,618.59,603.86,596.77,594.76,553.39,551.85,555.77,636.47,563.22,541.27,548.63,592.64,625.4,620.17,621.28,526.37,515.57,544.85,546.51,546.73,579.35,653.16,665.9,667.38,675.42,669.06
