0,1242.1,654.53,619.84,616.88,665.88,649.27,710.7,676.55,656.91,661.23,624.35,702.75,630.35,703.63,611.35,628.42,580.08,576.97,650.18,636.2,656.71,648.02,688.96,679.32,711.24,706.22,684.11,747.04,701.71,797.36,670.43,676,727.54,611.08,655.45,667.43,665.85,668.03,620.02,619.47,615.55,655.55,645.41,646.55,604.41,618.6,615.66,619.6,625.27,610.14,609.8,616.2,643.35,638.53,620.25,618.9,604.13,578.88,599.76,638.48,574.86,626.87,570.94,570.81,634.64,671.51,697.49,761.88,762.63,771.08,706.22,739.84,2.844,5.476,2.546,704.7,648.14,656.31,637.52,626.82,625.32,635.47,601.16,664.01,663.68,663.56,677.59,637.55,642.53,641.06,632.99,709.72
1242.1,0,1226.7,1260.3,1445.1,1269,1289.7,1296.4,1268.5,1233.1,1237.4,1210,1288.4,1216,1308.9,1197,1202.1,1149.7,1146.3,1195.1,1323.1,1201.8,1341.2,1196.4,1213.4,1246.5,1201.8,1163.3,1203.2,1213.9,1175.2,1193.1,1198.3,1148,1149.5,1177.4,1189.3,1257.8,1273.3,1290,1259.2,1253,1234.3,1222.7,1218.7,1177.1,1192.2,1190.8,1261.8,1228.2,1213.1,1212.9,1256.7,1229,1224.2,1205.9,1204.6,1189.8,1164.6,1176,1214.7,1162.2,1160.7,1140.3,1140.4,1164.8,1178.9,1153.7,1140.5,1140.5,1140.9,1126.7,1152.6,1171,1251.7,1178.4,1185.1,1304.4,1371.4,24.183,1320,1312.3,1170.2,1139.6,1184.3,1186,1186.2,1173.2,1171.6,1187.6,1186,1168.2,1352
654.53,1226.7,0,662.52,633.76,671.18,641.61,755.22,740.17,703.53,707.85,668.87,747.27,674.87,751.36,655.87,673.7,583.26,580.16,629.5,666.99,634.84,674.73,637.9,650.19,695.9,621.56,591.03,658.68,586.76,637.39,584.51,589.92,584.42,549.28,557.21,569.19,729.47,715.76,669.14,663.2,707.48,733.48,766.88,0.319,695.94,663.88,670.99,609.77,630.31,615.18,615.1,608.54,687.87,683.04,664.77,663.42,648.64,623.39,646.38,685.1,619.37,636.06,574.14,573.98,629.67,620.45,609.13,602.49,602.66,604.67,563.1,563.39,583.43,664.13,590.88,564.04,586.83,605.5,622.09,653.53,656.11,539.83,539.36,577.26,577.59,577.64,592.93,608.42,620.67,620.37,617.66,699.9
619.84,1260.3,662.52,0,662.25,623.43,585.95,697.1,721.53,641.24,645.57,610.75,689.15,616.75,763.34,597.75,608.81,524.9,521.49,574.05,714.38,580.57,719.17,583.38,593.76,630.4,577.37,540.79,597.76,557.95,574.74,560.62,566.26,551.32,526.34,551.77,563.74,710.83,727.74,726.45,725.55,709.98,686.95,676.56,654.55,597.59,598.98,601.88,554.94,582.56,567.43,567.35,552.88,629.75,624.93,606.65,605.3,590.53,565.28,584.09,622.82,561.79,554.57,515.47,515.63,549.76,565.93,548.21,539.9,540.01,541.14,530,530.98,548.74,629.44,556.19,552.49,588.9,622.43,655.71,697.97,703.5,540.25,516.42,554.42,553.94,553.75,548.74,551.99,566.4,564.93,552.15,645.06
616.88,1445.1,633.76,662.25,0,635.61,641.75,682.3,680.34,623.64,627.97,595.95,674.35,601.95,718.35,582.95,600.19,530.31,526.74,569.87,720.66,576.39,739.47,563.72,594.33,624.62,586.95,548.5,587.3,593.6,562.93,577.39,582.71,532.73,530.32,564.23,576.2,669.64,682.75,685.4,660.98,653.14,646.69,636.22,625.79,572.43,590.36,580.12,612.01,594.74,579.61,579.53,608.67,614.95,610.12,591.85,590.5,575.72,550.47,566.49,605.22,546.45,548.5,520.72,521.04,543.13,546.27,537.75,528.17,528.2,528.61,511.41,530.32,545.78,626.48,553.23,575.13,678.6,723.99,840.53,718.27,709.78,556.2,520.4,568.5,570.39,570.52,558.32,552.55,562.22,560.75,546.37,702.14
665.87,1269,671.18,623.43,635.61,0,33.784,13.144,670.52,788.53,792.86,9.932,13.28,10.628,692.98,11.472,693.63,707.27,703.86,688.24,640.31,689.45,652.48,703.04,664.81,773.28,646.36,615.67,709.83,616.6,683.65,625.85,631.08,583.33,593.28,598.53,610.51,659.82,657.38,623.39,623.5,624.77,649.52,654.98,663.2,713.57,683.81,639.09,28.492,8.966,7.756,2.243,28.492,7.756,8.142,9.604,9.712,10.894,12.914,731.38,770.1,759.94,776.48,697.84,698,757.61,685.59,660.28,648.82,648.92,650.13,562.01,561.41,594.78,675.48,602.23,602.85,622.49,634.68,664.39,631.28,629.44,580.29,583.36,617.1,618.75,618.97,617.74,623.03,675.28,679.11,695.03,42.912
649.27,1289.7,641.61,585.95,641.75,33.784,0,35.588,648.54,701.81,706.13,29.164,35.86,30.556,665.36,32.244,607.28,584.65,581.25,564.27,618.65,567.34,635.25,584,562.36,640.53,580.94,533.84,614.06,587.78,597.62,614.15,620.26,540.6,606.99,625.39,637.36,637.84,629.76,586.49,584.83,574.39,632.81,627.36,633.64,630.24,597.45,533.6,7.926,7.926,9.136,24.812,1.323,24.812,25.584,28.508,28.724,31.088,35.128,644.66,683.38,667.78,621.44,575.22,575.38,611.45,566.55,564.51,562,562.9,572.95,519.28,522.95,578.17,658.87,585.62,627.12,612.68,641.13,685.17,614.05,607.77,598.28,597.06,612.9,607.93,607.27,552.31,520.59,553.17,555.15,562.28,15.136
710.7,1296.4,755.22,697.1,682.3,13.144,35.588,0,741.43,892.15,896.47,3.782,5.456,4.13,763.65,4.552,791.53,841.13,837.07,785.22,708.54,785.26,718.49,788.27,747.41,879.18,696.83,675.01,778.64,650.75,747.65,654.25,659.61,673.16,625.68,627.08,639.05,730.72,728.05,696.78,697.78,717.84,724.79,732.62,747.24,815.49,781.7,724.69,30.296,9.868,8.658,8.658,30.296,2.694,2.887,3.618,3.672,4.263,5.273,835,873.72,866.28,899.77,831.04,831.86,876.46,770.82,729.09,713.1,712.92,709.44,651.84,642.78,639.6,720.3,647.05,620.92,646.9,672.07,691.82,697.29,697.66,625.88,615.76,646.29,647.28,647.37,668.21,705.64,771.08,776.1,800.93,44.716
676.55,1268.5,740.17,721.53,680.34,670.52,648.54,741.43,0,687.56,691.88,655.08,733.48,661.08,865.14,642.08,656.42,567.96,564.55,610.59,720.64,615.93,726.91,626.91,638.64,674.14,625.78,591.86,658.64,604.85,641.64,603.54,609.03,613.56,563.25,575.05,587.02,0.428,829.54,754.12,721.76,746.78,834.05,818.48,732.2,659.09,646.6,654.03,618.35,629.82,614.69,614.45,615.47,674.08,669.25,650.98,649.63,634.85,609.6,630.4,669.13,606.12,600.41,558.52,558.68,598.46,609.46,609.09,606.44,606.91,612.14,592.24,592.14,605.45,686.15,612.9,580.23,621.62,643.26,663.93,705.71,709.76,559.27,553.33,597.04,596.71,596.66,597.15,596.87,601.76,601.46,595.89,708.47
656.91,1233.1,703.53,641.24,623.64,788.53,701.81,892.15,687.56,0,1.647,805.8,884.2,811.8,710.01,792.8,742.92,732.27,728.2,722.72,651.03,722.75,660.99,716.28,687.98,805.85,640.06,618.24,708.37,593.99,678.44,598.24,603.56,606.79,570.43,571.6,583.57,676.86,674.41,640.92,641.92,665.58,671.19,680.93,695.55,778.26,733.1,674.44,669.97,747.82,732.7,732.46,668.73,824.8,819.97,801.7,800.35,785.57,760.32,2.286,0.737,754.16,790.9,722.18,723,767.59,698.83,658.82,643.82,643.72,642.4,585.46,578.83,585.81,666.51,593.26,567.81,587.55,608.11,628.55,639.79,640.16,561.67,560.51,590.24,591.23,591.37,611.43,646.2,708.58,713.59,727.6,760.09
661.23,1237.4,707.85,645.57,627.97,792.86,706.13,896.47,691.88,1.647,0,810.12,888.52,816.12,714.33,797.12,747.25,736.59,732.53,727.04,655.36,727.08,665.31,720.61,692.3,810.17,644.38,622.56,712.69,598.31,682.77,602.57,607.88,611.11,574.76,575.92,587.9,681.18,678.73,645.24,646.24,669.91,675.52,685.25,699.88,782.59,737.42,678.76,674.29,752.15,737.02,736.78,673.06,829.12,824.3,806.02,804.67,789.9,764.65,2.459,0.91,758.48,795.23,726.5,727.32,771.92,703.16,663.14,648.15,648.04,646.72,589.79,583.16,590.13,670.83,597.58,572.13,591.88,612.43,632.87,644.11,644.48,566,564.83,594.57,595.56,595.69,615.76,650.53,712.9,717.92,731.92,764.42
624.35,1210,668.87,610.75,595.95,9.932,29.164,3.782,655.08,805.8,810.12,0,3.464,0.676,677.3,1.098,705.18,754.78,750.72,698.87,622.19,698.91,632.14,701.92,661.06,792.83,610.48,588.66,692.29,564.4,661.3,567.9,573.26,586.81,539.33,540.72,552.7,644.38,641.7,610.43,611.43,631.49,638.44,646.27,660.89,729.14,695.35,638.35,23.872,6.656,5.446,5.446,23.872,1.088,0.895,0.164,0.218,0.809,1.819,748.65,787.37,779.93,813.42,744.69,745.51,790.11,684.47,642.74,626.75,626.57,623.09,565.48,556.43,553.25,633.95,560.7,534.57,560.55,585.72,605.47,610.94,611.31,539.53,529.41,559.94,560.93,561.02,581.86,619.29,684.73,689.75,714.58,38.292
702.75,1288.4,747.27,689.15,674.35,13.28,35.86,5.456,733.48,884.2,888.52,3.464,0,3.812,755.7,4.234,783.58,833.18,829.12,777.27,700.59,777.31,710.54,780.32,739.46,871.23,688.88,667.06,770.69,642.8,739.7,646.3,651.66,665.21,617.73,619.12,631.1,722.77,720.1,688.83,689.83,709.89,716.84,724.67,739.29,807.54,773.75,716.75,30.568,10.004,8.794,8.794,30.568,2.762,2.569,3.3,3.354,3.945,4.955,827.05,865.77,858.33,891.82,823.09,823.91,868.51,762.87,721.14,705.15,704.97,701.49,643.88,634.83,631.65,712.35,639.1,612.97,638.95,664.12,683.87,689.34,689.71,617.93,607.81,638.34,639.33,639.42,660.26,697.69,763.13,768.15,792.98,44.988
630.35,1216,674.87,616.75,601.95,10.628,30.556,4.13,661.08,811.8,816.12,0.676,3.812,0,683.3,1.338,711.18,760.78,756.72,704.87,628.19,704.91,638.14,707.92,667.07,798.83,616.48,594.66,698.29,570.4,667.3,573.9,579.26,592.81,545.33,546.73,558.7,650.38,647.7,616.43,617.43,637.49,644.44,652.27,666.89,735.14,701.35,644.34,25.264,7.352,6.142,6.142,25.264,1.436,1.243,0.512,0.458,1.049,2.059,754.65,793.37,785.93,819.42,750.69,751.51,796.11,690.47,648.74,632.75,632.57,629.09,571.49,562.43,559.25,639.95,566.7,540.57,566.55,591.72,611.47,616.94,617.31,545.53,535.41,565.94,566.93,567.02,587.86,625.29,690.73,695.75,720.58,39.684
703.63,1308.9,751.36,763.34,718.35,692.98,665.36,763.65,865.14,710.01,714.34,677.3,755.7,683.3,0,664.3,676.28,587.99,584.58,633.72,762.66,639.66,768.93,649.1,660.52,695.43,648.11,612.35,678.84,624.63,658.2,630.04,635.45,634.22,591.87,606.45,618.43,854.44,1.424,821.82,763.11,771.85,816.14,800.57,743.39,673,666.46,669.59,633.52,652.27,637.15,636.9,632.29,696.3,691.48,673.2,671.85,657.08,631.83,652.86,691.59,627.81,620.29,578.56,578.72,614.74,631.65,629.29,623.15,623.47,627.09,612.9,614.7,632.53,713.23,639.98,609.23,650.04,679.35,704.32,747.73,751.79,591.48,581.95,622.6,623.12,623.17,619.49,618.74,625.48,624.6,617.18,723.65
611.35,1197,655.87,597.75,582.95,11.472,32.244,4.552,642.08,792.8,797.12,1.098,4.234,1.338,664.3,0,692.18,741.78,737.72,685.87,609.19,685.91,619.14,688.92,648.06,779.83,597.48,575.66,679.29,551.4,648.3,554.9,560.26,573.81,526.33,527.73,539.7,631.38,628.7,597.43,598.43,618.49,625.44,633.27,647.89,716.14,682.35,625.34,26.952,8.196,6.986,6.986,26.952,1.858,1.665,0.934,0.88,0.289,1.299,735.65,774.37,766.93,800.42,731.69,732.51,777.11,671.47,629.74,613.75,613.57,610.09,552.49,543.43,540.25,620.95,547.7,521.57,547.55,572.72,592.47,597.94,598.31,526.53,516.41,546.94,547.93,548.02,568.86,606.29,671.73,676.75,701.58,41.372
628.42,1202.1,673.7,608.81,600.19,693.63,607.28,791.53,656.42,742.92,747.25,705.18,783.58,711.18,676.28,692.18,0,621.1,617.35,651.79,622.2,658.31,632.9,640.68,667.27,710.01,617.61,601.8,656.71,573.35,631.05,570.58,575.9,560.04,543.23,542.97,554.95,645.72,640.68,608.48,609.43,629.67,641.82,651.1,665.73,724.75,0.393,678.61,574.61,652.77,637.64,637.56,574.2,724.18,719.35,701.08,699.73,684.95,659.7,685.77,724.5,655.14,658.06,611.33,611.83,648.07,623.23,607.16,596.22,596.32,597.53,538.71,546.28,557.32,638.02,564.77,546.04,564.76,580.86,597.49,611.7,611.33,534.1,533.3,561.99,563.58,563.71,588.99,625.5,644.14,642.66,631.76,664.74
580.08,1149.7,583.26,524.9,530.31,707.27,584.65,841.13,567.96,732.27,736.6,754.78,833.18,760.78,587.99,741.78,621.1,0,804.88,624.1,543.06,624.14,555.85,636.06,584.06,715.98,553.47,529.03,634.86,509.88,604.57,520.45,525.95,531.41,488.77,488.99,500.96,557.26,552.39,524.72,525.28,542.92,550.93,562.61,575.28,657.31,611.28,559.02,553.96,666.4,651.28,651.2,551.58,773.78,768.96,750.68,749.33,734.56,709.31,675.12,713.85,793.61,791.75,798.85,0.371,691.22,618.61,585.31,570.54,569.85,568.15,510.08,506.54,508.98,589.68,516.43,487.64,511.03,527.92,545.12,534.65,532.19,489.85,478.84,513.95,513.62,513.58,524.84,542.29,609.96,614.98,637.73,644.08
576.97,1146.3,580.16,521.49,526.74,703.86,581.25,837.07,564.55,728.2,732.53,750.72,829.12,756.72,584.58,737.72,617.35,804.88,0,620.8,539.65,620.84,552.41,632.96,580.65,712.65,550.06,525.45,632.09,506.47,601.16,517.36,522.85,527.91,485.36,485.58,497.55,553.85,548.98,521.31,521.87,539.52,547.52,559.52,572.19,653.25,607.53,555.58,550.25,663,647.87,647.79,548.17,769.72,764.89,746.62,745.27,730.49,705.24,671.05,709.78,786.7,792.15,0.241,795.6,688.63,615.51,582.54,567.64,566.44,564.74,506.58,503.17,505.87,586.57,513.32,484.23,507.85,524.27,541.71,531.22,528.78,486.3,475.43,510.86,510.53,510.49,521.43,538.88,606.66,611.68,634.4,640.38
650.18,1195.1,629.5,574.05,569.87,688.24,564.27,785.22,610.59,722.72,727.04,698.87,777.27,704.87,633.72,685.87,651.79,624.1,620.8,0,586.56,750.76,597.25,684.17,691.58,784.52,611.81,604.8,689.43,563.31,645.89,559.18,564.68,582.09,529.3,552.23,564.2,599.89,598.12,574.45,574.73,590.28,595.56,610.8,621.53,667.99,641.96,618.85,531.69,647.63,632.5,632.16,531.2,717.87,713.05,694.77,693.42,678.65,653.4,665.57,704.29,650.99,662.01,614.77,614.83,700.17,666.72,639.88,626.65,611.16,610.23,560.77,576.28,579.08,659.78,586.53,558.87,548.61,568.34,590.56,576.05,575.68,542.41,519.38,551.81,552.35,552.31,583.18,649.8,736.58,0.365,706.27,621.82
636.2,1323.1,666.99,714.38,720.66,640.31,618.65,708.54,720.64,651.03,655.36,622.19,700.59,628.19,762.66,609.19,622.2,543.06,539.65,586.56,0,593.34,792.8,593.21,610.56,641.94,598.23,559.77,610.2,585.16,587.62,584.13,589.59,564.23,548.62,580.53,592.5,709.94,727.06,755.71,712.95,704.13,685.99,675.52,659.01,602.69,612.38,610.93,587.63,599.44,584.32,584.24,585.57,641.19,636.36,618.09,616.74,601.96,576.71,593.88,632.61,573.23,566.11,533.63,533.79,561.3,575.76,560.65,552.71,552.89,554.9,542.9,549.63,565.1,645.8,572.55,577.77,635.22,680.6,718.56,771.6,0.435,567.09,538.7,576.91,577.26,577.25,569.6,568.78,579.17,577.44,563.69,677.76
656.71,1201.8,634.84,580.57,576.39,689.45,567.34,785.26,615.93,722.75,727.08,698.91,777.31,704.91,639.65,685.91,658.31,624.14,620.84,750.76,593.34,0,604.04,685.14,703.41,782.78,617.74,613.09,692.56,569.84,650.32,564.57,569.89,586.62,535.68,558.75,570.73,605.23,604.06,580.97,581.25,595.62,600.9,616.14,626.87,669.43,648.49,626.19,534.68,648.85,633.72,633.38,534.27,717.91,713.08,694.81,693.46,678.68,653.43,665.6,704.33,651.02,662.63,614.81,614.87,698.44,667.69,643.01,630.23,615.6,614.39,565.29,581.63,585.61,666.31,593.06,565.99,555.13,575.46,597.18,582.84,582.47,548.79,525.76,556.57,557.56,557.69,589.12,661.64,0.567,741.63,704.53,624.8
648.02,1341.2,674.73,719.17,739.47,652.48,635.25,718.49,726.9,660.99,665.31,632.14,710.54,638.14,768.93,619.14,632.9,555.85,552.41,597.25,792.8,604.04,0,602.29,621.69,652.63,610.09,571.64,620.16,598.8,597.57,596.12,601.53,573.68,559.41,592.2,604.18,716.21,733.33,757.55,717.74,708.92,692.25,681.78,666.76,611.17,623.07,619.41,604.01,611.61,596.49,596.41,602.17,651.14,646.32,628.04,626.69,611.92,586.67,603.84,642.56,583.18,576.39,546.39,546.57,572,584.84,570.61,562.67,562.85,564.86,552.35,561.46,576.92,657.62,584.37,589.94,653.29,698.67,736.63,0.848,781.93,579.34,549.48,588.34,589.21,589.25,581.47,579.92,589.86,588.13,574.38,694.14
688.96,1196.4,637.9,583.38,563.72,703.04,584,788.27,626.91,716.28,720.61,701.92,780.32,707.92,649.1,688.92,640.68,636.06,632.96,684.17,593.21,685.14,602.29,0,661.2,761.67,628.43,617.53,774.58,581.72,688.63,569.72,575.27,620.94,529.52,561.17,573.15,616.21,613.5,583.2,583.76,587.15,610.22,617.25,629.92,654.59,630.85,597.77,551.33,662.42,647.3,646.97,550.92,720.92,716.1,697.82,696.47,681.7,656.45,659.13,697.86,654.57,676.38,626.94,626.78,724.92,0.698,725.03,704.75,653.9,651.05,599.62,621.11,617.86,698.56,625.31,587.33,553.67,564.38,591.8,581.09,582.33,550.09,519.59,563.28,562.95,562.84,599.81,619.43,670.96,675.05,683.42,641.46
679.32,1213.4,650.19,593.76,594.33,664.81,562.36,747.42,638.64,687.98,692.3,661.06,739.47,667.07,660.52,648.06,667.27,584.06,580.65,691.58,610.56,703.41,621.69,661.2,0,723.6,665.46,701.56,681.15,608.93,656.59,587.78,593.1,588.25,548.65,582.78,594.76,627.94,624.92,596.5,593.99,607.15,621.12,630.22,642.22,636.96,657.45,675.42,529.7,624.16,609.04,608.74,529.29,680.07,675.24,656.97,655.62,640.84,615.59,630.83,669.55,612.64,632.2,574.63,574.79,639.26,643.75,631.6,621.9,621.86,621.46,566.92,598.55,608.22,688.92,615.67,599.74,591.65,604.07,608.83,600.49,599.68,575.78,538.72,579.78,580.77,580.91,636.84,1.671,689.24,682.45,645.35,619.82
711.24,1246.5,695.9,630.4,624.62,773.28,640.53,879.18,674.14,805.85,810.17,792.83,871.23,798.83,695.43,779.83,710.01,715.98,712.65,784.52,641.94,782.78,652.63,761.67,723.6,0,668.33,652.76,759.55,621.33,711.68,616.98,622.47,651.76,590.17,608.61,620.59,663.44,659.83,630,631.22,649.24,659.11,675.58,687.93,740.96,700.18,671.09,608.69,732.73,717.61,717.2,607.46,811.83,807,788.73,787.38,772.6,747.35,748.7,787.42,745.47,754.02,706.63,706.7,806.4,744.22,710,695.79,676.95,675.11,630.44,637.5,640.14,720.84,647.59,614.25,604.53,618.07,641.91,631.43,631.06,598.78,580.24,610.48,610.15,610.11,639.7,681.83,768.61,775.39,3.13,698.82
706.22,1201.8,621.56,577.37,586.95,646.36,580.94,696.83,625.78,640.06,644.38,610.48,688.88,616.48,648.11,597.48,617.61,553.47,550.06,611.81,598.23,617.74,610.09,628.43,665.46,668.33,0,672.19,673.41,649.6,656.85,616.13,621.36,592.24,563.51,613.92,625.89,615.08,612.52,581.47,577.29,582.94,609.15,604.73,613.58,589.05,607.79,596.77,548.27,605.8,590.67,590.29,547.86,629.48,624.66,606.38,605.03,590.26,565.01,582.91,621.63,562.06,586.96,544.03,544.19,587.25,610.98,623.86,621.94,622.12,623.29,570.92,613.8,635.12,715.82,642.57,643.89,614.91,619.45,597.22,588.89,587.35,609.16,553.58,606.82,609.03,609.25,1.145,623.69,603.57,602.68,590.08,638.4
684.11,1163.3,591.03,540.79,548.5,615.67,533.84,675.01,591.86,618.24,622.56,588.66,667.06,594.66,612.35,575.66,601.8,529.03,525.45,604.8,559.77,613.09,571.64,617.53,701.56,652.76,672.18,0,655.64,603.59,639.97,573.14,578.37,571.55,522.03,571.6,583.57,581.16,576.75,543.6,540.86,549.73,575.24,572.37,583.05,567.23,591.97,602.78,501.18,575.02,559.9,559.6,500.77,607.66,602.83,584.56,583.21,568.43,543.19,561.09,599.81,540.24,564.97,519.43,519.76,576.9,600.08,606.09,605.21,605.24,605.64,550.22,599.02,613.01,693.71,620.46,607.83,571.92,576.46,558.76,550.44,548.9,566.17,512.11,563.83,566.04,566.26,643.56,659.78,598.92,595.67,574.51,591.31
747.04,1203.2,658.68,597.76,587.3,709.83,614.06,778.64,658.64,708.37,712.69,692.29,770.69,698.29,678.84,679.29,656.71,634.86,632.09,689.43,610.2,692.56,620.16,774.58,681.15,759.55,673.41,655.64,0,630.63,745.6,611.39,616.89,674.07,554.07,596.34,608.31,647.94,643.24,597.65,597.99,599.8,641.57,638.03,650.71,649.64,646.89,606.95,581.4,669.21,654.09,653.76,580.99,711.29,706.46,688.19,686.84,672.06,646.81,651.22,689.94,644.94,673.25,626.07,625.59,698.39,757.13,1.982,795.47,710.88,707.44,652.75,687.07,675.94,756.64,683.39,642.16,594.16,602.73,598.66,598.96,599.33,586.12,544.15,603.78,604.56,604.52,644.78,639.38,678.38,680.31,681.3,671.52
701.71,1213.9,586.76,557.95,593.6,616.6,587.78,650.75,604.85,593.99,598.31,564.4,642.8,570.4,624.63,551.4,573.35,509.88,506.47,563.31,585.16,569.84,598.8,581.72,608.93,621.33,649.6,603.59,630.63,0,617.75,677.23,681.67,566.01,640.13,703.07,715.04,594.15,589.03,564.32,557.42,556.25,581.71,573.31,578.79,544.48,563.52,554.38,556.76,575.98,560.85,560.52,554.7,583.4,578.58,560.3,558.95,544.18,518.93,536.84,575.56,515.79,544.35,500.44,500.6,540.98,564.27,581.08,582.71,583.03,586.65,544.69,595.51,630.61,711.3,638.06,674.72,674.53,649.38,609.33,577.6,574.28,732.53,630.21,661.73,669.34,670.36,620.97,567.16,555.66,554.19,543.08,646.89
797.36,1175.2,637.39,574.74,562.93,683.65,597.62,747.65,641.64,678.44,682.77,661.3,739.7,667.3,658.2,648.3,631.05,604.57,601.16,645.89,587.62,650.32,597.58,688.63,656.59,711.68,656.85,639.97,745.6,617.76,0,597.91,603.58,732.13,533.64,587.95,599.92,630.94,622.6,574.7,574.81,576.4,624.57,616.74,629.41,619.78,621.23,583.39,565.78,643.03,627.9,627.57,564.55,680.3,675.47,657.2,655.85,641.07,615.82,621.29,660.02,612.94,636.92,595.14,595.3,643.09,671.18,696.05,753.45,1.389,745.03,710.8,772.65,726.26,806.96,733.71,647.78,581.92,588.59,570.64,576.38,576.74,573.4,523.71,592.91,591.25,591.03,628.22,614.81,636.15,636.76,633.42,655.91
670.43,1193.1,584.51,560.62,577.39,625.85,614.15,654.25,603.54,598.24,602.57,567.9,646.3,573.9,630.04,554.9,570.58,520.45,517.36,559.18,584.13,564.57,596.12,569.71,587.78,616.98,616.13,573.14,611.39,677.23,597.91,0,715.55,536.28,671.66,734.59,746.57,592.84,594.44,566.33,560.04,558.44,581.3,572.75,576.54,548.18,560.76,541.74,583.13,584.98,569.85,569.77,581.07,586.9,582.07,563.8,562.45,547.67,522.42,541.09,579.82,518.01,545.11,511.34,511.18,536.35,552.26,561.84,562.71,563.18,568.1,514.95,561.78,599.33,680.03,606.78,706.24,627.33,619.95,588.48,574.92,573.25,764.06,661.74,695.61,703.22,0.275,587.5,546.01,550.39,550.06,538.73,673.26
676,1198.3,589.92,566.26,582.71,631.08,620.26,659.61,609.03,603.56,607.88,573.26,651.66,579.26,635.45,560.26,575.9,525.95,522.85,564.68,589.59,569.89,601.53,575.27,593.1,622.48,621.36,578.37,616.89,681.67,603.58,715.55,0,541.77,678.04,740.97,752.94,598.33,599.85,571.87,565.71,564.11,586.7,578.16,581.94,553.41,566.08,547.15,589.24,590.21,575.08,575,587.18,592.26,587.43,569.16,567.81,553.03,527.78,546.41,585.13,523.5,550.6,516.83,516.67,541.84,557.83,567.34,568.38,568.85,573.77,520.44,567.35,604.9,685.6,612.35,712.62,632.64,625.36,593.71,580.33,578.71,770.43,668.11,702.07,0.493,708.67,592.73,551.32,555.71,555.55,544.23,679.37
727.54,1148,584.42,551.32,532.73,583.33,540.6,673.16,613.56,606.79,611.11,586.81,665.21,592.81,634.22,573.81,560.04,531.41,527.91,582.09,564.23,586.62,573.68,620.94,588.25,651.76,592.24,571.55,674.07,566.01,732.13,536.28,541.77,0,478.7,525.59,537.57,602.87,598.62,551.43,551.09,546.45,585.25,573.52,576.45,548,550.21,527.37,508.79,542.46,527.34,527.26,507.53,605.81,600.98,582.71,581.36,566.58,541.33,549.64,588.36,538.69,576.9,521.88,522.13,580.51,603.49,624.52,696.65,697.4,790.3,0.853,780.39,656.44,737.14,663.89,577.96,524.12,546.12,543.42,552.48,553.35,508.72,468.77,529.78,529.44,529.4,563.62,546.47,572.44,572.97,573.51,598.91
611.08,1149.5,549.28,526.34,530.32,593.28,606.99,625.68,563.25,570.43,574.76,539.33,617.73,545.33,591.87,526.33,543.23,488.77,485.36,529.3,548.62,535.68,559.41,529.52,548.65,590.17,563.51,522.03,554.07,640.13,533.64,671.66,678.04,478.7,0,643.38,655.35,552.55,556.27,531.86,526.12,526.36,540.08,533.51,541.31,517.37,533.4,513.42,577.58,552.41,537.29,537.21,573.91,558.33,553.51,535.23,533.88,519.11,493.86,513.28,552.01,489.84,525.09,479.33,479.49,510.06,512.07,504.52,498.59,498.92,502.53,457.37,503.77,539.98,620.68,547.43,615.03,571.11,569.74,544.94,538.21,537.75,790.46,0.397,789.1,665.71,664.79,534.88,506.87,521.51,520.18,511.92,667.7
655.45,1177.4,557.21,551.77,564.23,598.53,625.39,627.08,575.05,571.6,575.92,540.72,619.12,546.73,606.45,527.73,542.97,488.99,485.58,552.23,580.53,558.75,592.2,561.17,582.78,608.61,613.91,571.6,596.34,703.07,587.95,734.59,740.97,525.59,643.38,0,0.479,564.35,570.85,560.59,551.69,552.52,552.24,544.14,549.24,517.24,533.15,535.85,597.76,557.91,542.78,542.46,592.31,559.72,554.9,536.63,535.27,520.5,495.25,514.45,553.17,491.23,536.73,479.55,479.71,527.98,543.72,546.79,552.75,553.22,558.45,504.27,543.05,584.35,665.05,591.8,666.31,618.19,604.98,572.8,571,569.65,665.09,633.45,735.59,728.64,727.72,585.29,541.01,544.58,543.1,530.36,687.89
667.43,1189.3,569.19,563.74,576.2,610.51,637.36,639.05,587.02,583.57,587.9,552.7,631.1,558.7,618.43,539.7,554.95,500.96,497.55,564.2,592.5,570.73,604.18,573.15,594.76,620.59,625.89,583.57,608.31,715.04,599.92,746.57,752.94,537.57,655.35,0.479,0,576.32,582.83,572.56,563.67,564.49,564.22,556.11,561.21,529.22,545.12,547.83,609.74,569.88,554.76,554.43,604.29,571.7,566.87,548.6,547.25,532.48,507.23,526.42,565.15,503.2,548.71,491.53,491.69,539.95,555.7,558.76,564.73,565.2,570.42,516.24,555.03,596.33,677.03,603.78,678.28,630.16,616.96,584.77,582.98,581.63,677.06,645.43,747.57,740.62,739.69,597.26,552.98,556.55,555.08,542.34,699.86
665.85,1257.8,729.47,710.83,669.64,659.82,637.84,730.72,0.428,676.86,681.18,644.38,722.77,650.38,854.44,631.37,645.72,557.26,553.85,599.89,709.94,605.23,716.2,616.21,627.94,663.44,615.08,581.16,647.94,594.15,630.94,592.84,598.33,602.87,552.55,564.35,576.32,0,818.84,743.42,711.06,736.08,823.35,807.78,721.5,648.39,635.9,643.33,607.65,619.12,603.99,603.75,604.77,663.38,658.55,640.28,638.93,624.15,598.9,619.7,658.43,595.42,589.71,547.82,547.98,587.76,598.76,598.39,595.74,596.21,601.44,581.54,581.44,594.75,675.45,602.2,569.53,610.92,632.56,653.23,695,699.06,548.57,542.63,586.34,586.01,585.96,586.45,586.16,591.06,590.76,585.19,697.77
668.03,1273.3,715.76,727.74,682.75,657.38,629.76,728.05,829.54,674.41,678.74,641.7,720.1,647.7,1.424,628.7,640.68,552.39,548.98,598.12,727.06,604.06,733.33,613.5,624.92,659.83,612.52,576.75,643.24,589.03,622.6,594.44,599.85,598.62,556.27,570.85,582.83,818.84,0,786.22,727.51,736.25,780.54,764.97,707.79,637.4,630.86,633.99,597.92,616.67,601.55,601.3,596.69,660.7,655.88,637.6,636.25,621.48,596.23,617.26,655.99,592.21,584.69,542.96,543.12,579.14,596.05,593.69,587.55,587.87,591.49,577.3,579.1,596.93,677.63,604.38,573.63,614.44,643.75,668.72,712.13,716.18,555.88,546.35,587,587.52,587.57,583.89,583.14,589.88,589,581.58,688.05
620.02,1290,669.14,726.45,685.4,623.39,586.49,696.78,754.12,640.92,645.24,610.43,688.83,616.43,821.82,597.43,608.48,524.72,521.31,574.45,755.71,580.97,757.55,583.2,596.5,630,581.47,543.6,597.65,564.32,574.7,566.33,571.87,551.43,531.86,560.59,572.56,743.42,786.22,0,724.72,709.15,705.13,689.56,661.17,597.12,598.66,605.05,555.48,582.52,567.4,567.32,553.42,629.43,624.6,606.33,604.98,590.2,564.95,583.77,622.49,561.47,554.17,515.29,515.45,549.37,565.75,548.1,539.87,539.98,541.18,530.1,531.24,548.92,629.62,556.37,560.05,602.08,647.46,685.42,736.35,744.83,546.77,521.93,559.88,559.54,559.45,552.85,554.73,566.8,565.32,551.75,645.6
619.47,1259.2,663.2,725.55,660.98,623.5,584.83,697.78,721.76,641.92,646.24,611.43,689.83,617.43,763.11,598.43,609.43,525.27,521.87,574.73,712.95,581.25,717.74,583.76,593.99,631.22,577.29,540.86,597.99,557.42,574.81,560.04,565.71,551.09,526.12,551.69,563.67,711.06,727.51,724.72,0,711.7,687.33,677.08,655.22,598.56,599.6,602.71,553.81,582.63,567.51,567.43,551.75,630.43,625.6,607.33,605.98,591.2,565.95,584.77,623.49,562.47,555.39,515.84,516,550.59,566.31,548.44,539.98,540.09,541.07,529.77,530.46,548.37,629.07,555.82,552.27,587.76,621.28,654.59,696.54,702.08,540.02,516.19,554.05,553.39,553.17,548.67,552.21,567.08,565.6,552.97,643.94
615.55,1253,707.48,709.98,653.14,624.77,574.39,717.84,746.78,665.58,669.91,631.49,709.89,637.49,771.85,618.49,629.67,542.92,539.52,590.28,704.13,595.62,708.92,587.15,607.15,649.24,582.94,549.73,599.8,556.25,576.4,558.44,564.11,546.45,526.36,552.52,564.49,736.08,736.25,709.15,711.7,0,720.92,712.57,699.51,628.58,619.85,625.72,542.55,584.07,568.94,568.7,541.31,650.49,645.66,627.39,626.04,611.26,586.02,608.43,647.16,581.99,577.32,533.49,533.65,568.07,569.7,550.25,541.63,541.67,542.07,525.12,525.31,544.45,625.15,551.9,550.96,582.06,614.47,648.44,687.72,693.25,539.71,516.44,553.08,551.78,551.56,554.31,565.38,581.45,581.15,570.99,632.67
655.55,1234.3,733.48,686.95,646.69,649.52,632.81,724.79,834.05,671.19,675.52,638.44,716.84,644.44,816.14,625.44,641.82,550.93,547.52,595.56,685.99,600.9,692.25,610.22,621.12,659.11,609.15,575.24,641.57,581.71,624.57,581.3,586.7,585.25,540.08,552.24,564.22,823.35,780.54,705.13,687.33,720.92,0,846.07,725.5,650.05,632,642.48,602.05,608.65,593.53,593.45,599.74,657.44,652.61,634.34,632.99,618.21,592.96,614.04,652.77,589.48,588.35,541.5,541.66,586.8,592.77,592.02,589.38,589.85,594.33,563.92,562.39,584.45,665.15,591.9,558.17,591.51,611.67,629.68,671.05,675.11,535.59,530.15,574.05,574.38,574.42,580.53,579.35,586.73,586.43,580.86,692.17
645.41,1222.7,766.88,676.56,636.22,654.98,627.36,732.62,818.48,680.93,685.25,646.27,724.67,652.27,800.57,633.27,651.1,562.61,559.52,610.8,675.52,616.14,681.79,617.25,630.22,675.58,604.73,572.37,638.03,573.31,616.74,572.75,578.16,573.52,533.51,544.14,556.11,807.78,764.97,689.55,677.08,712.57,846.07,0,758.9,665.54,641.28,656.85,597.16,614.28,599.15,598.91,594.28,665.27,660.44,642.17,640.82,626.04,600.79,623.78,662.5,596.77,611.51,553.49,553.33,605.6,599.8,588.48,581.84,582.01,584.02,552.2,551.63,574.31,655.01,581.76,550.72,581.55,601.51,618.17,660.59,664.64,528.14,523.58,565.5,565.83,565.88,576.1,588.45,601.97,601.68,597.33,687.29
646.55,1218.7,0.319,654.55,625.79,663.2,633.64,747.24,732.2,695.55,699.88,660.89,739.29,666.89,743.39,647.89,665.73,575.28,572.19,621.52,659.01,626.87,666.76,629.92,642.22,687.93,613.58,583.05,650.71,578.79,629.41,576.54,581.94,576.45,541.3,549.24,561.21,721.5,707.79,661.16,655.22,699.51,725.5,758.9,0,687.97,655.9,663.01,601.8,622.33,607.21,607.13,600.56,679.89,675.07,656.79,655.44,640.67,615.42,638.4,677.13,611.4,628.08,566.16,566.01,621.7,612.47,601.16,594.51,594.69,596.7,555.12,555.41,575.45,656.15,582.9,556.07,578.85,597.53,614.11,645.55,648.14,531.85,531.38,569.29,569.62,569.66,584.96,600.45,612.7,612.4,609.68,691.92
604.41,1177.1,695.94,597.59,572.43,713.57,630.24,815.49,659.09,778.26,782.59,729.14,807.54,735.14,673,716.14,724.75,657.31,653.25,667.99,602.69,669.43,611.17,654.59,636.96,740.96,589.05,567.23,649.64,544.48,619.78,548.18,553.41,548,517.36,517.24,529.22,648.39,637.4,597.12,598.56,628.58,650.05,665.54,687.97,0,714.92,628.53,598.4,672.87,657.74,657.5,597.17,748.14,743.32,725.04,723.69,708.92,683.67,721.11,759.84,677.5,715.95,647.22,648.04,692.64,637.14,600.09,585.09,585.06,584.51,526.68,524.59,533.31,614.01,540.76,519.68,534.9,553.22,572.51,589.97,591.82,507.06,507.44,539.43,541.08,541.3,560.43,595.19,655.25,658.87,662.71,688.53
618.6,1192.2,663.88,598.98,590.36,683.81,597.45,781.7,646.6,733.1,737.43,695.35,773.75,701.35,666.46,682.35,0.393,611.28,607.53,641.96,612.38,648.49,623.07,630.85,657.45,700.18,607.79,591.97,646.89,563.52,621.23,560.76,566.08,550.21,533.4,533.15,545.12,635.9,630.86,598.66,599.6,619.85,632,641.28,655.9,714.92,0,668.78,564.79,642.94,627.82,627.74,564.38,714.35,709.53,691.25,689.9,675.13,649.88,675.95,714.67,645.32,648.23,601.5,602,638.24,613.4,597.34,586.39,586.5,587.71,528.89,536.45,547.5,628.2,554.95,536.21,554.94,571.04,587.66,601.87,601.5,524.28,523.48,552.17,553.75,553.88,579.16,615.67,634.31,632.84,621.93,654.91
615.66,1190.8,670.99,601.88,580.12,639.09,533.6,724.69,654.03,674.44,678.77,638.35,716.75,644.34,669.59,625.34,678.61,559.02,555.58,618.85,610.93,626.19,619.41,597.77,675.42,671.09,596.77,602.78,606.95,554.38,583.39,541.74,547.15,527.37,513.42,535.85,547.83,643.33,633.99,605.05,602.71,625.72,642.48,656.85,663.01,628.53,668.78,0,500.94,598.48,583.36,583.01,500.53,657.35,652.52,634.24,632.89,618.12,592.87,617.29,656.01,588.85,603.46,549.55,549.75,597.73,580.32,557.4,548.63,548.67,549.07,506.05,520.65,544.56,625.26,552.01,538.21,550.44,567.16,586.26,598.21,600.06,523.7,503.5,534.49,534.82,534.87,568.14,633.64,612.01,609.73,592.84,591.06
619.6,1261.8,609.77,554.94,612.01,28.492,7.926,30.296,618.35,669.97,674.29,23.872,30.568,25.264,633.52,26.952,574.61,553.96,550.25,531.69,587.63,534.68,604.01,551.33,529.7,608.69,548.27,501.18,581.4,556.76,565.78,583.13,589.24,508.79,577.58,597.76,609.74,607.65,597.92,555.48,553.81,542.55,602.05,597.16,601.8,598.4,564.79,500.94,0,5.28,6.49,19.52,5.28,19.52,20.292,23.216,23.432,25.796,29.836,612.82,651.54,635.94,589.6,544.23,544.68,579.61,533.88,531.85,530.16,531.06,541.11,487.46,493.27,548.5,629.2,555.95,599.96,581.67,611.69,657.26,582.81,576.76,568.91,567.65,581.88,576.92,576.26,519.65,487.92,520.5,522.57,530.44,3.605
625.27,1228.2,630.31,582.56,594.74,8.966,7.926,9.868,629.82,747.82,752.15,6.656,10.004,7.352,652.27,8.196,652.77,666.4,662.99,647.63,599.44,648.85,611.61,662.42,624.16,732.73,605.8,575.02,669.21,575.98,643.03,584.98,590.21,542.46,552.41,557.91,569.88,619.12,616.67,582.52,582.63,584.07,608.65,614.28,622.33,672.87,642.94,598.48,5.28,0,0.605,4.48,5.28,4.48,4.866,6.328,6.436,7.618,9.638,690.67,729.4,719.23,735.82,656.97,657.13,716.95,644.97,619.66,608.2,608.3,609.51,521.14,520.86,554.17,634.87,561.62,562.08,581.95,593.98,623.63,590.41,588.57,539.42,542.49,576.23,577.88,578.1,577.18,582.39,634.67,638.51,654.48,12.49
610.14,1213.1,615.18,567.43,579.61,7.756,9.136,8.658,614.69,732.7,737.02,5.446,8.794,6.142,637.14,6.986,637.64,651.28,647.87,632.5,584.32,633.72,596.49,647.3,609.04,717.61,590.67,559.9,654.09,560.85,627.9,569.85,575.08,527.34,537.29,542.78,554.76,603.99,601.55,567.4,567.51,568.94,593.53,599.15,607.21,657.74,627.82,583.36,6.49,0.605,0,3.27,6.49,3.27,3.656,5.118,5.226,6.408,8.428,675.55,714.27,704.11,720.69,641.84,642,701.82,629.85,604.54,593.07,593.18,594.38,506.01,505.74,539.04,619.74,546.49,546.95,566.82,578.85,608.51,575.29,573.44,524.29,527.36,561.1,562.76,562.98,562.05,567.26,619.54,623.38,639.36,13.7
609.8,1212.9,615.1,567.35,579.53,2.243,24.812,8.658,614.45,732.45,736.78,5.446,8.794,6.142,636.9,6.986,637.56,651.2,647.79,632.16,584.24,633.38,596.41,646.97,608.73,717.2,590.29,559.59,653.76,560.52,627.57,569.77,575,527.26,537.21,542.46,554.43,603.75,601.3,567.32,567.43,568.7,593.45,598.91,607.13,657.5,627.73,583.01,19.52,4.48,3.27,0,19.52,3.27,3.656,5.118,5.226,6.408,8.428,675.3,714.03,703.86,720.4,641.76,641.92,701.53,629.52,604.21,592.74,592.85,594.05,505.93,505.33,538.7,619.4,546.15,546.77,566.42,578.61,608.31,575.21,573.36,524.21,527.28,561.02,562.68,562.9,561.66,566.96,619.2,623.04,638.95,33.94
616.2,1256.7,608.54,552.88,608.67,28.492,1.323,30.296,615.47,668.73,673.06,23.872,30.568,25.264,632.29,26.952,574.2,551.58,548.17,531.2,585.57,534.27,602.17,550.92,529.29,607.46,547.86,500.77,580.99,554.7,564.55,581.07,587.18,507.53,573.91,592.31,604.29,604.77,596.69,553.42,551.75,541.31,599.74,594.28,600.56,597.17,564.38,500.53,5.28,5.28,6.49,19.52,0,19.52,20.292,23.216,23.432,25.796,29.836,611.58,650.31,634.7,588.36,542.14,542.3,578.37,533.47,531.44,528.92,529.82,539.87,486.2,489.87,545.1,625.8,552.55,594.05,579.61,608.06,652.09,580.97,574.7,565.21,563.99,579.82,574.86,574.2,519.24,487.51,520.09,522.07,529.21,12.49
643.35,1229,687.87,629.75,614.95,7.756,24.812,2.694,674.08,824.8,829.12,1.088,2.762,1.436,696.3,1.858,724.18,773.78,769.72,717.87,641.19,717.91,651.14,720.92,680.06,811.83,629.48,607.66,711.29,583.4,680.3,586.9,592.26,605.81,558.33,559.72,571.7,663.38,660.7,629.43,630.43,650.49,657.44,665.27,679.89,748.14,714.35,657.35,19.52,4.48,3.27,3.27,19.52,0,0.193,0.924,0.978,1.569,2.579,767.65,806.37,798.93,832.42,763.69,764.51,809.11,703.47,661.74,645.75,645.57,642.09,584.49,575.43,572.25,652.95,579.7,553.57,579.55,604.72,624.47,629.94,630.31,558.53,548.41,578.94,579.93,580.02,600.86,638.29,703.73,708.75,733.58,33.94
638.53,1224.2,683.04,624.93,610.12,8.142,25.584,2.887,669.25,819.97,824.3,0.895,2.569,1.243,691.48,1.665,719.35,768.96,764.89,713.05,636.36,713.08,646.32,716.1,675.24,807,624.66,602.83,706.46,578.58,675.47,582.07,587.43,600.99,553.51,554.9,566.87,658.55,655.88,624.6,625.6,645.66,652.61,660.44,675.07,743.32,709.53,652.52,20.292,4.866,3.656,3.656,20.292,0.193,0,0.731,0.785,1.376,2.386,762.82,801.55,794.1,827.59,758.87,759.68,804.28,698.65,656.91,640.93,640.75,637.26,579.66,570.6,567.43,648.13,574.88,548.74,574.73,599.89,619.64,625.12,625.49,553.7,543.58,574.11,575.11,575.2,596.03,633.47,698.91,703.92,728.75,34.712
620.25,1205.9,664.77,606.65,591.85,9.604,28.508,3.618,650.98,801.7,806.02,0.164,3.3,0.512,673.2,0.934,701.08,750.68,746.62,694.77,618.09,694.81,628.04,697.82,656.97,788.73,606.38,584.56,688.19,560.3,657.2,563.8,569.16,582.71,535.23,536.63,548.6,640.28,637.6,606.33,607.33,627.39,634.34,642.17,656.79,725.04,691.25,634.25,23.216,6.328,5.118,5.118,23.216,0.924,0.731,0,0.054,0.645,1.655,744.55,783.27,775.83,809.32,740.59,741.41,786.01,680.37,638.64,622.65,622.47,618.99,561.39,552.33,549.15,629.85,556.6,530.47,556.45,581.62,601.37,606.84,607.21,535.43,525.31,555.84,556.83,556.92,577.76,615.19,680.63,685.65,710.48,37.636
618.9,1204.6,663.42,605.3,590.5,9.712,28.724,3.672,649.63,800.35,804.67,0.218,3.354,0.458,671.85,0.88,699.73,749.33,745.27,693.42,616.74,693.46,626.69,696.47,655.61,787.38,605.03,583.21,686.84,558.95,655.85,562.45,567.81,581.36,533.88,535.28,547.25,638.93,636.25,604.98,605.98,626.04,632.99,640.82,655.44,723.69,689.9,632.89,23.432,6.436,5.226,5.226,23.432,0.978,0.785,0.054,0,0.591,1.601,743.2,781.92,774.48,807.97,739.24,740.06,784.66,679.02,637.29,621.3,621.12,617.64,560.04,550.98,547.8,628.5,555.25,529.12,555.1,580.27,600.02,605.49,605.86,534.08,523.96,554.49,555.48,555.57,576.41,613.84,679.28,684.3,709.13,37.852
604.13,1189.8,648.64,590.53,575.72,10.894,31.088,4.263,634.85,785.57,789.9,0.809,3.945,1.049,657.08,0.289,684.95,734.56,730.49,678.65,601.96,678.68,611.92,681.7,640.84,772.6,590.26,568.43,672.06,544.18,641.07,547.67,553.03,566.58,519.11,520.5,532.48,624.15,621.48,590.2,591.2,611.26,618.21,626.04,640.67,708.92,675.13,618.12,25.796,7.618,6.408,6.408,25.796,1.569,1.376,0.645,0.591,0,1.01,728.42,767.15,759.7,793.19,724.47,725.28,769.88,664.25,622.51,606.53,606.35,602.86,545.26,536.2,533.03,613.73,540.48,514.34,540.33,565.49,585.24,590.72,591.09,519.3,509.18,539.71,540.71,540.8,561.63,599.06,664.51,669.52,694.35,40.216
578.88,1164.6,623.39,565.28,550.47,12.914,35.128,5.273,609.6,760.32,764.65,1.819,4.955,2.059,631.83,1.299,659.7,709.31,705.24,653.4,576.71,653.43,586.67,656.45,615.59,747.35,565.01,543.19,646.81,518.93,615.82,522.42,527.78,541.33,493.86,495.25,507.23,598.9,596.23,564.95,565.95,586.01,592.96,600.79,615.42,683.67,649.88,592.87,29.836,9.638,8.428,8.428,29.836,2.579,2.386,1.655,1.601,1.01,0,703.17,741.9,734.45,767.94,699.22,700.03,744.63,639,597.26,581.28,581.1,577.61,520.01,510.95,507.78,588.48,515.23,489.09,515.08,540.24,559.99,565.47,565.84,494.05,483.93,514.46,515.46,515.55,536.38,573.81,639.26,644.27,669.1,44.256
599.76,1176,646.38,584.09,566.49,731.38,644.66,835,630.4,2.286,2.459,748.65,827.05,754.65,652.86,735.65,685.77,675.12,671.05,665.57,593.88,665.6,603.84,659.13,630.83,748.7,582.91,561.09,651.22,536.84,621.29,541.09,546.41,549.64,513.28,514.45,526.42,619.7,617.26,583.77,584.77,608.43,614.04,623.78,638.4,721.11,675.95,617.29,612.82,690.67,675.55,675.31,611.58,767.65,762.82,744.55,743.2,728.42,703.17,0,1.549,697.01,733.75,665.03,665.84,710.45,641.68,601.67,586.68,586.57,585.25,528.31,521.68,528.66,609.36,536.11,510.66,530.4,550.96,571.4,582.64,583.01,504.52,503.36,533.09,534.08,534.22,554.28,589.05,651.43,656.44,670.45,702.94
638.48,1214.7,685.1,622.82,605.22,770.1,683.38,873.72,669.13,0.737,0.91,787.37,865.77,793.37,691.59,774.37,724.5,713.85,709.78,704.29,632.61,704.33,642.56,697.86,669.55,787.42,621.63,599.81,689.94,575.56,660.02,579.82,585.13,588.36,552.01,553.17,565.15,658.43,655.99,622.49,623.49,647.16,652.77,662.5,677.13,759.84,714.67,656.01,651.54,729.4,714.27,714.03,650.31,806.37,801.55,783.27,781.92,767.15,741.9,1.549,0,735.73,772.48,703.75,704.57,749.17,680.41,640.39,625.4,625.29,623.97,567.04,560.41,567.38,648.08,574.83,549.38,569.13,589.68,610.12,621.36,621.73,543.25,542.08,571.82,572.81,572.94,593.01,627.78,690.15,695.17,709.17,741.67
574.86,1162.2,619.37,561.79,546.45,759.94,667.78,866.28,606.12,754.16,758.48,779.93,858.33,785.93,627.81,766.93,655.14,793.61,786.7,650.99,573.23,651.02,583.18,654.57,612.64,745.47,562.06,540.24,644.94,515.79,612.94,518.01,523.5,538.68,489.84,491.23,503.2,595.42,592.21,561.47,562.47,581.99,589.48,596.77,611.4,677.5,645.32,588.85,635.94,719.23,704.11,703.87,634.7,798.93,794.1,775.83,774.48,759.7,734.45,697.01,735.73,0,773.57,780.68,784.33,750.26,637.12,595.38,579.4,578.21,574.59,517.36,508.9,503.76,584.46,511.21,485.07,511.18,537.29,557.58,561.98,562.35,491.59,479.91,510.98,511.18,511.13,533.43,570.87,636.85,641.86,667.22,726.06
626.87,1160.7,636.06,554.57,548.5,776.48,621.44,899.77,600.41,790.9,795.23,813.42,891.82,819.42,620.28,800.42,658.06,791.75,792.15,662.01,566.11,662.63,576.39,676.38,632.2,754.02,586.96,564.97,673.25,544.35,636.92,545.11,550.6,576.9,525.09,536.73,548.71,589.71,584.69,554.17,555.39,577.32,588.35,611.51,628.08,715.95,648.23,603.46,589.6,735.82,720.69,720.4,588.36,832.42,827.59,809.32,807.97,793.19,767.94,733.75,772.48,773.57,0,786.13,782.47,715.09,658.93,623.7,608.45,602.19,599.98,555.58,551.85,555.77,636.47,563.22,530.13,527.18,537.56,556.11,555.19,555.23,525.18,515.17,538.61,538.27,538.23,558.34,590.42,648.46,652.88,675.77,679.72
