0,1245,665.89,640.67,633.38,739.36,758.01,800.68,673.42,718.54,722.86,714.33,792.73,720.33,704.38,701.33,681.6,650.62,647.8,720.55,653.53,726.49,662.75,779.48,776.7,778.98,789.43,784.8,875.31,780.8,906.65,739,744.67,815.66,660.75,720.6,732.57,662.72,668.79,641.54,641.49,650.02,642.23,643.86,657.91,657.15,671.77,675.69,728.12,698.49,683.37,683.29,724.93,733.33,728.51,710.23,708.88,694.11,668.86,661.39,700.11,669.13,683.76,641.77,641.34,698.18,762.03,825.76,871.17,871.93,880.37,794.34,831.65,2.844,5.476,2.546,796.51,706.71,681.8,640.43,641.55,642.65,704.03,650.82,733.62,732.34,732.12,760.8,734.93,712.31,711.43,700.73,818.24
1245,0,1171.8,1215,1421.8,1262.1,1281.9,1309.2,1215.9,1226,1230.3,1222.8,1301.2,1228.8,1256.5,1209.8,1178,1145.8,1142.4,1193.8,1299.2,1199.1,1317.3,1248.7,1196.3,1248.6,1188.9,1150.5,1344.5,1194.4,1190.6,1187.4,1192.9,1151.3,1146.3,1172.5,1184.4,1205.2,1220.9,1266.1,1218.2,1189.8,1178.6,1161.3,1163.9,1161.1,1168.2,1157.1,1253.6,1221.4,1206.2,1206,1248.8,1241.8,1237,1218.7,1217.4,1202.6,1177.4,1168.8,1207.5,1176.6,1154.1,1136.3,1136.5,1167.4,1231.3,1295,1155.9,1155.9,1156,1130,1158.2,1173.9,1254.6,1181.4,1179.5,1281.9,1348.1,24.183,1296.1,1288.4,1165.2,1136.3,1180,1180.6,1180.6,1160.3,1154.5,1184.9,1184.7,1170.3,1343.7
665.89,1171.8,0,600.12,592.25,642.38,628.72,746.61,643.81,686.66,690.98,660.26,738.66,666.26,664.05,647.26,644.99,561.69,558.6,617.34,612.5,620.91,622.46,693.88,615.86,690.57,595.96,570.23,789.71,555.57,661.4,556.47,561.97,611.73,519.67,532.01,543.98,633.11,628.45,604.11,635.6,682.87,655.56,730.97,0.319,660.04,635.16,636.78,599.84,601.51,586.39,586.31,595.64,679.26,674.44,656.16,654.81,640.04,614.79,629.51,668.23,611.84,609.61,552.58,552.42,612.58,676.43,740.16,626.78,626.67,625.46,590.4,584.66,594.79,675.49,602.24,545.83,556.54,556.39,567.26,601.25,601.62,510.43,509.74,549.97,549.64,549.6,567.34,574.08,606.74,608.21,612.32,689.96
640.67,1215,600.12,0,625.31,605.27,560.68,666.61,682.22,601.74,606.06,580.26,658.66,586.26,723.4,567.26,560.36,495.73,492.32,529.98,675.89,535.92,681.42,591.86,548.35,591.05,549.37,513.94,687.68,529.75,595.83,537.9,543.57,567.98,507.98,528.77,540.74,671.52,687.8,687.05,686.15,625.36,651.64,617.36,592.14,551.6,550.54,537.75,528.01,564.62,549.49,549.2,527.6,599.26,594.44,576.16,574.81,560.04,534.79,544.59,583.32,532.91,499.62,486.29,486.45,510.56,574.4,638.13,561.14,561.11,560.11,546.65,555.7,569.57,650.27,577.02,536.48,553.27,580,610.43,660.22,665.02,509.45,498.06,532.9,531.24,531.02,520.74,506.57,521.74,520.86,512.8,618.14
633.38,1421.8,592.25,625.31,0,637.14,632.21,699.73,634.81,621.68,626,613.38,691.78,619.38,676.07,600.38,579.65,534.67,531.27,566.66,696.81,570.24,715.62,637.71,570.16,635.45,568.2,529.74,733.53,574.14,579.89,565.22,570.54,540.09,524.39,554.82,566.8,624.11,640.47,661.55,627.88,606.01,604.02,586.83,584.27,561.43,569.83,547.68,602.96,596.27,581.14,581.06,599.13,632.38,627.55,609.28,607.93,593.15,567.9,564.53,603.25,568.17,550.2,525.24,525.4,556.41,620.26,683.98,545.2,545.16,544.58,518.77,546.82,562.28,642.98,569.73,568.31,655.3,700.68,817.22,694.42,685.93,543.52,514.47,557.2,558.21,558.34,539.57,528.39,556.06,557.54,557.2,693.09
739.36,1262.1,642.38,605.27,637.14,0,33.784,13.144,621.62,810.87,815.2,9.932,13.28,10.628,655.82,11.472,702.05,728.68,725,764.93,630.39,764.96,645.52,869.03,728.42,861.47,699.42,671.55,964.85,669.06,759.97,680.89,686.58,699.59,647.87,646.01,657.99,610.92,620.22,605.45,605.1,628.92,602.82,621.73,634.4,735.91,692.22,680.15,28.492,8.966,7.756,2.243,28.492,7.756,8.142,9.604,9.712,10.894,12.914,753.72,792.45,782.28,806.6,718.97,719.4,787.73,851.58,915.3,725.42,725.24,723.23,678.27,669.77,668.26,748.96,675.71,644.66,650.19,645.14,657.49,624.32,619.52,639.76,637.94,675.91,674.26,674.02,670.79,686.64,750.79,755.8,783.22,42.912
758.01,1281.9,628.72,560.68,632.21,33.784,0,35.588,633.21,721.25,725.57,29.164,35.86,30.556,647.38,32.244,625.3,598.16,594.69,619.39,596.9,621.78,615.71,708.47,615.43,703.03,647.03,604.55,804.29,639.11,730.89,666.85,672.83,662.73,618.74,637.9,649.88,622.51,611.78,561.29,559.4,555.24,602.45,609.64,620.74,649.68,615.48,558.79,7.926,7.926,9.136,24.812,1.323,24.812,25.584,28.508,28.724,31.088,35.128,664.1,702.82,687.22,637.16,588.66,588.88,627.17,691.02,754.74,695.77,696.16,700.31,641.41,641.23,686.91,767.61,694.36,658.77,644.45,642.76,677.3,594.51,586.02,608.2,608.81,663.62,660.51,659.97,618.4,573.65,607.61,610.26,624.78,15.136
800.68,1309.2,746.61,666.61,699.73,13.144,35.588,0,694.42,935.87,940.2,3.782,5.456,4.13,721.75,4.552,816.36,879.74,876.33,918.67,693.35,917.52,708.85,1030.3,865.89,1021.7,779.24,779.82,1126.1,728.02,789.71,715.7,721.1,743.05,687.36,690.76,702.74,683.72,686.16,666.58,683.25,731.42,687.52,720.11,738.64,859.22,806.54,816.29,30.296,9.868,8.658,8.658,30.296,2.694,2.887,3.618,3.672,4.263,5.273,878.72,917.45,910,972.29,870.3,870.46,948.98,1012.8,1076.6,755.24,754.98,751.37,721.72,731.38,729.58,810.28,737.03,691.02,690.17,690.39,704.61,687.65,682.48,681.56,677.44,708.34,708.78,708.82,750.62,824.12,903.35,909.54,943.42,44.716
673.42,1215.9,643.81,682.22,634.81,621.62,633.21,694.42,0,627,631.32,608.07,686.47,614.07,825.89,595.07,589.2,507.26,503.93,547.71,679.27,553.65,684.8,612.49,586.95,611.29,586.18,556.7,708.31,552.95,661.77,562.72,568.21,622.82,526.74,537.61,549.58,0.428,790.29,714.88,705.13,660.28,794.8,684.54,635.83,583,579.38,565.67,605.04,580.75,565.62,565.54,600.14,627.07,622.25,603.97,602.62,587.85,562.6,569.85,608.57,560.72,522.84,497.91,497.98,531.19,595.04,658.76,626.86,627.04,627.92,601.49,598.03,602.32,683.02,609.77,548.45,572.12,589.97,611.31,663.6,668.4,520.45,516.81,556.22,555.89,555.85,557.55,545.17,539.47,538.59,533.04,695.17
718.54,1226,686.66,601.74,621.68,810.87,721.25,935.87,627,0,1.647,849.52,927.92,855.52,656.37,836.52,755.07,770.87,767.46,809.81,626.28,808.66,640.37,921.42,757.03,912.8,695.94,683.98,1017.2,644.72,716.43,638.31,643.98,671.16,603.08,606.17,618.15,616.3,620.77,601.7,620.36,669.59,623.9,660.16,678.68,821.99,745.25,738.58,689.41,770.33,755.2,754.8,688.17,868.52,863.7,845.42,844.07,829.3,804.05,2.286,0.737,797.88,863.43,761.44,761.6,840.12,903.97,967.69,681.96,681.71,678.89,649.84,648.57,647.44,728.14,654.89,609.44,607.09,608.21,621.39,619.17,615.41,595.41,593.16,633.17,631.66,631.44,667.32,715.25,794.49,800.68,834.55,779.53
722.86,1230.3,690.98,606.06,626,815.2,725.57,940.2,631.32,1.647,0,853.85,932.25,859.85,660.69,840.85,759.4,775.2,771.79,814.13,630.61,812.99,644.7,925.74,761.35,917.13,700.27,688.31,1021.6,649.05,720.76,642.64,648.31,675.49,607.41,610.5,622.48,620.62,625.09,606.03,624.68,673.91,628.22,664.48,683.01,826.31,749.57,742.9,693.73,774.65,759.53,759.12,692.5,872.85,868.02,849.75,848.4,833.62,808.37,2.459,0.91,802.21,867.75,765.76,765.92,844.44,908.29,972.02,686.29,686.03,683.22,654.16,652.89,651.76,732.46,659.21,613.76,611.41,612.53,625.72,623.5,619.74,599.74,597.48,637.5,635.98,635.76,671.64,719.58,798.81,805.01,838.88,783.86
714.33,1222.8,660.26,580.26,613.38,9.932,29.164,3.782,608.07,849.52,853.85,0,3.464,0.676,635.4,1.098,730.01,793.38,789.98,832.32,607,831.17,622.51,943.93,779.54,935.32,692.89,693.47,1039.8,641.67,703.36,629.35,634.75,656.7,601.01,604.41,616.39,597.37,599.81,580.23,596.9,645.07,601.17,633.76,652.29,772.87,720.19,729.94,23.872,6.656,5.446,5.446,23.872,1.088,0.895,0.164,0.218,0.809,1.819,792.37,831.1,823.65,885.94,783.95,784.11,862.63,926.48,990.21,668.89,668.63,665.02,635.37,645.03,643.23,723.93,650.68,604.67,603.82,604.04,618.26,601.3,596.13,595.21,591.09,621.99,622.43,622.47,664.27,737.77,817,823.19,857.07,38.292
792.73,1301.2,738.66,658.66,691.78,13.28,35.86,5.456,686.47,927.92,932.25,3.464,0,3.812,713.81,4.234,808.41,871.78,868.38,910.72,685.4,909.57,700.9,1022.3,857.94,1013.7,771.29,771.87,1118.2,720.07,781.76,707.75,713.15,735.1,679.41,682.81,694.79,675.77,678.2,658.63,675.3,723.47,679.57,712.16,730.69,851.27,798.59,808.34,30.568,10.004,8.794,8.794,30.568,2.762,2.569,3.3,3.354,3.945,4.955,870.77,909.5,902.05,964.34,862.35,862.51,941.03,1004.9,1068.6,747.29,747.03,743.42,713.77,723.43,721.63,802.33,729.08,683.07,682.22,682.44,696.66,679.7,674.53,673.61,669.49,700.39,700.83,700.87,742.67,816.17,895.4,901.59,935.47,44.988
720.33,1228.8,666.26,586.26,619.38,10.628,30.556,4.13,614.07,855.52,859.85,0.676,3.812,0,641.41,1.338,736.01,799.38,795.98,838.32,613,837.17,628.51,949.93,785.54,941.32,698.89,699.47,1045.8,647.67,709.36,635.35,640.75,662.7,607.01,610.41,622.39,603.37,605.8,586.23,602.9,651.07,607.17,639.76,658.29,778.87,726.19,735.94,25.264,7.352,6.142,6.142,25.264,1.436,1.243,0.512,0.458,1.049,2.059,798.37,837.1,829.65,891.94,789.95,790.11,868.63,932.48,996.21,674.89,674.63,671.02,641.37,651.03,649.23,729.93,656.68,610.67,609.82,610.04,624.26,607.3,602.13,601.21,597.09,627.99,628.43,628.47,670.27,743.77,823,829.19,863.07,39.684
704.38,1256.5,664.05,723.4,676.07,655.82,647.38,721.76,825.89,656.37,660.69,635.4,713.81,641.41,0,622.41,613.91,537.74,534.65,574.89,720.53,580.83,726.06,638.01,607.34,636.81,611.28,576.91,733.83,585.43,678.75,593.17,598.85,649.58,562.42,572.54,584.52,815.19,1.424,782.58,736.61,687.19,776.9,698.84,656.07,608.07,604.08,591.98,615.9,614.95,599.83,599.75,614.3,654.4,649.58,631.31,629.95,615.18,589.93,599.22,637.94,588.05,547.51,528.62,528.46,556.71,620.56,684.28,643.85,644.03,645.11,628.25,627.66,633.28,713.99,640.73,580.97,607.2,629.4,651.94,704.86,709.66,555.87,552.49,588.18,586.52,586.3,582.66,565.57,566.65,565.76,558.57,706.03
701.33,1209.8,647.26,567.26,600.38,11.472,32.244,4.552,595.07,836.52,840.85,1.098,4.234,1.338,622.4,0,717.01,780.38,776.98,819.32,594,818.17,609.51,930.93,766.54,922.32,679.89,680.47,1026.8,628.67,690.36,616.35,621.75,643.7,588.01,591.41,603.39,584.37,586.8,567.23,583.9,632.07,588.17,620.76,639.29,759.87,707.19,716.94,26.952,8.196,6.986,6.986,26.952,1.858,1.665,0.934,0.88,0.289,1.299,779.37,818.1,810.65,872.94,770.95,771.11,849.63,913.48,977.21,655.89,655.63,652.02,622.37,632.03,630.23,710.93,637.68,591.67,590.82,591.04,605.26,588.3,583.13,582.21,578.09,608.99,609.43,609.47,651.27,724.77,804,810.19,844.07,41.372
681.6,1178,644.99,560.36,579.65,702.05,625.3,816.36,589.2,755.07,759.4,730.01,808.41,736.01,613.91,717.01,0,625.09,621.68,677.45,582.32,681.61,595.23,752.36,677.17,749.25,635.28,628.52,848.18,584.55,677.49,585.84,591.34,627.16,554.38,565.04,577.02,578.5,578.31,560.33,577.38,617.65,584.9,618.49,637.01,773.39,0.393,727.26,594.15,661.34,646.21,645.97,592.23,749.01,744.19,725.91,724.56,709.79,684.54,697.92,736.65,681.59,667.91,615.65,615.81,671.06,734.9,798.63,642.88,642.77,641.26,605.84,612.45,610.5,691.2,617.95,571.88,566.53,563.27,573.44,574.03,571.45,550.69,544.45,579.34,579.01,578.97,606.65,635.4,667.44,668.32,671,684.28
650.62,1145.8,561.69,495.73,534.67,728.68,598.16,879.74,507.26,770.87,775.2,793.38,871.78,799.38,537.74,780.38,625.09,0,877.4,699.83,523.22,698.69,538.35,811.45,647.06,802.83,607.21,585.75,907.27,569.89,650.6,573.7,579.45,601.94,553.24,557.66,569.63,496.56,502.14,495.69,498.13,539.03,497.55,537.14,553.72,695.91,615.26,605.9,567.38,688.13,673.01,672.6,565.09,812.38,807.56,789.28,787.94,773.16,747.91,713.72,752.45,866.13,864.27,871.38,0.371,730.15,794,857.72,616.06,615.88,613.37,580.62,577.81,579.52,660.22,586.97,549.91,541.66,534.34,541.2,517.15,512.35,546.19,543.31,569.39,567.13,566.82,578.58,605.28,684.51,690.71,724.58,657.5
647.8,1142.4,558.6,492.32,531.26,725,594.69,876.33,503.93,767.46,771.79,789.98,868.38,795.98,534.65,776.98,621.68,877.4,0,696.74,520.13,695.6,535.25,808.36,643.97,799.74,603.62,582.66,904.18,566.3,647.59,570.29,576.04,598.85,549.92,555.39,567.37,493.23,499.05,492.28,494.72,535.63,494.14,534.05,550.63,692.5,611.85,602.49,563.67,684.13,669.01,668.92,561.61,808.98,804.15,785.88,784.53,769.75,744.5,710.31,749.04,859.23,864.68,0.241,868.13,727.06,790.91,854.63,613.04,612.86,610.52,577.53,574.72,576.7,657.4,584.15,546.82,538.57,530.94,537.8,514.06,509.26,543.74,539.99,565.98,563.72,563.41,574.99,602.19,681.42,687.62,721.49,653.8
720.55,1193.8,617.34,529.98,566.66,764.93,619.39,918.67,547.71,809.81,814.13,832.32,910.72,838.32,574.89,819.32,677.45,699.83,696.74,0,554.6,800.86,569.3,831.57,741.68,834.62,647.69,656.04,927.4,604.24,702.26,605.68,611.52,652.37,585.8,611.08,623.06,537.01,539.29,529.95,536.79,577.75,545.07,592.59,609.36,734.85,667.62,657.52,586.73,724.06,708.93,708.85,586.31,851.32,846.49,828.22,826.87,812.09,786.84,752.66,791.38,792.47,724.74,690.72,690.56,750.27,814.12,877.85,667.57,667.54,666.34,631.04,647.51,649.45,730.15,656.9,608,581.67,578.41,589.27,548.1,543.73,594.09,575.88,601.7,599.2,598.8,619.07,699.9,786.68,0.365,756.37,676.85
653.53,1299.2,612.5,675.89,696.81,630.39,596.9,693.35,679.27,626.29,630.61,607,685.4,613,720.53,594,582.32,523.22,520.13,554.6,0,560.26,768.95,620.47,571.18,618.84,575.23,536.77,716.3,563.62,607.75,570.33,575.91,577.76,532.88,556.14,568.11,668.58,684.93,731.86,677.8,634.32,648.49,620.96,604.52,568.61,572.5,557.5,564.24,589.67,574.54,574.32,563.82,626,621.18,602.9,601.55,586.78,561.53,569.14,607.86,559.65,529.32,514.11,513.95,539.17,603.02,666.75,573.18,573.02,571.01,556.43,566.97,582.43,663.13,589.88,565.68,611.91,657.29,694.66,747.75,0.435,542.98,522.96,563.97,563.59,563.46,546.6,529.41,546.08,545.48,540.59,654.36
726.49,1199.1,620.91,535.92,570.24,764.96,621.78,917.52,553.65,808.66,812.99,831.17,909.57,837.17,580.83,818.17,681.61,698.69,695.6,800.86,560.26,0,574.64,829.84,753.51,832.88,653.63,663.15,925.66,609.58,708.2,610.43,616.28,658.3,588.49,614.65,626.63,542.95,545.23,535.88,542.73,581.32,549.83,596.36,612.94,733.7,671.79,663.46,589.12,724.09,708.97,708.89,588.71,850.17,845.35,827.07,825.72,810.95,785.7,751.51,790.24,791.33,723.01,689.57,689.41,748.54,812.39,876.11,673.51,673.47,672.35,636.98,654.63,655.39,736.09,662.84,615.12,587.02,582.63,594.53,553.44,549.38,598.26,578.57,606.45,603.95,603.55,625,711.74,0.567,791.73,754.63,679.25
662.75,1317.3,622.46,681.42,715.62,645.52,615.71,708.86,684.8,640.37,644.7,622.51,700.9,628.51,726.06,609.5,595.23,538.35,535.25,569.3,768.95,574.64,0,635.69,583.35,633.96,587.17,548.71,731.51,577.27,617.58,583.38,588.87,586.77,545.86,569.13,581.11,674.1,690.46,733.7,683.33,642.8,654.01,627.96,614.48,580.78,585.41,568.93,583.05,604.79,589.66,589.44,582.64,641.51,636.68,618.4,617.05,602.28,577.03,583.22,621.95,575.51,545.92,529.23,529.07,554.39,618.24,681.96,583.03,582.85,580.84,565.45,576.19,591.65,672.35,599.1,578.44,629.99,675.37,712.73,0.848,758.08,556.2,535.93,575.95,576.55,576.5,558.54,541.58,560.47,560.17,555.71,673.17
779.48,1248.7,693.88,591.86,637.71,869.03,708.47,1030.3,612.49,921.42,925.74,943.93,1022.3,949.93,638.01,930.93,752.36,811.45,808.36,831.57,620.47,829.84,635.69,0,770.66,937.8,707.53,703.29,5.229,666.74,760.86,673.12,678.79,714.26,655.88,672.12,684.1,601.79,602.41,591.82,603.33,654.47,614.91,667.87,685.91,846.46,742.53,722.73,675.8,828.16,813.03,812.95,675.39,962.93,958.11,939.83,938.48,923.71,898.46,864.27,902.99,904.09,840.11,802.33,802.17,3.252,0.698,3.247,726.17,726.14,724.67,692.93,701.62,708.38,789.08,715.83,665.96,646.92,637.57,644.13,614.49,609.6,654.81,645.96,668.12,666.46,666.24,678.9,728.88,815.66,822.45,859.55,765.93
776.7,1196.3,615.86,548.35,570.16,728.42,615.43,865.89,586.95,757.03,761.35,779.54,857.94,785.54,607.34,766.54,677.17,647.06,643.97,741.68,571.18,753.51,583.35,770.66,0,773.7,704.87,753.26,866.48,636.49,726.71,621.49,627.12,680.39,574.18,622.91,634.88,576.25,571.74,555.01,559.2,583.12,571.63,591.31,607.88,682.07,667.35,672.52,582.76,687.55,672.43,672.35,582.35,798.54,793.72,775.44,774.09,759.32,734.07,699.88,738.6,739.69,663.83,637.94,637.78,689.36,753.21,816.93,692.17,691.99,689.98,659.06,714.02,705.6,786.3,713.05,651.68,600.12,584.99,591.69,562.15,560.31,604.86,564.26,615.41,614.79,614.62,676.24,1.671,739.34,732.55,695.45,672.89
778.98,1248.6,690.57,591.05,635.45,861.47,703.03,1021.7,611.29,912.8,917.13,935.32,1013.7,941.32,636.82,922.32,749.25,802.83,799.74,834.62,618.84,832.88,633.96,937.8,773.7,0,706.33,705.05,1033.6,665.54,760.2,671.92,677.59,713.06,654.16,671.46,683.43,600.59,601.22,591.01,601.08,651.38,612.65,664.59,682.6,837.85,739.42,721.01,670.37,820.6,805.48,805.4,669.96,954.32,949.49,931.22,929.87,915.09,889.84,855.65,894.38,895.47,830.97,793.72,793.56,856.5,920.35,984.07,725.51,725.47,724.01,691.74,701.48,707.88,788.58,715.33,665.29,646.31,637.12,644,612.76,607.97,654.67,644.23,666.92,665.27,665.05,677.71,731.93,818.71,825.49,3.13,760.49
789.43,1188.9,595.96,549.37,568.2,699.42,647.03,779.24,586.18,695.94,700.27,692.89,771.29,698.89,611.28,679.89,635.28,607.21,603.62,647.69,575.23,653.63,587.17,707.53,704.87,706.33,0,679.52,803.35,656.93,725.98,633.02,638.64,677.82,575.36,633.56,645.53,575.48,575.68,558.47,556.76,570.24,564.96,571.74,587.99,624.38,625.45,608.94,616.09,658.55,643.42,643.34,613.95,711.89,707.07,688.79,687.44,672.67,647.42,638.79,677.52,646.61,618.42,597.59,597.93,626.23,690.08,753.8,691.39,691.26,689.25,656.5,717.67,718.33,799.03,725.78,671.97,611.64,596.51,584.37,565.97,564.35,616.38,565.43,626.94,626.31,626.14,1.145,663.09,639.45,638.57,628.08,706.22
784.8,1150.5,570.23,513.94,529.74,671.55,604.55,779.82,556.7,683.98,688.31,693.47,771.87,699.47,576.91,680.47,628.52,585.75,582.66,656.04,536.77,663.15,548.71,703.29,753.26,705.05,679.52,0,799.12,610.92,750.66,590.03,595.65,696.83,533.88,591.44,603.42,546,541.31,520.6,521.85,539.88,535.36,545.68,562.26,612.93,618.7,620.44,573.54,630.68,615.56,615.47,571.48,712.47,707.64,689.37,688.02,673.24,647.99,626.83,665.56,651.48,600.9,576.64,576.48,621.99,685.84,749.57,716.76,715.93,706.68,675.5,760.09,713.7,794.4,721.15,635.22,568.65,553.53,545.92,527.51,525.9,573.39,523.96,583.95,583.33,583.15,650.89,711.49,648.98,646.91,626.8,663.66
875.31,1344.5,789.71,687.68,733.53,964.85,804.29,1126.1,708.31,1017.2,1021.6,1039.8,1118.2,1045.8,733.83,1026.8,848.18,907.27,904.18,927.4,716.3,925.66,731.51,5.229,866.48,1033.6,803.35,799.12,0,762.56,856.69,768.94,774.61,810.08,751.71,767.95,779.92,697.61,698.24,687.64,699.16,750.3,710.73,763.69,781.73,942.29,838.36,818.56,771.63,923.98,908.86,908.78,771.22,1058.8,1053.9,1035.7,1034.3,1019.5,994.28,960.09,998.82,999.91,935.93,898.16,898,7.085,4.531,1.982,822,821.96,820.5,788.76,797.44,804.21,884.91,811.66,761.78,742.74,733.39,739.96,710.31,705.42,750.63,741.78,763.94,762.29,762.07,774.73,824.71,911.49,918.27,955.37,861.75
780.8,1194.4,555.57,529.75,574.14,669.06,639.11,728.02,552.95,644.72,649.05,641.67,720.07,647.67,585.43,628.67,584.55,569.89,566.3,604.24,563.62,609.58,577.27,666.73,636.49,665.54,656.93,610.92,762.56,0,690.37,724.96,729.4,638.75,685.12,741.29,753.26,542.25,549.83,542,533.95,536.01,531.96,531.54,547.59,573.16,574.73,559.65,609.7,628.19,613.06,612.98,606.03,660.67,655.85,637.57,636.22,621.45,596.2,587.57,626.3,595.39,577.63,560.28,560.62,585.43,649.29,713.01,655.33,655.65,658.76,617.43,679.65,709.7,790.4,717.15,712.94,660.28,627.47,589.8,556.07,552.75,770.75,675.19,709.47,717.08,718.09,628.31,594.72,595.41,595.11,587.29,699.82
906.65,1190.6,661.4,595.83,579.89,759.97,730.89,789.71,661.77,716.43,720.76,703.36,781.76,709.36,678.75,690.36,677.49,650.6,647.59,702.26,607.75,708.2,617.58,760.86,726.71,760.2,725.98,750.66,856.69,690.38,0,669.69,675.36,818.68,603.06,674.98,686.95,651.07,643.15,595.72,599.04,607.46,635.03,634.9,653.42,657.57,667.67,640.21,701.16,719.42,704.29,703.89,697.81,722.36,717.53,699.26,697.91,683.13,657.88,659.28,698.01,657.08,669.57,641.57,641.33,679.56,743.41,807.14,845.25,1.389,836.84,797.35,881.94,835.55,916.25,843,757.08,646.91,628.9,586.07,596.38,596.87,656.42,593.13,664.18,663.04,662.82,697.36,684.93,694.02,693.14,681.95,791.28
739,1187.4,556.47,537.9,565.22,680.89,666.85,715.7,562.72,638.31,642.64,629.35,707.75,635.35,593.17,616.35,585.84,573.7,570.29,605.68,570.33,610.43,583.38,673.12,621.49,671.92,633.02,590.03,768.94,724.96,669.69,0,763.28,596.47,716.65,772.82,784.79,552.02,557.58,545.98,540.56,539.1,533.45,534.4,548.5,572.02,576.02,551.46,639.13,640.11,624.98,624.82,633.77,648.35,643.52,625.25,623.9,609.12,583.87,581.16,619.89,582.53,582.25,564.26,564.42,591.82,655.67,719.39,634.64,634.97,638.27,575.15,636.78,667.9,748.6,675.35,744.47,631.62,606.61,582.87,562.18,559.46,802.28,706.72,743.34,750.96,0.275,604.39,579.72,596.25,596.55,593.67,729.25
744.67,1192.9,561.97,543.57,570.54,686.58,672.83,721.1,568.21,643.98,648.31,634.75,713.15,640.75,598.84,621.75,591.34,579.45,576.04,611.52,575.91,616.28,588.87,678.79,627.12,677.59,638.64,595.65,774.61,729.4,675.36,763.28,0,601.97,723.02,779.19,791.17,557.51,563.25,551.65,546.23,544.59,538.94,539.98,553.99,577.51,581.51,557.13,645.11,645.87,630.74,630.51,639.76,653.75,648.93,630.65,629.3,614.53,589.28,586.83,625.56,587.94,587.93,570.02,570.18,597.49,661.34,725.06,640.31,640.64,643.94,580.64,642.45,673.57,754.27,681.02,750.84,637.29,612.1,588.33,567.67,565.04,808.66,713.1,749.8,0.493,756.41,610.01,585.34,602.1,602.4,599.34,735.24
815.66,1151.3,611.73,567.97,540.09,699.59,662.73,743.05,622.82,671.16,675.49,656.7,735.1,662.7,649.58,643.7,627.16,601.94,598.85,652.37,577.76,658.3,586.77,714.26,680.39,713.06,677.82,696.83,810.08,638.75,818.68,596.47,601.97,0,520.63,590.51,602.49,612.12,613.98,567.87,569.46,581.3,592.21,591.08,603.75,608.7,617.34,595.99,630.07,658.88,643.76,643.52,629.66,675.7,670.87,652.6,651.25,636.47,611.22,614.01,652.74,609.35,624.08,592.83,592.67,632.96,696.81,760.53,783.2,783.96,899.59,0.853,889.68,744.56,825.27,752.01,666.09,576.67,573.2,546.73,565.57,566.88,574.97,510.7,589.76,589.64,589.6,649.2,638.61,644.13,643.24,634.81,720.2
660.75,1146.3,519.67,507.98,524.39,647.87,618.74,687.36,526.74,603.08,607.41,601.01,679.41,607.01,562.42,588.01,554.38,553.24,549.92,585.8,532.88,588.49,545.86,655.88,574.18,654.16,575.36,533.88,751.71,685.12,603.06,716.65,723.02,520.63,0,688.36,700.34,516.04,526.82,512.47,508.7,509.32,498.01,498.62,511.69,537.94,544.55,516.4,586.07,607.32,592.2,591.79,585.66,620.01,615.19,596.91,595.56,580.79,555.54,545.93,584.66,555.8,568.24,543.89,543.96,574.58,638.43,702.16,568.22,568.33,569.25,499.3,561.04,589.65,670.35,597.1,660.01,571.89,562.06,541.68,524.66,522.01,828.69,0.397,827.33,710.7,709.77,546.73,532.41,574.32,576.68,575.91,676.2
720.6,1172.5,532.01,528.77,554.82,646.02,637.9,690.76,537.61,606.17,610.5,604.41,682.81,610.41,572.54,591.41,565.04,557.66,555.39,611.08,556.14,614.65,569.13,672.12,622.91,671.46,633.56,591.44,767.95,741.29,674.98,772.82,779.19,590.51,688.36,0,0.479,526.91,536.94,535.72,528.71,526.95,509.8,511.74,524.03,540.09,555.22,549.66,607.13,605.15,590.02,589.94,604.83,623.41,618.59,600.31,598.96,584.19,558.94,549.02,587.75,560.28,580.71,549.37,548.38,590.82,654.67,718.4,640.07,640.25,642.26,569.19,620.22,649.5,730.2,656.95,714.04,624.44,598.8,567.88,547.93,545.26,712.82,678.44,773.82,766.87,765.94,604.93,581.13,600.48,601.95,593.21,697.26
732.57,1184.4,543.98,540.74,566.8,657.99,649.88,702.74,549.58,618.15,622.47,616.39,694.79,622.39,584.52,603.39,577.02,569.63,567.37,623.06,568.11,626.63,581.11,684.1,634.88,683.43,645.53,603.42,779.92,753.26,686.95,784.79,791.17,602.49,700.34,0.479,0,538.88,548.92,547.7,540.69,538.92,521.78,523.71,536.01,552.07,567.19,561.63,619.11,617.12,602,601.92,616.8,635.39,630.56,612.29,610.94,596.16,570.91,561,599.73,572.25,592.68,561.34,560.36,602.8,666.65,730.37,652.05,652.23,654.24,581.16,632.19,661.47,742.17,668.92,726.02,636.41,610.78,579.85,559.91,557.24,724.8,690.41,785.79,778.84,777.92,616.91,593.11,612.46,613.93,605.18,709.23
662.72,1205.2,633.11,671.52,624.11,610.92,622.51,683.72,0.428,616.3,620.62,597.37,675.77,603.37,815.19,584.37,578.5,496.56,493.23,537.01,668.58,542.95,674.1,601.79,576.25,600.59,575.48,546,697.61,542.25,651.07,552.02,557.51,612.12,516.04,526.91,538.88,0,779.59,704.18,694.43,649.58,784.1,673.84,625.13,572.3,568.68,554.97,594.34,570.05,554.92,554.84,589.44,616.37,611.55,593.27,591.92,577.15,551.9,559.15,597.87,550.02,512.14,487.21,487.28,520.49,584.34,648.06,616.16,616.34,617.22,590.79,587.33,591.62,672.32,599.07,537.75,561.42,579.27,600.61,652.9,657.7,509.75,506.11,545.52,545.19,545.14,546.85,534.47,528.77,527.89,522.34,684.47
668.79,1220.9,628.45,687.8,640.47,620.22,611.78,686.16,790.29,620.77,625.09,599.81,678.21,605.81,1.424,586.8,578.31,502.14,499.05,539.29,684.93,545.23,690.46,602.41,571.74,601.22,575.68,541.31,698.24,549.83,643.15,557.58,563.24,613.98,526.82,536.94,548.92,779.59,0,746.98,701.01,651.59,741.3,663.24,620.47,572.47,568.48,556.38,580.3,579.35,564.23,564.15,578.7,618.81,613.98,595.7,594.36,579.58,554.33,563.62,602.34,552.45,511.91,493.02,492.86,521.11,584.96,648.69,608.25,608.43,609.51,592.65,592.07,597.69,678.39,605.13,545.37,571.6,593.8,616.34,669.26,674.06,520.27,516.89,552.57,550.92,550.7,547.05,529.97,531.05,530.17,522.97,670.43
641.54,1266.1,604.11,687.05,661.55,605.45,561.29,666.58,714.88,601.7,606.03,580.23,658.63,586.23,782.58,567.23,560.33,495.69,492.28,529.95,731.86,535.88,733.7,591.82,555.01,591.01,558.47,520.6,687.64,542,595.72,545.98,551.65,567.87,512.47,535.72,547.7,704.18,746.98,0,685.33,628.74,665.88,626.49,596.14,551.27,550.5,543.44,528.63,564.87,549.75,549.38,528.21,599.23,594.4,576.13,574.78,560,534.75,544.55,583.28,532.88,499.59,486.26,486.42,510.52,574.37,638.09,561.03,561,559.93,546.54,555.59,570.44,651.14,577.89,545.55,578.78,624.16,661.52,712.5,720.98,522.4,502.54,540.98,539.33,539.11,529.85,513.23,521.71,520.82,512.76,618.75
641.49,1218.2,635.6,686.15,627.88,605.1,559.4,683.25,705.13,620.36,624.68,596.9,675.3,602.9,736.61,583.9,577.38,498.13,494.72,536.79,677.8,542.73,683.33,603.33,559.2,601.08,556.76,521.85,699.16,533.95,599.04,540.56,546.23,569.46,508.7,528.71,540.69,694.43,701.01,685.33,0,650.52,680.68,669.09,627.63,581.88,567.56,555.46,526.74,564.23,549.11,549.03,526.33,615.9,611.08,592.8,591.45,576.68,551.43,563.21,601.93,549.02,516.83,488.69,488.85,522.03,585.88,649.61,564.35,564.31,563.45,548.14,557.86,570.39,651.09,577.84,536.29,556.87,582.88,613.61,662.13,666.92,513.28,498.78,535.56,533.9,533.68,528.14,517.43,528.55,527.67,522.83,616.86
650.02,1189.8,682.87,625.36,606.01,628.92,555.24,731.42,660.28,669.59,673.91,645.07,723.47,651.07,687.19,632.07,617.65,539.03,535.63,577.75,634.32,581.32,642.8,654.47,583.12,651.38,570.24,539.88,750.3,536.01,607.46,539.1,544.59,581.3,509.32,526.95,538.92,649.58,651.59,628.74,650.52,0,675.97,679.33,674.89,636.47,607.82,589.52,522.58,588.05,572.93,572.85,522.17,664.07,659.24,640.97,639.62,624.84,599.59,612.44,651.16,596.64,570.69,529.6,529.76,573.17,637.02,700.75,572.77,572.74,572.34,559.97,575.57,578.92,659.62,586.37,532.95,547.72,560.77,585.2,621.6,623.44,515.67,499.4,532.6,532.27,532.22,541.62,541.35,567.15,568.62,573.13,612.7
642.23,1178.6,655.56,651.64,604.02,602.82,602.45,687.52,794.8,623.9,628.22,601.17,679.57,607.17,776.9,588.17,584.9,497.55,494.14,545.07,648.49,549.83,654.01,614.91,571.63,612.66,564.96,535.36,710.73,531.96,635.03,533.45,538.94,592.21,498.01,509.8,521.78,784.1,741.3,665.88,680.68,675.97,0,708.98,647.59,587.13,575.07,570.03,573.34,562.11,546.99,546.74,569.37,620.17,615.34,597.07,595.72,580.94,555.69,566.75,605.47,553.81,526.96,488.12,488.28,533.61,597.46,661.18,600.34,600.31,599.9,570.88,565.64,571.13,651.83,578.58,519.57,545.34,559.39,574.01,632.82,637.61,490.19,488.09,526.95,526.62,526.57,536.34,529.86,535.65,535.95,534.4,663.46
643.86,1161.3,730.97,617.36,586.83,621.73,609.64,720.11,684.54,660.16,664.48,633.76,712.16,639.76,698.84,620.76,618.49,537.14,534.05,592.59,620.96,596.36,627.96,667.87,591.31,664.59,571.74,545.68,763.69,531.54,634.9,534.4,539.98,591.08,498.61,511.74,523.71,673.84,663.24,626.49,669.09,679.33,708.98,0,723,629.64,608.66,614.18,578.82,580.86,565.74,565.65,576.57,652.76,647.94,629.66,628.31,613.54,588.29,603.01,641.73,585.34,583.44,528.03,527.87,586.57,650.42,714.14,600.28,600.17,598.97,569.75,564.01,572.76,653.46,580.21,520.92,539.63,544.84,556.77,606.76,610.08,489.51,488.69,528.59,527.65,527.52,543.11,549.53,582.19,583.46,586.34,668.94
657.91,1163.9,0.319,592.14,584.27,634.4,620.74,738.64,635.83,678.68,683.01,652.29,730.69,658.29,656.07,639.29,637.01,553.72,550.63,609.36,604.52,612.94,614.48,685.91,607.88,682.6,587.99,562.26,781.73,547.59,653.42,548.5,553.99,603.75,511.69,524.03,536.01,625.13,620.47,596.14,627.63,674.89,647.59,723,0,652.06,627.19,628.81,591.86,593.54,578.41,578.33,587.67,671.29,666.46,648.19,646.84,632.06,606.81,621.53,660.26,603.86,601.64,544.6,544.44,604.61,668.46,732.18,618.8,618.7,617.49,582.43,576.69,586.81,667.51,594.26,537.85,548.57,548.41,559.29,593.28,593.65,502.45,501.77,542,541.67,541.62,559.36,566.11,598.76,600.24,604.35,681.99
657.15,1161.1,660.04,551.6,561.43,735.91,649.68,859.22,583,821.99,826.31,772.87,851.27,778.87,608.07,759.87,773.39,695.91,692.5,734.85,568.61,733.7,580.78,846.46,682.07,837.85,624.38,612.93,942.29,573.16,657.57,572.02,577.51,608.7,537.94,540.09,552.07,572.3,572.47,551.27,581.88,636.47,587.13,629.64,652.06,0,763.57,677.18,617.84,695.37,680.24,679.84,616.61,791.87,787.04,768.77,767.42,752.64,727.39,764.84,803.56,721.23,788.47,686.48,686.64,765.16,829.01,892.74,623.03,622.85,620.84,587.38,587.18,586.05,666.75,593.5,547.18,542.31,543.59,556.57,559.58,557.73,527.24,528.02,565.52,565.19,565.14,595.75,640.29,719.53,725.72,759.6,707.97
671.77,1168.2,635.16,550.54,569.83,692.22,615.48,806.54,579.38,745.25,749.57,720.19,798.59,726.19,604.08,707.19,0.393,615.26,611.85,667.62,572.5,671.79,585.41,742.53,667.35,739.42,625.45,618.7,838.36,574.73,667.67,576.02,581.51,617.34,544.55,555.22,567.19,568.68,568.48,550.5,567.56,607.82,575.07,608.66,627.19,763.57,0,717.43,584.33,651.51,636.39,636.15,582.4,739.19,734.36,716.09,714.74,699.96,674.71,688.1,726.82,671.76,658.08,605.83,605.99,661.23,725.08,788.8,633.05,632.94,631.43,596.01,602.62,600.67,681.37,608.12,562.06,556.71,553.44,563.61,564.21,561.62,540.87,534.63,569.52,569.19,569.14,596.83,625.57,657.61,658.5,661.17,674.45
675.69,1157.1,636.78,537.75,547.68,680.15,558.79,816.29,565.67,738.58,742.9,729.94,808.34,735.94,591.98,716.94,727.25,605.9,602.5,657.52,557.5,663.46,568.93,722.73,672.52,721.01,608.94,620.44,818.56,559.65,640.21,551.46,557.13,595.99,516.4,549.66,561.63,554.97,556.38,543.44,555.46,589.52,570.03,614.18,628.81,677.18,717.43,0,526.13,639.28,624.15,624.07,525.72,748.94,744.12,725.84,724.49,709.72,684.47,681.43,720.15,684.3,630.62,596.47,596.63,641.43,705.28,769.01,605.56,605.48,604.28,574.67,610.33,604.59,685.29,612.04,559.65,545.24,539.76,552.53,547.73,546.62,532.66,506.47,546.3,544.81,544.59,580.32,630.75,649.29,648.4,642.76,616.25
728.11,1253.6,599.84,528.01,602.96,28.492,7.926,30.296,605.04,689.41,693.73,23.872,30.568,25.264,615.9,26.952,594.15,567.38,563.67,586.73,564.24,589.12,583.05,675.8,582.76,670.37,616.09,573.54,771.63,609.7,701.16,639.13,645.11,630.07,586.07,607.13,619.11,594.34,580.3,528.63,526.74,522.58,573.34,578.82,591.86,617.84,584.33,526.13,0,5.28,6.49,19.52,5.28,19.52,20.292,23.216,23.432,25.796,29.836,632.26,670.98,655.38,604.49,557.65,558.1,594.5,658.35,722.08,665.97,666.43,671.22,608.75,608.56,657.01,737.72,664.47,629.25,614.13,611.97,649.03,561.85,553.36,575.53,576.15,635.9,632.79,632.25,587.47,540.99,574.95,577.6,592.12,3.605
698.49,1221.4,601.51,564.62,596.27,8.966,7.926,9.868,580.75,770.33,774.65,6.656,10.004,7.352,614.95,8.196,661.34,688.13,684.13,724.06,589.67,724.09,604.79,828.16,687.55,820.6,658.55,630.68,923.98,628.19,719.42,640.11,645.86,658.88,607.32,605.15,617.12,570.05,579.35,564.87,564.23,588.05,562.11,580.86,593.54,695.37,651.51,639.28,5.28,0,0.605,4.48,5.28,4.48,4.866,6.328,6.436,7.618,9.638,713.18,751.9,741.74,765.73,678.11,678.86,746.86,810.71,874.43,684.88,684.69,682.69,637.56,628.9,627.39,708.09,634.84,603.8,609.48,604.27,616.78,583.59,578.79,599.37,597.4,635.2,633.54,633.23,629.92,645.78,709.92,714.93,742.35,12.49
683.37,1206.2,586.39,549.49,581.14,7.756,9.136,8.658,565.62,755.2,759.53,5.446,8.794,6.142,599.83,6.986,646.21,673.01,669.01,708.93,574.54,708.97,589.66,813.03,672.43,805.48,643.42,615.55,908.86,613.06,704.29,624.98,630.74,643.76,592.2,590.02,602,554.92,564.23,549.75,549.11,572.93,546.99,565.74,578.41,680.24,636.39,624.15,6.49,0.605,0,3.27,6.49,3.27,3.656,5.118,5.226,6.408,8.428,698.05,736.78,726.61,750.6,662.98,663.73,731.73,795.58,859.31,669.75,669.57,667.56,622.43,613.78,612.27,692.97,619.72,588.67,594.36,589.14,601.66,568.46,563.67,584.25,582.27,620.08,618.41,618.11,614.8,630.65,694.79,699.81,727.23,13.7
683.28,1206,586.31,549.2,581.06,2.243,24.812,8.658,565.54,754.8,759.12,5.446,8.794,6.142,599.74,6.986,645.97,672.6,668.92,708.85,574.32,708.89,589.44,812.95,672.34,805.4,643.34,615.47,908.78,612.98,703.89,624.82,630.51,643.52,591.79,589.94,601.91,554.84,564.14,549.38,549.03,572.85,546.74,565.65,578.33,679.84,636.15,624.07,19.52,4.48,3.27,0,19.52,3.27,3.656,5.118,5.226,6.408,8.428,697.65,736.37,726.21,750.52,662.9,663.33,731.65,795.5,859.23,669.35,669.17,667.16,622.19,613.7,612.19,692.88,619.63,588.59,594.11,589.06,601.41,568.24,563.44,583.68,581.87,619.84,618.18,617.94,614.72,630.57,694.71,699.73,727.15,33.94
724.93,1248.8,595.64,527.6,599.13,28.492,1.323,30.296,600.13,688.17,692.5,23.872,30.568,25.264,614.3,26.952,592.23,565.09,561.61,586.31,563.82,588.71,582.64,675.39,582.35,669.96,613.95,571.48,771.22,606.03,697.81,633.77,639.76,629.66,585.66,604.83,616.8,589.44,578.7,528.21,526.33,522.16,569.37,576.57,587.67,616.61,582.4,525.72,5.28,5.28,6.49,19.52,0,19.52,20.292,23.216,23.432,25.796,29.836,631.02,669.75,654.14,604.08,555.59,555.81,594.09,657.94,721.67,662.69,663.09,667.24,608.33,608.15,653.83,734.53,661.28,625.7,611.37,609.69,644.22,561.44,552.95,575.12,575.74,630.55,627.43,626.9,585.33,540.58,574.53,577.19,591.71,12.49
733.33,1241.8,679.26,599.26,632.38,7.756,24.812,2.694,627.07,868.52,872.85,1.088,2.762,1.436,654.4,1.858,749.01,812.39,808.98,851.32,626,850.17,641.5,962.93,798.54,954.32,711.89,712.47,1058.8,660.67,722.36,648.35,653.75,675.7,620.01,623.41,635.39,616.37,618.81,599.23,615.9,664.07,620.17,652.76,671.29,791.87,739.19,748.94,19.52,4.48,3.27,3.27,19.52,0,0.193,0.924,0.978,1.569,2.579,811.37,850.1,842.65,904.94,802.95,803.11,881.63,945.48,1009.2,687.89,687.63,684.02,654.37,664.03,662.23,742.93,669.68,623.67,622.82,623.04,637.26,620.3,615.13,614.21,610.09,640.99,641.43,641.47,683.27,756.77,836,842.19,876.07,33.94
728.51,1237,674.44,594.44,627.55,8.142,25.584,2.887,622.25,863.7,868.02,0.895,2.569,1.243,649.58,1.665,744.19,807.56,804.15,846.49,621.18,845.35,636.68,958.11,793.72,949.49,707.07,707.64,1053.9,655.85,717.53,643.52,648.93,670.87,615.19,618.59,630.56,611.55,613.98,594.4,611.08,659.24,615.34,647.94,666.46,787.04,734.36,744.12,20.292,4.866,3.656,3.656,20.292,0.193,0,0.731,0.785,1.376,2.386,806.55,845.27,837.83,900.12,798.13,798.29,876.81,940.66,1004.4,683.06,682.81,679.19,649.55,659.21,657.41,738.11,664.86,618.85,617.99,618.21,632.44,615.48,610.3,609.39,605.26,636.16,636.6,636.65,678.44,751.94,831.17,837.37,871.24,34.712
710.23,1218.7,656.16,576.16,609.28,9.604,28.508,3.618,603.97,845.42,849.75,0.164,3.3,0.512,631.31,0.934,725.91,789.29,785.88,828.22,602.9,827.07,618.41,939.83,775.44,931.22,688.79,689.37,1035.7,637.57,699.26,625.25,630.65,652.6,596.91,600.31,612.29,593.27,595.71,576.13,592.8,640.97,597.07,629.66,648.19,768.77,716.09,725.84,23.216,6.328,5.118,5.118,23.216,0.924,0.731,0,0.054,0.645,1.655,788.27,827,819.55,881.84,779.85,780.01,858.53,922.38,986.11,664.79,664.53,660.92,631.27,640.93,639.13,719.83,646.58,600.57,599.72,599.94,614.16,597.2,592.03,591.11,586.99,617.89,618.33,618.37,660.17,733.67,812.9,819.09,852.97,37.636
708.88,1217.4,654.81,574.81,607.93,9.712,28.724,3.672,602.62,844.07,848.4,0.218,3.354,0.458,629.95,0.88,724.56,787.93,784.53,826.87,601.55,825.72,617.05,938.48,774.09,929.87,687.44,688.02,1034.3,636.22,697.91,623.9,629.3,651.25,595.56,598.96,610.94,591.92,594.36,574.78,591.45,639.62,595.72,628.31,646.84,767.42,714.74,724.49,23.432,6.436,5.226,5.226,23.432,0.978,0.785,0.054,0,0.591,1.601,786.92,825.65,818.2,880.49,778.5,778.66,857.18,921.03,984.76,663.44,663.18,659.57,629.92,639.58,637.78,718.48,645.23,599.22,598.37,598.59,612.81,595.86,590.68,589.76,585.64,616.54,616.98,617.02,658.82,732.32,811.55,817.74,851.62,37.852
694.11,1202.6,640.04,560.04,593.15,10.894,31.088,4.263,587.85,829.3,833.62,0.809,3.945,1.049,615.18,0.289,709.79,773.16,769.75,812.09,586.78,810.95,602.28,923.71,759.32,915.09,672.67,673.24,1019.5,621.45,683.13,609.12,614.53,636.47,580.79,584.19,596.16,577.15,579.58,560,576.68,624.84,580.94,613.54,632.06,752.64,699.96,709.72,25.796,7.618,6.408,6.408,25.796,1.569,1.376,0.645,0.591,0,1.01,772.15,810.87,803.43,865.72,763.73,763.88,842.41,906.26,969.98,648.66,648.41,644.79,615.15,624.81,623.01,703.71,630.46,584.45,583.59,583.81,598.04,581.08,575.9,574.99,570.86,601.76,602.2,602.25,644.04,717.54,796.77,802.97,836.84,40.216
668.86,1177.4,614.79,534.79,567.9,12.914,35.128,5.273,562.6,804.05,808.37,1.819,4.955,2.059,589.93,1.299,684.54,747.91,744.5,786.84,561.53,785.7,577.03,898.46,734.07,889.84,647.42,647.99,994.28,596.2,657.88,583.87,589.28,611.22,555.54,558.94,570.91,551.9,554.33,534.75,551.43,599.59,555.69,588.29,606.81,727.39,674.71,684.47,29.836,9.638,8.428,8.428,29.836,2.579,2.386,1.655,1.601,1.01,0,746.9,785.62,778.18,840.47,738.48,738.63,817.16,881.01,944.73,623.41,623.16,619.54,589.9,599.56,597.76,678.46,605.21,559.2,558.34,558.56,572.79,555.83,550.65,549.74,545.61,576.51,576.95,577,618.79,692.29,771.52,777.72,811.59,44.256
661.39,1168.8,629.51,544.59,564.53,753.72,664.1,878.72,569.85,2.286,2.459,792.37,870.77,798.37,599.22,779.37,697.92,713.72,710.31,752.66,569.14,751.51,583.22,864.27,699.88,855.65,638.79,626.83,960.09,587.57,659.28,581.16,586.83,614.01,545.93,549.02,561,559.15,563.62,544.55,563.21,612.44,566.75,603.01,621.53,764.84,688.1,681.43,632.26,713.18,698.05,697.65,631.02,811.37,806.55,788.27,786.92,772.15,746.9,0,1.549,740.73,806.28,704.29,704.45,782.97,846.82,910.54,624.81,624.56,621.75,592.69,591.42,590.29,670.99,597.74,552.29,549.94,551.06,564.24,562.02,558.26,538.26,536.01,576.02,574.51,574.29,610.17,658.1,737.34,743.53,777.4,722.38
700.11,1207.5,668.23,583.31,603.25,792.45,702.82,917.45,608.57,0.737,0.91,831.1,909.5,837.1,637.94,818.1,736.65,752.45,749.04,791.38,607.86,790.24,621.95,902.99,738.6,894.38,677.52,665.55,998.82,626.3,698.01,619.89,625.56,652.74,584.66,587.75,599.72,597.87,602.34,583.28,601.93,651.16,605.47,641.73,660.26,803.56,726.82,720.15,670.98,751.9,736.78,736.37,669.75,850.1,845.27,827,825.65,810.87,785.62,1.549,0,779.46,845,743.01,743.17,821.69,885.54,949.27,663.54,663.28,660.47,631.41,630.14,629.01,709.71,636.46,591.01,588.66,589.78,602.97,600.75,596.98,576.99,574.73,614.75,613.23,613.01,648.89,696.83,776.06,782.26,816.13,761.11
669.13,1176.6,611.84,532.91,568.17,782.28,687.22,910,560.72,797.88,802.21,823.65,902.05,829.65,588.05,810.65,681.59,866.13,859.23,792.47,559.65,791.33,575.51,904.08,739.69,895.47,646.61,651.48,999.91,595.39,657.08,582.53,587.94,609.35,555.8,560.28,572.25,550.02,552.45,532.88,549.02,596.64,553.81,585.34,603.86,721.23,671.76,684.3,655.38,741.74,726.61,726.21,654.14,842.65,837.83,819.55,818.2,803.43,778.18,740.73,779.46,0,846.1,853.2,856.86,822.79,886.63,950.36,622.61,622.36,618.74,588.02,600.9,598.03,678.73,605.48,559.46,558.5,559.37,572.02,554.31,548.78,550.01,545.88,574.64,575.61,575.66,617.99,697.92,777.15,783.35,817.22,745.5
683.76,1154.1,609.61,499.62,550.2,806.6,637.16,972.29,522.84,863.43,867.75,885.94,964.34,891.94,547.51,872.94,667.91,864.27,864.68,724.74,529.32,723.01,545.92,840.11,663.83,830.97,618.42,600.9,935.93,577.63,669.57,582.25,587.92,624.08,568.24,580.71,592.68,512.14,511.91,499.59,516.83,570.68,526.96,583.44,601.64,788.47,658.08,630.62,604.49,765.73,750.6,750.52,604.08,904.94,900.12,881.84,880.49,865.72,840.47,806.28,845,846.1,0,858.65,855,758.81,822.66,886.38,634.88,634.85,633.01,602.76,605.71,612.66,693.36,620.11,574.11,553.37,543.23,549.52,524.72,518.44,561.3,558.31,577.25,575.6,575.38,589.79,622.05,708.83,715.62,752.72,694.62
