0,1242.1,668.46,630.85,617.08,862.63,855.85,897.45,673.42,782.07,786.4,811.1,889.5,817.1,702.57,798.1,717.67,736.05,732.96,751.51,644.7,752.73,653.42,794.28,724.66,837.4,753.01,741.75,825.99,739.38,842.24,689.77,695.18,745.12,615.98,663.9,675.87,662.72,666.97,631.59,631.39,636.62,642.23,644.14,660.49,703.72,707.85,673.59,824.83,821.76,806.63,806.55,822.77,830.1,825.27,807,805.65,790.87,765.62,724.92,763.65,772.32,727.04,726.93,726.77,761.54,776.83,776.44,806.76,807.52,815.96,723.8,757.28,2.844,5.476,2.546,722.13,661.54,657.54,637.52,632.22,633.83,648.46,606.05,682.52,682.85,682.9,724.38,682.88,738.55,742.38,759.15,914.96
1242.1,0,1195.8,1215,1447.1,1324.4,1310,1395.7,1228.1,1280.3,1284.6,1309.3,1387.7,1315.3,1259.9,1296.3,1206.6,1197.8,1194.8,1231.9,1301.3,1234.9,1319.4,1217.7,1200,1305.9,1188.9,1150.5,1207.3,1200.3,1177,1187.4,1192.9,1148,1146.3,1172.5,1184.4,1217.4,1224.3,1268.2,1218.3,1190.3,1198.1,1179.8,1187.8,1202,1196.8,1158.6,1279.9,1283.6,1268.5,1268.3,1276.9,1328.3,1323.5,1305.2,1303.9,1289.1,1263.9,1223.2,1261.9,1270.6,1188.9,1188.8,1188.5,1226.6,1200.2,1157.7,1142.3,1142.3,1142.7,1126.7,1152.6,1171,1251.7,1178.4,1178.2,1289.9,1373.3,24.183,1298.2,1290.5,1165.2,1136.3,1180,1180.6,1180.6,1160.3,1158.2,1220.7,1222.8,1227.6,1370
668.46,1195.8,0,653.9,623.12,863.35,733.77,998.46,718.35,883.08,887.4,912.11,990.5,918.11,732.94,899.11,774.3,736.8,734.02,689.94,657.25,692.44,664.25,689.98,681.75,767.55,627.09,603.85,689.75,577.08,659.96,571.06,576.47,619.92,530.29,538.51,550.48,707.65,697.34,671.22,710.18,746.04,750.05,875.66,0.319,804.73,764.48,678.09,701.11,822.65,807.52,807.28,700.7,931.11,926.28,908,906.66,891.88,866.63,825.93,864.66,873.33,728.32,728,727.52,689.14,672.53,640.19,625.2,625.24,625.64,598.59,594.69,597.37,678.07,604.82,547.42,577,581.02,591.18,643.05,646.37,522.65,520.37,563.75,564.14,564.19,598.46,639.97,678.27,680.81,689.3,791.23
630.85,1215,653.9,0,632.36,700.08,618.02,843.55,717.4,728.17,732.5,757.2,835.6,763.2,749.2,744.2,645,573.53,570.75,631.99,687.17,635.16,691.22,626.47,608.76,702.65,576.43,549.65,620.14,539.89,587.46,542.56,548.14,559.21,507.98,528.77,540.74,706.7,713.6,709.05,708.15,660.12,693.13,660.02,645.93,649.83,635.18,583.72,587,659.38,644.25,644.01,584.94,776.2,771.38,753.1,751.75,736.98,711.72,671.02,709.75,718.43,565.05,564.73,564.25,623.61,609.02,570.59,552.77,552.74,552.34,537.89,545.08,559.75,640.45,567.2,535.88,565.72,589.49,610.43,670.02,676.29,509.45,498.06,536.6,535.82,535.69,547.81,566.98,620.98,622.86,624.41,677.13
617.08,1447.1,623.12,632.36,0,725.27,679.92,817.63,655.35,702.26,706.58,731.28,809.68,737.28,687.36,718.28,620.32,598.71,595.94,608.51,706.9,611.57,725.72,607.62,590.96,682.16,578.27,539.81,600.79,585.46,569.15,565.22,570.54,532.46,524.39,554.82,566.8,644.65,651.76,671.65,636.44,617.79,630.79,614.99,615.14,623.91,610.49,568.49,648.44,684.56,669.43,669.19,646.84,750.28,745.46,727.18,725.83,711.06,685.81,645.11,683.83,692.51,590.24,589.91,589.44,603.64,590.17,551.24,534.39,534.42,534.68,511.13,530.52,545.98,626.68,553.43,565.98,680.59,725.97,842.51,704.52,696.03,543.52,514.47,557.2,558.21,558.34,549.64,549.18,597.4,599.38,603.91,738.56
862.63,1324.4,863.35,700.08,725.27,0,33.784,13.144,729.42,20.742,21.088,9.932,13.28,10.628,753.39,11.472,913.69,31.402,30.882,849.93,718.05,851.31,730.96,862.3,826.42,930.77,784.11,759.74,863.94,746.59,833.3,761.3,767.32,797.96,740.75,754.42,766.4,718.72,717.79,699.76,741.03,792.61,756.67,834.9,855.38,17.866,903.87,824.99,28.492,8.966,7.756,2.243,28.492,7.756,8.142,9.604,9.712,10.894,12.914,16.17,19.268,13.45,29.918,29.918,29.918,853.8,844.86,814.39,798.39,798.57,799.97,776.64,774.53,791.53,872.23,798.98,756.97,720.9,709.3,719.79,709.76,707.18,731.62,730.82,758.93,754.99,754.42,755.48,784.64,837.13,840.81,852.52,42.912
855.85,1310,733.77,618.02,679.92,33.784,0,35.588,637.47,50.784,51.476,29.164,35.86,30.556,664.23,32.244,774.87,81.404,80.364,793.07,650.91,793.11,667.89,837.12,750.18,883.96,751.91,718.29,852.65,725.52,824.37,757.16,763.36,790.16,745.62,758.64,770.62,626.77,628.63,618.27,619.82,665.65,626.94,709.22,725.8,45.032,765.05,701.2,7.926,7.926,9.136,24.812,1.323,24.812,25.584,28.508,28.724,31.088,35.128,41.64,47.836,36.2,78.436,78.436,78.436,807.81,819.67,803.11,789.11,789.65,794.41,768.84,769.07,784.75,865.45,792.2,756.89,716.51,690.43,705.41,646.69,640.04,736.09,735.69,756.66,751.03,750.28,723.29,708.4,778.93,783.95,805.71,15.136
897.45,1395.7,998.45,843.55,817.63,13.144,35.588,0,885.91,9.187,9.36,3.782,5.456,4.13,911.37,4.552,1053.4,13.333,13.073,926.95,851.76,932.29,858.77,912.87,924.03,992.35,849.46,844.36,910.11,794.76,880.4,794.72,800.21,836.24,768.05,773.88,785.85,875.21,875.77,854.78,883.08,918.47,905.86,968.05,990.48,7.749,1043.6,957.2,30.296,9.868,8.658,8.658,30.296,2.694,2.887,3.618,3.672,4.263,5.273,6.901,8.45,5.541,12.591,12.591,12.591,913.31,895.42,860.56,845.57,845.67,846.08,814.91,821.06,826.35,907.05,833.8,781.2,781.72,781.78,791.12,837.57,840.89,761.23,758.13,788.22,787.88,787.84,820.84,882.26,918.12,917.83,914.1,44.716
673.42,1228.1,718.35,717.4,655.34,729.42,637.47,885.91,0,770.53,774.86,799.56,877.96,805.56,874.54,786.56,683.75,602.85,599.75,660.24,710.15,662.05,714.2,681.23,640.27,743.3,605.64,578.07,685.32,566.71,655.82,570.11,575.43,620.62,526.74,537.61,549.58,0.428,838.94,763.52,747.93,709.06,843.45,742.48,710.38,692.18,673.93,617.08,605.63,688.55,673.43,673.35,604.39,818.56,813.73,795.46,794.11,779.33,754.08,713.38,752.11,760.78,593.84,593.73,593.57,665.84,663.78,635.77,620.77,621.1,623.05,599.3,597.21,602.32,683.02,609.77,548.45,584.49,604.07,623.5,693,699.27,520.54,516.81,562.11,563.1,563.23,577.02,598.49,647.87,651.12,665.05,695.75
782.07,1280.3,883.08,728.17,702.26,20.742,50.784,9.187,770.53,0,1.647,5.733,8.869,5.973,795.99,5.213,938.04,10.615,10.355,811.57,736.39,816.92,743.39,797.49,808.66,876.98,734.08,728.98,794.74,679.39,765.02,679.34,684.83,720.86,652.68,658.5,670.48,759.83,760.39,739.41,767.7,803.09,790.48,852.68,875.11,3.134,928.21,841.82,45.492,17.466,16.256,16.256,45.492,6.493,6.3,5.569,5.515,4.924,3.914,2.286,0.737,4.182,9.873,9.873,9.873,797.93,780.04,745.19,730.19,730.3,730.7,699.54,705.68,710.97,791.67,718.42,665.83,666.35,666.41,675.75,722.19,725.51,645.86,642.75,672.84,672.51,672.47,705.46,766.88,802.75,802.45,798.73,59.912
786.4,1284.6,887.4,732.5,706.58,21.088,51.476,9.36,774.86,1.647,0,5.906,9.042,6.146,800.32,5.386,942.36,10.961,10.701,815.9,740.71,821.25,747.72,801.82,812.98,881.3,738.41,733.31,799.06,683.71,769.35,683.67,689.16,725.19,657,662.83,674.8,764.16,764.72,743.73,772.03,807.42,794.81,857.01,879.43,3.307,932.54,846.15,46.184,17.812,16.602,16.602,46.184,6.666,6.473,5.742,5.688,5.097,4.087,2.459,0.91,4.355,10.219,10.219,10.219,802.26,784.37,749.51,734.52,734.62,735.03,703.86,710,715.3,796,722.75,670.15,670.67,670.74,680.07,726.52,729.84,650.18,647.08,677.17,676.83,676.79,709.78,771.21,807.07,806.77,803.05,60.604
811.1,1309.3,912.11,757.2,731.28,9.932,29.164,3.782,799.56,5.733,5.906,0,3.464,0.676,825.02,1.098,967.06,6.425,6.165,840.6,765.41,845.94,772.42,826.52,837.68,906,763.11,758.01,823.76,708.41,794.05,708.37,713.86,749.89,681.7,687.53,699.5,788.86,789.42,768.43,796.73,832.12,819.51,881.71,904.13,4.295,957.24,870.85,23.872,6.656,5.446,5.446,23.872,1.088,0.895,0.164,0.218,0.809,1.819,3.447,4.996,2.087,5.683,5.683,5.683,826.96,809.07,774.21,759.22,759.32,759.73,728.56,734.71,740,820.7,747.45,694.85,695.37,695.43,704.77,751.22,754.54,674.88,671.78,701.86,701.53,701.49,734.49,795.91,831.77,831.48,827.75,38.292
889.5,1387.7,990.5,835.6,809.68,13.28,35.86,5.456,877.96,8.869,9.042,3.464,0,3.812,903.42,4.234,1045.5,12.697,12.437,919,843.81,924.34,850.82,904.92,916.08,984.4,841.51,836.41,902.16,786.82,872.45,786.76,792.26,828.29,760.1,765.93,777.9,867.26,867.82,846.83,875.13,910.52,897.91,960.11,982.53,7.431,1035.6,949.25,30.568,10.004,8.794,8.794,30.568,2.762,2.569,3.3,3.354,3.945,4.955,6.583,8.132,5.223,11.955,11.955,11.955,905.36,887.47,852.61,837.62,837.72,838.13,806.96,813.11,818.4,899.1,825.85,773.25,773.77,773.84,783.17,829.62,832.94,753.28,750.18,780.27,779.93,779.89,812.89,874.31,910.17,909.88,906.15,44.988
817.1,1315.3,918.11,763.2,737.28,10.628,30.556,4.13,805.56,5.973,6.146,0.676,3.812,0,831.02,1.338,973.06,6.905,6.645,846.6,771.41,851.95,778.42,832.52,843.68,912,769.11,764.01,829.76,714.41,800.05,714.37,719.86,755.89,687.7,693.53,705.5,794.86,795.42,774.43,802.73,838.12,825.51,887.71,910.13,4.535,963.24,876.85,25.264,7.352,6.142,6.142,25.264,1.436,1.243,0.512,0.458,1.049,2.059,3.687,5.236,2.327,6.163,6.163,6.163,832.96,815.07,780.21,765.22,765.32,765.73,734.56,740.71,746,826.7,753.45,700.85,701.37,701.43,710.77,757.22,760.54,680.88,677.78,707.86,707.53,707.49,740.49,801.91,837.77,837.48,833.75,39.684
702.57,1259.9,732.94,749.2,687.36,753.39,664.23,911.37,874.54,795.99,800.32,825.02,903.42,831.02,0,812.02,708.78,626.81,623.72,689.4,742.16,692.38,746.21,701.04,666.33,766.35,633.89,607.53,702.68,595.86,673.12,597.95,603.44,644.3,562.42,572.54,584.52,863.84,1.424,831.23,766.93,727.26,825.54,754.65,724.97,717.64,698.95,641.28,632.39,712.52,697.39,697.31,631.15,844.02,839.19,820.92,819.57,804.79,779.54,738.84,777.57,786.24,617.8,617.7,617.54,688.9,683.59,653.13,638.14,638.39,640.11,622.98,621.86,631.47,712.17,638.92,580.97,617.15,638.31,655.28,725.01,731.28,555.87,552.49,591.45,591.11,591.07,605.26,624.55,678.21,680.27,688.1,722.51
798.1,1296.3,899.11,744.2,718.28,11.472,32.244,4.552,786.56,5.213,5.386,1.098,4.234,1.338,812.02,0,954.06,5.385,5.125,827.6,752.41,832.95,759.42,813.52,824.68,893,750.11,745.01,810.76,695.42,781.05,695.36,700.86,736.89,668.7,674.53,686.5,775.86,776.42,755.43,783.73,819.12,806.51,868.71,891.13,3.775,944.24,857.85,26.952,8.196,6.986,6.986,26.952,1.858,1.665,0.934,0.88,0.289,1.299,2.927,4.476,1.567,4.643,4.643,4.643,813.96,796.07,761.21,746.22,746.32,746.73,715.56,721.7,727,807.7,734.45,681.85,682.37,682.44,691.77,738.22,741.54,661.88,658.78,688.87,688.53,688.49,721.49,782.91,818.77,818.48,814.75,41.372
717.67,1206.6,774.31,645,620.32,913.69,774.87,1053.4,683.75,938.04,942.36,967.06,1045.5,973.06,708.78,954.06,0,787.14,784.36,742.06,654.45,746.23,661.45,727.04,749.34,810.69,661.41,670.06,723.4,606.72,692.86,606.75,612.42,646.85,582.22,598.37,610.35,673.05,673.18,655.72,677.39,713,697.24,743.91,766.33,859.69,0.393,813.55,742.21,872.99,857.86,857.62,741.8,986.06,981.24,962.96,961.61,946.84,921.59,880.89,919.61,928.29,778.66,778.34,777.86,730.91,709.59,673.85,658.17,658.14,657.74,625.52,640.37,646.57,727.27,654.02,602.83,588.81,589.43,602.02,640.25,643.57,584.13,572.29,601.75,600.1,599.88,632.79,707.57,732.05,732.94,732.44,832.34
736.05,1197.8,736.8,573.53,598.71,31.402,81.404,13.333,602.85,10.615,10.961,6.425,12.697,6.905,626.81,5.385,787.14,0,2.733,723.38,591.5,724.75,604.4,735.77,699.86,804.22,657.53,633.16,737.39,620.04,706.74,634.76,640.78,671.41,614.17,627.91,639.88,592.15,591.21,573.2,614.45,666.03,630.09,708.35,728.82,7.739,777.31,698.44,70.82,24.85,22.43,22.43,70.82,7.945,7.559,6.097,5.989,4.807,2.787,6.043,9.141,2.251,2.251,2.251,0.371,727.24,718.32,687.84,671.83,672.01,673.42,650.08,647.95,664.95,745.65,672.4,630.47,594.32,582.75,593.24,583.2,580.62,605.04,604.24,632.38,628.46,627.88,628.91,658.08,710.58,714.25,725.97,99.66
732.96,1194.8,734.02,570.75,595.94,30.882,80.364,13.073,599.75,10.355,10.701,6.165,12.437,6.645,623.72,5.125,784.36,2.733,0,720.61,588.72,721.98,601.63,733.31,697.05,801.44,654.44,630.07,734.61,617.12,703.82,632.31,638.32,668.63,611.08,625.77,637.75,589.05,588.12,570.43,611.36,662.94,627,705.57,726.05,7.479,774.54,695.66,69.78,24.33,21.91,21.91,69.78,7.685,7.299,5.837,5.729,4.547,2.527,5.783,8.881,1.991,1.991,0.241,1.991,724.23,715.87,685.06,668.85,669.1,670.64,647.31,644.86,661.86,742.56,669.31,628.35,591.23,579.97,590.22,580.43,577.85,601.95,601.15,629.29,626,625.43,625.81,655.28,707.8,711.48,723.19,98.62
751.51,1231.9,689.94,631.99,608.51,849.93,793.07,926.95,660.24,811.57,815.9,840.6,919,846.6,689.4,827.6,742.06,723.38,720.61,0,640.75,919.44,648.49,827.56,860.26,953.2,679.12,725.69,801.04,613.99,717.82,585.29,590.61,652.97,551.27,588.96,600.94,649.54,653.8,635.71,641.99,670.24,649.32,663.43,681.96,733.22,732.23,726.72,762.06,809.23,794.1,793.86,760,859.6,854.77,836.5,835.15,820.38,795.12,754.42,793.15,801.83,714.9,714.58,714.1,868.86,810.11,751.49,731.2,683.09,678.67,631.64,691.61,680.41,761.11,687.86,632.99,579.11,601.87,627.35,627.29,629.87,576.28,541.34,577.27,578.28,578.41,650.49,818.49,905.27,0.365,874.95,852.18
644.7,1301.3,657.25,687.17,706.9,718.05,650.91,851.76,710.15,736.39,740.71,765.41,843.81,771.41,742.16,752.41,654.45,591.5,588.72,640.75,0,644.32,779.05,638.29,627.67,712.44,600.57,573.04,631.59,586.39,598.21,572.79,578.19,570.68,532.88,555.61,567.58,699.45,706.56,741.96,691.24,662.26,685.59,659.45,649.27,658.04,644.62,602.63,618.93,677.35,662.22,661.98,617.84,784.41,779.59,761.31,759.96,745.19,719.94,679.24,717.96,726.64,583.02,582.7,582.22,633.4,620.84,582.04,563.52,563.48,563.08,549.36,558.14,573.61,654.3,581.05,564.78,637.2,682.58,696.76,757.85,0.435,542.98,522.96,565,565.87,565.91,571.95,585.9,630.15,631.62,634.19,709.05
752.73,1234.9,692.44,635.16,611.57,851.31,793.11,932.3,662.05,816.92,821.25,845.95,924.34,851.94,692.38,832.95,746.23,724.75,721.98,919.44,644.32,0,652.07,825.83,872.1,951.47,681.51,728.46,799.3,616.39,719.62,588.86,594.18,655.36,556.02,591.95,603.93,651.35,656.78,639.55,645.61,674.11,651.45,665.94,684.47,738.57,736.4,731.58,762.09,810.6,795.48,795.23,760.03,864.95,860.12,841.85,840.5,825.72,800.47,759.77,798.49,807.17,716.28,715.95,715.48,867.12,808.38,749.75,729.47,684.9,680.47,634.04,692.24,681.62,762.32,689.07,634.2,582.69,605.45,630.34,630.87,633.45,579.27,546.1,580.84,581.86,581.99,652.89,830.32,0.567,910.32,873.22,852.22
653.42,1319.4,664.25,691.22,725.72,730.96,667.89,858.77,714.2,743.39,747.72,772.42,850.82,778.42,746.21,759.42,661.45,604.4,601.63,648.49,779.05,652.07,0,648.25,634.67,720.89,610.59,580.78,641.55,598.56,608.16,584.2,589.52,579.46,545.86,569.13,581.11,703.5,710.61,743.79,695.29,667.78,689.64,664.98,656.27,665.04,651.63,609.63,635.53,690.25,675.13,674.89,634.82,791.42,786.59,768.32,766.97,752.19,726.94,686.24,724.97,733.64,595.93,595.61,595.13,642.29,630.8,592,573.48,573.44,573.04,558.14,566.86,582.32,663.02,589.77,577.69,655.27,700.66,714.84,0.848,768.17,556.2,535.93,576.2,577.2,577.33,581.96,592.9,637.89,639.37,642.64,725.65
794.28,1217.7,689.98,626.47,607.62,862.3,837.12,912.87,681.23,797.49,801.82,826.52,904.92,832.52,701.04,813.52,727.04,735.77,733.32,827.56,638.29,825.83,648.25,0,766.65,933.79,706.95,736.43,911.3,647.41,766.88,609.33,614.56,695.24,556.36,611.01,622.99,670.53,665.44,626.29,630.11,647.07,658.22,661.53,682,719.14,717.22,695.88,804.71,821.76,806.63,806.23,804.05,845.52,840.69,822.42,821.07,806.29,781.04,740.34,779.07,787.74,727.79,727.29,726.5,861.63,0.698,861.75,841.46,732.16,725.32,673.91,745.58,723.18,803.88,730.63,670.07,602.27,623.54,613.09,627.05,627.42,598.39,546.43,600.58,602.23,602.45,678.33,724.87,811.65,818.44,855.54,894.84
724.66,1200,681.75,608.76,590.96,826.42,750.18,924.03,640.27,808.66,812.98,837.68,916.08,843.68,666.33,824.68,749.34,699.86,697.05,860.26,627.67,872.1,634.67,766.65,0,892.29,671.32,715.37,740.12,606.2,702.84,587.64,593.05,641.48,547.53,586.27,598.25,629.57,630.73,626.34,626.71,651.54,635.8,653.82,673.77,730.31,739.52,754.48,718.34,785.71,770.58,770.34,717.1,856.68,851.86,833.58,832.23,817.46,792.21,751.51,790.23,798.91,691.13,691.03,690.58,807.94,749.2,690.57,670.29,668.11,663.93,620.15,663.24,653.56,734.26,661.01,607.61,582.32,590.38,595.38,613.47,616.79,576,537.61,580.04,580.72,580.77,642.7,1.671,857.92,851.14,814.04,808.47
837.4,1305.9,767.55,702.65,682.16,930.77,883.96,992.35,743.3,876.98,881.3,906,984.4,912,766.35,893,810.7,804.22,801.44,953.2,712.44,951.47,720.89,933.79,892.29,0,760.7,804.34,907.26,695.58,804.68,662.48,667.8,736.61,622,667.33,679.3,732.6,730.75,702.33,710.65,736.1,728.27,739.62,759.58,798.63,800.87,790.03,852.36,890.07,874.94,874.7,850.89,925,920.18,901.9,900.55,885.78,860.53,819.83,858.55,867.23,795.74,795.42,794.94,975.08,916.34,857.71,837.42,769.96,765.54,715.28,782.4,766.3,847,773.75,717.67,656.3,678.49,701.29,699.69,701.57,652.59,612.08,654.46,655.47,655.61,732.08,850.51,937.29,944.08,3.13,942.48
753.01,1188.9,627.09,576.43,578.27,784.11,751.91,849.46,605.64,734.08,738.41,763.11,841.51,769.11,633.89,750.11,661.41,657.53,654.44,679.12,600.57,681.51,610.59,706.96,671.32,760.7,0,659.61,721.57,637.02,698.55,607.36,612.68,637.79,559.62,616.13,628.11,594.94,598.29,588.64,584.86,596.2,592.26,601.21,619.11,655.74,651.59,631.92,720.36,743.24,728.11,728.03,718.84,782.11,777.28,759.01,757.66,742.88,717.64,676.93,715.66,724.33,648.52,648.42,648.26,684.31,689.5,672.02,663.86,663.83,663.4,616.46,672.78,681.91,762.61,689.36,649.34,601.96,605.7,584.37,589.39,589.7,603.86,549.69,599.36,600.35,600.48,1.145,629.55,667.34,669.99,682.45,810.49
741.75,1150.5,603.85,549.65,539.81,759.74,718.29,844.36,578.07,728.98,733.31,758.01,836.41,764.01,607.53,745.01,670.06,633.16,630.07,725.69,573.04,728.46,580.78,736.43,715.37,804.34,659.61,0,743.33,591.01,713.35,564.37,569.69,643.29,518.14,573.81,585.79,567.37,571.93,568.15,561.8,579.39,566.51,577.39,595.88,650.63,660.24,656.87,686.88,718.87,703.75,703.67,685.21,777.01,772.18,753.91,752.56,737.78,712.53,671.83,710.56,719.23,624.16,624.05,623.89,726.31,718.98,693.78,679.16,678.62,672.12,621.97,696.22,670.65,751.35,678.1,612.37,558.97,562.71,545.92,559.58,562.16,560.87,508.21,556.37,557.36,557.49,630.98,673.6,714.29,716.56,726.09,777
825.99,1207.3,689.75,620.14,600.79,863.94,852.65,910.11,685.32,794.74,799.06,823.76,902.16,829.76,702.68,810.76,723.4,737.39,734.61,801.04,631.59,799.3,641.55,911.3,740.12,907.26,721.57,743.33,0,669.73,796.67,636.34,641.66,725.78,575.11,630.57,642.55,674.62,667.08,620.11,622.74,635.88,659.95,661.29,681.77,716.39,713.57,677.95,823.29,823.24,808.11,807.87,819.58,842.76,837.94,819.66,818.31,803.54,778.29,737.59,776.31,784.99,728.91,728.59,728.11,835.11,893.85,1.982,932.19,761.95,754.87,704.45,782.18,754.89,835.59,762.34,694.95,627.86,632.35,602.7,620.35,620.72,620.75,565.19,628.34,629.33,629.47,692.94,698.35,785.13,791.91,829.01,913.41
739.38,1200.3,577.08,539.89,585.46,746.59,725.52,794.76,566.71,679.39,683.71,708.41,786.82,714.41,595.86,695.42,606.72,620.04,617.12,613.99,586.39,616.39,598.56,647.41,606.2,695.58,637.02,591.01,669.73,0,661.09,689,693.43,600.85,648.97,716.73,728.7,556.01,560.26,569.17,545.82,545.97,549.14,549.95,569.1,601.04,596.89,567.44,693.68,705.89,690.76,690.52,692.44,727.42,722.59,704.32,702.96,688.19,662.94,622.24,660.97,669.64,611.21,611.1,610.76,619.18,629.96,620.18,626.04,626.36,629.82,579.52,637.16,668.28,748.98,675.73,688.38,660.82,636.16,595.77,577.36,575.51,746.19,639.04,673.5,681.11,682.12,608.39,564.42,602.21,604.87,617.33,783.8
842.24,1177,659.96,587.46,569.15,833.3,824.37,880.4,655.82,765.02,769.35,794.05,872.45,800.05,673.12,781.05,692.86,706.74,703.82,717.82,598.21,719.62,608.16,766.88,702.84,804.68,698.55,713.35,796.67,661.09,0,627.16,632.74,747.99,555.06,621.21,633.19,645.12,637.51,587.36,590.47,602.72,630.42,631.51,651.99,686.67,683.04,644.5,795.01,792.59,777.46,777.22,791.3,813.05,808.22,789.95,788.6,773.82,748.57,707.87,746.6,755.27,697.91,697.8,697.46,729.35,749.43,747.12,770.88,1.389,762.46,726.66,817.53,771.14,851.84,778.59,692.66,607,604.47,572.46,586.96,587.33,606.69,545.14,621.05,620.41,620.28,669.93,661.06,705.45,708.69,726.43,885.13
689.77,1187.4,571.06,542.56,565.22,761.3,757.16,794.72,570.11,679.34,683.66,708.37,786.77,714.37,597.94,695.36,606.75,634.76,632.31,585.29,572.79,588.86,584.2,609.33,587.64,662.48,607.36,564.37,636.34,689,627.16,0,727.31,554.01,680.5,748.26,760.23,559.41,562.35,556.39,547.08,544.15,544.08,545.98,563.09,600.99,596.93,552.24,727.13,720.75,705.62,705.22,724.08,727.37,722.54,704.26,702.91,688.14,662.89,622.19,660.91,669.59,626.69,626.28,625.49,585.55,591.88,586.79,592.11,592.43,596.05,532.68,581.97,618.67,699.37,626.12,719.91,616.21,607.01,582.87,563,561.91,777.72,670.57,707.37,714.99,0.275,578.73,545.87,574.69,576.17,584.23,817.25
695.18,1192.9,576.47,548.14,570.54,767.32,763.36,800.21,575.43,684.83,689.16,713.86,792.26,719.86,603.44,700.86,612.42,640.78,638.32,590.61,578.19,594.18,589.52,614.56,593.05,667.8,612.68,569.69,641.66,693.43,632.74,727.31,0,559.33,686.87,754.63,766.6,564.73,567.84,561.89,552.58,549.64,549.49,551.38,568.49,606.48,602.6,557.56,733.41,726.77,711.65,711.24,730.28,732.86,728.03,709.76,708.41,693.63,668.38,627.68,666.41,675.08,632.62,632.3,631.51,590.87,597.11,592.11,597.69,598.01,601.63,538,587.29,624.08,704.78,631.53,726.28,621.62,612.41,588.33,568.32,567.32,784.09,676.94,713.84,0.493,720.44,584.05,551.27,580.01,581.48,589.55,823.54
745.12,1148,619.92,559.21,532.46,797.96,790.16,836.24,620.62,720.86,725.19,749.89,828.29,755.89,644.3,736.89,646.85,671.41,668.63,652.97,570.68,655.36,579.46,695.24,641.48,736.61,637.79,643.29,725.77,600.85,747.99,554.01,559.33,0,482.96,534.76,546.74,609.92,608.7,559.25,560.16,569.03,592.86,593.47,611.94,642.51,637.02,591.84,760.58,757.26,742.13,741.89,757.09,768.89,764.06,745.79,744.44,729.66,704.41,663.71,702.44,711.11,662.72,662.61,662.13,660.74,677.79,676.23,712.51,713.26,835.18,0.853,825.27,674.02,754.72,681.47,595.54,538.02,552.53,543.42,558.26,559.81,521.67,473.03,546.01,547,547.13,609.16,599.7,641.19,643.84,658.36,850.7
615.98,1146.3,530.29,507.98,524.39,740.75,745.62,768.05,526.74,652.68,657,681.7,760.1,687.7,562.42,668.7,582.22,614.17,611.08,551.27,532.88,556.02,545.86,556.36,547.53,622,559.62,518.14,575.11,648.97,555.06,680.5,686.87,482.96,0,652.21,664.18,516.04,526.82,512.47,508.7,509.32,499.72,501.94,522.32,574.33,572.39,522.59,719.44,699.88,684.75,684.67,712.54,700.7,695.88,677.6,676.25,661.48,636.23,595.53,634.25,642.93,605.16,605.05,604.89,544.02,538.91,525.56,520.01,520.34,523.96,461.63,512.96,544.88,625.58,552.33,623.86,565.97,562.06,541.68,524.66,522.01,804.12,0.397,802.77,674.54,673.62,530.99,505.76,541.85,542.14,543.75,809.56
663.9,1172.5,538.51,528.77,554.82,754.42,758.64,773.88,537.61,658.5,662.83,687.53,765.93,693.53,572.54,674.53,598.37,627.91,625.77,588.96,555.61,591.95,569.13,611.01,586.27,667.33,616.13,573.81,630.57,716.73,621.21,748.26,754.63,534.76,652.21,0,0.479,526.91,536.94,535.19,528.71,526.95,509.8,511.83,530.53,580.15,588.55,550.14,730.92,714.04,698.92,698.35,725.57,706.53,701.7,683.43,682.08,667.3,642.05,601.35,640.08,648.75,620.39,619.75,618.63,590.4,593.56,581.02,586.09,586.49,590.91,513.44,559.66,592.8,673.5,600.25,678.07,612.38,596.18,567.88,547.93,544.73,676.85,642.28,749.26,742.3,741.38,587.51,544.5,577.77,579.84,589.08,821.05
675.87,1184.4,550.48,540.74,566.8,766.4,770.62,785.85,549.58,670.48,674.8,699.5,777.9,705.5,584.52,686.5,610.35,639.88,637.75,600.94,567.58,603.93,581.11,622.99,598.25,679.3,628.11,585.79,642.55,728.7,633.19,760.23,766.6,546.74,664.18,0.479,0,538.88,548.92,547.17,540.69,538.92,521.78,523.81,542.5,592.13,600.52,562.12,742.9,726.02,710.89,710.32,737.54,718.5,713.68,695.4,694.05,679.28,654.03,613.33,652.05,660.73,632.36,631.72,630.61,602.38,605.54,593,598.07,598.46,602.89,525.41,571.64,604.77,685.47,612.22,690.05,624.36,608.15,579.85,559.91,556.71,688.83,654.26,761.23,754.28,753.36,599.48,556.47,589.75,591.82,601.05,833.02
662.72,1217.4,707.65,706.7,644.64,718.72,626.77,875.21,0.428,759.83,764.16,788.86,867.26,794.86,863.84,775.86,673.05,592.15,589.05,649.54,699.45,651.35,703.5,670.53,629.57,732.6,594.94,567.37,674.62,556.01,645.12,559.41,564.73,609.92,516.04,526.91,538.88,0,828.24,752.82,737.23,698.36,832.75,731.78,699.68,681.48,663.23,606.38,594.93,677.85,662.73,662.65,593.69,807.86,803.03,784.76,783.41,768.63,743.38,702.68,741.41,750.08,583.14,583.03,582.87,655.14,653.08,625.07,610.07,610.4,612.34,588.6,586.51,591.62,672.32,599.07,537.75,573.79,593.37,612.8,682.3,688.57,509.84,506.11,551.41,552.4,552.53,566.32,587.79,637.17,640.42,654.35,685.05
666.97,1224.3,697.34,713.6,651.76,717.79,628.63,875.77,838.94,760.39,764.72,789.42,867.82,795.42,1.424,776.42,673.18,591.21,588.12,653.8,706.56,656.78,710.61,665.44,630.73,730.75,598.29,571.93,667.08,560.26,637.51,562.35,567.84,608.7,526.82,536.94,548.92,828.24,0,795.63,731.34,691.66,789.94,719.04,689.37,682.04,663.35,605.68,596.79,676.92,661.8,661.71,595.55,808.42,803.59,785.32,783.97,769.19,743.94,703.24,741.97,750.64,582.2,582.1,581.94,653.3,647.99,617.53,602.54,602.79,604.51,587.38,586.26,595.87,676.57,603.32,545.37,581.55,602.71,619.68,689.41,695.68,520.27,516.89,555.85,555.51,555.47,569.66,588.95,642.61,644.67,652.5,686.91
631.59,1268.2,671.22,709.05,671.65,699.76,618.27,854.78,763.52,739.41,743.73,768.43,846.83,774.43,831.23,755.43,655.72,573.2,570.43,635.71,741.96,639.55,743.8,626.29,626.34,702.33,588.64,568.15,620.11,569.17,587.36,556.39,561.89,559.25,512.47,535.19,547.17,752.82,795.63,0,707.32,668.66,714.53,680.51,663.24,661.06,645.89,601.29,587.26,659.05,643.93,643.68,585.2,787.43,782.61,764.33,762.98,748.21,722.96,682.26,720.98,729.66,564.73,564.4,563.93,623.29,608.84,570.56,552.67,552.63,552.23,537.92,545.05,560.49,641.19,567.94,544.61,604.06,649.45,663.63,722.6,731.08,522.56,502.54,549.89,549.56,549.52,560.01,584.56,625.38,626.58,624.08,677.38
631.39,1218.3,710.18,708.15,636.44,741.03,619.82,883.08,747.93,767.7,772.03,796.73,875.13,802.73,766.93,783.73,677.39,614.45,611.36,641.99,691.24,645.61,695.29,630.11,626.71,710.65,584.86,561.8,622.74,545.82,590.47,547.08,552.58,560.16,508.7,528.71,540.69,737.23,731.34,707.32,0,693.02,734.51,721.55,702.2,689.35,667.57,609.1,587.98,700.16,685.04,684.96,586.74,815.73,810.9,792.63,791.28,776.5,751.25,710.55,749.28,757.95,605.45,605.34,605.18,631.29,612.66,573.19,555.79,555.75,555.08,538.84,546.38,560.29,640.99,567.74,535.59,572.38,596.15,613.69,674.09,680.37,513.28,498.78,540.58,540.25,540.21,556.23,584.93,631.43,632.87,632.4,678.1
636.62,1190.3,746.04,660.11,617.79,792.61,665.65,918.47,709.06,803.09,807.42,832.12,910.52,838.12,727.26,819.12,713,666.03,662.94,670.24,662.26,674.11,667.78,647.07,651.54,736.1,596.2,579.39,635.88,545.98,602.72,544.15,549.64,569.03,509.32,526.95,538.92,698.36,691.66,668.66,693.02,0,723.73,736.85,738.06,724.74,703.18,641.37,633.4,751.74,736.62,736.54,632.57,851.12,846.29,828.02,826.67,811.89,786.64,745.94,784.67,793.34,657.03,656.92,656.76,656.27,629.62,586.33,568.1,568,566.79,547.71,560.94,565.52,646.22,572.97,531.83,562.33,570.26,585.75,646.58,651.38,515.75,499.4,537.65,537.32,537.28,567.57,609.77,659.94,661.11,657.85,723.52
642.23,1198.1,750.05,693.13,630.79,756.67,626.94,905.86,843.45,790.48,794.81,819.51,897.91,825.51,825.54,806.51,697.24,630.09,627,649.32,685.59,651.45,689.64,658.22,635.8,728.27,592.26,566.51,659.95,549.14,630.42,544.08,549.49,592.86,499.72,509.8,521.78,832.75,789.94,714.53,734.51,723.73,0,781.71,742.07,712.13,687.41,621.55,594.28,715.8,700.67,700.59,593.87,838.51,833.68,815.41,814.06,799.28,774.03,733.33,772.06,780.73,621.08,620.98,620.82,650.82,640.78,610.4,595.59,595.69,596.76,571.54,566.73,571.13,651.83,578.58,519.57,560.06,579.51,593.57,668.44,674.71,492.14,489.8,536.83,537.16,537.21,563.64,594.03,637.28,640.19,650.02,684.4
644.14,1179.8,875.66,660.02,614.99,834.9,709.22,968.05,742.48,852.68,857,881.71,960.11,887.71,754.64,868.71,743.91,708.35,705.57,663.43,659.45,665.94,664.98,661.53,653.81,739.62,601.21,577.39,661.29,549.95,631.51,545.98,551.38,593.47,501.94,511.83,523.81,731.78,719.04,680.51,721.55,736.85,781.71,0,867.69,774.33,734.08,647.69,676.56,794.2,779.07,778.83,676.15,900.71,895.88,877.6,876.25,861.48,836.23,795.53,834.25,842.93,699.87,699.55,699.07,661.18,644.08,611.75,596.75,596.79,597.19,572.14,567.48,573.04,653.74,580.49,520.92,554.92,565.56,575.19,643.78,648.58,495.53,492.01,538.73,539.06,539.1,572.59,612.04,651.77,654.31,661.37,766.68
660.49,1187.8,0.319,645.93,615.14,855.38,725.8,990.48,710.38,875.11,879.43,904.13,982.53,910.13,724.97,891.13,766.33,728.82,726.05,681.96,649.27,684.47,656.27,682,673.77,759.58,619.11,595.88,681.77,569.1,651.99,563.09,568.49,611.94,522.31,530.53,542.5,699.68,689.37,663.24,702.2,738.06,742.07,867.69,0,796.76,756.51,670.12,693.13,814.67,799.55,799.3,692.72,923.13,918.31,900.03,898.68,883.9,858.66,817.95,856.68,865.36,720.35,720.02,719.55,681.17,664.55,632.22,617.23,617.26,617.66,590.62,586.72,589.39,670.09,596.84,539.45,569.02,573.04,583.21,635.07,638.4,514.68,512.39,555.78,556.17,556.21,590.49,632,670.29,672.84,681.33,783.26
703.72,1202,804.73,649.82,623.91,17.866,45.032,7.749,692.18,3.134,3.307,4.295,7.431,4.535,717.64,3.775,859.69,7.739,7.479,733.23,658.04,738.57,665.04,719.14,730.31,798.63,655.74,650.63,716.39,601.04,686.67,600.99,606.48,642.51,574.33,580.15,592.13,681.48,682.04,661.06,689.35,724.74,712.13,774.33,796.75,0,849.86,763.47,39.74,14.59,13.38,13.38,39.74,5.055,4.862,4.131,4.077,3.486,2.476,0.848,2.397,2.744,6.997,6.997,6.997,719.58,701.69,666.84,651.84,651.95,652.35,621.19,627.33,632.62,713.32,640.07,587.48,588,588.06,597.4,643.84,647.16,567.51,564.4,594.49,594.16,594.11,627.11,688.53,724.4,724.1,720.38,54.16
707.85,1196.8,764.48,635.18,610.49,903.87,765.05,1043.6,673.93,928.21,932.54,957.24,1035.6,963.24,698.95,944.24,0.393,777.31,774.54,732.24,644.62,736.4,651.63,717.22,739.52,800.87,651.59,660.24,713.57,596.89,683.04,596.93,602.6,637.02,572.39,588.55,600.52,663.23,663.35,645.89,667.57,703.18,687.41,734.08,756.5,849.86,0,803.72,732.39,863.16,848.04,847.79,731.97,976.24,971.41,953.14,951.79,937.01,911.76,871.06,909.79,918.46,768.84,768.51,768.04,721.08,699.77,664.02,648.35,648.31,647.91,615.69,630.54,636.75,717.45,644.2,593.01,578.98,579.6,592.2,630.43,633.75,574.31,562.47,591.93,590.27,590.05,622.96,697.74,722.23,723.11,722.62,822.51
673.59,1158.6,678.09,583.72,568.49,824.99,701.2,957.2,617.08,841.82,846.15,870.85,949.25,876.85,641.28,857.85,813.55,698.44,695.66,726.72,602.63,731.58,609.63,695.88,754.48,790.03,631.92,656.87,677.95,567.44,644.5,552.24,557.56,591.84,522.59,550.14,562.12,606.38,605.68,601.29,609.1,641.37,621.55,647.69,670.12,763.47,803.72,0,668.53,784.28,769.16,768.92,668.12,889.85,885.02,866.75,865.4,850.62,825.37,784.67,823.4,832.07,689.96,689.64,689.16,710.15,678.43,628.4,609.88,609.77,608.57,570.51,609.73,602.49,683.19,609.94,556.54,548.91,546.04,554.04,588.43,591.75,537.62,512.67,544.24,545.23,545.36,603.29,712.71,717.41,717.59,711.78,758.66
824.83,1279.9,701.11,587,648.44,28.492,7.926,30.296,605.63,45.492,46.184,23.872,30.568,25.264,632.39,26.952,742.21,70.82,69.78,762.06,618.93,762.09,635.53,804.71,718.34,852.35,720.36,686.88,823.29,693.68,795.01,727.13,733.41,760.58,719.44,730.92,742.9,594.93,596.79,587.26,587.98,633.4,594.28,676.56,693.13,39.74,732.39,668.53,0,5.28,6.49,19.52,5.28,19.52,20.292,23.216,23.432,25.796,29.836,36.348,42.544,30.908,67.852,67.852,67.852,775.97,787.26,773.74,759.74,760.28,765.05,739.25,741.04,753.73,834.43,761.18,726.97,686.14,659.42,675.35,614.33,608.05,709.5,709.51,726.77,721.09,720.25,691.73,676.56,747.91,752.93,774.11,3.605
821.76,1283.6,822.65,659.37,684.56,8.966,7.926,9.868,688.55,17.466,17.812,6.656,10.004,7.352,712.52,8.196,872.99,24.85,24.33,809.23,677.35,810.6,690.25,821.76,785.71,890.07,743.24,718.87,823.24,705.89,792.59,720.75,726.77,757.26,699.88,714.04,726.02,677.85,676.92,659.05,700.16,751.74,715.8,794.2,814.67,14.59,863.16,784.28,5.28,0,0.605,4.48,5.28,4.48,4.866,6.328,6.436,7.618,9.638,12.894,15.992,10.174,23.366,23.366,23.366,813.03,804.31,773.68,757.64,757.86,759.27,735.93,733.66,750.66,831.36,758.11,716.68,680.03,668.6,679.02,669.05,666.47,690.75,689.95,718.09,714.45,713.88,714.61,743.93,796.43,800.1,811.82,12.49
806.63,1268.5,807.52,644.25,669.43,7.756,9.136,8.658,673.43,16.256,16.602,5.446,8.794,6.142,697.39,6.986,857.86,22.43,21.91,794.1,662.22,795.48,675.13,806.63,770.58,874.94,728.11,703.75,808.11,690.76,777.46,705.62,711.65,742.13,684.75,698.92,710.89,662.73,661.8,643.93,685.04,736.62,700.67,779.07,799.55,13.38,848.04,769.16,6.49,0.605,0,3.27,6.49,3.27,3.656,5.118,5.226,6.408,8.428,11.684,14.782,8.964,20.946,20.946,20.946,797.9,789.18,758.56,742.52,742.74,744.14,720.81,718.54,735.53,816.23,742.98,701.56,664.9,653.47,663.9,653.93,651.35,675.63,674.83,702.96,699.32,698.75,699.49,728.81,781.3,784.98,796.69,13.7
806.55,1268.3,807.28,644.01,669.19,2.243,24.812,8.658,673.35,16.256,16.602,5.446,8.794,6.142,697.31,6.986,857.62,22.43,21.91,793.86,661.98,795.23,674.89,806.23,770.34,874.7,728.03,703.67,807.87,690.52,777.22,705.22,711.24,741.89,684.67,698.35,710.32,662.65,661.71,643.68,684.96,736.54,700.59,778.83,799.3,13.38,847.79,768.92,19.52,4.48,3.27,0,19.52,3.27,3.656,5.118,5.226,6.408,8.428,11.684,14.782,8.964,20.946,20.946,20.946,797.72,788.78,758.32,742.32,742.5,743.9,720.56,718.46,735.45,816.15,742.9,700.89,664.82,653.23,663.72,653.69,651.1,675.55,674.75,702.86,698.92,698.34,699.41,728.57,781.06,784.73,796.45,33.94
822.77,1276.9,700.7,584.94,646.84,28.492,1.323,30.296,604.39,45.492,46.184,23.872,30.568,25.264,631.15,26.952,741.8,70.82,69.78,760,617.83,760.03,634.82,804.05,717.1,850.89,718.84,685.21,819.58,692.44,791.3,724.08,730.28,757.09,712.54,725.57,737.54,593.69,595.55,585.2,586.74,632.57,593.87,676.15,692.72,39.74,731.97,668.12,5.28,5.28,6.49,19.52,0,19.52,20.292,23.216,23.432,25.796,29.836,36.348,42.544,30.908,67.852,67.852,67.852,774.74,786.6,770.03,756.03,756.57,761.34,735.76,736,751.67,832.37,759.12,723.82,683.43,657.36,672.34,613.62,606.96,703.01,702.62,723.58,717.96,717.21,690.22,675.33,745.86,750.87,772.64,12.49
830.1,1328.3,931.11,776.2,750.28,7.756,24.812,2.694,818.56,6.493,6.666,1.088,2.762,1.436,844.02,1.858,986.06,7.945,7.685,859.6,784.41,864.95,791.42,845.52,856.68,925,782.11,777.01,842.76,727.42,813.05,727.37,732.86,768.89,700.7,706.53,718.5,807.86,808.42,787.43,815.73,851.12,838.51,900.71,923.13,5.055,976.24,889.85,19.52,4.48,3.27,3.27,19.52,0,0.193,0.924,0.978,1.569,2.579,4.207,5.756,2.847,7.203,7.203,7.203,845.96,828.07,793.21,778.22,778.32,778.73,747.56,753.7,759,839.7,766.45,713.85,714.37,714.44,723.77,770.22,773.54,693.88,690.78,720.86,720.53,720.49,753.49,814.91,850.77,850.48,846.75,33.94
825.27,1323.5,926.28,771.38,745.46,8.142,25.584,2.887,813.73,6.3,6.473,0.895,2.569,1.243,839.19,1.665,981.24,7.559,7.299,854.77,779.59,860.12,786.59,840.69,851.86,920.18,777.28,772.18,837.94,722.59,808.22,722.54,728.03,764.06,695.88,701.7,713.68,803.03,803.59,782.61,810.9,846.29,833.68,895.88,918.31,4.862,971.41,885.02,20.292,4.866,3.656,3.656,20.292,0.193,0,0.731,0.785,1.376,2.386,4.014,5.563,2.654,6.817,6.817,6.817,841.13,823.24,788.39,773.39,773.5,773.9,742.74,748.88,754.17,834.87,761.62,709.03,709.55,709.61,718.95,765.39,768.71,689.06,685.95,716.04,715.71,715.67,748.66,810.08,845.94,845.65,841.93,34.712
807,1305.2,908,753.1,727.18,9.604,28.508,3.618,795.46,5.569,5.742,0.164,3.3,0.512,820.92,0.934,962.96,6.097,5.837,836.5,761.31,841.85,768.32,822.42,833.58,901.9,759.01,753.91,819.66,704.32,789.95,704.27,709.76,745.79,677.6,683.43,695.4,784.76,785.32,764.33,792.63,828.02,815.41,877.6,900.03,4.131,953.14,866.75,23.216,6.328,5.118,5.118,23.216,0.924,0.731,0,0.054,0.645,1.655,3.283,4.832,1.923,5.355,5.355,5.355,822.86,804.97,770.11,755.12,755.22,755.63,724.46,730.61,735.9,816.6,743.35,690.75,691.27,691.33,700.67,747.12,750.44,670.78,667.68,697.76,697.43,697.39,730.38,791.81,827.67,827.38,823.65,37.636
805.65,1303.9,906.65,751.75,725.83,9.712,28.724,3.672,794.11,5.515,5.688,0.218,3.354,0.458,819.57,0.88,961.61,5.989,5.729,835.15,759.96,840.5,766.97,821.07,832.23,900.55,757.66,752.56,818.31,702.96,788.6,702.91,708.41,744.44,676.25,682.08,694.05,783.41,783.97,762.98,791.28,826.67,814.06,876.25,898.68,4.077,951.79,865.4,23.432,6.436,5.226,5.226,23.432,0.978,0.785,0.054,0,0.591,1.601,3.229,4.778,1.869,5.247,5.247,5.247,821.51,803.62,768.76,753.77,753.87,754.28,723.11,729.26,734.55,815.25,742,689.4,689.92,689.99,699.32,745.77,749.09,669.43,666.33,696.41,696.08,696.04,729.03,790.46,826.32,826.03,822.3,37.852
790.87,1289.1,891.88,736.98,711.06,10.894,31.088,4.263,779.33,4.924,5.097,0.809,3.945,1.049,804.79,0.289,946.84,4.807,4.547,820.38,745.19,825.72,752.19,806.29,817.46,885.78,742.88,737.78,803.54,688.19,773.82,688.14,693.63,729.66,661.48,667.3,679.28,768.63,769.19,748.21,776.5,811.89,799.28,861.48,883.9,3.486,937.01,850.62,25.796,7.618,6.408,6.408,25.796,1.569,1.376,0.645,0.591,0,1.01,2.638,4.187,1.278,4.065,4.065,4.065,806.73,788.84,753.99,738.99,739.1,739.5,708.34,714.48,719.77,800.47,727.22,674.63,675.15,675.21,684.55,730.99,734.31,654.66,651.55,681.64,681.31,681.26,714.26,775.68,811.55,811.25,807.53,40.216
765.62,1263.9,866.63,711.72,685.81,12.914,35.128,5.273,754.08,3.914,4.087,1.819,4.955,2.059,779.54,1.299,921.59,2.787,2.527,795.13,719.94,800.47,726.94,781.04,792.21,860.53,717.64,712.53,778.29,662.94,748.57,662.89,668.38,704.41,636.23,642.05,654.03,743.38,743.94,722.96,751.25,786.64,774.03,836.23,858.66,2.476,911.76,825.37,29.836,9.638,8.428,8.428,29.836,2.579,2.386,1.655,1.601,1.01,0,1.628,3.177,0.268,2.045,2.045,2.045,781.48,763.59,728.74,713.74,713.85,714.25,683.09,689.23,694.52,775.22,701.97,649.38,649.9,649.96,659.3,705.74,709.06,629.41,626.3,656.39,656.06,656.01,689.01,750.43,786.29,786,782.28,44.256
724.92,1223.2,825.93,671.02,645.11,16.17,41.64,6.901,713.38,2.286,2.459,3.447,6.583,3.687,738.84,2.927,880.89,6.043,5.783,754.42,679.24,759.77,686.24,740.34,751.51,819.83,676.94,671.83,737.59,622.24,707.87,622.19,627.68,663.71,595.53,601.35,613.33,702.68,703.24,682.26,710.55,745.94,733.33,795.53,817.96,0.848,871.06,784.67,36.348,12.894,11.684,11.684,36.348,4.207,4.014,3.283,3.229,2.638,1.628,0,1.549,1.896,5.301,5.301,5.301,740.78,722.89,688.04,673.04,673.15,673.55,642.39,648.53,653.82,734.52,661.27,608.68,609.2,609.26,618.6,665.04,668.36,588.71,585.6,615.69,615.36,615.31,648.31,709.73,745.6,745.3,741.58,50.768
763.65,1261.9,864.66,709.75,683.83,19.268,47.836,8.45,752.11,0.737,0.91,4.996,8.132,5.236,777.57,4.476,919.61,9.141,8.881,793.15,717.96,798.49,724.97,779.07,790.23,858.55,715.66,710.56,776.31,660.97,746.6,660.92,666.41,702.44,634.25,640.08,652.05,741.41,741.97,720.98,749.28,784.67,772.06,834.26,856.68,2.397,909.79,823.4,42.544,15.992,14.782,14.782,42.544,5.756,5.563,4.832,4.778,4.187,3.177,1.549,0,3.445,8.399,8.399,8.399,779.51,761.62,726.76,711.77,711.87,712.28,681.11,687.26,692.55,773.25,700,647.4,647.92,647.98,657.32,703.77,707.09,627.43,624.33,654.42,654.08,654.04,687.04,748.46,784.32,784.03,780.3,56.964
772.32,1270.6,873.33,718.42,692.51,13.45,36.2,5.541,760.78,4.182,4.355,2.087,5.223,2.327,786.24,1.567,928.29,2.251,1.991,801.83,726.64,807.17,733.64,787.74,798.91,867.23,724.33,719.23,784.99,669.64,755.27,669.59,675.08,711.11,642.93,648.75,660.73,750.08,750.64,729.66,757.95,793.34,780.73,842.93,865.36,2.744,918.46,832.07,30.908,10.174,8.964,8.964,30.908,2.847,2.654,1.923,1.869,1.278,0.268,1.896,3.445,0,1.509,1.509,1.509,788.18,770.29,735.44,720.44,720.55,720.95,689.79,695.93,701.22,781.92,708.67,656.08,656.6,656.66,666,712.44,715.76,636.11,633,663.09,662.76,662.72,695.71,757.13,793,792.7,788.98,45.328
727.04,1188.9,728.32,565.05,590.24,29.918,78.436,12.591,593.84,9.873,10.219,5.683,11.955,6.163,617.8,4.643,778.66,2.251,1.991,714.9,583.02,716.28,595.93,727.79,691.13,795.74,648.52,624.16,728.91,611.21,697.91,626.69,632.62,662.72,605.16,620.39,632.36,583.14,582.2,564.73,605.45,657.03,621.08,699.87,720.35,6.997,768.84,689.96,67.852,23.366,20.946,20.946,67.852,7.203,6.817,5.355,5.247,4.065,2.045,5.301,8.399,1.509,0,1.509,1.509,718.31,710.34,679.36,662.93,663.18,664.94,641.4,638.95,655.94,736.64,663.39,622.87,585.31,574.27,584.31,574.73,572.15,596.04,595.24,623.37,620.29,619.81,619.9,649.36,702.1,705.78,717.49,96.692
