0,1286.9,655.8,665.65,676.73,665.88,649.27,710.7,689.89,656.91,661.23,624.35,702.75,630.35,731.83,611.35,634.43,580.08,576.97,654.82,703.78,661.93,753.3,692.82,724.93,712.65,686.96,647.78,763.16,690.17,858.37,705.53,711.2,747.56,619.59,670.31,682.28,679.19,696.23,666.41,664.4,665.67,654.21,648,647.82,605.35,624.6,651.9,619.6,625.27,610.14,609.8,616.2,643.35,638.53,620.25,618.9,604.13,578.88,599.76,638.48,574.86,626.87,570.94,570.81,637.06,675.37,713.61,822.89,823.65,832.09,726.24,755.77,2.844,5.476,2.546,720.62,703.09,757.12,682.31,732.1,692.91,654.88,609.67,700.06,698.88,698.66,660.63,683.16,647.75,645.69,634.4,709.72
1286.9,0,1309.2,1313,56.902,1326.1,1330.6,1366.5,1342.3,1313.3,1317.6,1280.2,1358.6,1286.2,1378.2,1267.2,1287.8,1228.6,1224.9,1261.9,1350.9,1268.2,63.028,1232,1280,1315.5,1274.9,1236.5,1236.1,1403.5,1211.6,1268.5,1273.6,1165.7,1196.2,1264.5,1276.4,1331.6,1342.6,1313.5,1317.1,1326.1,1306.8,1300.8,1301.2,1260.2,1277.9,1260.5,1300.9,1285.2,1270.1,1270,1297.5,1299.2,1294.3,1276.1,1274.7,1259.9,1234.7,1256.2,1294.9,1229.6,1251.3,1218.9,1219.3,1233.9,1214.5,1186.5,1176.8,1176.8,1177.2,1144.3,1187.1,1215.8,1296.5,1223.2,1339.9,61.224,56.902,24.183,61.332,1340,1258.2,1186.2,1258.3,1261.3,1261.6,1246.3,1238.3,1254,1252.8,1237.3,1391
655.8,1309.2,0,665.52,690.91,639.72,628.72,749.61,681.39,702.61,706.94,663.26,741.66,669.26,704.43,650.26,676.61,548.11,544.7,635.97,702.93,641.65,767.49,623.78,677.21,690.58,661.46,622.23,653.33,641.3,638.02,626.08,631.13,579.34,580.11,579.01,590.98,670.69,668.83,665.55,716.06,588.62,726.64,788.28,0.319,717.35,666.78,538.91,599.84,598.85,583.72,583.64,595.64,682.26,677.44,659.16,657.81,643.04,617.79,645.46,684.19,613.23,636.96,538.68,538.84,626.97,606.33,603.78,602.9,603.29,606.66,558.01,558.79,584.7,665.4,592.15,580.55,626.56,680.59,704.64,746.29,692.05,569.19,570.19,615.83,618.81,619.2,632.83,635.44,627.48,626.84,612.33,689.96
665.65,1313,665.52,0,687.26,601.16,559.95,672.79,657.44,612.77,617.09,586.44,664.84,592.44,710.85,573.44,581.11,495.13,491.4,542.43,771.3,550.72,763.83,574.28,589.7,593.81,596.06,553.6,612.32,597.6,593.28,609,615.02,572.36,591.19,615.54,627.52,648.88,682.37,741.4,740.69,797.24,618.91,751.01,657.54,588.54,571.29,617.76,527.28,560.45,545.33,545.09,526.87,605.44,600.62,582.34,580.99,566.22,540.97,555.62,594.34,538.55,504.87,485.38,485.86,512.64,556.83,562.77,558.08,558.55,563.78,551.03,552.58,594.55,675.25,602,618.78,612.68,666.7,708.4,742.63,762.6,593.25,581.26,606.78,602.69,602.12,567.43,547.92,536.55,533.3,515.56,617.41
676.73,56.902,690.91,687.26,0,711.02,703.58,737.48,718.67,684.88,689.2,651.13,729.53,657.13,755.16,638.13,667.13,602.75,599.48,639.59,725.32,645.52,3.063,622.67,666.96,697.9,662,623.55,626.79,793.3,602.3,654.63,659.74,555.51,589.72,654.24,666.22,707.97,719.56,687.94,690.71,696.4,687.46,683.79,682.94,637.13,657.31,647.43,672.42,670.47,655.35,654.94,670.51,670.13,665.31,647.03,645.68,630.91,605.66,627.73,666.45,600.69,627.38,593.46,593.48,616.74,605.22,577.24,567.54,567.58,567.98,534.19,576.91,605.63,686.33,613.08,729.72,12.858,8.536,8.536,2.215,714.44,645.78,579.79,644.43,647.41,647.75,633.38,625.18,631.35,630.47,619.65,762.54
665.87,1326.1,639.72,601.16,711.02,0,33.784,13.144,621.62,764.98,769.31,9.932,13.28,10.628,655.82,11.472,664.83,688.31,684.9,675.82,639.08,677.04,787.59,695.2,652.57,758.9,643.12,609.32,706.14,619.66,680.1,625.85,631.08,583.33,593.28,598.53,610.51,610.92,620.22,601.7,602.27,625.98,602.82,619.07,631.74,690.02,655,627.53,28.492,8.966,7.756,2.243,28.492,7.756,8.142,9.604,9.712,10.894,12.914,707.83,746.56,736.39,760.97,678.87,679.03,742.1,677.75,656.59,645.12,645.37,648.19,562.01,561.41,594.78,675.48,602.23,602.85,633.4,687.42,721.49,766.39,628.2,580.29,583.36,617.1,618.75,618.97,614.5,610.79,662.86,666.7,680.65,42.912
649.27,1330.6,628.72,559.95,703.58,33.784,0,35.588,633.21,700.98,705.31,29.164,35.86,30.556,647.38,32.244,603.14,584.65,581.25,562.7,597.93,565.18,780.16,584,558.82,640.53,577.83,530.3,614.06,588.36,597.54,614.15,620.26,540.6,606.99,625.39,637.36,622.51,611.78,560.56,558.67,552.58,602.45,609.64,620.74,629.41,593.32,529.47,7.926,7.926,9.136,24.812,1.323,24.812,25.584,28.508,28.724,31.088,35.128,643.83,682.55,666.95,610.23,575.22,575.38,600.24,566.55,564.51,561.91,562.81,572.86,519.28,522.95,578.17,658.87,585.62,627.12,617.02,671.05,725.98,758.96,587.06,598.28,597.06,612.9,607.93,607.27,549.2,517.05,551,553.58,562.28,15.136
710.7,1366.5,749.61,672.79,737.48,13.144,35.588,0,684.76,877.06,881.38,3.782,5.456,4.13,717.21,4.552,773.95,825.92,822.19,784.97,710.35,786.78,814.06,780.75,562.56,871.84,711.29,711.95,774.84,669.69,743.89,657.31,662.63,671.73,626.29,627.08,639.05,674.06,681.62,672.97,695.42,749.31,678.1,727.01,741.64,800.4,764.12,551.45,30.296,9.868,8.658,8.658,30.296,2.694,2.887,3.618,3.672,4.263,5.273,819.9,858.63,851.19,937.19,816.16,816.64,913.88,763.3,725.29,709.47,709.16,706.35,650.41,642.65,639.6,720.3,647.05,620.92,661.61,715.63,761.93,792.86,699.47,628.06,616.36,649.26,650.31,650.44,682.66,529.14,772.6,775.85,793.59,44.716
689.89,1342.3,681.39,657.44,718.67,621.62,633.21,684.76,0,624.74,629.07,598.41,676.81,604.41,745.59,585.41,600.9,503.67,499.98,553.92,687.98,561.63,795.25,578.21,613.74,606.23,645.28,597.76,638.87,660.11,634.64,655.48,660.88,612.66,616.84,618.85,630.83,0.428,717.11,658.08,656.09,779.2,720.63,816.98,673.42,604.41,591.08,626.04,605.04,580.75,565.62,565.54,600.14,617.41,612.59,594.31,592.96,578.19,552.94,567.59,606.31,550.53,516.39,493.96,494.39,524.16,560.76,589.31,599.02,599.92,609.97,591.34,596.21,618.79,699.49,626.24,617.19,652.6,706.63,737.76,774.05,679.28,609.41,606.92,648.23,648.56,648.6,616.66,571.97,547.45,544.8,527.98,695.17
656.91,1313.3,702.61,612.77,684.88,764.98,700.98,877.06,624.74,0,1.647,790.7,869.11,796.7,657.19,777.7,726.95,717.05,713.33,721.69,650.32,723.5,761.45,708.17,522.36,801.9,656.43,648.67,705.35,615.64,676.33,605.87,611.19,603.21,573.37,573.4,585.38,614.04,621.59,612.95,641.91,702.31,624.59,680.01,694.64,763.17,717.13,511.25,669.97,724.11,708.99,708.91,667.91,809.7,804.88,786.61,785.25,770.48,745.23,2.286,0.737,739.07,828.33,707.3,707.78,805.02,690.72,655.8,641.78,641.6,639.59,581.89,573.77,585.81,666.51,593.26,570.66,610.66,664.68,708.74,740.25,639.45,570.02,563.45,597.4,598.86,598.99,627.8,488.94,709.32,712.57,723.65,760.09
661.23,1317.6,706.94,617.09,689.2,769.31,705.31,881.38,629.06,1.647,0,795.03,873.43,801.03,661.52,782.03,731.28,721.38,717.65,726.02,654.65,727.82,765.78,712.49,525.82,806.23,660.75,653,709.68,619.96,680.65,610.19,615.51,607.54,577.7,577.73,589.7,618.37,625.92,617.27,646.24,706.63,628.91,684.34,698.96,767.5,721.45,514.71,674.29,728.44,713.31,713.23,672.23,814.03,809.2,790.93,789.58,774.8,749.56,2.459,0.91,743.39,832.66,711.63,712.1,809.35,695.04,660.13,646.11,645.93,643.92,586.21,578.09,590.13,670.83,597.58,574.99,614.98,669.01,713.07,744.58,643.77,574.34,567.78,601.72,603.18,603.32,632.13,492.4,713.65,716.89,727.98,764.42
624.35,1280.2,663.26,586.44,651.13,9.932,29.164,3.782,598.41,790.7,795.03,0,3.464,0.676,630.86,1.098,687.6,739.57,735.84,698.62,624,700.43,727.71,694.4,493.48,785.49,624.94,625.6,688.49,583.34,657.54,570.96,576.28,585.38,539.94,540.72,552.7,587.71,595.26,586.62,609.07,662.96,591.75,640.66,655.29,714.05,677.78,482.37,23.872,6.656,5.446,5.446,23.872,1.088,0.895,0.164,0.218,0.809,1.819,733.55,772.28,764.84,850.85,729.81,730.29,827.53,676.95,638.94,623.12,622.81,620,564.06,556.3,553.25,633.95,560.7,534.57,575.26,629.28,675.58,706.51,613.12,541.71,530.01,562.91,563.96,564.09,596.31,460.06,686.25,689.5,707.24,38.292
702.75,1358.6,741.66,664.84,729.53,13.28,35.86,5.456,676.81,869.11,873.43,3.464,0,3.812,709.26,4.234,766,817.97,814.24,777.02,702.4,778.83,806.11,772.8,556.2,863.89,703.34,704,766.89,661.74,735.94,649.36,654.68,663.78,618.34,619.12,631.1,666.11,673.67,665.02,687.47,741.36,670.15,719.06,733.69,792.45,756.18,545.09,30.568,10.004,8.794,8.794,30.568,2.762,2.569,3.3,3.354,3.945,4.955,811.95,850.68,843.23,929.24,808.21,808.69,905.93,755.35,717.34,701.52,701.21,698.4,642.46,634.7,631.65,712.35,639.1,612.97,653.66,707.68,753.98,784.91,691.52,620.11,608.42,641.31,642.36,642.49,674.71,522.78,764.65,767.9,785.64,44.988
630.35,1286.2,669.26,592.44,657.13,10.628,30.556,4.13,604.41,796.7,801.03,0.676,3.812,0,636.87,1.338,693.6,745.57,741.84,704.62,630,706.43,733.71,700.4,498.28,791.49,630.94,631.6,694.49,589.34,663.54,576.96,582.28,591.38,545.94,546.73,558.7,593.71,601.27,592.62,615.07,668.96,597.75,646.66,661.29,720.05,683.77,487.17,25.264,7.352,6.142,6.142,25.264,1.436,1.243,0.512,0.458,1.049,2.059,739.56,778.28,770.84,856.84,735.81,736.29,833.53,682.95,644.94,629.12,628.81,626,570.06,562.3,559.25,639.95,566.7,540.57,581.26,635.28,681.58,712.51,619.12,547.71,536.01,568.91,569.96,570.09,602.31,464.86,692.25,695.5,713.24,39.684
731.83,1378.2,704.43,710.85,755.16,655.82,647.38,717.22,745.59,657.19,661.52,630.86,709.26,636.87,0,617.87,629.41,535.57,532.48,583.25,741.4,591.54,831.74,613.62,644.22,634.59,666.56,619.03,675.95,673.82,664.75,682.29,687.96,641.83,652.77,662.67,674.65,737.03,1.424,711.5,709.5,824.57,707.06,823.08,696.46,627.45,619.59,652.8,615.9,614.95,599.83,599.75,614.3,649.87,645.04,626.76,625.41,610.64,585.39,600.04,638.77,582.98,545.12,526.45,526.29,552.89,596.17,626.39,629.42,630.03,636.06,620.5,624.28,660.73,741.43,668.18,664.45,682.28,736.31,773.61,810.54,732.7,646.34,642.84,677.29,675.64,675.42,637.93,602.45,577.37,574.12,556.34,706.03
611.35,1267.2,650.26,573.44,638.13,11.472,32.244,4.552,585.41,777.7,782.03,1.098,4.234,1.338,617.87,0,674.6,726.57,722.84,685.62,611,687.43,714.71,681.4,483.08,772.49,611.94,612.6,675.49,570.34,644.54,557.96,563.28,572.38,526.94,527.73,539.7,574.71,582.26,573.62,596.07,649.96,578.75,627.66,642.29,701.05,664.78,471.97,26.952,8.196,6.986,6.986,26.952,1.858,1.665,0.934,0.88,0.289,1.299,720.56,759.28,751.84,837.84,716.81,717.29,814.53,663.95,625.94,610.12,609.81,607,551.06,543.3,540.25,620.95,547.7,521.57,562.26,616.28,662.58,693.51,600.12,528.71,517.01,549.91,550.96,551.09,583.31,449.66,673.25,676.5,694.24,41.372
634.43,1287.8,676.61,581.11,667.13,664.83,603.14,773.95,600.9,726.95,731.28,687.6,766,693.6,629.41,674.6,0,594.49,590.74,640.69,618.67,648.39,743.71,625.93,678.25,692.2,635.01,621.2,654.53,594.22,634.43,586.49,591.72,560.46,556.37,559.09,571.06,590.2,593.81,581.29,607.18,673.18,597.04,663.62,668.63,551.17,0.393,515.06,571.3,623.96,608.83,608.75,570.07,706.6,701.78,683.5,682.15,667.37,642.12,669.8,708.53,637.57,657.09,584.72,585.22,647.1,608.48,604.98,599.52,599.7,601.33,539.14,547.86,563.33,644.03,570.78,559.86,594.35,648.37,683.19,722.51,607.79,553.12,546.44,577.28,579.39,579.61,606.38,636.48,634.22,631.56,613.95,661.43
580.08,1228.6,548.11,495.13,602.75,688.31,584.65,825.92,503.67,717.05,721.38,739.57,817.97,745.57,535.57,726.57,594.49,0,842.31,611.35,532.69,611.38,679.33,628.7,543.02,702.1,553.31,523.93,629.47,523.85,599.69,522.74,528.24,530.86,488.77,488.99,500.96,492.97,499.97,495.31,500.57,555.56,488.53,527.46,540.14,642.1,584.67,517.79,553.96,647.44,632.31,632.23,551.58,758.57,753.74,735.47,734.12,719.34,694.09,659.9,698.63,831.04,829.17,836.28,0.371,676.17,611.25,579.92,564.93,564.96,564.58,509.54,506.54,508.98,589.68,516.43,487.64,527.98,582.01,624.03,658.13,521.81,489.85,478.84,515.47,515.91,515.87,524.69,502.91,597.21,602.22,623.85,644.08
576.97,1224.9,544.7,491.4,599.48,684.9,581.25,822.19,499.98,713.33,717.65,735.84,814.24,741.84,532.48,722.84,590.74,842.31,0,607.94,528.96,607.97,676.06,625.06,539.9,698.37,550.22,520.84,626.38,520.44,596.3,519.57,524.98,527.45,485.36,485.58,497.55,489.28,496.88,491.58,497.16,551.9,485.12,524.06,536.73,638.37,580.92,514.67,550.25,644.03,628.9,628.82,548.17,754.84,750.01,731.74,730.39,715.61,690.36,656.18,694.9,824.13,829.58,0.241,833.03,673.39,607.61,576.83,561.84,561.57,561.17,506.13,503.17,505.87,586.57,513.32,484.23,524.53,578.55,620.31,654.85,518.09,486.3,475.43,511.74,512.65,512.7,521.6,499.79,593.8,598.81,620.12,640.38
654.82,1261.9,635.97,542.43,639.59,675.82,562.7,784.97,553.92,721.69,726.02,698.62,777.02,704.62,583.25,685.62,640.69,611.35,607.94,0,579.91,405.52,716.17,671.72,370.36,428.08,621.87,650.89,685.25,592.05,646.01,570.08,575.49,584.25,537.28,567.89,579.87,543.22,547.65,542.53,561.56,604.75,550.38,615.61,627.99,669.37,630.86,644.47,530.94,635.17,620.05,619.75,529.63,717.62,712.8,694.52,693.17,678.4,653.15,664.54,703.27,651.27,662.16,601.91,602.07,374.29,654.27,635.7,626,611.29,611.32,562.92,579.67,583.72,664.42,591.16,582.54,574.87,628.89,657.35,694.96,569.03,555.54,527.36,562.56,563.16,563.21,593.24,343.63,396.45,0.365,378,621.07
703.78,1350.9,702.93,771.3,725.32,639.08,597.93,710.35,687.98,650.32,654.65,624,702.4,630,741.4,611,618.67,532.69,528.96,579.91,0,588.2,801.89,612.12,627.47,631.29,633.97,591.3,650.23,635.58,631.19,646.98,653.01,610.34,629.1,653.31,665.28,679.42,712.92,1.495,769.95,835.02,649.45,788.78,694.95,625.95,608.84,655.17,565.27,598.37,583.24,583,564.86,643,638.17,619.9,618.55,603.77,578.52,593.17,631.9,576.11,542.36,522.93,523.41,550.13,594.67,600.68,596,596.47,601.69,589.02,590.71,632.68,713.38,640.13,656.63,650.73,704.75,746.31,780.69,0.435,631.1,619.18,644.83,640.68,640.11,605.35,585.7,574.03,570.78,553.04,655.4
661.93,1268.2,641.65,550.72,645.52,677.04,565.18,786.78,561.63,723.5,727.82,700.43,778.83,706.43,591.54,687.43,648.39,611.38,607.97,405.52,588.2,0,722.1,675.3,377.72,427.18,628.39,657.41,689.55,599.16,651.36,577.2,582.6,589.59,544.4,575.01,586.98,550.93,555.94,550.83,567.49,611.27,557.5,622.13,633.68,671.97,638.57,650.99,533.34,636.39,621.26,620.96,532.1,719.43,714.6,696.33,694.98,680.2,654.95,666.35,705.07,653.08,665.73,601.95,602.11,373.39,657.84,640,630.75,616.63,617.04,568.27,586.79,590.83,671.53,598.28,590.46,581.98,636.01,663.62,700.9,577.33,562.66,534.48,569.67,570.28,570.32,599.77,350.99,0.567,399.68,377.1,623.47
753.3,63.028,767.49,763.83,3.063,787.59,780.16,814.06,795.24,761.45,765.78,727.71,806.11,733.71,831.74,714.71,743.71,679.33,676.06,716.17,801.89,722.1,0,699.25,743.53,774.48,738.58,700.12,703.37,869.88,678.88,731.2,736.31,632.09,666.29,730.82,742.79,784.55,796.14,764.52,767.29,772.97,764.03,760.36,759.51,713.7,733.88,724.01,748.99,747.05,731.92,731.52,747.08,746.71,741.88,723.61,722.26,707.48,682.23,704.3,743.03,677.27,703.95,670.03,670.05,693.31,681.8,653.82,644.12,644.15,644.55,610.76,653.48,682.2,762.9,689.65,806.29,18.984,14.662,14.662,0.848,791.02,722.36,656.36,721.01,723.99,724.33,709.95,701.76,707.92,707.04,696.23,839.12
692.82,1232,623.78,574.28,622.67,695.2,584,780.75,578.21,708.17,712.49,694.4,772.8,700.4,613.62,681.4,625.93,628.7,625.06,671.72,612.12,675.3,699.25,0,354.51,748.91,653.59,330.72,769.88,616.27,683.85,581.57,586.8,618.58,532.41,568.73,580.71,567.51,578.02,574.75,576.8,595.67,569.09,603.98,615.8,648.47,616.1,625.52,551.33,654.59,639.47,639.13,550.92,713.4,708.58,690.3,688.95,674.18,648.93,651.02,689.74,647.05,661.99,619.03,619.43,720.22,0.698,720.33,700.05,649.13,646.78,597.26,619.51,621.72,702.42,629.17,602.6,585.06,639.08,627.42,678.05,601.25,558.37,522.48,572.76,574.48,574.7,624.96,327.77,661.12,662.6,670.66,641.46
724.93,1280,677.21,589.7,666.96,652.57,558.82,562.56,613.74,522.36,525.82,493.48,556.2,498.28,644.23,483.08,678.25,543.02,539.9,370.36,627.47,377.72,743.53,354.51,0,392.02,718.57,769.4,380.15,672.04,709.15,632.51,637.56,612.06,589.94,628.02,639.99,603.04,608.63,590.1,603.48,668.87,615.22,667.86,669.24,486.81,668.43,724.54,526.98,611.95,596.82,596.49,525.75,508.68,504.82,490.2,489.12,477.3,457.1,476.64,507.62,453.89,338.23,534.11,534.11,338.23,343.34,348.44,350.2,674.42,672.41,590.73,625.74,653.83,734.53,661.28,666.81,640.9,694.93,675.46,722.33,616.6,621,580.02,622.26,625.24,625.63,689.94,1.671,368.65,364.52,341.94,617.11
712.65,1315.5,690.58,593.81,697.9,758.9,640.53,871.84,606.23,801.9,806.23,785.49,863.89,791.49,634.59,772.49,692.2,702.1,698.37,428.08,631.29,427.18,774.48,748.91,392.02,0,680.24,711.95,754.89,649.88,707.63,627.21,632.53,651.54,593.04,615.63,627.6,595.53,598.99,593.92,614.17,661.41,605.84,670.78,682.6,742.21,682.37,705.53,608.69,718.19,703.07,702.82,607.46,804.49,799.67,781.39,780.04,765.27,740.01,744.75,783.48,738.14,739.35,692.35,692.82,441.11,731.46,705.34,691.29,672.9,671.67,630.22,637.5,641.55,722.25,649,629.07,631.26,685.28,710.97,753.28,620.42,605.27,583.11,618.6,620.2,620.33,651.62,365.28,418.11,422.24,3.13,698.82
686.96,1274.9,661.46,596.06,662,643.12,577.83,711.29,645.28,656.43,660.75,624.94,703.34,630.94,666.56,611.94,635.01,553.31,550.22,621.87,633.97,628.39,738.58,653.59,718.57,680.24,0,746.71,713.73,724.12,370.12,674.63,679.59,624.13,619.62,695.02,707,634.59,630.96,596.6,603.13,617.34,632.1,649.17,653.48,605.21,625.18,635.97,545.99,602.58,587.45,587.05,544.75,643.94,639.11,620.84,619.49,604.71,579.46,599.28,638,575.44,603.47,544.2,544.04,608.04,636.14,664.18,347.75,347.9,349.51,602.8,584,621.55,695.8,628.41,685.08,689.26,743.29,670.34,717.38,623.1,692.78,609.7,663.63,667.27,667.75,1.145,676.79,614.22,612.74,601.99,636.12
647.78,1236.5,622.23,553.6,623.55,609.32,530.3,711.95,597.76,648.67,653,625.6,704,631.6,619.03,612.6,621.2,523.93,520.84,650.89,591.3,657.41,700.12,330.72,769.4,711.95,746.71,0,356.36,678.11,348.78,631.64,636.6,585.67,578.15,652.03,664.01,587.06,583.43,553.92,564.51,602.45,584.58,607.43,614.26,597.46,611.37,645.37,498.46,568.7,553.58,553.25,497.23,644.6,639.78,621.5,620.15,605.38,580.13,591.52,630.25,578.25,622.38,514.82,514.66,314.44,319.55,324.65,326.41,326.56,328.16,564.35,544.81,582.36,656.61,589.22,645.89,646.27,700.3,631.89,678.92,580.42,649.79,568.22,620.64,624.28,624.76,718.08,727.63,643.24,641.76,633.7,588.59
763.16,1236.1,653.33,612.32,626.79,706.14,614.06,774.84,638.87,705.35,709.68,688.49,766.89,694.49,675.95,675.49,654.53,629.47,626.38,685.25,650.23,689.55,703.37,769.88,380.15,754.89,713.73,356.36,0,676.41,743.99,631.52,636.75,673.62,567.06,618.68,630.65,628.16,640.35,612.86,614.36,619.15,620.24,633.53,645.35,647.35,644.7,639.78,581.4,665.52,650.39,650.06,580.99,707.49,702.67,684.39,683.04,668.27,643.02,648.2,686.93,641.14,665.85,620.36,620.2,693.69,752.43,1.982,790.77,709.26,706.92,652.3,689.85,692.06,772.76,699.51,672.94,635,689.02,631.49,682.17,639.36,608.31,557.13,622.71,624.42,624.64,685.1,353.41,675.38,676.12,676.64,671.52
690.17,1403.5,641.3,597.6,793.3,619.66,588.36,669.69,660.11,615.64,619.96,583.34,661.74,589.34,673.82,570.34,594.22,523.85,520.44,592.05,635.58,599.16,869.88,616.27,672.04,649.88,724.12,678.11,676.41,0,358.75,746.49,750.93,618.1,702.31,713.94,724.96,649.41,638.22,598.21,602.18,611.31,635.41,636.78,633.33,564.42,584.39,607.73,557.34,579.16,564.03,563.59,555.28,602.34,597.51,579.24,577.89,563.11,537.86,558.49,597.21,533.31,573.1,514.42,514.58,570.73,598.82,626.86,336.39,336.53,338.14,596.77,587.21,624.76,699.01,631.62,688.29,783.99,833.69,798.89,848.68,624.71,740.6,692.38,730.99,738.6,739.61,695.5,630.26,584.98,582.92,571.63,647.47
858.37,1211.6,638.02,593.28,602.3,680.1,597.54,743.89,634.64,676.33,680.65,657.54,735.94,663.54,664.75,644.54,634.43,599.69,596.3,646.01,631.19,651.36,678.88,683.85,709.15,707.63,370.12,348.78,743.99,358.76,0,643.18,648.59,749.57,560.41,627.76,639.73,623.94,629.15,593.82,595.32,598.88,612.35,618.22,630.04,619.19,624.6,619.18,565.78,639.48,624.36,624.03,564.46,676.54,671.71,653.44,652.09,637.31,612.06,619.18,657.9,609.43,630.51,590.27,590.41,638.31,666.4,694.44,769.37,1.389,760.95,728.24,833.66,787.27,867.97,794.72,708.79,642.07,696.1,606.99,657.68,620.32,609.52,550.48,635.94,636.27,636.31,351.8,667.37,637.18,636.89,629.38,655.91
705.53,1268.5,626.08,609,654.63,625.85,614.15,657.31,655.48,605.87,610.19,570.96,649.36,576.96,682.29,557.96,586.49,522.74,519.57,570.08,646.98,577.2,731.2,581.57,632.51,627.21,674.63,631.64,631.52,746.49,643.19,0,784.8,556.56,733.84,742.57,753.59,644.78,646.69,609.61,613.54,619.57,625.71,621.09,618.1,557.74,576.66,589.64,583.13,584.98,569.85,569.77,581.07,589.96,585.14,566.86,565.51,550.74,525.49,548.72,587.44,521.47,553.6,513.55,513.47,546.25,564.12,581.97,607.99,608.46,613.69,535.24,592.46,634.43,715.13,641.88,716.92,692.32,746.34,663.93,710,636.11,769.23,723.91,764.87,772.48,0.275,646,590.73,563.02,560.96,548.96,673.26
711.2,1273.6,631.13,615.02,659.74,631.08,620.26,662.63,660.88,611.19,615.51,576.28,654.68,582.28,687.96,563.28,591.72,528.24,524.98,575.49,653.01,582.61,736.31,586.8,637.56,632.53,679.59,636.6,636.75,750.93,648.59,784.8,0,562.05,740.21,748.42,759.44,650.18,652.36,615.63,619.56,625.6,630.85,626.14,623.16,562.88,581.89,594.95,589.24,590.21,575.08,575,587.18,595.28,590.46,572.18,570.83,556.06,530.81,554.03,592.76,526.79,558.83,518.95,518.96,551.47,569.35,587.2,613.4,613.87,619.09,540.73,598.13,640.1,720.8,647.55,722.77,697.42,751.45,669.04,715.11,642.13,775.08,730.28,771.33,0.493,777.93,650.97,595.79,568.43,566.37,554.28,679.37
747.56,1165.7,579.34,572.36,555.51,583.33,540.6,671.73,612.66,603.21,607.54,585.38,663.78,591.38,641.83,572.38,560.46,530.86,527.45,584.25,610.34,589.59,632.09,618.58,612.06,651.54,624.13,585.67,673.62,618.1,749.57,556.56,562.05,0,482.4,537.3,549.28,601.96,606.22,572.97,571.55,568.56,574.88,568.44,571.36,543.24,550.64,542.5,508.79,542.46,527.34,527.26,507.53,604.38,599.56,581.28,579.93,565.16,539.91,546.06,584.79,537.41,574.72,521.43,521.59,578.15,601.13,624.07,714.09,714.84,851.31,0.853,841.4,676.46,757.16,683.91,597.99,555.98,610,561.1,610.89,599.47,519.06,472.48,549.84,549.73,549.68,595.5,570.28,575.42,575.12,573.29,598.91
619.59,1196.2,580.11,591.19,589.72,593.28,606.99,626.29,616.84,573.37,577.7,539.94,618.34,545.94,652.77,526.94,556.37,488.77,485.36,537.29,629.1,544.4,666.29,532.41,589.94,593.04,619.62,578.15,567.06,702.31,560.41,733.84,740.21,482.4,0,705.55,717.52,606.14,617.17,591.73,596.3,607.24,582.62,575.62,572.14,524.74,546.54,553.02,577.58,552.41,537.29,537.21,573.91,558.94,554.12,535.84,534.49,519.72,494.47,516.22,554.95,489.91,525.5,479.33,479.49,512.4,514.96,517.51,525.36,525.68,529.3,461.08,510.94,548.49,629.19,555.94,677.2,628.19,682.21,591.58,645.09,618.23,793.29,0.397,792.05,727.88,726.96,591,548.17,530.22,528.16,514.79,667.7
670.31,1264.5,579.01,615.54,654.25,598.53,625.39,627.08,618.85,573.4,577.73,540.72,619.12,546.73,662.67,527.73,559.09,488.99,485.58,567.89,653.31,575.01,730.82,568.73,628.02,615.63,695.02,652.04,618.68,713.94,627.76,742.57,748.42,537.3,705.55,0,0.479,608.15,627.07,615.93,620.89,632.82,580.44,574.03,571.03,523.02,549.26,575.24,597.76,557.91,542.78,542.46,592.31,559.72,554.9,536.63,535.27,520.5,495.25,516.25,554.98,491.23,536.73,479.55,479.71,533.4,551.28,569.13,592.57,593.03,598.26,515.98,557.24,599.21,679.91,606.66,735.57,699.35,753.37,659.89,709.62,642.43,734.35,695.62,743.37,737.08,736.25,666.4,586.24,560.83,558.77,537.38,687.89
682.28,1276.4,590.98,627.52,666.22,610.51,637.36,639.05,630.83,585.38,589.7,552.7,631.1,558.7,674.65,539.7,571.07,500.96,497.55,579.87,665.28,586.98,742.79,580.71,639.99,627.6,707,664.01,630.65,724.96,639.73,753.59,759.44,549.28,717.52,0.479,0,620.13,639.05,627.91,632.86,644.79,592.41,586,583.01,534.99,561.24,587.21,609.74,569.88,554.76,554.43,604.29,571.7,566.87,548.6,547.25,532.48,507.23,528.23,566.95,503.2,548.71,491.53,491.69,545.38,563.26,581.1,604.54,605.01,610.23,527.95,569.21,611.18,691.88,618.63,747.54,711.32,765.35,671.87,721.6,654.4,746.32,707.6,754.39,748.1,747.26,678.37,598.22,572.81,570.74,549.35,699.86
679.19,1331.6,670.69,648.88,707.97,610.92,622.51,674.06,0.428,614.04,618.37,587.71,666.11,593.71,737.03,574.71,590.2,492.97,489.28,543.22,679.42,550.93,784.54,567.51,603.04,595.53,634.59,587.06,628.16,649.41,623.94,644.78,650.18,601.96,606.14,608.15,620.13,0,708.55,649.52,647.53,768.5,712.07,806.28,662.72,593.71,580.38,615.34,594.34,570.05,554.92,554.84,589.44,606.71,601.89,583.61,582.26,567.49,542.24,556.89,595.61,539.83,505.69,483.26,483.69,513.46,550.06,578.62,588.32,589.22,599.27,580.64,585.51,608.09,688.79,615.54,606.49,641.9,695.93,727.06,763.35,670.72,598.71,596.22,637.53,637.86,637.9,605.96,561.27,536.75,534.1,517.28,684.47
696.23,1342.6,668.83,682.37,719.56,620.22,611.78,681.62,717.11,621.59,625.92,595.26,673.67,601.26,1.424,582.26,593.81,499.97,496.88,547.65,712.92,555.94,796.14,578.02,608.63,598.99,630.96,583.43,640.35,638.22,629.15,646.69,652.36,606.23,617.17,627.07,639.05,708.55,0,683.02,681.02,788.97,678.58,787.48,660.86,591.85,583.99,617.2,580.3,579.35,564.23,564.15,578.7,614.26,609.44,591.16,589.81,575.04,549.79,564.44,603.17,547.38,509.52,490.85,490.69,517.29,560.57,590.8,593.82,594.43,600.46,584.9,588.68,625.13,705.83,632.58,628.85,646.68,700.71,738.01,774.94,704.22,610.74,607.25,641.69,640.04,639.82,602.33,566.85,541.77,538.52,520.74,670.43
666.41,1313.5,665.55,741.4,687.94,601.7,560.56,672.97,658.08,612.95,617.27,586.62,665.02,592.62,711.5,573.62,581.29,495.31,491.58,542.53,1.495,550.83,764.52,574.75,590.1,593.92,596.6,553.92,612.86,598.21,593.82,609.61,615.63,572.97,591.73,615.93,627.9,649.52,683.02,0,740.05,797.64,619.55,751.41,657.58,588.57,571.47,617.79,527.89,560.99,545.87,545.63,527.48,605.62,600.8,582.52,581.17,566.4,541.15,555.8,594.52,538.73,504.98,485.56,486.04,512.75,557.29,563.31,558.62,559.09,564.32,551.64,553.34,595.31,676.01,602.76,619.25,613.35,667.38,708.94,743.32,1.06,593.72,581.8,607.46,603.31,602.74,567.97,548.32,536.65,533.41,515.67,618.02
664.4,1317.1,716.06,740.69,690.71,602.27,558.67,695.42,656.09,641.91,646.24,609.07,687.47,615.07,709.5,596.07,607.18,500.57,497.16,561.56,769.95,567.49,767.29,576.8,603.49,614.17,603.13,564.51,614.36,602.18,595.32,613.54,619.56,571.55,596.3,620.89,632.86,647.53,681.02,740.05,0,829.48,617.56,606.72,708.08,630.96,597.36,669.72,526.01,561.4,546.28,546.2,525.6,628.07,623.25,604.97,603.62,588.85,563.6,584.76,623.49,560.11,533.58,491.13,491.29,532.47,559.35,564.8,560.13,560.59,565.82,550.23,551.33,593.3,674,600.75,622.19,616.96,670.99,712.49,746.09,761.25,598.77,586.38,611.03,607.23,606.66,574.5,561.71,553.32,552.43,535.92,616.13
665.67,1326.1,588.62,797.24,696.4,625.98,552.58,749.31,779.2,702.31,706.63,662.96,741.36,668.96,824.57,649.96,673.18,555.56,551.9,604.75,835.02,611.27,772.97,595.67,668.87,661.41,617.34,602.45,619.15,611.31,598.87,619.57,625.6,568.56,607.24,632.82,644.79,768.5,788.97,797.64,829.48,0,606.72,595.89,582.24,525.42,663.36,721.06,519.91,585.11,569.98,569.9,519.5,681.96,677.13,658.86,657.51,642.73,617.48,645.16,683.88,612.92,618.24,545.87,546.28,608.25,578.22,569.6,563.68,564.15,569.38,547.23,552.6,594.57,675.27,602.02,636.26,623.43,677.46,721.55,751.77,824.14,612.17,597.32,617.44,613.27,612.7,588.72,627.09,597.1,595.62,583.16,610.04
654.21,1306.8,726.64,618.91,687.46,602.82,602.45,678.1,720.63,624.59,628.91,591.75,670.15,597.75,707.06,578.75,597.04,488.53,485.12,550.38,649.45,557.5,764.03,569.09,615.22,605.84,632.1,584.58,620.24,635.41,612.35,625.71,630.85,574.88,582.62,580.44,592.41,712.07,678.58,619.55,617.56,606.72,0,829.48,718.67,641.55,587.21,659.14,573.34,562.11,546.99,546.74,569.37,610.75,605.92,587.65,586.3,571.52,546.27,567.44,606.16,542.79,537.59,479.09,479.25,536.48,551.64,570.7,576.87,577.63,585.01,553.55,555.45,583.11,663.81,590.56,579.77,624.2,678.22,702.22,742.83,640.75,573.11,572.69,616.21,618.52,618.83,603.48,573.44,543.32,541.26,527.59,663.46
648,1300.8,788.28,751.01,683.79,619.07,609.64,727.01,816.98,680.01,684.34,640.66,719.06,646.66,823.08,627.66,663.62,527.46,524.06,615.61,788.78,622.13,760.36,603.98,667.86,670.78,649.17,607.43,633.53,636.78,618.22,621.09,626.14,568.44,575.62,574.03,586,806.28,787.48,751.41,606.72,595.89,829.48,0,780.31,686.95,653.8,546.18,578.82,578.2,563.07,562.99,576.57,659.66,654.84,636.56,635.21,620.44,595.19,622.86,661.59,590.63,614.11,518.03,518.19,604.12,586.53,583.98,583.1,583.5,587.46,547.11,547.84,576.9,657.6,584.35,573.67,620.58,674.61,696.21,739.16,777.91,565.51,565.69,610.84,613.82,614.21,620.55,626.09,607.96,606.49,592.53,668.94
647.82,1301.2,0.319,657.54,682.94,631.74,620.74,741.64,673.42,694.64,698.96,655.29,733.69,661.29,696.46,642.29,668.63,540.14,536.73,627.99,694.95,633.68,759.51,615.8,669.24,682.6,653.48,614.26,645.35,633.33,630.04,618.1,623.16,571.36,572.14,571.03,583.01,662.72,660.86,657.58,708.08,582.24,718.67,780.31,0,709.37,658.81,532.53,591.86,590.87,575.75,575.67,587.67,674.29,669.46,651.19,649.84,635.06,609.81,637.49,676.21,605.26,628.99,530.7,530.86,619,598.35,595.8,594.92,595.32,598.69,550.04,550.82,576.72,657.42,584.17,572.58,618.59,672.61,696.67,738.31,684.08,561.21,562.21,607.85,610.83,611.23,624.86,627.46,619.5,618.87,604.35,681.99
605.35,1260.2,717.35,588.54,637.13,690.02,629.41,800.4,604.42,763.17,767.5,714.05,792.45,720.05,627.45,701.05,551.17,642.1,638.37,669.38,625.95,671.97,713.7,648.47,486.81,742.21,605.21,597.46,647.35,564.42,619.19,557.74,562.88,543.24,524.74,523.01,534.99,593.72,591.85,588.57,630.96,525.42,641.55,686.95,709.38,0,543.31,475.7,598.4,649.15,634.03,633.95,596.34,733.05,728.23,709.95,708.6,693.83,668.58,706.02,744.75,662.41,753.37,632.34,632.82,730.06,631.02,597.8,584.57,584.46,583.26,521.92,518.78,534.25,614.95,541.7,524.23,563.41,617.44,655.66,692.5,615.07,517.6,514.81,547.81,550.55,550.86,576.59,453.39,657.8,660.25,663.96,688.52
624.6,1277.9,666.78,571.29,657.31,655,593.32,764.12,591.08,717.13,721.45,677.77,756.18,683.78,619.59,664.78,0.393,584.67,580.92,630.86,608.84,638.57,733.88,616.1,668.43,682.37,625.18,611.37,644.7,584.39,624.6,576.66,581.89,550.64,546.54,549.26,561.24,580.38,583.99,571.47,597.36,663.35,587.21,653.8,658.81,543.31,0,507.2,561.48,614.13,599.01,598.93,560.24,696.78,691.95,673.68,672.32,657.55,632.3,659.98,698.7,627.74,647.27,574.89,575.39,637.28,598.65,595.15,589.7,589.88,591.51,529.31,538.03,553.5,634.2,560.95,550.03,584.52,638.55,673.37,712.68,597.97,543.3,536.62,567.46,569.57,569.79,596.56,626.65,624.39,621.74,604.12,651.6
651.9,1260.5,538.91,617.76,647.43,627.53,529.47,551.45,626.04,511.25,514.71,482.37,545.09,487.17,652.8,471.97,515.06,517.79,514.67,644.47,655.17,650.99,724.01,625.52,724.54,705.53,635.97,645.37,639.78,607.73,619.18,589.64,594.95,542.5,553.02,575.24,587.21,615.34,617.2,617.79,669.72,721.06,659.14,546.18,532.53,475.7,507.2,0,497.63,586.91,571.78,571.45,496.39,497.57,493.71,479.09,478.01,466.19,445.99,465.53,496.51,442.77,311.49,508.88,508.88,311.5,608.07,590.23,584.06,584.45,588.04,521.18,544.57,580.8,661.5,588.25,582.51,598.48,652.5,655.93,702.81,644.29,565.41,543.09,580.97,582.62,582.77,607.34,682.77,636.82,635.34,627.28,587.75
619.6,1300.9,599.84,527.28,672.42,28.492,7.926,30.296,605.04,669.97,674.29,23.872,30.568,25.264,615.9,26.952,571.3,553.96,550.25,530.94,565.27,533.34,748.99,551.33,526.98,608.69,545.99,498.46,581.4,557.34,565.78,583.13,589.24,508.79,577.58,597.76,609.74,594.34,580.3,527.89,526.01,519.91,573.34,578.82,591.86,598.4,561.48,497.63,0,5.28,6.49,19.52,5.28,19.52,20.292,23.216,23.432,25.796,29.836,612.81,651.54,635.93,577.57,544.23,544.68,567.58,533.88,531.85,530.16,531.06,541.11,487.46,493.27,548.5,629.2,555.95,599.96,586.01,640.03,696.32,727.79,554.39,568.91,567.65,581.88,576.92,576.26,517.36,485.21,519.16,521.82,530.44,3.605
625.27,1285.2,598.85,560.45,670.47,8.966,7.926,9.868,580.75,724.11,728.44,6.656,10.004,7.352,614.95,8.196,623.96,647.44,644.03,635.17,598.37,636.39,747.05,654.59,611.95,718.19,602.58,568.7,665.52,579.16,639.48,584.98,590.21,542.46,552.41,557.91,569.88,570.05,579.35,560.99,561.4,585.11,562.11,578.2,590.87,649.15,614.13,586.91,5.28,0,0.605,4.48,5.28,4.48,4.866,6.328,6.436,7.618,9.638,666.96,705.69,695.52,720.14,638,638.16,701.27,637.14,615.97,604.5,604.76,607.57,521.14,520.86,554.17,634.87,561.62,562.08,592.69,646.72,680.62,725.85,587.49,539.42,542.49,576.23,577.88,578.1,573.95,570.17,622.21,626.05,639.94,12.49
610.14,1270.1,583.72,545.33,655.35,7.756,9.136,8.658,565.62,708.99,713.31,5.446,8.794,6.142,599.83,6.986,608.83,632.31,628.9,620.05,583.24,621.26,731.92,639.47,596.82,703.07,587.45,553.58,650.39,564.03,624.36,569.85,575.08,527.34,537.29,542.78,554.76,554.92,564.23,545.87,546.28,569.98,546.99,563.07,575.75,634.03,599.01,571.78,6.49,0.605,0,3.27,6.49,3.27,3.656,5.118,5.226,6.408,8.428,651.84,690.56,680.4,705.02,622.88,623.04,686.15,622.02,600.84,589.38,589.63,592.44,506.01,505.74,539.04,619.74,546.49,546.95,577.57,631.59,665.49,710.72,572.37,524.29,527.36,561.1,562.76,562.98,558.83,555.05,607.09,610.93,624.82,13.7
609.8,1270,583.64,545.09,654.94,2.243,24.812,8.658,565.54,708.91,713.23,5.446,8.794,6.142,599.74,6.986,608.75,632.23,628.82,619.75,583,620.96,731.52,639.13,596.49,702.82,587.05,553.25,650.06,563.59,624.02,569.77,575,527.26,537.21,542.46,554.43,554.84,564.14,545.63,546.2,569.9,546.74,562.99,575.67,633.95,598.93,571.45,19.52,4.48,3.27,0,19.52,3.27,3.656,5.118,5.226,6.408,8.428,651.76,690.48,680.32,704.89,622.8,622.96,686.02,621.67,600.51,589.05,589.3,592.11,505.93,505.33,538.7,619.4,546.15,546.77,577.32,631.35,665.41,710.32,572.13,524.21,527.28,561.02,562.68,562.9,558.42,554.72,606.79,610.62,624.57,33.94
616.2,1297.5,595.64,526.87,670.51,28.492,1.323,30.296,600.13,667.9,672.23,23.872,30.568,25.264,614.3,26.952,570.07,551.58,548.17,529.63,564.86,532.1,747.08,550.92,525.75,607.46,544.75,497.23,580.99,555.28,564.46,581.07,587.18,507.53,573.91,592.31,604.29,589.44,578.7,527.48,525.6,519.5,569.37,576.57,587.67,596.34,560.24,496.39,5.28,5.28,6.49,19.52,0,19.52,20.292,23.216,23.432,25.796,29.836,610.76,649.48,633.87,577.16,542.14,542.3,567.17,533.47,531.44,528.84,529.74,539.79,486.2,489.87,545.1,625.8,552.55,594.05,583.95,637.97,692.9,725.88,553.98,565.21,563.99,579.82,574.86,574.2,516.13,483.97,517.93,520.5,529.21,12.49
643.35,1299.2,682.26,605.44,670.13,7.756,24.812,2.694,617.41,809.7,814.03,1.088,2.762,1.436,649.87,1.858,706.6,758.57,754.84,717.62,643,719.43,746.71,713.4,508.68,804.49,643.94,644.6,707.49,602.34,676.54,589.96,595.28,604.38,558.94,559.72,571.7,606.71,614.26,605.62,628.07,681.96,610.75,659.66,674.29,733.05,696.77,497.57,19.52,4.48,3.27,3.27,19.52,0,0.193,0.924,0.978,1.569,2.579,752.56,791.28,783.84,869.85,748.81,749.29,846.53,695.95,657.94,642.12,641.81,639,583.06,575.3,572.25,652.95,579.7,553.57,594.26,648.28,694.58,725.51,632.12,560.71,549.01,581.91,582.96,583.09,615.31,475.26,705.25,708.5,726.24,33.94
638.53,1294.3,677.44,600.62,665.31,8.142,25.584,2.887,612.59,804.88,809.2,0.895,2.569,1.243,645.04,1.665,701.77,753.74,750.01,712.8,638.17,714.6,741.88,708.58,504.82,799.66,639.11,639.78,702.67,597.51,671.71,585.14,590.46,599.56,554.12,554.9,566.87,601.89,609.44,600.8,623.25,677.13,605.92,654.84,669.46,728.23,691.95,493.71,20.292,4.866,3.656,3.656,20.292,0.193,0,0.731,0.785,1.376,2.386,747.73,786.45,779.01,865.02,743.99,744.47,841.71,691.13,653.12,637.29,636.99,634.17,578.23,570.48,567.43,648.13,574.88,548.74,589.43,643.46,689.75,720.68,627.3,555.88,544.19,577.09,578.13,578.26,610.49,471.4,700.43,703.67,721.41,34.712
620.25,1276.1,659.16,582.34,647.03,9.604,28.508,3.618,594.31,786.6,790.93,0.164,3.3,0.512,626.76,0.934,683.5,735.47,731.74,694.52,619.9,696.33,723.61,690.3,490.2,781.39,620.84,621.5,684.39,579.24,653.44,566.86,572.18,581.28,535.84,536.63,548.6,583.61,591.16,582.52,604.97,658.86,587.65,636.56,651.19,709.95,673.68,479.09,23.216,6.328,5.118,5.118,23.216,0.924,0.731,0,0.054,0.645,1.655,729.46,768.18,760.74,846.75,725.71,726.19,823.43,672.85,634.84,619.02,618.71,615.9,559.96,552.2,549.15,629.85,556.6,530.47,571.16,625.18,671.48,702.41,609.02,537.61,525.91,558.81,559.86,559.99,592.21,456.78,682.15,685.4,703.14,37.636
618.9,1274.7,657.81,580.99,645.68,9.712,28.724,3.672,592.96,785.25,789.58,0.218,3.354,0.458,625.41,0.88,682.15,734.12,730.39,693.17,618.55,694.98,722.26,688.95,489.12,780.04,619.49,620.15,683.04,577.89,652.09,565.51,570.83,579.93,534.49,535.28,547.25,582.26,589.81,581.17,603.62,657.51,586.3,635.21,649.84,708.6,672.32,478.01,23.432,6.436,5.226,5.226,23.432,0.978,0.785,0.054,0,0.591,1.601,728.1,766.83,759.38,845.4,724.36,724.84,822.09,671.5,633.49,617.67,617.36,614.55,558.61,550.85,547.8,628.5,555.25,529.12,569.81,623.83,670.13,701.06,607.67,536.26,524.57,557.46,558.51,558.64,590.86,455.7,680.8,684.05,701.79,37.852
604.13,1259.9,643.04,566.22,630.91,10.894,31.088,4.263,578.19,770.48,774.8,0.809,3.945,1.049,610.64,0.289,667.37,719.34,715.61,678.4,603.77,680.2,707.48,674.18,477.3,765.27,604.71,605.37,668.27,563.11,637.31,550.74,556.06,565.16,519.72,520.5,532.48,567.49,575.04,566.4,588.85,642.73,571.52,620.44,635.06,693.83,657.55,466.19,25.796,7.618,6.408,6.408,25.796,1.569,1.376,0.645,0.591,0,1.01,713.33,752.06,744.61,830.62,709.59,710.07,807.31,656.73,618.72,602.89,602.59,599.77,543.83,536.08,533.03,613.73,540.48,514.34,555.03,609.06,655.35,686.28,592.9,521.48,509.79,542.69,543.73,543.86,576.09,443.88,666.03,669.27,687.01,40.216
578.88,1234.7,617.79,540.97,605.66,12.914,35.128,5.273,552.94,745.23,749.55,1.819,4.955,2.059,585.39,1.299,642.12,694.09,690.36,653.15,578.52,654.95,682.23,648.93,457.1,740.02,579.46,580.13,643.02,537.86,612.06,525.49,530.81,539.91,494.47,495.25,507.23,542.24,549.79,541.15,563.6,617.48,546.27,595.19,609.81,668.58,632.3,445.99,29.836,9.638,8.428,8.428,29.836,2.579,2.386,1.655,1.601,1.01,0,688.08,726.81,719.36,805.37,684.34,684.82,782.06,631.48,593.47,577.64,577.34,574.52,518.58,510.83,507.78,588.48,515.23,489.09,529.78,583.81,630.1,661.03,567.65,496.24,484.54,517.44,518.48,518.61,550.84,423.68,640.78,644.02,661.76,44.256
599.76,1256.2,645.46,555.62,627.73,707.83,643.83,819.9,567.59,2.286,2.459,733.56,811.96,739.56,600.04,720.56,669.8,659.9,656.18,664.54,593.17,666.35,704.3,651.02,476.64,744.75,599.28,591.52,648.2,558.49,619.18,548.72,554.03,546.06,516.22,516.25,528.23,556.89,564.44,555.8,584.76,645.16,567.44,622.86,637.49,706.02,659.98,465.53,612.82,666.96,651.84,651.76,610.76,752.56,747.73,729.46,728.11,713.33,688.08,0,1.549,681.92,771.18,650.15,650.63,747.87,633.57,598.65,584.63,584.45,582.44,524.74,516.62,528.66,609.36,536.11,513.51,553.51,607.53,651.59,683.1,582.3,512.87,506.3,540.25,541.71,541.84,570.65,443.22,652.17,655.42,666.5,702.94
638.48,1294.9,684.19,594.34,666.45,746.56,682.56,858.63,606.31,0.737,0.91,772.28,850.68,778.28,638.77,759.28,708.53,698.63,694.9,703.27,631.9,705.07,743.03,689.74,507.62,783.48,638,630.25,686.93,597.21,657.9,587.44,592.76,584.79,554.95,554.98,566.95,595.61,603.17,594.52,623.49,683.88,606.16,661.59,676.21,744.75,698.7,496.51,651.54,705.69,690.56,690.48,649.48,791.28,786.46,768.18,766.83,752.06,726.81,1.549,0,720.64,809.91,688.88,689.35,786.6,672.29,637.38,623.36,623.18,621.17,563.46,555.34,567.38,648.08,574.83,552.24,592.23,646.26,690.32,721.83,621.02,551.6,545.02,578.97,580.43,580.57,609.38,474.2,690.9,694.14,705.23,741.67
574.86,1229.6,613.23,538.55,600.69,736.39,666.95,851.19,550.53,739.07,743.39,764.84,843.23,770.84,582.98,751.83,637.57,831.04,824.13,651.27,576.11,653.08,677.27,647.05,453.89,738.14,575.44,578.25,641.14,533.31,609.43,521.47,526.79,537.41,489.91,491.23,503.2,539.83,547.38,538.73,560.11,612.93,542.79,590.63,605.26,662.41,627.74,442.77,635.94,695.52,680.4,680.32,633.88,783.84,779.01,760.74,759.38,744.61,719.36,681.92,720.64,0,811,818.11,821.76,787.69,629.6,591.59,575.77,574.71,571.88,516.09,508.9,503.76,584.46,511.21,485.07,525.76,579.79,625.01,656.07,565.23,492.21,479.98,513.42,514.46,514.59,546.82,420.47,638.9,642.15,659.89,726.06
626.87,1251.3,636.96,504.87,627.38,760.97,610.24,937.2,516.39,828.33,832.66,850.85,929.25,856.84,545.12,837.84,657.09,829.17,829.58,662.16,542.36,665.73,703.95,661.99,338.23,739.35,603.47,622.38,665.85,573.1,630.51,553.6,558.83,574.72,525.5,536.73,548.71,505.69,509.52,504.98,533.58,618.24,537.59,614.11,628.99,753.37,647.27,311.49,577.57,720.14,705.02,704.89,577.16,869.85,865.02,846.75,845.4,830.62,805.37,771.18,809.91,811,0,823.56,819.9,699.99,644.55,616.3,601.19,595.79,594.76,553.39,551.85,555.77,636.47,563.22,541.29,555.28,609.3,646.75,682.75,531.48,526.37,515.57,544.85,546.51,546.73,574.84,311.5,651.56,653.03,661.1,667.7
