0,1398.5,710.67,719.85,780.48,796.7,822.42,842.47,712.98,767.4,771.72,756.12,834.52,762.12,751.1,743.12,741.21,700.72,697.31,776.17,757.76,782.91,772.88,805.47,825.08,828.12,884.36,841.37,867.2,951.85,17.628,983.38,989.75,15.752,931.94,990.29,1002.3,702.28,715.5,733.11,720.01,718.73,684.8,687.87,702.69,709.4,731.39,743.07,793.77,756.05,740.92,740.62,789.35,775.12,770.29,752.02,750.67,735.89,710.64,710.25,748.97,709.84,738.46,691.29,691.45,746.42,788.02,817.65,824.57,14.85,14.046,14.046,5.053,2.844,5.476,2.546,6.581,916.52,839.47,793.91,751.68,746.89,958.02,922.02,984.38,977.43,976.5,855.74,783.31,768.73,767.05,749.86,883.9
1398.5,0,1171.8,1216.8,1432.7,1260.5,1281.9,1283.8,1215.9,1213.3,1217.6,1197.5,1275.9,1203.5,1256.5,1184.5,1175.9,1139.1,1136.4,1184,1302.1,1189.7,1320.2,1215.1,1204.3,1237.4,1220.9,1182.5,1265.3,1214.9,1313.2,1226.7,1232.6,1289.2,1170.1,1217,1229,1205.2,1220.9,1269,1220.6,1192.4,1178.6,1161.3,1163.9,1153.6,1166.1,1161.2,1253.6,1219.7,1204.5,1204.5,1248.8,1216.5,1211.6,1193.4,1192,1177.2,1152,1156.1,1194.9,1151.2,1142.5,1130.3,1129.9,1154.7,1197.6,1215.7,1217,1278.4,1268.4,1267.8,1382.6,1327.4,1408.1,1334.8,1234,1287.5,1359,24.183,1299,1291.3,1195.3,1160.2,1223.2,1220.2,1219.8,1192.3,1162.5,1175.6,1174.8,1159.2,1343.7
710.67,1171.8,0,586.86,586.82,639.72,628.72,705.55,636.96,651.99,656.31,619.2,697.6,625.2,658.15,606.2,619.8,536.04,532.63,574.5,600.8,580.43,612.01,592.49,596.93,638.78,575.55,546.93,632.63,540.78,749.73,548.68,554.35,723.04,519.67,532.01,543.98,626.26,622.55,590.6,617.3,653.67,641.57,700.53,0.319,629.6,609.98,615.19,599.84,598.85,583.72,583.64,595.64,638.2,633.38,615.1,613.75,598.98,573.73,594.84,633.57,569.71,571.4,526.61,526.77,567.91,575.04,583.09,583.09,715,704.95,701.72,694.79,639.57,720.27,647.02,546.14,545.2,550.01,567.26,590.81,589.93,510.43,509.74,543.68,542.02,541.8,546.93,555.16,566.26,565.37,560.53,689.96
719.85,1216.8,586.86,0,629.97,593.59,559.95,650.19,670.98,586.43,590.76,563.84,642.24,569.84,716.42,550.84,549.79,483.61,480.84,518.92,678.67,524.86,684.2,557.53,546.75,579.73,546.76,509.87,601.09,531.74,698.41,543.93,549.95,673.02,510.1,537.56,549.53,660.28,680.83,692.22,691.33,625.81,633.79,603.16,578.88,533.3,539.97,536.21,527.28,552.88,537.75,537.51,526.87,582.84,578.02,559.74,558.39,543.62,518.37,529.28,568,516.49,492.36,474.81,474.33,499.09,540.08,551.54,548.62,663.69,653.64,651.69,703.97,648.75,729.45,656.2,555.32,561.96,587.03,612.27,663,667.8,516.11,500.18,541.93,537.63,537.06,518.14,504.98,510.69,509.8,501.48,617.41
780.48,1432.7,586.82,629.97,0,621.69,632.21,675.65,631.16,604.5,608.83,589.3,667.7,595.3,676.39,576.3,569.57,516.72,513.36,554.55,704.51,559.89,723.32,590.67,592.18,617.5,600.34,561.88,637.04,594.3,707.26,605.71,611.73,683.26,553.03,602.68,614.65,620.46,640.79,669.26,634.04,612.27,598.76,581.5,578.85,544.81,559.75,561.74,602.96,580.82,565.69,565.61,599.13,608.3,603.48,585.2,583.85,569.08,543.83,547.35,586.08,540.92,533.08,507.33,507.45,536.89,573.22,587.49,588.37,672.53,662.48,661.93,764.6,709.38,790.08,716.83,615.95,666.24,711.62,828.16,702.12,693.64,578.9,543.1,603.56,599.4,598.83,571.71,550.41,545.72,545.42,539.25,693.09
796.69,1260.5,639.72,593.59,621.69,0,33.784,13.144,621.62,764.98,769.31,9.932,13.28,10.628,655.82,11.472,664.83,688.31,684.9,675.79,618.61,677.6,632.62,702.79,660.1,758.4,646.66,612.26,723.99,627.14,848,650.54,656.41,821.19,604.07,612.8,624.77,610.92,620.22,593.98,592.76,601.97,602.82,619.07,631.74,690.02,655,618.94,28.492,8.966,7.756,2.243,28.492,7.756,8.142,9.604,9.712,10.894,12.914,707.83,746.56,736.39,748.95,678.87,679.03,730.08,685.34,674.43,665.69,813.27,803.22,799.86,780.82,725.59,806.29,733.04,632.17,625.74,625.1,655.96,611.42,607.74,591.75,594.15,647.07,644.09,643.66,618.03,618.32,663.42,666.67,680.15,42.912
822.42,1281.9,628.72,559.95,632.21,33.784,0,35.588,633.21,700.98,705.31,29.164,35.86,30.556,647.38,32.244,603.14,584.65,581.25,562.7,596.9,565.18,615.71,584,558.82,640.53,577.83,530.3,614.06,587.86,876.66,623.53,629.87,849.53,606.99,633.36,645.33,622.51,611.78,560.56,558.67,552.58,602.45,609.64,620.74,629.41,593.32,529.47,7.926,7.926,9.136,24.812,1.323,24.812,25.584,28.508,28.724,31.088,35.128,643.83,682.55,666.95,610.23,575.22,575.38,600.24,566.55,564.51,561.91,841.94,831.89,828.2,806.55,751.32,832.02,758.77,657.9,612.11,636.99,677.3,594.51,586.02,598.28,597.06,623.31,617.54,616.66,549.2,517.05,551,553.58,562.28,15.136
842.47,1283.8,705.55,650.19,675.65,13.144,35.588,0,680.29,863.46,867.79,3.782,5.456,4.13,707.53,4.552,770.22,812.85,809.44,824.02,674.66,827,689.05,838.12,808.5,902.32,754.28,732.84,854.12,713.49,844.96,691.96,697.63,818.75,655.46,666.88,678.86,669.59,671.93,650.15,656.61,695.94,664.03,682.95,697.58,786.81,760.4,760.12,30.296,9.868,8.658,8.658,30.296,2.694,2.887,3.618,3.672,4.263,5.273,806.31,845.04,837.59,894.65,803.41,803.57,871.34,820.67,804.57,794.26,810.24,800.18,797.42,826.59,771.37,852.07,778.82,677.94,663.82,671.68,679.24,667.85,663.79,647.78,645.53,686.96,685.3,685.08,725.65,766.72,812.83,814.89,824.07,44.716
712.98,1215.9,636.96,670.98,631.16,621.62,633.21,680.29,0,617.27,621.6,593.94,672.33,599.93,805.25,580.93,583.12,503.67,499.98,543.09,672.28,550.8,679.28,571.46,581.96,597.7,576.34,546.68,629.19,546.22,751.92,561.53,567.2,722.79,526.74,537.61,549.58,0.428,769.64,694.23,686.54,646.66,774.15,673.62,628.99,569.89,573.29,558.77,605.04,580.75,565.62,565.54,600.14,612.94,608.11,589.84,588.48,573.71,548.46,560.13,598.85,546.05,513.23,493.96,494.39,517.06,554.01,579.64,584.58,717.19,707.14,701.47,697.11,641.88,722.58,649.33,548.45,566.78,586.32,611.31,658.08,661.4,520.45,516.81,556.2,554.88,554.66,547.71,540.19,536.62,533.97,519.45,695.17
767.4,1213.3,651.99,586.43,604.5,764.98,700.98,863.46,617.27,0,1.647,777.11,855.51,783.11,644.25,764.11,714.5,703.99,700.58,728.18,608.29,731.17,621.2,742.28,712.66,806.48,663.04,639.71,759.42,622.25,791.45,620.86,626.7,764.23,579.89,590.58,602.56,606.57,608.65,586.32,598.25,637.8,605.5,629.39,644.02,749.58,704.68,690.45,669.97,724.11,708.99,708.91,667.91,796.11,791.29,773.01,771.66,756.89,731.64,2.286,0.737,725.47,785.78,694.55,694.71,762.47,724.83,709.88,700.77,756.72,746.67,742.91,751.52,696.3,777,703.75,602.87,589.35,595.07,608.71,600,597.41,571.17,569.97,617.09,614.38,613.98,634.41,670.88,716.99,719.05,728.24,760.09
771.72,1217.6,656.31,590.76,608.83,769.31,705.31,867.79,621.6,1.647,0,781.44,859.84,787.44,648.57,768.44,718.83,708.31,704.9,732.5,612.61,735.49,625.52,746.6,716.98,810.81,667.37,644.03,763.75,626.57,795.77,625.18,631.03,768.56,584.22,594.91,606.88,610.9,612.97,590.65,602.58,642.12,609.83,633.71,648.34,753.9,709,694.77,674.29,728.44,713.31,713.23,672.23,800.44,795.61,777.34,775.99,761.21,735.96,2.459,0.91,729.8,790.11,698.88,699.03,766.8,729.15,714.2,705.1,761.05,751,747.23,755.85,700.62,781.32,708.07,607.2,593.68,599.4,613.03,604.32,601.74,575.49,574.29,621.42,618.7,618.31,638.74,675.21,721.32,723.38,732.56,764.42
756.12,1197.5,619.2,563.84,589.3,9.932,29.164,3.782,593.93,777.11,781.44,0,3.464,0.676,621.18,1.098,683.87,726.5,723.09,737.67,588.31,740.65,602.7,751.77,722.15,815.97,667.93,646.49,767.77,627.13,758.61,605.61,611.28,732.4,569.11,580.53,592.51,583.24,585.58,563.8,570.26,609.59,577.68,596.6,611.23,700.46,674.05,673.77,23.872,6.656,5.446,5.446,23.872,1.088,0.895,0.164,0.218,0.809,1.819,719.96,758.69,751.24,808.3,717.06,717.22,784.99,734.32,718.22,707.91,723.88,713.84,711.07,740.24,685.02,765.72,692.47,591.59,577.47,585.33,592.89,581.5,577.44,561.43,559.18,600.61,598.95,598.73,639.3,680.37,726.48,728.54,737.72,38.292
834.52,1275.9,697.6,642.24,667.7,13.28,35.86,5.456,672.33,855.51,859.84,3.464,0,3.812,699.58,4.234,762.27,804.9,801.49,816.07,666.71,819.05,681.1,830.17,800.55,894.37,746.33,724.89,846.17,705.53,837.01,684.01,689.68,810.8,647.51,658.93,670.91,661.63,663.98,642.21,648.66,687.99,656.08,675,689.63,778.86,752.45,752.17,30.568,10.004,8.794,8.794,30.568,2.762,2.569,3.3,3.354,3.945,4.955,798.36,837.09,829.64,886.7,795.46,795.62,863.39,812.72,796.62,786.31,802.28,792.24,789.47,818.64,763.42,844.12,770.87,669.99,655.87,663.73,671.29,659.9,655.84,639.83,637.58,679.01,677.35,677.13,717.7,758.77,804.88,806.94,816.12,44.988
762.12,1203.5,625.2,569.84,595.3,10.628,30.556,4.13,599.94,783.11,787.44,0.676,3.812,0,627.18,1.338,689.87,732.5,729.09,743.67,594.31,746.65,608.7,757.77,728.15,821.97,673.93,652.49,773.77,633.13,764.61,611.61,617.28,738.4,575.11,586.53,598.51,589.24,591.58,569.8,576.26,615.59,583.68,602.6,617.23,706.46,680.05,679.77,25.264,7.352,6.142,6.142,25.264,1.436,1.243,0.512,0.458,1.049,2.059,725.96,764.69,757.24,814.3,723.06,723.22,790.99,740.32,724.22,713.91,729.88,719.84,717.08,746.24,691.02,771.72,698.47,597.59,583.47,591.33,598.89,587.5,583.44,567.43,565.18,606.61,604.95,604.73,645.3,686.37,732.48,734.54,743.72,39.684
751.1,1256.5,658.15,716.43,676.39,655.82,647.38,707.53,805.24,644.25,648.57,621.18,699.58,627.18,0,608.18,609.97,534.4,530.99,571.84,717.87,578.37,724.87,605.47,603.22,629.07,606.66,571,661.83,583.23,774.18,593.17,598.85,747,562.42,574.64,586.61,794.54,1.424,761.93,728.19,679.64,756.25,687.7,650.17,595.46,600.15,585.95,615.9,614.95,599.83,599.75,614.3,640.18,635.35,617.08,615.73,600.95,575.7,587.1,625.82,573.83,540.26,524.97,525.12,547.38,588.02,612.28,611.01,739.46,729.41,725.67,735.23,680,760.7,687.45,586.58,607.18,629.39,651.94,703.67,706.99,555.87,552.49,588.18,586.52,586.3,578.03,561.45,564.19,562.72,550.82,706.03
743.12,1184.5,606.2,550.84,576.3,11.472,32.244,4.552,580.93,764.11,768.44,1.098,4.234,1.338,608.18,0,670.87,713.5,710.09,724.67,575.31,727.65,589.7,738.77,709.15,802.97,654.93,633.49,754.77,614.13,745.61,592.61,598.28,719.4,556.11,567.54,579.51,570.23,572.58,550.81,557.26,596.59,564.68,583.6,598.23,687.46,661.05,660.77,26.952,8.196,6.986,6.986,26.952,1.858,1.665,0.934,0.88,0.289,1.299,706.96,745.69,738.24,795.3,704.06,704.22,771.99,721.32,705.22,694.91,710.88,700.83,698.08,727.24,672.02,752.72,679.47,578.59,564.47,572.33,579.89,568.5,564.44,548.43,546.18,587.61,585.95,585.73,626.3,667.37,713.48,715.54,724.72,41.372
741.21,1175.9,619.8,549.79,569.57,664.83,603.14,770.22,583.12,714.5,718.83,683.87,762.27,689.87,609.97,670.87,0,591.44,588.03,626.61,571.49,631.36,584.78,647.03,648.64,692.73,618.58,591.41,684.04,580.51,761.31,583.7,589.55,736.29,547.14,563.28,575.25,572.41,574.37,549.9,564.67,596.96,571.92,597.2,611.83,726.76,0.393,680.63,571.3,623.96,608.83,608.75,570.07,702.87,698.05,679.77,678.42,663.65,638.4,657.35,696.08,634.91,633.3,582,582.16,632.05,629.58,634.49,634.4,726.59,716.54,714.97,725.34,670.11,750.81,677.56,576.69,558.99,555.73,571.37,563.58,560.62,541.81,537.22,580.05,577.22,576.83,589.96,606.86,617.19,617.48,614.48,661.43
700.72,1139.1,536.04,483.61,516.72,688.31,584.65,812.85,503.67,703.99,708.31,726.5,804.9,732.5,534.4,713.5,591.44,0,799.76,626.69,508.13,628.53,522.13,652.86,603.26,709.77,573.82,542.93,665.97,546.27,719.94,552.86,558.71,691.13,521.08,532.07,544.04,492.97,498.8,483.72,484.49,507.71,487.12,515.27,528.07,629.03,581.61,558.84,553.96,647.44,632.31,632.23,551.58,745.5,740.67,722.4,721.05,706.27,681.02,646.84,685.56,788.49,786.63,793.73,0.371,663.26,635.41,616.42,606.72,685.21,675.16,669.81,684.84,629.62,710.32,637.07,536.2,522.34,521.8,534.57,500.93,497.26,513.83,511.16,549.29,546.38,545.99,545.2,561.48,614.36,617.56,631.52,644.08
697.31,1136.4,532.63,480.84,513.36,684.9,581.25,809.44,499.98,700.58,704.9,723.09,801.49,729.09,530.99,710.09,588.03,799.76,0,623.6,505.04,625.33,519.03,649.77,600.49,706.68,570.73,539.84,662.75,543.49,716.53,549.5,555.43,687.73,518.31,529.8,541.78,489.28,495.39,480.94,481.08,504.3,483.71,511.86,524.66,625.62,578.2,555.43,550.25,644.03,628.9,628.82,548.17,742.09,737.26,718.99,717.64,702.86,677.61,643.43,682.15,781.58,787.03,0.241,790.48,660.17,632.32,613.21,603.63,681.8,671.75,666.4,681.44,626.21,706.91,633.66,532.79,518.93,518.33,531.79,497.83,494.17,511.56,508.38,546.2,543.11,542.62,542.11,558.71,611.16,614.47,628.43,640.38
776.17,1184,574.5,518.92,554.55,675.79,562.7,824.02,543.09,728.18,732.5,737.67,816.07,743.67,571.84,724.67,626.61,626.69,623.6,0,541.5,769.45,555.88,717.57,710.27,803.21,650.46,622.59,738.77,619.42,757.49,615.73,621.49,731.7,584.38,607.32,619.3,532.39,536.24,518.96,524.62,554.83,529.42,553.85,566.52,657.49,616.78,618.16,530.94,634.92,619.8,619.72,529.63,756.67,751.84,733.57,732.22,717.44,692.19,671.03,709.76,695.68,660.92,617.57,617.41,718.87,700.12,689.22,681.73,722.76,712.71,710.37,760.3,705.07,785.77,712.52,611.65,584.24,571.92,579.38,534.68,530.62,586.78,574.46,611.42,609.16,608.86,621.83,668.5,755.28,0.365,724.96,621.07
757.76,1302.1,600.8,678.67,704.51,618.61,596.9,674.66,672.28,608.29,612.61,588.31,666.71,594.31,717.87,575.31,571.49,508.13,505.04,541.5,0,547.43,776.66,584.3,575.23,605.22,577.62,539.16,628.04,571.59,715.55,582.99,589.01,691.55,540.65,579.96,591.94,661.58,682.27,739.56,680.85,638.49,634.88,608.48,592.83,552.16,561.67,561.53,564.24,577.75,562.62,562.54,563.82,607.31,602.49,584.21,582.86,568.09,542.84,551.14,589.86,540.96,520.06,499.02,498.86,525.35,566.85,578.49,575.58,680.82,670.78,670.22,741.89,686.66,767.36,694.11,593.24,622.85,668.23,697.57,755.46,0.435,556.18,530.72,580.84,576.69,576.11,548.99,533.45,533.26,532.37,526.97,654.36
782.91,1189.7,580.43,524.86,559.89,677.6,565.18,827,550.8,731.17,735.49,740.65,819.05,746.65,578.37,727.65,631.36,628.53,625.33,769.45,547.43,0,561.81,720.22,722.11,801.48,658.16,630.29,744.7,627.12,764.43,623.77,629.62,738.22,591.15,614.44,626.41,540.1,542.76,524.9,531.14,559.58,535.52,559.78,572.46,660.47,621.54,624.1,533.34,636.73,621.6,621.52,532.1,759.65,754.83,736.55,735.2,720.43,695.18,674.01,712.74,698.66,662.73,619.31,619.26,717.13,702.77,695.15,688.25,729.71,719.66,716.9,767.03,711.81,792.51,719.26,618.38,593.03,578.44,585.15,540.61,536.56,594.49,581.22,619.72,617.29,616.89,629.54,680.33,0.567,760.33,723.23,623.47
772.88,1320.2,612.01,684.2,723.32,632.62,615.71,689.05,679.28,621.19,625.52,602.7,681.1,608.7,724.87,589.7,584.78,522.13,519.03,555.88,776.66,561.81,0,597.94,589.61,618.87,592.74,554.29,643.37,586.71,726.24,598.11,604.13,702.24,554.29,595.08,607.06,668.58,689.27,741.4,686.38,647.29,641.88,616.96,604.04,563.59,574.95,574.44,583.05,591.91,576.79,576.54,582.64,621.7,616.87,598.6,597.25,582.47,557.22,564.04,602.77,555.35,535.92,513.01,512.85,539.29,580.49,593.82,591.44,691.52,681.47,680.92,757.01,701.78,782.48,709.23,608.36,640.92,686.3,715.64,0.848,765.78,571.31,544.37,595.96,591.81,591.24,564.12,547.84,547.64,546.75,540.62,673.17
805.47,1215.1,592.49,557.53,590.67,702.79,584,838.12,571.46,742.28,746.6,751.77,830.17,757.77,605.47,738.77,647.03,652.86,649.77,717.58,584.3,720.22,597.94,0,718.86,786.6,692.54,676.79,841.22,655.23,780.16,643.9,649.75,756.16,612.64,636.62,648.59,560.76,569.87,557.78,559.37,583.49,551.63,571.84,584.51,674.1,637.2,640.11,551.33,661.92,646.8,646.72,550.92,770.77,765.94,747.67,746.32,731.54,706.29,685.13,723.85,709.77,685.93,643.74,643.58,791.56,0.698,791.68,771.39,745.44,735.39,734.83,789.59,734.37,815.07,741.82,640.94,609.19,598.79,610.51,576.74,573.42,616.41,602.72,640.4,637.43,637.03,663.92,677.09,706.04,708.45,708.35,641.46
825.08,1204.3,596.93,546.75,592.18,660.1,558.82,808.5,581.96,712.66,716.98,722.15,800.55,728.15,603.23,709.15,648.64,603.26,600.49,710.27,575.23,722.11,589.61,718.86,0,742.3,730.46,709.02,772.78,678.45,783.63,665.7,671.49,759.63,619.87,651.48,663.45,571.26,567.63,550.22,555.03,573.18,561.33,576.28,588.96,644.48,638.81,648.23,526.98,619.23,604.1,604.02,525.75,741.15,736.32,718.05,716.7,701.92,676.67,655.51,694.23,680.16,636.86,594.46,593.98,657.95,701.41,723.23,727.64,748.91,738.86,738.31,809.21,753.98,834.68,761.43,660.56,638.5,613.12,599.71,568.41,564.35,630.46,609.95,660.94,659.17,658.83,701.83,1.671,707.93,701.15,664.05,617.11
828.11,1237.4,638.78,579.73,617.5,758.4,640.53,902.32,597.7,806.48,810.81,815.97,894.37,821.97,629.07,802.97,692.73,709.77,706.68,803.21,605.22,801.48,618.87,786.6,742.3,0,702.04,676.23,799.99,669.27,810.67,664.96,670.8,786.67,636.86,657.48,669.45,587,593.47,579.76,582.97,619.61,586.36,618.13,630.81,735.34,682.91,676.84,608.69,717.69,702.56,702.32,607.46,834.97,830.15,811.87,810.52,795.75,770.5,749.33,788.06,773.98,746.66,700.66,700.5,825.09,769.15,750.44,740.74,775.95,765.9,765.35,812.24,757.01,837.72,764.47,663.59,631.18,621.99,632.83,597.66,594.34,636.27,626.94,661.41,658.48,658.08,673.41,700.52,787.3,794.09,3.13,698.82
884.36,1220.9,575.55,546.76,600.34,646.66,577.83,754.28,576.34,663.04,667.37,667.93,746.33,673.93,606.66,654.93,618.58,573.82,570.73,650.46,577.62,658.16,592.74,692.54,730.46,702.04,0,764.31,761.87,741.72,823.48,719.52,725.37,797.27,673.83,710.16,722.13,565.64,571.06,552.96,552.2,560.45,554.07,554.9,567.58,594.87,608.76,615.17,545.99,605.79,590.66,590.58,544.75,686.93,682.1,663.83,662.48,647.7,622.45,605.89,644.62,623.79,603.03,564.71,564.55,623.34,675.09,712.32,722.06,788.76,778.71,775.95,868.49,813.26,893.96,820.71,719.84,687.23,646.17,616.33,571.54,566.74,696.35,663.91,716.02,713.04,712.64,1.145,688.68,643.99,641.33,623.79,636.12
841.37,1182.5,546.93,509.87,561.88,612.26,530.3,732.84,546.68,639.71,644.03,646.49,724.89,652.49,571,633.49,591.41,542.93,539.84,622.59,539.16,630.29,554.29,676.79,709.02,676.23,764.31,0,767.52,695.71,785.03,676.53,682.38,758.82,632.36,667.17,679.14,535.98,535.4,513.22,515.05,525.96,523.43,526.8,538.96,571.53,581.59,584.74,498.46,571.55,556.42,556.18,497.23,665.49,660.67,642.39,641.04,626.27,601.02,582.56,621.28,603.43,575.16,533.82,533.66,600.6,659.34,717.97,738.25,750.3,740.25,737.49,825.5,770.27,850.97,777.72,676.85,644.24,603.18,577.87,533.09,528.29,653.36,622.43,673.03,670.05,669.65,735.68,667.25,616.12,613.46,597.98,588.59
867.2,1265.3,632.63,601.09,637.04,723.99,614.06,854.12,629.19,759.43,763.75,767.77,846.17,773.77,661.84,754.77,684.04,665.97,662.75,738.77,628.04,744.7,643.37,841.22,772.78,799.99,761.87,767.52,0,724.37,836.96,709.56,715.49,810.75,671.39,697.76,709.74,618.49,626.23,601.27,603.88,614.71,601.23,611.99,624.66,691.25,674.21,670.94,581.4,683.12,667.99,667.91,580.99,786.77,781.94,763.67,762.32,747.54,722.29,702.27,741,724.7,698.56,656.73,656.7,765.03,823.78,1.982,862.12,802.23,792.18,789.42,851.33,796.1,876.8,803.55,702.68,676.4,660.03,660.7,622.17,617.17,679.79,661.47,706.29,703.17,702.68,733.24,731,730.53,729.64,721.74,671.52
951.85,1214.9,540.78,531.74,594.3,627.14,587.86,713.49,546.22,622.25,626.57,627.13,705.54,633.13,583.23,614.14,580.51,546.27,543.49,619.42,571.59,627.12,586.71,655.23,678.45,669.27,741.72,695.71,724.37,0,879.6,836.68,841.12,853.39,792.29,815.67,827.65,535.52,547.63,546.93,536.88,539.52,521.42,520.61,532.8,554.08,570.68,584.02,556.84,586.27,571.14,571.06,554.78,646.13,641.31,623.03,621.69,606.91,581.66,565.1,603.82,583,569.26,537.47,536.99,586.02,637.78,674.82,682.07,844.87,834.82,832.06,935.97,880.75,961.45,888.2,787.32,691.63,650.57,610.3,565.51,560.71,845.14,782.37,821.18,828.8,829.81,713.09,636.68,612.95,610.29,591.02,646.97
17.628,1313.2,749.73,698.41,707.26,848,876.66,844.96,751.92,791.45,795.77,758.61,837.01,764.61,774.18,745.61,761.31,719.94,716.53,757.49,715.55,764.43,726.24,780.16,783.63,810.67,823.48,785.03,836.96,879.59,0,906.43,912.63,9.228,831.6,913.34,925.31,741.22,738.58,703.61,698.34,696.04,720,720.67,741.75,740.69,751.49,734.16,852.9,807.29,792.16,791.92,843.59,777.61,772.78,754.51,753.16,738.38,713.14,734.3,773.02,709.43,730.59,710.5,710.66,729.51,762.71,787.41,789.42,1.389,1.791,7.522,7.522,11.94,18.396,12.536,19.414,845.99,785.35,708.58,705.04,704.68,883.87,821.68,905.93,900.3,899.55,794.86,741.86,750.26,748.36,732.43,943.03
983.38,1226.7,548.68,543.93,605.71,650.54,623.53,691.96,561.53,620.86,625.18,605.61,684.01,611.61,593.17,592.61,583.7,552.86,549.5,615.73,582.99,623.77,598.11,643.91,665.7,664.96,719.52,676.53,709.56,836.68,906.43,0,875,880.22,823.82,847.2,859.18,550.83,557.58,558.33,548.29,547.86,529.74,529.06,540.7,558.65,573.88,580.24,592.52,609.67,594.54,594.46,590.46,624.61,619.78,601.51,600.16,585.38,560.13,563.71,602.43,559.33,570.28,543.47,543.59,582.49,626.46,660.01,667.95,871.7,861.65,858.89,967.5,912.28,992.98,919.73,818.85,723.16,663.36,622.14,576.91,572.11,876.66,813.9,855.06,862.67,0.275,690.89,623.93,609.59,606.61,586.71,682.64
989.75,1232.6,554.35,549.95,611.73,656.41,629.87,697.63,567.2,626.7,631.03,611.28,689.68,617.28,598.84,598.28,589.55,558.71,555.43,621.49,589.01,629.62,604.13,649.75,671.49,670.8,725.37,682.38,715.49,841.12,912.63,875,0,886.42,830.19,853.58,865.55,556.5,563.25,564.36,554.23,553.71,535.41,534.73,546.37,564.32,579.72,586.09,598.86,615.54,600.42,600.34,596.8,630.28,625.45,607.18,605.83,591.05,565.8,569.55,608.28,565,576.13,549.41,549.43,588.34,632.3,665.94,673.88,877.9,867.85,865.09,973.88,918.65,999.35,926.1,825.23,729.53,669.38,627.99,582.93,578.14,883.04,820.27,861.52,0.493,868.12,696.74,629.72,615.44,612.37,592.55,688.98
15.752,1289.2,723.04,673.02,683.26,821.19,849.53,818.75,722.79,764.23,768.56,732.4,810.8,738.4,747,719.4,736.29,691.13,687.73,731.7,691.55,738.22,702.24,756.16,759.63,786.67,797.27,758.82,810.75,853.38,9.228,880.22,886.42,0,805.59,886.02,898,712.09,711.4,679.61,672.94,670.93,694.19,695.49,715.07,713.65,726.47,707.29,822.69,780.7,765.58,765.11,816.45,751.4,746.58,728.3,726.95,712.17,686.92,707.08,745.81,683.22,706.59,681.7,681.86,705.51,738.71,761.2,763.05,6.45,5.646,0.853,5.646,10.064,16.52,10.66,17.538,818.67,761.34,684.58,681.04,680.67,856.56,795.67,879.72,874.09,873.34,768.65,717.85,724.05,722.57,708.42,912.82
931.94,1170.1,519.67,510.1,553.03,604.07,606.99,655.46,526.74,579.89,584.22,569.11,647.51,575.11,562.42,556.11,547.14,521.08,518.31,584.38,540.65,591.15,554.29,612.64,619.87,636.86,673.83,632.36,671.39,792.29,831.6,823.82,830.19,805.59,0,795.77,807.75,516.04,526.82,520.23,512.89,516.64,498.01,498.62,511.69,518.82,537.32,539.34,577.58,563.2,548.08,548,573.91,588.11,583.28,565.01,563.66,548.88,523.63,522.74,561.47,522.83,549.44,512.28,511.81,555.17,595.19,621.84,625.92,796.88,786.83,784.27,916.07,860.85,941.54,868.29,767.42,671.72,619.95,565.54,533.09,529.77,903.07,0.397,901.71,817.87,816.95,645.21,578.1,576.97,575.26,558.61,667.7
990.28,1217,532.01,537.56,602.68,612.8,633.36,666.88,537.61,590.58,594.91,580.53,658.93,586.53,574.64,567.54,563.28,532.07,529.8,607.32,579.96,614.44,595.08,636.62,651.48,657.48,710.16,667.17,697.77,815.67,913.34,847.2,853.58,886.02,795.77,0,0.479,526.91,539.04,555.31,540.26,542.33,509.8,511.74,524.03,530.7,553.45,567.53,603.99,571.93,556.81,556.72,600.28,599.54,594.71,576.43,575.09,560.31,535.06,533.43,572.16,535.33,567.91,523.78,522.79,575.79,619.17,648.22,654.04,878.61,868.56,864.7,974.41,919.19,999.89,926.63,825.76,720.95,660.86,612.43,573.88,569.09,824.54,785.85,848.2,841.25,840.33,681.53,609.7,600.26,598.2,579.23,694.12
1002.3,1229,543.98,549.53,614.65,624.77,645.33,678.86,549.58,602.56,606.88,592.51,670.91,598.51,586.61,579.51,575.25,544.04,541.78,619.3,591.94,626.41,607.06,648.59,663.45,669.45,722.13,679.14,709.74,827.65,925.31,859.18,865.55,898,807.75,0.479,0,538.88,551.01,567.28,552.23,554.3,521.78,523.71,536.01,542.68,565.43,579.51,615.97,583.91,568.78,568.7,612.26,611.51,606.68,588.41,587.06,572.28,547.04,545.41,584.13,547.3,579.88,535.75,534.77,587.76,631.14,660.19,666.02,890.59,880.54,876.67,986.38,931.16,1011.9,938.61,837.73,732.92,672.83,624.41,585.86,581.06,836.52,797.82,860.18,853.23,852.3,693.51,621.68,612.24,610.17,591.2,706.09
702.28,1205.2,626.26,660.28,620.46,610.92,622.51,669.59,0.428,606.57,610.9,583.23,661.63,589.24,794.54,570.24,572.42,492.97,489.28,532.39,661.58,540.1,668.58,560.76,571.26,587,565.64,535.98,618.49,535.52,741.22,550.83,556.5,712.09,516.04,526.91,538.88,0,758.95,683.53,675.84,635.96,763.45,662.92,618.29,559.19,562.59,548.07,594.34,570.05,554.92,554.84,589.44,602.24,597.41,579.13,577.78,563.01,537.76,549.42,588.15,535.35,502.53,483.26,483.69,506.36,543.31,568.94,573.88,706.49,696.44,690.77,686.41,631.18,711.88,638.63,537.75,556.08,575.62,600.61,647.38,650.7,509.75,506.11,545.5,544.18,543.96,537.01,529.49,525.92,523.27,508.75,684.47
715.5,1220.9,622.55,680.83,640.79,620.22,611.78,671.93,769.64,608.65,612.97,585.58,663.98,591.58,1.424,572.58,574.37,498.8,495.39,536.24,682.27,542.76,689.27,569.87,567.63,593.47,571.06,535.4,626.23,547.63,738.58,557.58,563.24,711.4,526.82,539.04,551.01,758.94,0,726.33,692.59,644.04,720.65,652.1,614.57,559.86,564.54,550.35,580.3,579.35,564.23,564.15,578.7,604.58,599.75,581.48,580.13,565.35,540.1,551.5,590.22,538.23,504.66,489.37,489.52,511.78,552.42,576.68,575.41,703.86,693.81,690.07,699.63,644.4,725.1,651.85,550.98,571.58,593.79,616.34,668.07,671.39,520.27,516.89,552.57,550.92,550.7,542.43,525.85,528.59,527.12,515.22,670.43
733.11,1269,590.6,692.22,669.26,593.98,560.56,650.15,694.23,586.32,590.65,563.81,642.21,569.8,761.93,550.81,549.9,483.72,480.94,518.96,739.56,524.9,741.4,557.78,550.22,579.77,552.96,513.22,601.27,546.93,703.61,558.33,564.36,679.61,520.23,555.31,567.28,683.53,726.33,0,690.5,628.93,645.23,609.48,582.62,533.12,540.07,540.96,527.89,553.28,538.15,537.91,527.48,582.8,577.98,559.71,558.36,543.58,518.33,529.17,567.9,516.45,492.32,474.92,474.44,499.13,540.33,551.72,548.8,668.89,658.84,658.29,717.23,662.01,742.71,669.46,568.58,589.71,635.1,664.43,720.2,728.69,531.53,510.31,556.18,552.03,551.46,524.34,508.44,510.72,509.84,501.51,618.02
720.01,1220.6,617.3,691.33,634.04,592.76,558.67,656.61,686.54,598.25,602.58,570.26,648.66,576.26,728.19,557.26,564.67,484.49,481.08,524.62,680.85,531.14,686.38,559.36,555.04,582.97,552.2,515.05,603.88,536.88,698.34,548.29,554.23,672.94,512.89,540.26,552.23,675.84,692.59,690.5,0,650.82,656.82,645.36,609.32,552.1,554.85,552.09,526.01,552.05,536.93,536.69,525.6,589.26,584.44,566.16,564.81,550.04,524.79,541.1,579.83,521.84,499,475.06,475.21,502.33,541.91,554.33,551.43,663.61,653.56,651.62,704.13,648.91,729.61,656.36,555.48,566.54,591.57,615.99,665.18,669.97,521.63,502.96,545.54,541.9,541.42,523.57,513.26,516.97,515.5,504.72,616.13
718.73,1192.4,653.67,625.8,612.27,601.97,552.58,695.94,646.66,637.8,642.12,609.59,687.99,615.59,679.64,596.59,596.96,507.71,504.3,554.83,638.49,559.58,647.29,583.49,573.18,619.61,560.45,525.96,614.71,539.52,696.04,547.86,553.71,670.93,516.64,542.33,554.3,635.96,644.04,628.93,650.82,0,653.81,652.18,645.7,601.93,587.13,583.45,519.91,561.26,546.13,545.89,519.5,628.59,623.77,605.49,604.14,589.37,564.12,580.65,619.37,560.63,543.26,498.27,498.43,540.04,566.04,565.16,561,661.31,651.26,649.6,702.85,647.63,728.33,655.08,554.2,556.71,568.43,587.79,626.09,627.62,523.83,506.72,544.36,541.38,540.99,531.83,531.41,545.41,545.7,541.36,610.04
684.8,1178.6,641.57,633.79,598.75,602.82,602.45,664.03,774.15,605.5,609.83,577.68,656.08,583.68,756.25,564.68,571.92,487.12,483.71,529.42,634.88,535.52,641.88,551.63,561.33,586.36,554.07,523.43,601.23,521.42,719.99,529.74,535.41,694.19,498.01,509.8,521.78,763.45,720.65,645.23,656.82,653.81,0,692.25,633.6,565.39,562.1,555.69,573.34,562.11,546.99,546.74,569.37,596.68,591.86,573.58,572.23,557.46,532.21,548.36,587.08,528.73,506.48,477.69,477.85,505.5,534.17,551.68,554.84,685.27,675.22,672.87,668.93,613.7,694.4,621.15,520.28,537.71,553.96,574.01,620.68,624,490.19,488.09,524.18,523.09,522.86,525.44,519.55,521.34,520.3,508.11,663.46
687.87,1161.3,700.53,603.16,581.5,619.07,609.64,682.95,673.62,629.39,633.71,596.6,675,602.6,687.7,583.6,597.2,515.27,511.86,553.85,608.48,559.78,616.96,571.84,576.28,618.13,554.9,526.8,611.99,520.61,720.67,529.06,534.73,695.49,498.61,511.74,523.71,662.92,652.1,609.48,645.36,652.18,692.25,0,692.55,599.2,587.38,596.52,578.82,578.2,563.07,562.99,576.57,615.6,610.78,592.5,591.15,576.38,551.13,572.24,610.96,547.11,546.85,505.83,505.99,543.36,554.39,562.43,562.77,685.95,675.9,674.16,671.99,616.77,697.47,624.22,523.34,531.33,538.37,556.77,595.76,597.6,489.51,488.69,524.06,522.41,522.19,526.28,534.51,545.61,544.72,539.88,668.94
702.69,1163.9,0.319,578.88,578.85,631.74,620.74,697.58,628.99,644.01,648.34,611.23,689.63,617.23,650.17,598.23,611.83,528.07,524.66,566.52,592.83,572.46,604.04,584.51,588.96,630.81,567.58,538.96,624.66,532.8,741.75,540.7,546.37,715.07,511.69,524.03,536.01,618.29,614.57,582.62,609.32,645.7,633.6,692.56,0,621.62,602,607.21,591.86,590.87,575.75,575.67,587.67,630.23,625.4,607.13,605.78,591,565.75,586.87,625.59,561.73,563.42,518.63,518.79,559.94,567.06,575.11,575.12,707.03,696.98,693.74,686.82,631.59,712.29,639.04,538.17,537.22,542.04,559.29,582.84,581.95,502.45,501.77,535.7,534.05,533.83,538.95,547.18,558.28,557.4,552.56,681.99
709.4,1153.6,629.6,533.3,544.81,690.02,629.41,786.81,569.89,749.58,753.9,700.46,778.86,706.46,595.46,687.46,726.76,629.03,625.62,657.49,552.16,660.47,563.59,674.1,644.48,735.34,594.87,571.53,691.25,554.07,740.69,558.65,564.32,713.65,518.82,530.7,542.68,559.19,559.86,533.12,552.1,601.93,565.39,599.2,621.62,0,716.94,630.55,598.4,649.15,634.03,633.95,596.34,719.46,714.63,696.36,695.01,680.23,654.98,692.43,731.15,648.82,710.83,619.59,619.75,687.51,656.65,641.7,632.6,705.97,695.92,692.32,693.52,638.3,719,645.75,544.87,528.04,531.87,549.04,542.39,541.29,509.83,508.89,553.65,552,551.77,566.24,602.71,646.3,648.36,657.09,688.52
731.39,1166.1,609.98,539.97,559.75,655,593.32,760.4,573.29,704.68,709,674.05,752.45,680.05,600.14,661.05,0.393,581.61,578.2,616.78,561.67,621.54,574.95,637.2,638.81,682.91,608.76,581.59,674.21,570.68,751.49,573.88,579.72,726.47,537.32,553.45,565.43,562.59,564.54,540.07,554.85,587.13,562.1,587.38,602,716.94,0,670.8,561.48,614.13,599.01,598.93,560.24,693.05,688.22,669.95,668.6,653.82,628.57,647.53,686.25,625.09,623.48,572.18,572.34,622.23,619.75,624.66,624.58,716.76,706.71,705.14,715.51,660.29,740.99,667.74,566.86,549.17,545.9,561.55,553.75,550.79,531.98,527.39,570.22,567.4,567,580.13,597.04,607.36,607.66,604.66,651.6
743.07,1161.2,615.19,536.21,561.74,618.94,529.47,760.12,558.77,690.45,694.78,673.77,752.17,679.77,585.95,660.77,680.63,558.84,555.43,618.16,561.53,624.1,574.44,640.11,648.23,676.84,615.17,584.74,670.94,584.02,734.16,580.24,586.09,707.29,539.34,567.53,579.51,548.07,550.35,540.96,552.09,583.45,555.69,596.52,607.21,630.55,670.8,0,497.63,578.08,562.95,562.87,496.39,692.77,687.95,669.67,668.32,653.55,628.3,633.3,672.02,626.42,602.22,549.41,549.57,608.92,622.66,621.4,616.98,699.44,689.39,685.97,727.19,671.97,752.67,679.42,578.54,571.62,554.59,556.66,553.24,550.66,545.14,529.41,576.74,573.76,573.36,586.55,606.45,609.92,609.03,598.59,587.75
793.77,1253.6,599.84,527.28,602.96,28.492,7.926,30.296,605.04,669.97,674.29,23.872,30.568,25.264,615.9,26.952,571.3,553.96,550.25,530.94,564.24,533.34,583.05,551.33,526.98,608.69,545.99,498.46,581.4,556.84,852.9,592.52,598.85,822.69,577.58,603.99,615.96,594.34,580.3,527.89,526.01,519.91,573.34,578.82,591.86,598.4,561.48,497.63,0,5.28,6.49,19.52,5.28,19.52,20.292,23.216,23.432,25.796,29.836,612.81,651.54,635.93,577.57,544.23,544.68,567.58,533.88,531.85,530.16,818.17,808.13,801.37,777.9,722.67,803.37,730.12,629.25,581.09,608.12,649.03,561.85,553.36,568.91,567.65,592.29,586.53,585.64,517.36,485.21,519.16,521.82,530.44,3.605
756.05,1219.7,598.85,552.88,580.82,8.966,7.926,9.868,580.75,724.11,728.44,6.656,10.004,7.352,614.95,8.196,623.96,647.44,644.03,634.92,577.74,636.73,591.91,661.92,619.23,717.69,605.79,571.55,683.12,586.27,807.29,609.67,615.54,780.7,563.2,571.93,583.9,570.05,579.35,553.27,552.05,561.26,562.11,578.2,590.87,649.15,614.13,578.07,5.28,0,0.605,4.48,5.28,4.48,4.866,6.328,6.436,7.618,9.638,666.96,705.69,695.52,708.08,638,638.16,689.21,644.47,633.57,624.82,772.56,762.51,759.38,740.17,684.95,765.65,692.4,591.52,585.32,584.39,615.1,570.71,566.87,550.88,553.28,606.2,603.22,602.79,577.16,577.45,622.55,625.8,639.44,12.49
740.92,1204.5,583.72,537.75,565.69,7.756,9.136,8.658,565.62,708.99,713.31,5.446,8.794,6.142,599.83,6.986,608.83,632.31,628.9,619.8,562.62,621.6,576.79,646.8,604.1,702.56,590.66,556.42,667.99,571.14,792.16,594.54,600.42,765.58,548.08,556.8,568.78,554.92,564.23,538.15,536.93,546.13,546.99,563.07,575.75,634.03,599.01,562.95,6.49,0.605,0,3.27,6.49,3.27,3.656,5.118,5.226,6.408,8.428,651.84,690.56,680.4,692.96,622.88,623.04,674.09,629.35,618.44,609.69,757.44,747.39,744.25,725.05,669.82,750.52,677.27,576.4,570.2,569.27,599.97,555.59,551.75,535.76,538.15,591.07,588.09,587.67,562.04,562.33,607.43,610.67,624.31,13.7
740.62,1204.5,583.64,537.51,565.61,2.243,24.812,8.658,565.54,708.91,713.23,5.446,8.794,6.142,599.74,6.986,608.75,632.23,628.82,619.72,562.54,621.52,576.54,646.72,604.02,702.32,590.58,556.18,667.91,571.06,791.92,594.46,600.34,765.11,548,556.72,568.7,554.84,564.14,537.91,536.69,545.89,546.74,562.99,575.67,633.95,598.93,562.87,19.52,4.48,3.27,0,19.52,3.27,3.656,5.118,5.226,6.408,8.428,651.76,690.48,680.32,692.88,622.8,622.96,674.01,629.27,618.36,609.61,757.2,747.15,743.79,724.75,669.52,750.22,676.97,576.09,569.67,569.03,599.89,555.34,551.66,535.68,538.07,590.99,588.01,587.59,561.96,562.25,607.35,610.59,624.07,33.94
789.35,1248.8,595.64,526.87,599.13,28.492,1.323,30.296,600.13,667.9,672.23,23.872,30.568,25.264,614.3,26.952,570.07,551.58,548.17,529.63,563.82,532.1,582.64,550.92,525.75,607.46,544.75,497.23,580.99,554.78,843.59,590.46,596.79,816.45,573.91,600.28,612.26,589.44,578.7,527.48,525.6,519.5,569.37,576.57,587.67,596.34,560.24,496.39,5.28,5.28,6.49,19.52,0,19.52,20.292,23.216,23.432,25.796,29.836,610.76,649.48,633.87,577.16,542.14,542.3,567.17,533.47,531.44,528.84,808.86,798.81,795.13,773.47,718.25,798.95,725.7,624.82,579.03,603.91,644.22,561.44,552.95,565.21,563.99,590.23,584.47,583.58,516.13,483.97,517.93,520.5,529.21,12.49
775.12,1216.5,638.2,582.84,608.3,7.756,24.812,2.694,612.94,796.11,800.44,1.088,2.762,1.436,640.18,1.858,702.87,745.5,742.09,756.67,607.31,759.65,621.7,770.77,741.15,834.97,686.93,665.49,786.77,646.13,777.61,624.61,630.28,751.4,588.11,599.53,611.51,602.24,604.58,582.8,589.26,628.59,596.68,615.6,630.23,719.46,693.05,692.77,19.52,4.48,3.27,3.27,19.52,0,0.193,0.924,0.978,1.569,2.579,738.96,777.69,770.24,827.3,736.06,736.22,803.99,753.32,737.22,726.91,742.88,732.83,730.07,759.24,704.02,784.72,711.47,610.59,596.47,604.33,611.89,600.5,596.44,580.43,578.18,619.61,617.95,617.73,658.3,699.37,745.48,747.54,756.72,33.94
770.29,1211.6,633.38,578.02,603.48,8.142,25.584,2.887,608.11,791.29,795.61,0.895,2.569,1.243,635.35,1.665,698.05,740.67,737.26,751.84,602.49,754.83,616.87,765.94,736.32,830.15,682.1,660.67,781.94,641.31,772.78,619.78,625.45,746.58,583.28,594.71,606.68,597.41,599.75,577.98,584.44,623.77,591.86,610.78,625.4,714.63,688.22,687.95,20.292,4.866,3.656,3.656,20.292,0.193,0,0.731,0.785,1.376,2.386,734.14,772.86,765.42,822.47,731.24,731.4,799.16,748.49,732.39,722.09,738.06,728.01,725.25,754.42,699.19,779.89,706.64,605.77,591.64,599.51,607.07,595.67,591.61,575.6,573.36,614.78,613.13,612.91,653.48,694.55,740.65,742.72,751.9,34.712
752.02,1193.4,615.1,559.74,585.2,9.604,28.508,3.618,589.84,773.01,777.34,0.164,3.3,0.512,617.08,0.934,679.77,722.4,718.99,733.57,584.21,736.55,598.6,747.67,718.05,811.87,663.83,642.39,763.67,623.03,754.51,601.51,607.18,728.3,565.01,576.43,588.41,579.14,581.48,559.71,566.16,605.49,573.58,592.5,607.13,696.36,669.95,669.67,23.216,6.328,5.118,5.118,23.216,0.924,0.731,0,0.054,0.645,1.655,715.86,754.59,747.14,804.2,712.96,713.12,780.89,730.22,714.12,703.81,719.78,709.73,706.98,736.14,680.92,761.62,688.37,587.49,573.37,581.23,588.79,577.4,573.34,557.33,555.08,596.51,594.85,594.63,635.2,676.27,722.38,724.44,733.62,37.636
750.67,1192,613.75,558.39,583.85,9.712,28.724,3.672,588.49,771.66,775.99,0.218,3.354,0.458,615.73,0.88,678.42,721.05,717.64,732.22,582.86,735.2,597.25,746.32,716.7,810.52,662.48,641.04,762.32,621.68,753.16,600.16,605.83,726.95,563.66,575.09,587.06,577.78,580.13,558.36,564.81,604.14,572.23,591.15,605.78,695.01,668.6,668.32,23.432,6.436,5.226,5.226,23.432,0.978,0.785,0.054,0,0.591,1.601,714.51,753.24,745.79,802.85,711.61,711.77,779.54,728.87,712.77,702.46,718.43,708.39,705.62,734.79,679.57,760.27,687.02,586.14,572.02,579.88,587.44,576.05,571.99,555.98,553.73,595.16,593.5,593.28,633.85,674.92,721.03,723.09,732.27,37.852
735.89,1177.2,598.98,543.62,569.08,10.894,31.088,4.263,573.71,756.89,761.21,0.809,3.945,1.049,600.95,0.289,663.65,706.27,702.86,717.44,568.09,720.43,582.47,731.54,701.92,795.75,647.7,626.27,747.54,606.91,738.38,585.38,591.05,712.17,548.88,560.31,572.28,563.01,565.35,543.58,550.04,589.37,557.46,576.38,591,680.23,653.82,653.55,25.796,7.618,6.408,6.408,25.796,1.569,1.376,0.645,0.591,0,1.01,699.74,738.46,731.02,788.07,696.84,697,764.76,714.09,697.99,687.69,703.66,693.61,690.85,720.02,664.79,745.49,672.24,571.37,557.25,565.11,572.67,561.27,557.21,541.2,538.96,580.38,578.73,578.51,619.08,660.15,706.25,708.32,717.5,40.216
710.64,1152,573.73,518.37,543.83,12.914,35.128,5.273,548.46,731.64,735.96,1.819,4.955,2.059,575.7,1.299,638.4,681.02,677.61,692.19,542.84,695.18,557.22,706.29,676.67,770.5,622.45,601.02,722.29,581.66,713.14,560.13,565.8,686.92,523.63,535.06,547.04,537.76,540.1,518.33,524.79,564.12,532.21,551.13,565.75,654.98,628.57,628.3,29.836,9.638,8.428,8.428,29.836,2.579,2.386,1.655,1.601,1.01,0,674.49,713.21,705.77,762.82,671.59,671.75,739.51,688.84,672.74,662.44,678.41,668.36,665.6,694.77,639.54,720.24,646.99,546.12,532,539.86,547.42,536.02,531.96,515.95,513.71,555.13,553.48,553.26,593.83,634.9,681,683.07,692.25,44.256
710.25,1156.1,594.84,529.28,547.35,707.83,643.83,806.31,560.12,2.286,2.459,719.96,798.36,725.96,587.1,706.96,657.35,646.84,643.43,671.03,551.14,674.01,564.04,685.13,655.51,749.33,605.89,582.56,702.27,565.1,734.3,563.71,569.55,707.08,522.74,533.43,545.41,549.42,551.5,529.17,541.1,580.65,548.35,572.24,586.87,692.43,647.53,633.3,612.82,666.96,651.84,651.76,610.76,738.96,734.14,715.86,714.51,699.74,674.49,0,1.549,668.32,728.63,637.4,637.56,705.32,667.68,652.73,643.63,699.57,689.52,685.76,694.37,639.15,719.85,646.6,545.72,532.2,537.92,551.56,542.84,540.26,514.02,512.82,559.94,557.23,556.83,577.26,613.73,659.84,661.91,671.09,702.94
748.97,1194.9,633.57,568,586.08,746.56,682.56,845.04,598.85,0.737,0.91,758.69,837.09,764.69,625.82,745.69,696.08,685.56,682.15,709.76,589.86,712.74,602.77,723.85,694.23,788.06,644.62,621.28,741,603.82,773.02,602.43,608.28,745.81,561.47,572.16,584.13,588.15,590.22,567.9,579.83,619.37,587.08,610.96,625.59,731.15,686.25,672.02,651.54,705.69,690.56,690.48,649.48,777.69,772.86,754.59,753.24,738.46,713.21,1.549,0,707.05,767.36,676.13,676.29,744.05,706.4,691.45,682.35,738.3,728.25,724.48,733.1,677.87,758.57,685.32,584.45,570.93,576.65,590.28,581.57,578.99,552.74,551.54,598.67,595.95,595.56,615.99,652.46,698.56,700.63,709.81,741.67
709.84,1151.2,569.71,516.49,540.92,736.39,666.95,837.59,546.05,725.47,729.8,751.24,829.64,757.24,573.83,738.24,634.91,788.49,781.58,695.68,540.96,698.66,555.35,709.77,680.16,773.98,623.79,603.43,724.7,583,709.43,559.33,565,683.22,522.83,535.33,547.3,535.35,538.23,516.45,521.84,560.63,528.73,547.11,561.73,648.82,625.09,626.42,635.94,695.52,680.4,680.32,633.88,770.24,765.42,747.14,745.79,731.02,705.77,668.32,707.05,0,768.45,775.56,779.21,745.14,692.32,675.15,664.85,674.71,664.66,661.9,693.96,638.74,719.44,646.19,545.31,531.19,539.05,546.61,534.15,530.09,516.2,512.9,554.33,552.67,552.45,595.17,638.38,684.49,686.55,695.73,726.06
738.46,1142.5,571.4,492.36,533.08,748.95,610.24,894.65,513.23,785.78,790.11,808.3,886.7,814.3,540.26,795.3,633.3,786.63,787.03,660.92,520.06,662.73,535.92,685.93,636.86,746.66,603.03,575.16,698.56,569.26,730.59,570.28,576.13,706.59,549.44,567.91,579.88,502.53,504.66,492.32,499,543.26,506.48,546.85,563.42,710.83,623.48,602.22,577.57,708.08,692.96,692.88,577.16,827.3,822.47,804.2,802.85,788.07,762.82,728.63,767.36,768.45,0,781.01,777.35,686.4,668.48,649.01,639.3,695.87,685.82,685.27,722.59,667.36,748.06,674.81,573.94,539.08,531.58,537.92,514.72,509.18,544.06,539.52,566.78,563.8,563.41,574.4,595.09,648.56,651.8,668.41,667.7
