0,1245,643.82,621.58,625.36,720.94,675.93,795.24,662.49,712.42,716.75,708.89,787.29,714.89,694.69,695.89,675.3,644.5,641.68,784.46,638.36,782.14,650.47,751.41,715.41,893.91,733.92,707.57,805.99,731.37,833.95,702.87,708.54,768.74,636.26,686.14,698.11,651.79,659.09,621.84,621.06,620.89,626.93,624.71,635.84,651.03,665.48,645.75,643.58,680.29,665.16,664.86,642.85,727.89,723.06,704.79,703.44,688.66,663.41,655.27,694,664.75,680.91,635.66,635.23,697.56,733.96,756.44,798.47,799.23,807.67,747.42,778.62,2.844,5.476,2.546,743.47,675.18,671.22,640.43,629.27,627.49,665.09,626.34,697.87,696.21,695.99,705.29,673.64,767.96,775.34,815.66,733.71
1245,0,1190,1215,1437.9,1295,1305.8,1333.9,1226.7,1251.2,1255.5,1247.6,1326,1253.6,1259.9,1234.6,1197.6,1169.4,1166,1270.7,1301.9,1268.4,1320,1207.1,1201.7,1380.2,1188.9,1150.5,1210,1201.6,1181.4,1187.4,1192.9,1151.3,1146.3,1172.5,1184.4,1216,1224.3,1268.8,1218.3,1190.7,1194.2,1176.5,1182,1183.3,1187.7,1159.2,1276.9,1254.1,1239,1238.9,1272.7,1266.6,1261.7,1243.5,1242.1,1227.3,1202.1,1194,1232.8,1201.8,1166.1,1159.9,1160.1,1180.1,1189.7,1160.4,1146.7,1146.7,1147.1,1130,1158.2,1173.9,1254.6,1181.4,1179.5,1291.3,1364.2,24.183,1298.8,1291,1165.2,1136.3,1180,1180.6,1180.6,1160.3,1159.9,1254.2,1261.6,1301.9,1367
643.82,1190,0,627.97,609.07,733.74,686.48,814.25,685.18,750.53,754.85,727.9,806.3,733.9,705.34,714.9,699.85,620.73,617.32,721.74,633.22,719.42,641.7,652.74,652.69,831.19,609.31,585.88,661.89,558.99,638.12,561.83,567.32,586.48,528.6,537.47,549.45,674.48,669.74,635.11,670.98,702.87,701.93,781.05,0.319,710.12,690.03,651.68,656.91,693.04,677.91,677.67,653.4,746.9,742.07,723.8,722.45,707.67,682.42,693.38,732.1,679.71,643.29,611.3,611.46,645.48,635.29,612.34,603.22,603.4,605.41,565.16,562.47,572.72,653.42,580.17,541.71,558.78,568.2,585.43,620.5,622.35,520.15,518.67,555.33,555,554.95,580.68,610.92,705.24,712.62,752.94,747.04
621.58,1215,627.97,0,634.08,641.28,603.83,730.78,698.82,655.32,659.64,644.43,722.83,650.43,739.87,631.43,610.87,526.58,523.15,660.92,688.89,658.59,692.94,575.55,591.87,770.37,568.6,533.89,588.89,542.09,566.45,544.15,549.65,549.63,507.98,528.77,540.74,688.12,704.27,709.22,708.32,653.01,668.46,636.29,620,595.49,601.05,571.61,571.99,600.41,585.29,585.2,570.76,663.43,658.6,640.33,638.98,624.2,598.95,598.17,636.89,598.15,528.68,517.12,517.3,541.29,558.1,539.34,531.4,531.73,534.56,528.3,530.19,550.48,631.18,557.93,536.48,566.61,591.63,610.43,671.74,678.01,509.45,498.06,537.66,537.32,537.28,539.97,550.09,644.42,651.79,692.12,662.12
625.36,1437.9,609.07,634.08,0,677.06,658.91,717.19,649.3,639.94,644.27,630.84,709.24,636.83,686.03,617.84,599.48,552.94,549.53,668.18,709,665.86,727.82,574.44,599.13,777.63,579.61,541.15,591.74,586.1,566.28,565.22,570.54,537.52,524.39,554.82,566.8,638.6,650.43,673.75,638.38,617.98,620.84,604.62,601.1,579.09,589.65,569.28,627.07,636.25,621.12,620.99,625.83,649.84,645.01,626.73,625.38,610.61,585.36,582.79,621.52,584.56,555.97,543.51,543.66,559.95,556.99,542.19,531.52,531.56,531.96,516.2,538.79,554.26,634.96,561.71,568.31,671.43,716.81,833.35,706.62,698.13,543.52,514.47,557.2,558.21,558.34,550.98,557.36,651.68,659.06,699.38,717.2
720.94,1295,733.74,641.28,677.06,0,33.784,13.144,682.84,915.75,920.07,9.932,13.28,10.628,705.98,11.472,778.63,829.06,824.88,789.32,666.45,787,681.57,806.38,720.27,898.77,692.91,665.24,795.15,655.27,763.98,660.56,665.71,672.89,639.51,635.43,647.4,672.14,670.38,641.24,655.21,688.65,675.64,713.09,725.77,840.79,768.8,696.26,28.492,8.966,7.756,2.243,28.492,7.756,8.142,9.604,9.712,10.894,12.914,858.6,897.32,887.16,851.22,818.86,819.79,832.35,788.93,745.6,730.61,729.26,730.4,651.56,646.06,649.84,730.54,657.29,634.08,656.06,668.08,690.44,660.37,655.57,636.19,629.58,651.06,653.38,653.69,664.28,678.49,772.82,780.2,820.52,42.912
675.93,1305.8,686.48,603.83,658.91,33.784,0,35.588,637.47,839.37,843.7,29.164,35.86,30.556,664.23,32.244,678.29,693.78,690.31,729.48,637.79,727.15,654.91,709.78,660.43,838.93,667.54,625.91,718.94,653.48,696.86,666.21,671.62,573.98,656.42,654.35,666.32,626.77,628.63,604.42,602.56,602.1,623.58,664.9,678.5,767.81,668.47,605.64,7.926,7.926,9.136,24.812,1.323,24.812,25.584,28.508,28.724,31.088,35.128,782.22,820.95,805.34,725.31,684.29,684.51,715.32,692.33,669.39,661.45,662.13,669.34,552.66,553.64,604.83,685.53,612.28,649.02,660.58,666.51,701.18,633.71,626.92,644.1,646.5,658.96,659.29,659.34,638.91,618.65,712.98,720.35,760.68,15.136
795.24,1333.9,814.25,730.78,717.18,13.144,35.588,0,758.86,968.46,972.78,3.782,5.456,4.13,793.31,4.552,843.28,917.32,913.65,844.2,740.27,841.87,749.46,903.77,775.14,953.64,728.68,709.88,882.35,677.46,808.43,683.68,689.15,747.86,670.93,684.65,696.62,748.16,757.71,730.45,746.04,776.81,754.46,787.75,806.27,891.81,833.46,762.69,30.296,9.868,8.658,8.658,30.296,2.694,2.887,3.618,3.672,4.263,5.273,911.31,950.03,942.59,963.27,907.63,908.04,939.96,886.32,832.8,814.27,773.71,770.89,726.54,725.27,724.14,804.84,731.59,686.14,677.16,699.95,729.33,728.26,729.39,672.82,661.01,676.49,676.82,676.81,700.05,733.37,827.7,835.07,875.39,44.716
662.49,1226.7,685.18,698.82,649.3,682.84,637.47,758.86,0,688.12,692.44,672.51,750.91,678.51,845.9,659.51,639.79,555.85,552.44,692.71,695.88,690.39,701.41,603.32,623.66,802.16,595.62,568.63,643.07,558.31,631.29,568.08,573.57,601.27,526.74,537.61,549.58,0.428,810.3,734.88,723.25,687.31,814.81,716.81,677.2,633.6,629.97,599.73,605.63,642.13,627.01,626.77,604.39,691.51,686.68,668.41,667.06,652.28,627.03,630.97,669.69,626.23,555.65,546.42,546.58,567.99,585.87,593.52,595.88,596.56,603.78,579.95,575.84,591.39,672.09,598.84,548.45,577.48,598.03,622.17,680.21,685.01,520.54,516.81,561.58,561.25,561.2,567,581.89,676.21,683.59,723.91,695.75
712.42,1251.2,750.53,655.32,639.94,915.75,839.37,968.46,688.12,0,1.647,882.11,960.51,888.11,719.02,869.11,787.56,808.46,804.79,775.96,663.56,773.63,672.22,794.91,706.9,885.41,658.89,640.09,773.48,607.67,730.13,617.73,623.31,662.7,596.08,601.83,613.81,677.42,683.42,654.99,677.74,711.83,686,724.03,742.55,854.57,777.73,699.76,807.53,875.24,860.12,859.67,806.3,901.11,896.28,878.01,876.66,861.88,836.63,2.286,0.737,830.47,854.4,798.76,799.18,831.09,777.46,723.93,705.41,695.41,693.4,641.37,642.45,641.32,722.02,648.77,603.32,605.4,621,646.62,651.02,652.69,593.45,586.16,611.47,610.99,610.86,630.26,665.13,759.45,766.83,807.15,897.66
716.75,1255.5,754.85,659.64,644.27,920.07,843.7,972.78,692.44,1.647,0,886.43,964.83,892.43,723.34,873.43,791.88,812.78,809.11,780.28,667.89,777.96,676.54,799.24,711.23,889.73,663.21,644.41,777.81,611.99,734.46,622.06,627.64,667.02,600.41,606.16,618.13,681.74,687.74,659.32,682.06,716.15,690.32,728.35,746.88,858.9,782.06,704.08,811.86,879.57,864.44,864,810.62,905.43,900.61,882.33,880.98,866.21,840.96,2.459,0.91,834.79,858.73,803.09,803.51,835.42,781.79,728.26,709.73,699.73,697.72,645.7,646.78,645.65,726.35,653.1,607.65,609.72,625.33,650.94,655.34,657.01,597.77,590.48,615.8,615.32,615.18,634.59,669.46,763.78,771.15,811.48,901.98
708.89,1247.6,727.9,644.43,630.83,9.932,29.164,3.782,672.51,882.11,886.43,0,3.464,0.676,706.96,1.098,756.93,830.97,827.3,757.84,653.92,755.52,663.11,817.42,688.79,867.29,642.33,623.53,796,591.11,722.08,597.33,602.8,661.51,584.58,598.3,610.28,661.81,671.36,644.1,659.69,690.46,668.11,701.4,719.92,805.46,747.11,676.34,23.872,6.656,5.446,5.446,23.872,1.088,0.895,0.164,0.218,0.809,1.819,824.96,863.68,856.24,876.92,821.28,821.69,853.61,799.97,746.44,727.92,687.36,684.54,640.19,638.92,637.79,718.49,645.24,599.79,590.81,613.6,642.98,641.91,643.04,586.47,574.66,590.14,590.47,590.46,613.7,647.02,741.35,748.72,789.04,38.292
787.29,1326,806.3,722.83,709.24,13.28,35.86,5.456,750.91,960.51,964.83,3.464,0,3.812,785.36,4.234,835.33,909.37,905.7,836.25,732.32,833.92,741.51,895.82,767.19,945.69,720.73,701.93,874.39,669.51,800.48,675.73,681.2,739.91,662.98,676.7,688.67,740.21,749.76,722.5,738.09,768.86,746.51,779.8,798.32,883.86,825.51,754.74,30.568,10.004,8.794,8.794,30.568,2.762,2.569,3.3,3.354,3.945,4.955,903.36,942.08,934.64,955.32,899.68,900.09,932.01,878.37,824.84,806.32,765.76,762.94,718.59,717.32,716.19,796.89,723.64,678.19,669.21,692,721.38,720.31,721.44,664.87,653.06,668.54,668.87,668.86,692.1,725.42,819.74,827.12,867.45,44.988
714.89,1253.6,733.9,650.43,636.83,10.628,30.556,4.13,678.51,888.11,892.43,0.676,3.812,0,712.96,1.338,762.93,836.97,833.3,763.85,659.92,761.52,669.11,823.42,694.79,873.29,648.33,629.53,802,597.11,728.08,603.33,608.8,667.51,590.58,604.3,616.27,667.81,677.36,650.1,665.69,696.46,674.11,707.4,725.92,811.46,753.11,682.34,25.264,7.352,6.142,6.142,25.264,1.436,1.243,0.512,0.458,1.049,2.059,830.96,869.68,862.24,882.92,827.28,827.69,859.61,805.97,752.45,733.92,693.36,690.54,646.19,644.92,643.79,724.49,651.24,605.79,596.81,619.6,648.98,647.91,649.04,592.47,580.66,596.14,596.47,596.46,619.7,653.02,747.35,754.72,795.04,39.684
694.69,1259.9,705.34,739.87,686.03,705.98,664.23,793.31,845.9,719.02,723.34,706.96,785.36,712.96,0,693.96,668.7,579.79,576.38,722.01,737,719.68,742.53,630.22,652.96,831.46,628.1,597.93,668.36,592.14,647,597.95,603.44,626.19,562.42,572.54,584.52,835.2,1.424,802.59,753.22,713.62,796.9,726.7,697.36,657.89,658.88,628.3,632.39,665.27,650.15,649.9,631.15,725.96,721.13,702.86,701.51,686.73,661.48,661.87,700.59,660.29,581.05,570.35,570.51,593.26,612.78,618.81,611.8,612.27,617.16,604.86,609.36,623.59,704.29,631.04,580.97,613.44,634.76,655.28,721.33,726.13,555.87,552.49,591.45,591.11,591.07,599.48,611.18,705.51,712.88,753.21,722.51
695.89,1234.6,714.9,631.43,617.83,11.472,32.244,4.552,659.51,869.11,873.43,1.098,4.234,1.338,693.96,0,743.93,817.97,814.3,744.85,640.92,742.52,650.11,804.42,675.79,854.29,629.33,610.53,782.99,578.11,709.08,584.33,589.8,648.51,571.58,585.3,597.27,648.81,658.36,631.1,646.69,677.46,655.11,688.4,706.92,792.45,734.11,663.34,26.952,8.196,6.986,6.986,26.952,1.858,1.665,0.934,0.88,0.289,1.299,811.96,850.68,843.24,863.92,808.28,808.69,840.61,786.97,733.45,714.92,674.36,671.54,627.19,625.92,624.79,705.49,632.24,586.79,577.81,600.6,629.98,628.91,630.04,573.47,561.66,577.14,577.47,577.46,600.7,634.02,728.34,735.72,776.04,41.372
675.3,1197.6,699.85,610.87,599.48,778.63,678.29,843.28,639.79,787.56,791.88,756.93,835.33,762.93,668.7,743.93,0,663.62,660.19,759.56,623.27,757.24,631.75,674.03,690.51,869.01,635.51,623.7,683.19,584.29,659.13,580.64,585.87,603.86,562.55,564.14,576.11,629.09,633.1,614.49,634.93,666.26,639.69,673.35,691.88,744.76,0.393,698.62,645.63,738.23,723.11,722.56,645.22,775.93,771.11,752.83,751.48,736.71,711.46,730.41,769.13,707.97,673.36,654.17,654.35,672.25,656.58,633.64,624.23,624.41,626.42,582.53,597.36,604.2,684.9,611.65,566.75,568.6,574.71,593,610.55,612.4,553.91,552.62,571.89,573.54,573.76,606.89,648.74,743.06,750.44,790.76,735.75
644.5,1169.4,620.73,526.58,552.94,829.06,693.78,917.32,555.85,808.46,812.78,830.97,909.37,836.97,579.79,817.97,663.62,0,868.38,675.94,549.77,673.61,564.15,731.44,606.89,785.39,576.28,551.85,710.02,531.69,669.28,549.13,554.98,602.07,535.96,550.67,562.64,545.15,544.19,526.47,543.26,581.03,553.05,596.18,612.76,733.5,653.8,581.11,663,788.56,773.44,772.99,660.71,849.97,845.14,826.87,825.52,810.74,785.49,751.31,790.03,857.11,855.25,862.35,0.371,767.63,714,660.47,641.94,634.55,632.87,580.74,571.7,573.4,654.1,580.85,543.8,537.52,546.52,564.8,542.95,538.89,538.94,526.03,544.85,542.65,542.25,547.66,565.11,659.44,666.81,707.14,753.13
641.68,1166,617.32,523.15,549.53,824.88,690.31,913.65,552.44,804.79,809.11,827.3,905.7,833.3,576.38,814.3,660.19,868.38,0,672.67,546.36,670.34,560.75,728.46,603.62,782.12,573.19,548.58,707.03,528.6,666.18,545.96,551.72,598.97,533.33,547.8,559.77,541.74,540.78,523.04,539.85,577.62,549.64,592.77,609.35,729.83,650.37,577.82,659.3,784.34,769.21,768.81,657.24,846.3,841.48,823.2,821.85,807.08,781.83,747.64,786.36,850.2,855.65,0.241,859.1,764.64,711.01,657.48,638.96,631.46,629.75,577.65,568.61,570.58,651.28,578.03,540.7,534.06,542.79,561.39,539.54,535.49,536.35,523.4,541.13,539.39,539.08,544.57,561.84,656.17,663.54,703.87,749.42
784.46,1270.7,721.74,660.92,668.18,789.32,729.48,844.2,692.71,775.95,780.28,757.85,836.25,763.84,722.01,744.85,759.56,675.94,672.67,0,681.25,1.227,691.95,731.79,6.104,5.108,755.13,794.69,757.88,701.64,735.15,680.64,686.23,683.79,639.8,677.39,689.37,682.01,686.41,668.35,672.49,696.41,682.91,697.19,713.77,721.35,749.74,785.81,696.81,748.67,733.55,733.25,696.4,776.85,772.02,753.75,752.39,737.62,712.37,718.81,757.53,710.49,691.25,666.64,666.66,700.75,714.34,708.33,700.39,700.43,700.83,662.46,694.95,713.36,794.06,720.81,698.03,674.36,670.16,666.14,670.75,670.38,666.93,629.87,673.98,673.9,673.77,726.51,4.433,0.66,0.365,1.978,786.94
638.36,1301.9,633.22,688.89,709,666.45,637.79,740.27,695.88,663.56,667.89,653.92,732.32,659.92,737,640.92,623.27,549.77,546.36,681.26,0,678.93,781.15,591.76,612.21,790.71,592.68,554.23,605.1,578.04,582.73,573.51,578.83,563.88,532.88,556.14,568.11,685.18,701.4,744.05,693.18,659.53,665.3,638.75,625.25,602.88,613.44,590.77,608.33,625.58,610.45,610.37,604.72,672.92,668.09,649.82,648.47,633.69,608.44,606.41,645.14,607.64,551.02,540.34,540.5,563.64,574.31,555.55,547.61,548,551.64,542.55,551.33,567.26,647.96,574.71,565.68,628.04,673.42,697.32,759.95,0.435,542.98,522.96,565.51,566.5,566.64,564.05,570.43,664.75,672.13,712.45,698.46
782.14,1268.4,719.42,658.59,665.86,787,727.15,841.87,690.39,773.63,777.96,755.52,833.92,761.52,719.68,742.52,757.24,673.61,670.34,1.227,678.93,0,689.62,729.46,6.011,5.605,752.81,792.37,755.56,699.32,732.83,678.32,683.9,681.46,637.47,675.07,687.04,679.69,684.08,666.03,670.17,694.09,680.59,694.87,711.44,719.02,747.41,783.49,694.49,746.35,731.22,730.92,694.08,774.52,769.7,751.42,750.07,735.29,710.05,716.48,755.21,708.17,688.93,664.32,664.34,698.43,712.01,706.01,698.07,698.11,698.51,660.14,692.62,711.04,791.74,718.49,695.7,672.04,667.84,663.82,668.42,668.06,664.6,627.55,671.65,671.58,671.45,724.18,4.34,0.567,0.862,2.475,784.61
650.47,1320,641.7,692.94,727.82,681.57,654.91,749.46,701.41,672.22,676.54,663.11,741.51,669.11,742.53,650.11,631.75,564.15,560.75,691.95,781.15,689.62,0,602.31,622.9,801.4,603.37,564.92,616.53,591.69,594.1,584.2,589.52,573.84,545.86,569.13,581.11,690.71,706.93,745.89,697.23,666.53,670.83,645.75,633.73,611.36,621.92,600.73,625.54,640.7,625.58,625.5,621.84,682.11,677.29,659.01,657.66,642.88,617.63,615.07,653.79,616.83,564.67,554.72,554.88,577.62,584.87,566.98,559.04,559.37,562.44,552.51,563.91,579.37,660.07,586.82,578.44,646.12,691.5,715.39,0.848,770.27,556.2,535.93,576.2,577.2,577.33,574.75,581.12,675.45,682.82,723.15,715.67
751.41,1207.1,652.74,575.55,574.44,806.38,709.78,903.77,603.32,794.91,799.24,817.42,895.82,823.42,630.22,804.42,674.03,731.45,728.46,731.79,591.76,729.46,602.31,0,662.74,841.24,642.2,623.1,825.3,601.41,738.02,603.46,609.21,679.49,573.34,613,624.97,592.62,594.63,575.59,576.25,588.78,593.64,626.24,644.76,719.95,664.21,617.33,678.77,765.68,750.55,750.31,676.71,836.42,831.6,813.32,811.97,797.2,771.95,737.76,776.49,777.58,750.11,722.43,722.17,775.64,0.698,775.75,755.47,703.3,701.29,658.16,674.65,680.31,761.01,687.76,638.91,580,581.29,602.56,581.11,580.88,594.74,563.41,599.15,596.89,596.58,613.58,620.96,715.29,722.66,762.99,768.89
715.41,1201.7,652.69,591.87,599.13,720.27,660.43,775.14,623.66,706.9,711.23,688.79,767.2,694.8,652.96,675.79,690.51,606.89,603.62,6.104,612.21,6.011,622.9,662.74,0,10.482,686.08,725.64,688.83,632.59,666.11,611.6,617.18,614.74,570.75,608.34,620.32,612.96,617.36,599.3,603.44,627.36,613.86,628.14,644.72,652.3,680.69,716.76,627.76,679.62,664.5,664.2,627.35,707.8,702.97,684.7,683.35,668.57,643.32,649.75,688.48,641.44,622.21,597.59,597.61,631.7,645.29,639.28,631.34,631.38,631.78,593.41,625.9,644.31,725.01,651.76,628.98,605.31,601.11,597.09,601.7,601.33,597.88,560.82,604.93,604.85,604.72,657.46,1.671,5.444,5.739,7.352,717.89
893.91,1380.2,831.19,770.37,777.63,898.77,838.93,953.65,802.16,885.4,889.73,867.29,945.69,873.3,831.46,854.29,869.01,785.39,782.12,5.108,790.7,5.605,801.4,841.24,10.482,0,864.58,904.14,867.33,811.09,844.61,790.1,795.68,793.24,749.25,786.84,798.82,791.46,795.86,777.8,781.94,805.86,792.36,806.64,823.22,830.8,859.19,895.26,806.26,858.12,843,842.7,805.85,886.3,881.47,863.19,861.85,847.07,821.82,828.26,866.98,819.94,800.71,776.09,776.11,810.2,823.79,817.78,809.84,809.88,810.28,771.91,804.4,822.81,903.51,830.26,807.48,783.81,779.61,775.59,780.2,779.83,776.38,739.32,783.43,783.35,783.22,835.96,8.811,5.038,4.743,3.13,896.39
733.92,1188.9,609.31,568.6,579.61,692.91,667.54,728.68,595.62,658.89,663.21,642.33,720.73,648.33,628.1,629.33,635.51,576.28,573.19,755.13,592.68,752.81,603.37,642.2,686.08,864.58,0,689.26,685.59,666.68,670.97,632.07,637.47,620.14,575.36,623.38,635.35,584.92,592.5,578.43,575.95,587.3,579.93,586.52,601.33,604.28,625.69,623.86,636.89,652.34,637.22,636.83,634.46,661.33,656.5,638.23,636.88,622.1,596.85,601.74,640.46,596.05,593.14,567.17,567.01,603.44,624.75,636.05,636.07,636.25,637.56,598.81,643.16,662.81,743.51,670.26,651.12,625.42,610.53,584.37,582.17,581.8,615.5,565.43,624.46,625.15,625.19,1.145,644.31,738.63,746.01,786.33,727.02
707.57,1150.5,585.88,533.89,541.15,665.24,625.91,709.88,568.63,640.09,644.41,623.53,701.93,629.53,597.93,610.53,623.7,551.85,548.58,794.69,554.23,792.37,564.92,623.1,725.64,904.14,689.26,0,667.56,620.66,653.11,589.08,594.48,599.15,533.88,581,592.98,557.93,562.33,541.98,542.52,560.55,552.94,561.33,577.9,585.48,613.87,641.11,594.89,624.59,609.46,609.16,592.83,642.53,637.7,619.43,618.08,603.31,578.06,582.94,621.66,577.25,569.8,542.56,542.58,582.01,605.65,618.01,618.35,618.39,618.79,577.83,625.35,636.47,717.17,643.92,613.86,582.43,567.54,545.92,543.72,543.35,572.51,523.96,581.47,582.16,582.2,660.64,683.87,778.19,785.57,825.89,685.02
805.99,1210,661.9,588.89,591.74,795.15,718.94,882.35,643.07,773.48,777.81,796,874.39,802,668.36,783,683.19,710.02,707.03,757.88,605.1,755.56,616.53,825.3,688.83,867.33,685.6,667.56,0,645.27,793.53,640.13,645.98,730.57,591.73,643.88,655.86,632.37,632.76,588.85,590.23,597.94,623.19,635.39,653.92,698.52,673.37,626.61,687.92,754.44,739.32,739.08,685.86,815,810.17,791.89,790.54,775.77,750.52,716.33,755.06,756.15,723.58,701,700.74,749.11,807.85,1.982,846.19,758.8,756.12,709.25,735.89,734.89,815.59,742.34,690.45,616.8,613.05,605.41,595.33,594.22,627.72,581.8,636.15,633.65,633.26,656.97,647.06,741.38,748.76,789.08,778.05
731.37,1201.6,558.99,542.09,586.1,655.27,653.48,677.46,558.31,607.67,611.99,591.11,669.51,597.11,592.14,578.11,584.29,531.69,528.6,701.64,578.04,699.32,591.69,601.41,632.59,811.09,666.68,620.66,645.27,0,629.96,702.54,706.98,592.05,665.57,717.92,729.9,547.61,556.55,557.41,547.37,547.71,537.5,537.95,551.01,553.06,574.47,570.37,625.76,614.65,599.52,599.19,620.4,610.11,605.28,587.01,585.66,570.88,545.63,550.52,589.24,544.83,552.35,522.57,522.41,562.65,583.96,595.73,594.84,595.24,599.05,570.72,625.37,660.27,740.97,667.72,689.57,674.06,640.26,597.01,570.49,567.17,747.38,655.64,687.05,694.66,695.67,638.05,590.82,685.14,692.52,732.84,715.88
833.95,1181.4,638.12,566.45,566.28,763.98,696.86,808.43,631.29,730.13,734.46,722.08,800.48,728.08,647,709.08,659.13,669.28,666.18,735.15,582.73,732.83,594.1,738.02,666.11,844.61,670.97,653.11,793.53,629.96,0,622.69,628.53,771.61,567.35,625.68,637.66,620.59,611.39,566.41,567.72,575.22,605.87,611.62,630.15,664.38,649.31,603.88,665.85,723.76,708.64,707.91,663.79,741.08,736.26,717.98,716.63,701.86,676.61,672.98,711.71,676.88,680.27,660.16,660,692.48,720.57,743.98,792.22,1.389,783.8,750.28,809.24,762.85,843.55,770.3,684.38,600.54,594.05,576.85,572.9,571.85,610.21,557.42,619.19,616.21,615.81,642.35,624.33,718.65,726.03,766.36,755.97
702.87,1187.4,561.83,544.15,565.22,660.56,666.21,683.68,568.08,617.73,622.06,597.33,675.73,603.33,597.94,584.33,580.64,549.13,545.96,680.64,573.51,678.32,584.2,603.46,611.6,790.1,632.07,589.08,640.13,702.54,622.69,0,740.86,566.16,697.09,749.45,761.43,557.38,562.35,558.59,548.89,546.07,538.81,539.75,553.85,559.59,570.81,556.81,638.49,619.86,604.73,604.49,633.14,616.33,611.51,593.23,591.88,577.11,551.86,560.58,599.31,549.5,564.12,539.93,539.85,571.89,586,590.58,587.57,587.96,592.38,544.83,596.32,631.77,712.47,639.22,721.1,637.71,607.01,582.87,563,562.63,778.91,687.17,720.92,728.53,0.275,603.44,569.82,664.14,671.52,711.85,728.62
708.54,1192.9,567.32,549.65,570.54,665.71,671.62,689.15,573.57,623.31,627.64,602.8,681.2,608.8,603.44,589.8,585.87,554.98,551.72,686.23,578.83,683.9,589.52,609.21,617.18,795.68,637.47,594.48,645.98,706.98,628.53,740.86,0,571.83,703.47,755.82,767.8,562.87,567.84,564.08,554.38,551.57,544.3,545.34,559.35,565.08,576.04,562.39,643.9,625,609.87,609.63,638.54,621.8,616.97,598.7,597.35,582.57,557.32,566.17,604.89,554.91,569.79,545.69,545.7,577.56,591.76,596.43,593.41,593.81,598.23,550.5,601.99,637.44,718.14,644.89,727.48,643.38,612.41,588.33,568.32,567.95,785.29,693.54,727.38,0.493,733.99,608.85,575.4,669.73,677.1,717.43,734.02
768.74,1151.3,586.48,549.63,537.52,672.89,573.98,747.86,601.27,662.7,667.02,661.51,739.91,667.51,626.19,648.51,603.86,602.07,598.97,683.79,563.88,681.46,573.83,679.49,614.74,793.24,620.14,599.15,730.57,592.05,771.61,566.16,571.83,0,503.25,560.15,572.13,590.57,590.59,549.74,549.48,551.3,567.65,565.83,578.51,594.81,594.03,556.23,541.32,632.18,617.06,616.81,540.91,680.51,675.69,657.41,656.06,641.29,616.04,605.55,644.28,616.5,629.06,592.95,592.79,639.05,662.04,681.02,736.13,736.88,826.89,0.853,816.98,697.64,778.34,705.09,619.17,547.73,557.71,546.73,552.63,553,540.27,493.32,561.14,559.5,559.28,591.51,572.96,667.29,674.66,714.99,631.44
636.26,1146.3,528.6,507.98,524.39,639.51,656.42,670.93,526.74,596.08,600.41,584.59,662.99,590.58,562.42,571.58,562.55,535.96,533.33,639.8,532.88,637.47,545.86,573.34,570.75,749.25,575.36,533.88,591.73,665.57,567.35,697.09,703.47,503.25,0,668.69,680.67,516.04,526.82,512.47,508.7,509.32,499.72,501.94,520.62,537.15,552.72,527.11,625.92,598.64,583.51,583.43,623.35,603.59,598.76,580.48,579.14,564.36,539.11,538.93,577.66,537.23,554.45,527.3,526.68,556.03,555.89,542.18,532.3,532.63,536.24,481.92,532.02,565.16,645.86,572.61,640.34,571.89,562.06,541.68,524.66,522.01,805.32,0.397,803.96,691.14,690.22,546.73,528.97,623.3,630.67,671,716.05
686.14,1172.5,537.47,528.77,554.82,635.43,654.35,684.65,537.61,601.83,606.16,598.3,676.7,604.3,572.54,585.3,564.14,550.67,547.8,677.39,556.14,675.07,569.13,613,608.34,786.84,623.38,581,643.89,717.92,625.68,749.45,755.82,560.15,668.69,0,0.479,526.91,536.94,535.72,528.71,526.95,509.8,511.83,529.5,538.57,554.32,553.55,627.43,594.56,579.44,579.35,621.27,617.3,612.47,594.2,592.85,578.08,552.83,544.68,583.41,554.05,574.82,541.77,541.39,582.59,595.55,594.33,590.49,590.96,596.19,538.83,580.09,615.04,695.74,622.49,691.62,624.03,598.8,567.88,547.93,545.26,690.4,658.76,750.45,743.5,742.58,594.75,566.57,660.89,668.27,708.59,717.55
698.11,1184.4,549.45,540.74,566.8,647.41,666.32,696.63,549.58,613.81,618.13,610.28,688.67,616.27,584.52,597.27,576.11,562.64,559.77,689.37,568.11,687.04,581.11,624.97,620.32,798.82,635.35,592.98,655.86,729.9,637.66,761.43,767.8,572.13,680.67,0.479,0,538.88,548.92,547.7,540.69,538.92,521.78,523.81,541.47,550.54,566.29,565.53,639.4,606.54,591.41,591.33,633.25,629.28,624.45,606.17,604.83,590.05,564.8,556.66,595.38,566.02,586.8,553.75,553.36,594.57,607.52,606.31,602.47,602.93,608.16,550.8,592.07,627.01,707.71,634.46,703.6,636,610.78,579.85,559.91,557.24,702.38,670.74,762.43,755.48,754.55,606.73,578.54,672.87,680.24,720.57,729.53
651.79,1216,674.48,688.12,638.6,672.14,626.77,748.16,0.428,677.41,681.74,661.81,740.21,667.81,835.2,648.81,629.09,545.15,541.74,682.01,685.18,679.69,690.71,592.62,612.96,791.46,584.92,557.93,632.37,547.61,620.59,557.38,562.87,590.57,516.04,526.91,538.88,0,799.6,724.18,712.55,676.61,804.11,706.11,666.5,622.9,619.26,589.03,594.93,631.44,616.31,616.07,593.69,680.81,675.98,657.71,656.36,641.58,616.33,620.26,658.99,615.53,544.95,535.72,535.88,557.29,575.17,582.82,585.18,585.86,593.08,569.25,565.14,580.69,661.39,588.14,537.75,566.78,587.33,611.47,669.51,674.31,509.84,506.11,550.88,550.55,550.5,556.3,571.19,665.51,672.89,713.21,685.05
659.09,1224.3,669.74,704.27,650.43,670.38,628.63,757.71,810.3,683.42,687.74,671.36,749.76,677.36,1.424,658.36,633.1,544.19,540.78,686.41,701.4,684.08,706.93,594.63,617.36,795.86,592.5,562.33,632.76,556.55,611.39,562.35,567.84,590.59,526.82,536.94,548.92,799.6,0,766.99,717.62,678.02,761.3,691.1,661.76,622.29,623.28,592.7,596.79,629.67,614.55,614.3,595.55,690.36,685.53,667.26,665.91,651.13,625.88,626.27,664.99,624.69,545.45,534.75,534.91,557.66,577.17,583.21,576.2,576.67,581.56,569.26,573.76,587.99,668.69,595.44,545.37,577.84,599.16,619.68,685.73,690.53,520.27,516.89,555.85,555.51,555.47,563.88,575.58,669.91,677.28,717.61,686.91
621.84,1268.8,635.11,709.22,673.75,641.24,604.42,730.45,734.88,654.99,659.32,644.1,722.5,650.1,802.59,631.1,614.49,526.47,523.04,668.35,744.05,666.03,745.89,575.59,599.3,777.8,578.43,541.98,588.85,557.41,566.41,558.59,564.08,549.74,512.47,535.72,547.7,724.18,766.99,0,707.5,657.74,685.89,649.95,627.13,595.3,604.66,579.75,572.6,600.38,585.25,585.17,571.35,663.1,658.28,640,638.65,623.88,598.63,597.84,636.57,597.82,528.5,517.02,517.2,541.11,558.14,539.3,531.37,531.69,534.59,528.41,530.59,550.74,631.44,558.19,545.55,594.91,640.29,664.19,724.69,733.18,522.56,502.54,551.83,551.76,551.71,549.8,557.53,651.85,659.23,699.55,662.73
621.06,1218.3,670.98,708.32,638.38,655.21,602.56,746.04,723.25,677.74,682.06,659.69,738.09,665.69,753.22,646.69,634.93,543.26,539.85,672.49,693.18,670.17,697.23,576.25,603.44,781.94,575.95,542.52,590.23,547.37,567.72,548.89,554.38,549.48,508.7,528.71,540.69,712.55,717.62,707.5,0,680.61,700.68,689.1,663,620.05,625.1,591.77,570.72,614.5,599.38,599.14,569.48,678.69,673.87,655.59,654.24,639.47,614.22,620.59,659.31,612.34,549.83,533.83,533.98,554.48,558.8,540.68,532.74,533,535.09,528.15,529.37,549.96,630.66,557.41,536.29,571.32,596.22,613.69,676.03,682.31,513.28,498.78,541.87,542.06,542.01,547.32,561.67,655.99,663.37,703.69,660.84
620.89,1190.7,702.87,653.01,617.98,688.65,602.1,776.81,687.31,711.83,716.15,690.46,768.86,696.46,713.62,677.46,666.26,581.03,577.62,696.41,659.53,694.09,666.53,588.78,627.36,805.86,587.3,560.55,597.94,547.71,575.22,546.07,551.57,551.3,509.32,526.95,538.92,676.61,678.02,657.74,680.61,0,694.54,699.34,694.9,655.77,656.43,625.84,569.44,647.78,632.65,632.57,569.03,709.46,704.63,686.36,685.01,670.23,644.98,654.68,693.4,641.97,588.75,571.6,571.76,585.33,571.33,548.39,540.45,540.49,540.89,529.97,530.85,549.8,630.5,557.25,532.95,558.8,570.32,586.15,645.33,648.66,515.75,499.4,539.5,539.24,539.2,558.67,585.59,679.91,687.29,727.61,659.57
626.93,1194.2,701.93,668.46,620.84,675.64,623.58,754.46,814.81,685.99,690.32,668.11,746.51,674.11,796.9,655.11,639.69,553.05,549.64,682.91,665.3,680.59,670.83,593.64,613.86,792.36,579.93,552.94,623.19,537.5,605.87,538.81,544.3,567.66,499.72,509.8,521.78,804.11,761.3,685.89,700.68,694.54,0,742.2,693.95,636.95,629.87,599.76,590.91,635.1,619.98,619.57,590.5,687.11,682.29,664.01,662.66,647.89,622.64,628.85,667.57,620.8,560.71,543.61,543.77,570.79,576.19,573.64,570.75,571.15,575.23,546.33,543.45,555.83,636.53,563.28,519.57,550.7,570.15,589.67,649.63,654.43,492.14,489.8,532.31,531.98,531.93,551.3,572.08,666.41,673.79,714.11,681.04
624.71,1176.5,781.05,636.29,604.62,713.09,664.9,787.75,716.81,724.03,728.35,701.4,779.8,707.4,726.7,688.4,673.35,596.18,592.77,697.19,638.75,694.87,645.75,626.24,628.14,806.64,586.52,561.33,635.39,537.95,611.62,539.75,545.34,565.83,501.94,511.83,523.81,706.11,691.1,649.95,689.1,699.34,742.2,0,773.08,679.72,663.53,626.6,634.12,672.39,657.26,657.02,631.83,720.4,715.57,697.3,695.95,681.17,655.92,666.88,705.6,653.21,616.79,586.75,586.91,618.98,608.79,585.85,576.72,576.9,578.91,544.51,541.82,553.61,634.31,561.06,520.49,544.64,555.87,571.94,624.55,627.87,495.53,492.01,533.95,533.01,532.88,557.9,586.37,680.69,688.07,728.39,724.25
635.84,1182,0.319,620,601.1,725.77,678.5,806.27,677.2,742.55,746.88,719.92,798.32,725.92,697.36,706.92,691.88,612.76,609.35,713.77,625.25,711.44,633.73,644.76,644.72,823.22,601.33,577.9,653.92,551.01,630.15,553.85,559.35,578.51,520.62,529.5,541.47,666.5,661.76,627.13,663,694.9,693.95,773.08,0,702.15,682.05,643.71,648.94,685.06,669.94,669.69,645.43,738.92,734.1,715.82,714.47,699.7,674.45,685.4,724.13,671.73,635.32,603.32,603.48,637.5,627.31,604.37,595.24,595.42,597.43,557.18,554.5,564.74,645.44,572.19,533.74,550.81,560.22,577.46,612.53,614.37,512.17,510.7,547.35,547.02,546.98,572.71,602.94,697.27,704.64,744.97,739.06
651.03,1183.3,710.12,595.49,579.09,840.79,767.81,891.81,633.6,854.57,858.9,805.46,883.86,811.45,657.89,792.45,744.76,733.5,729.83,721.35,602.88,719.02,611.36,719.95,652.3,830.8,604.28,585.48,698.52,553.06,664.38,559.59,565.08,594.81,537.15,538.57,550.54,622.9,622.29,595.3,620.05,655.77,636.95,679.72,702.15,0,734.93,648.54,735.97,800.29,785.16,784.71,734.73,824.46,819.63,801.35,800,785.23,759.98,797.42,836.15,753.82,779.45,723.81,724.22,756.14,702.5,648.97,630.45,629.66,627.66,573.49,577.03,579.93,660.63,587.38,541.93,545.18,555.06,578.74,590.16,592.01,528.91,527.22,552.87,552.76,552.72,575.65,610.52,704.85,712.22,752.55,826.09
665.48,1187.7,690.03,601.05,589.65,768.81,668.47,833.46,629.97,777.73,782.06,747.11,825.51,753.11,658.88,734.11,0.393,653.8,650.37,749.74,613.44,747.41,621.92,664.21,680.69,859.19,625.69,613.87,673.37,574.47,649.31,570.81,576.04,594.03,552.72,554.32,566.29,619.26,623.28,604.66,625.1,656.44,629.87,663.53,682.05,734.93,0,688.79,635.8,728.41,713.28,712.73,635.39,766.11,761.28,743.01,741.66,726.88,701.63,720.58,759.31,698.15,663.54,644.34,644.52,662.43,646.76,623.82,614.4,614.58,616.59,572.71,587.54,594.38,675.08,601.83,556.92,558.78,564.88,583.17,600.73,602.57,544.09,542.8,562.06,563.72,563.94,597.06,638.91,733.24,740.61,780.94,725.93
645.75,1159.2,651.68,571.61,569.28,696.26,605.64,762.69,599.73,699.76,704.08,676.34,754.74,682.34,628.3,663.34,698.62,581.11,577.82,785.81,590.77,783.49,600.73,617.33,716.76,895.26,623.86,641.11,626.61,570.37,603.88,556.81,562.39,556.23,527.11,553.55,565.53,589.03,592.7,579.75,591.77,625.84,599.76,626.6,643.71,648.54,688.79,0,572.98,655.7,640.57,640.18,572.56,695.34,690.52,672.24,670.89,656.12,630.87,642.61,681.33,627.97,599.72,571.8,571.83,603.05,599.88,577.06,569.12,569.16,569.56,534.91,556.24,574.65,655.35,582.1,559.32,550.52,546.32,554.6,579.53,579.9,543.09,517.19,550.14,550.06,549.93,595.24,674.99,769.31,776.69,817.01,663.1
643.58,1276.9,656.91,571.99,627.07,28.492,7.926,30.296,605.63,807.53,811.86,23.872,30.568,25.264,632.39,26.952,645.63,663,659.3,696.81,608.33,694.49,625.54,678.77,627.76,806.26,636.89,594.89,687.92,625.76,665.84,638.49,643.9,541.32,625.92,627.43,639.4,594.93,596.79,572.6,570.72,569.44,590.91,634.12,648.94,735.97,635.8,572.98,0,5.28,6.49,19.52,5.28,19.52,20.292,23.216,23.432,25.796,29.836,750.38,789.11,773.5,694.29,653.27,653.73,684.3,661.32,638.37,630.44,631.12,638.32,519.99,520.98,572.48,653.18,579.93,619.65,631.9,634.49,672.33,604.34,597.46,614.9,615.99,631.24,631.57,631.62,608.27,585.99,680.31,687.69,728.01,3.605
680.29,1254.1,693.04,600.41,636.25,8.966,7.926,9.868,642.13,875.24,879.57,6.656,10.004,7.352,665.27,8.196,738.23,788.56,784.34,748.67,625.58,746.35,640.7,765.68,679.62,858.12,652.34,624.59,754.44,614.65,723.76,619.86,625,632.18,598.64,594.56,606.54,631.44,629.67,600.38,614.5,647.78,635.1,672.39,685.06,800.29,728.41,655.7,5.28,0,0.605,4.48,5.28,4.48,4.866,6.328,6.436,7.618,9.638,818.09,856.82,846.65,810.51,778.31,779.29,791.64,748.23,704.89,689.9,689.04,689.95,610.86,605.51,609.19,689.89,616.64,593.21,615.38,627.32,649.57,619.5,614.7,595.48,588.71,610.36,612.67,612.98,623.72,637.85,732.17,739.55,779.87,12.49
665.16,1239,677.91,585.29,621.12,7.756,9.136,8.658,627.01,860.12,864.44,5.446,8.794,6.142,650.15,6.986,723.11,773.44,769.21,733.55,610.45,731.22,625.58,750.55,664.5,843,637.22,609.46,739.32,599.52,708.64,604.73,609.87,617.06,583.51,579.44,591.41,616.31,614.55,585.25,599.38,632.65,619.98,657.26,669.94,785.16,713.28,640.57,6.49,0.605,0,3.27,6.49,3.27,3.656,5.118,5.226,6.408,8.428,802.97,841.69,831.53,795.39,763.19,764.16,776.52,733.1,689.77,674.77,673.91,674.83,595.73,590.39,594.06,674.76,601.51,578.09,600.26,612.19,634.45,604.38,599.58,580.35,573.59,595.23,597.55,597.86,608.59,622.72,717.05,724.42,764.75,13.7
664.86,1238.9,677.67,585.2,620.99,2.243,24.812,8.658,626.77,859.67,864,5.446,8.794,6.142,649.9,6.986,722.56,772.99,768.81,733.24,610.37,730.92,625.5,750.31,664.19,842.7,636.83,609.16,739.08,599.19,707.91,604.49,609.63,616.81,583.43,579.35,591.33,616.07,614.3,585.17,599.14,632.57,619.57,657.02,669.69,784.71,712.73,640.18,19.52,4.48,3.27,0,19.52,3.27,3.656,5.118,5.226,6.408,8.428,802.52,841.25,831.08,795.15,762.78,763.71,776.28,732.86,689.52,674.53,673.18,674.32,595.49,589.98,593.76,674.46,601.21,578,599.98,612.01,634.36,604.29,599.5,580.11,573.51,594.99,597.31,597.61,608.21,622.42,716.75,724.12,764.45,33.94
642.85,1272.7,653.4,570.76,625.83,28.492,1.323,30.296,604.39,806.3,810.62,23.872,30.568,25.264,631.15,26.952,645.22,660.71,657.24,696.4,604.72,694.08,621.84,676.7,627.35,805.85,634.46,592.83,685.86,620.4,663.78,633.14,638.54,540.91,623.35,621.27,633.25,593.69,595.55,571.35,569.48,569.03,590.5,631.83,645.43,734.73,635.39,572.56,5.28,5.28,6.49,19.52,0,19.52,20.292,23.216,23.432,25.796,29.836,749.15,787.87,772.27,692.23,651.21,651.44,682.24,659.25,636.31,628.38,629.06,636.27,519.58,520.57,571.75,652.45,579.2,615.94,627.51,633.43,668.1,600.64,593.84,611.03,613.42,625.89,626.22,626.26,605.84,585.58,679.9,687.28,727.6,12.49
727.89,1266.6,746.9,663.43,649.84,7.756,24.812,2.694,691.51,901.11,905.43,1.088,2.762,1.436,725.96,1.858,775.93,849.97,846.3,776.85,672.92,774.52,682.11,836.42,707.79,886.3,661.33,642.53,815,610.11,741.08,616.33,621.8,680.51,603.59,617.3,629.28,680.81,690.36,663.1,678.69,709.46,687.11,720.4,738.92,824.45,766.11,695.34,19.52,4.48,3.27,3.27,19.52,0,0.193,0.924,0.978,1.569,2.579,843.96,882.68,875.24,895.92,840.28,840.69,872.61,818.97,765.45,746.92,706.36,703.54,659.19,657.92,656.79,737.49,664.24,618.79,609.81,632.6,661.98,660.91,662.04,605.47,593.66,609.14,609.47,609.46,632.7,666.02,760.35,767.72,808.04,33.94
723.06,1261.7,742.07,658.6,645.01,8.142,25.584,2.887,686.68,896.28,900.61,0.895,2.569,1.243,721.13,1.665,771.11,845.14,841.48,772.02,668.09,769.69,677.29,831.6,702.97,881.47,656.5,637.7,810.17,605.28,736.26,611.51,616.97,675.69,598.76,612.47,624.45,675.98,685.53,658.28,673.87,704.63,682.29,715.57,734.1,819.63,761.28,690.52,20.292,4.866,3.656,3.656,20.292,0.193,0,0.731,0.785,1.376,2.386,839.13,877.86,870.41,891.09,835.45,835.87,867.78,814.15,760.62,742.1,701.53,698.72,654.36,653.09,651.96,732.66,659.41,613.96,604.99,627.77,657.15,656.09,657.22,600.64,588.83,604.32,604.65,604.63,627.88,661.2,755.52,762.89,803.22,34.712
704.79,1243.5,723.8,640.33,626.73,9.604,28.508,3.618,668.41,878.01,882.33,0.164,3.3,0.512,702.86,0.934,752.83,826.87,823.2,753.75,649.82,751.42,659.01,813.32,684.7,863.19,638.23,619.43,791.89,587.01,717.98,593.23,598.7,657.41,580.48,594.2,606.17,657.71,667.26,640,655.59,686.36,664.01,697.3,715.82,801.35,743.01,672.24,23.216,6.328,5.118,5.118,23.216,0.924,0.731,0,0.054,0.645,1.655,820.86,859.58,852.14,872.82,817.18,817.59,849.51,795.87,742.35,723.82,683.26,680.44,636.09,634.82,633.69,714.39,641.14,595.69,586.71,609.5,638.88,637.81,638.94,582.37,570.56,586.04,586.37,586.36,609.6,642.92,737.24,744.62,784.94,37.636
703.44,1242.1,722.45,638.98,625.38,9.712,28.724,3.672,667.06,876.66,880.98,0.218,3.354,0.458,701.51,0.88,751.48,825.52,821.85,752.39,648.47,750.07,657.66,811.97,683.34,861.85,636.88,618.08,790.54,585.66,716.63,591.88,597.35,656.06,579.14,592.85,604.83,656.36,665.91,638.65,654.24,685.01,662.66,695.95,714.47,800,741.66,670.89,23.432,6.436,5.226,5.226,23.432,0.978,0.785,0.054,0,0.591,1.601,819.51,858.23,850.79,871.47,815.83,816.24,848.16,794.52,741,722.47,681.91,679.09,634.74,633.47,632.34,713.04,639.79,594.34,585.36,608.15,637.53,636.46,637.59,581.02,569.21,584.69,585.02,585.01,608.25,641.57,735.89,743.27,783.6,37.852
688.66,1227.3,707.67,624.2,610.61,10.894,31.088,4.263,652.28,861.88,866.21,0.809,3.945,1.049,686.73,0.289,736.71,810.74,807.08,737.62,633.69,735.29,642.88,797.2,668.57,847.07,622.1,603.31,775.77,570.88,701.86,577.11,582.57,641.29,564.36,578.08,590.05,641.58,651.13,623.88,639.47,670.23,647.89,681.17,699.7,785.23,726.88,656.12,25.796,7.618,6.408,6.408,25.796,1.569,1.376,0.645,0.591,0,1.01,804.73,843.46,836.01,856.69,801.05,801.47,833.38,779.75,726.22,707.7,667.13,664.32,619.96,618.69,617.56,698.26,625.01,579.56,570.59,593.37,622.75,621.69,622.82,566.24,554.44,569.92,570.25,570.23,593.48,626.79,721.12,728.5,768.82,40.216
663.41,1202.1,682.42,598.95,585.36,12.914,35.128,5.273,627.03,836.63,840.96,1.819,4.955,2.059,661.48,1.299,711.46,785.49,781.83,712.37,608.44,710.05,617.63,771.95,643.32,821.82,596.85,578.05,750.52,545.63,676.61,551.86,557.32,616.04,539.11,552.83,564.8,616.33,625.88,598.63,614.22,644.98,622.64,655.92,674.45,759.98,701.63,630.87,29.836,9.638,8.428,8.428,29.836,2.579,2.386,1.655,1.601,1.01,0,779.48,818.21,810.76,831.44,775.8,776.22,808.13,754.5,700.97,682.45,641.88,639.07,594.71,593.44,592.31,673.01,599.76,554.31,545.34,568.12,597.5,596.44,597.57,540.99,529.19,544.67,545,544.98,568.23,601.54,695.87,703.25,743.57,44.256
655.27,1194,693.38,598.17,582.79,858.6,782.22,911.31,630.97,2.286,2.459,824.96,903.36,830.96,661.87,811.96,730.41,751.31,747.64,718.8,606.41,716.48,615.07,737.76,649.75,828.25,601.74,582.94,716.33,550.52,672.98,560.58,566.17,605.55,538.93,544.68,556.66,620.26,626.27,597.84,620.59,654.68,628.85,666.88,685.4,797.42,720.58,642.61,750.38,818.09,802.97,802.52,749.15,843.96,839.13,820.86,819.51,804.73,779.48,0,1.549,773.32,797.25,741.61,742.03,773.95,720.31,666.78,648.26,638.26,636.25,584.22,585.3,584.17,664.87,591.62,546.17,548.25,563.85,589.46,593.87,595.54,536.3,529.01,554.32,553.84,553.71,573.11,607.98,702.3,709.68,750,840.51
694,1232.8,732.1,636.89,621.52,897.32,820.95,950.03,669.69,0.737,0.91,863.68,942.08,869.68,700.59,850.68,769.13,790.03,786.36,757.53,645.14,755.21,653.79,776.49,688.48,866.98,640.46,621.66,755.06,589.24,711.71,599.31,604.89,644.28,577.66,583.41,595.38,658.99,664.99,636.57,659.31,693.4,667.57,705.6,724.13,836.15,759.31,681.33,789.11,856.82,841.69,841.25,787.87,882.68,877.86,859.58,858.23,843.46,818.21,1.549,0,812.05,835.98,780.34,780.76,812.67,759.04,705.51,686.99,676.98,674.97,622.95,624.03,622.9,703.6,630.35,584.9,586.98,602.58,628.19,632.59,634.26,575.02,567.73,593.05,592.56,592.43,611.84,646.7,741.03,748.41,788.73,879.23
664.75,1201.8,679.71,598.15,584.56,887.16,805.34,942.59,626.23,830.47,834.79,856.24,934.64,862.24,660.29,843.24,707.97,857.11,850.2,710.49,607.64,708.17,616.83,777.58,641.44,819.94,596.05,577.25,756.15,544.83,676.88,549.5,554.91,616.5,537.23,554.05,566.02,615.53,624.69,597.82,612.34,641.97,620.8,653.21,671.73,753.82,698.15,627.97,773.5,846.65,831.53,831.08,772.27,875.24,870.41,852.14,850.79,836.01,810.76,773.32,812.05,0,837.07,844.18,847.84,813.76,760.13,706.6,688.08,642.15,639.34,595.17,594.78,593.65,674.35,601.1,555.65,543.46,567.25,597.24,595.63,596.76,540.19,527.31,542.25,542.59,542.63,567.42,599.67,693.99,701.37,741.69,863.63
680.91,1166.1,643.29,528.68,555.97,851.22,725.31,963.27,555.65,854.4,858.73,876.92,955.32,882.92,581.05,863.92,673.36,855.25,855.65,691.25,551.02,688.93,564.67,750.11,622.21,800.7,593.14,569.8,723.58,552.34,680.27,564.12,569.79,629.06,554.45,574.82,586.8,544.95,545.45,528.5,549.83,588.75,560.71,616.79,635.32,779.45,663.54,599.72,694.29,810.51,795.39,795.15,692.23,895.92,891.09,872.82,871.47,856.69,831.44,797.25,835.98,837.07,0,849.63,845.97,791.4,732.66,674.03,653.74,645.54,643.54,607.74,602.65,609.81,690.51,617.26,573.43,543.47,545.26,561.56,543.47,540.15,555.24,544.53,559.12,557.47,557.25,564.51,580.43,674.75,682.13,722.46,784.42
