0,1316.1,653.89,647.5,688.32,671.56,649.27,762.07,678.1,686.58,690.91,675.72,754.12,681.72,716.94,662.72,658.84,620.93,617.84,708.57,672.63,714.51,687.75,757.8,737.67,767.2,766.13,743.11,831.39,750.39,916.72,786.62,848.9,872.46,837.55,888.22,900.2,667.4,681.34,647.97,646.53,646.38,644.87,641.29,645.91,628.59,649.01,656.73,619.6,630.69,615.56,615.48,616.2,694.72,689.9,671.62,670.27,655.5,630.25,629.43,668.16,629.98,674.36,611.82,611.66,693.94,740.36,781.84,881.24,881.99,890.43,851.14,889.62,2.844,5.476,2.546,854.47,749.66,728.92,711.48,666.55,661.75,923.3,827.62,828.3,836.58,779.74,737.51,695.89,700.33,699.45,688.95,709.72
1316.1,0,1171.8,1233.8,1442.1,1260.5,1281.9,1283.8,1217.4,1213.3,1217.6,1197.5,1275.9,1203.5,1264.2,1184.5,1181.3,1139.1,1136.4,1191.7,1319.5,1199.3,1337.6,1200.1,1222.1,1236.5,1244.8,1200.3,1250.2,1252.5,1237.3,1288.7,1301.5,1203.4,1290.1,1333.3,1345.2,1206.7,1228.6,1286.4,1237.7,1209.8,1180.9,1161.6,1163.9,1153.6,1171.5,1179.1,1253.6,1219.7,1204.5,1204.5,1248.8,1216.5,1211.6,1193.4,1192,1177.2,1152,1156.1,1194.9,1150.7,1142.5,1130.3,1129.9,1153.7,1182.6,1200.7,1201.9,1202.5,1209.4,1182.1,1203.2,1245,1325.7,1252.4,1299.5,1302.5,1368.4,24.183,1316.4,1308.7,1368.3,1280.2,1280.9,1289.2,1281.8,1216.2,1180.4,1185.1,1182.6,1158.2,1343.7
653.89,1171.8,0,586.86,589.8,639.72,628.72,705.55,636.96,651.99,656.31,619.2,697.6,625.2,658.15,606.2,619.8,536.04,532.63,574.5,600.8,580.43,612.24,590.93,608.93,638.78,592.57,557.15,625.25,570.64,606.63,606.86,668.14,565.77,656.78,631.6,643.58,626.26,622.55,590.6,619.02,663.21,641.57,700.53,0.319,629.6,609.98,638.81,599.84,598.85,583.72,583.64,595.64,638.2,633.38,615.1,613.75,598.98,573.73,594.84,633.57,569.71,571.4,526.61,526.77,567.91,573.48,575.7,571.29,571.9,578.74,544.44,545.09,582.79,663.49,590.24,597.85,561.51,560.09,567.26,591.03,589.93,666.68,646.86,647.54,655.81,599.99,563.95,567.16,566.26,565.37,560.53,689.96
647.5,1233.8,586.86,0,643.79,593.59,559.95,650.19,681.9,586.43,590.76,563.84,642.24,569.84,725.98,550.84,552.25,483.61,480.84,521.94,690.55,529.06,696.08,552.57,555.39,579.73,559.98,518.5,590.23,556.86,572.83,593.08,662.95,552.09,650.88,656.01,667.99,671.2,690.38,706.26,705.37,637.22,647.56,607.83,578.88,533.3,542.42,545.46,527.28,552.88,537.75,537.51,526.87,582.84,578.02,559.74,558.39,543.62,518.37,529.28,568,516.49,492.36,474.81,474.33,499.09,535.12,540.68,537.57,538.11,543.54,530.76,534.43,576.4,657.1,583.85,622.26,571.06,596.07,629.19,674.88,679.68,691.09,640.95,642.35,650.63,586.21,531.35,513.61,514.88,512.82,501.48,617.41
688.32,1442.1,589.8,643.79,0,621.69,632.21,671.32,648.05,604.34,608.67,584.97,663.37,590.97,687.87,571.97,578.33,513.9,510.49,558.18,719.26,564.71,738.07,581.41,608.14,616.49,624.24,579.74,621.99,630.3,608.66,666.53,685.56,580.14,674.05,709.58,721.56,637.35,652.27,684.01,648.53,627.03,614.51,593.15,581.83,548.04,568.5,579.59,602.96,580.82,565.69,565.61,599.13,603.97,599.14,580.87,579.52,564.74,539.49,547.19,585.92,536.59,530.92,504.47,504.63,535.21,563.96,572.44,573.32,573.93,580.38,558.81,575.25,617.22,697.92,624.67,675.83,675.62,721,837.54,716.87,708.39,744.66,664.13,664.96,673.23,659.65,595.61,566.36,550.53,549.06,538.24,693.09
671.56,1260.5,639.72,593.59,621.69,0,33.784,13.144,621.62,764.98,769.31,9.932,13.28,10.628,655.82,11.472,664.83,688.31,684.9,675.47,618.61,676.69,632.62,699.2,652.7,758.4,643.37,609.45,714.68,621.6,689.26,657.83,709.07,583.99,697.88,675.72,687.69,610.92,620.22,593.98,592.76,601.97,602.82,619.07,631.74,690.02,655,618.77,28.492,8.966,7.756,2.243,28.492,7.756,8.142,9.604,9.712,10.894,12.914,707.83,746.56,736.39,748.95,678.87,679.03,730.08,681.75,665.13,654.14,654.54,658.33,562.66,564.55,600.46,681.16,607.91,641.97,619.05,624.64,655.96,611.42,607.74,710.79,687.96,688.47,696.74,650.95,614.74,610.92,662.51,666.35,680.15,42.912
649.27,1281.9,628.72,559.95,632.21,33.784,0,35.588,633.21,700.98,705.31,29.164,35.86,30.556,647.38,32.244,603.14,584.65,581.25,562.7,596.9,565.18,615.71,584,558.82,640.53,577.83,530.3,614.06,587.86,597.54,624.08,735.05,540.6,722.05,679.3,691.27,622.51,611.78,560.56,558.67,552.58,602.45,609.64,620.74,629.41,593.32,529.47,7.926,7.926,9.136,24.812,1.323,24.812,25.584,28.508,28.724,31.088,35.128,643.83,682.55,666.95,610.23,575.22,575.38,600.24,566.55,564.51,561.91,562.81,572.86,519.28,522.95,578.17,658.87,585.62,645.55,612.11,636.99,677.3,594.51,586.02,714.38,712.13,714.45,722.73,617.21,549.2,517.05,551,553.58,562.28,15.136
762.07,1283.8,705.55,650.19,671.32,13.144,35.588,0,680.29,863.41,867.74,3.782,5.456,4.13,707.53,4.552,769.3,812.81,809.4,801.74,674.66,802.95,688.92,806.83,780.07,883.4,725.09,704.31,807.94,684.29,772.23,720.52,732.28,689.41,720.9,732.09,744.06,669.59,671.93,650.15,656.61,693.66,664.03,682.95,697.58,786.76,759.48,737.09,30.296,9.868,8.658,8.658,30.296,2.694,2.887,3.618,3.672,4.263,5.273,806.26,844.99,837.54,882.63,803.37,803.53,859.32,789.38,758.4,746.02,737.5,739.51,668.09,670.58,690.97,771.67,698.42,698.34,670.59,667.35,679.24,667.72,663.79,767.16,710.97,711.68,719.95,713.64,696.46,738.29,788.78,792.61,805.15,44.716
678.1,1217.3,636.96,681.9,648.05,621.62,633.21,680.29,0,617.27,621.6,593.94,672.33,599.93,822.56,580.93,583.12,503.67,499.98,543.09,683.19,550.8,690.2,571.46,581.96,597.7,591.71,553.44,629.19,582.2,618.6,618.43,684.51,592.58,672.34,659.73,671.7,0.428,786.96,711.55,701.15,657.16,791.47,673.62,628.99,569.89,573.29,562.88,605.04,580.75,565.62,565.54,600.14,612.94,608.11,589.84,588.48,573.71,548.46,560.13,598.85,546.05,513.23,493.96,494.39,517.06,554.01,579.64,583.19,583.88,591.48,571.25,573.9,607,687.7,614.45,625.98,592.29,605.56,612.77,669,672.32,694.8,662.41,663.91,672.18,611.55,563.08,540.19,536.62,533.97,519.45,695.17
686.58,1213.3,651.99,586.43,604.34,764.98,700.98,863.41,617.27,0,1.647,777.06,855.46,783.06,644.25,764.06,714.25,703.94,700.53,715.94,608.29,718.33,621.17,718.87,700.89,794.07,646.65,624.37,723.57,605.86,695.92,642.09,683.37,613.64,670.11,662.29,674.27,606.57,608.65,586.32,598.25,637.75,605.5,629.39,644.02,749.53,704.42,673.19,669.97,724.11,708.99,708.91,667.91,796.06,791.24,772.96,771.61,756.84,731.59,2.286,0.737,725.43,773.77,694.51,694.67,750.46,701.42,674.02,662.41,661.19,663.2,592.32,594.19,615.49,696.19,622.94,628.54,594.02,595.15,608.71,599.97,597.41,697.37,660.19,662.77,671.05,635.21,618.03,659.11,704.16,706.81,715.82,760.09
690.91,1217.6,656.31,590.76,608.67,769.31,705.31,867.74,621.6,1.647,0,781.39,859.79,787.39,648.57,768.39,718.57,708.27,704.86,720.26,612.61,722.66,625.5,723.2,705.21,798.4,650.98,628.69,727.89,610.19,700.24,646.41,687.7,617.97,674.44,666.62,678.6,610.9,612.97,590.65,602.58,642.07,609.83,633.71,648.34,753.85,708.75,677.52,674.29,728.44,713.31,713.23,672.23,800.39,795.56,777.29,775.94,761.16,735.91,2.459,0.91,729.75,778.09,698.83,698.99,754.78,705.75,678.34,666.74,665.52,667.53,596.64,598.51,619.81,700.51,627.26,632.87,598.35,599.47,613.03,604.29,601.74,701.7,664.51,667.1,675.37,639.54,622.35,663.44,708.48,711.14,720.15,764.42
675.72,1197.5,619.2,563.84,584.97,9.932,29.164,3.782,593.93,777.06,781.39,0,3.464,0.676,621.18,1.098,682.95,726.46,723.05,715.39,588.31,716.6,602.57,720.48,693.72,797.05,638.74,617.96,721.6,597.94,685.88,634.17,645.93,603.06,634.55,645.74,657.71,583.24,585.58,563.8,570.26,607.31,577.68,596.6,611.23,700.41,673.13,650.74,23.872,6.656,5.446,5.446,23.872,1.088,0.895,0.164,0.218,0.809,1.819,719.91,758.64,751.19,796.28,717.02,717.18,772.97,703.03,672.04,659.67,651.15,653.16,581.74,584.23,604.62,685.32,612.07,611.99,584.24,581,592.89,581.37,577.44,680.81,624.62,625.33,633.61,627.29,610.11,651.94,702.43,706.26,718.8,38.292
754.12,1275.9,697.6,642.24,663.37,13.28,35.86,5.456,672.33,855.46,859.79,3.464,0,3.812,699.58,4.234,761.35,804.86,801.45,793.79,666.71,795,680.97,798.88,772.12,875.45,717.13,696.36,799.99,676.34,764.28,712.57,724.33,681.46,712.95,724.14,736.11,661.63,663.98,642.21,648.66,685.71,656.08,675,689.63,778.81,751.53,729.14,30.568,10.004,8.794,8.794,30.568,2.762,2.569,3.3,3.354,3.945,4.955,798.31,837.04,829.59,874.68,795.42,795.58,851.37,781.43,750.45,738.07,729.55,731.56,660.14,662.63,683.02,763.72,690.47,690.39,662.64,659.4,671.29,659.77,655.84,759.21,703.02,703.73,712,705.69,688.51,730.34,780.83,784.66,797.2,44.988
681.72,1203.5,625.2,569.84,590.97,10.628,30.556,4.13,599.94,783.06,787.39,0.676,3.812,0,627.18,1.338,688.95,732.46,729.05,721.39,594.31,722.6,608.57,726.48,699.72,803.05,644.74,623.96,727.6,603.94,691.88,640.17,651.93,609.06,640.55,651.74,663.71,589.24,591.58,569.8,576.26,613.31,583.68,602.6,617.23,706.41,679.13,656.74,25.264,7.352,6.142,6.142,25.264,1.436,1.243,0.512,0.458,1.049,2.059,725.91,764.64,757.19,802.28,723.02,723.18,778.97,709.03,678.04,665.67,657.15,659.16,587.74,590.23,610.62,691.32,618.07,617.99,590.24,587,598.89,587.37,583.44,686.81,630.62,631.33,639.61,633.29,616.11,657.94,708.43,712.26,724.8,39.684
716.94,1264.2,658.15,725.98,687.87,655.82,647.38,707.53,822.56,644.25,648.57,621.18,699.58,627.18,0,608.18,609.97,534.4,530.99,571.84,727.42,578.37,734.42,605.47,608.72,629.07,614.98,576.53,656.8,608.2,640.15,644.42,719.04,624.41,706.98,702.48,714.45,811.86,1.424,779.25,738.93,688.96,773.57,688.9,650.17,595.46,600.15,593.36,615.9,614.95,599.83,599.75,614.3,640.18,635.35,617.08,615.73,600.95,575.7,587.1,625.82,573.83,540.26,524.97,525.12,547.38,588.02,607.25,604.67,605.43,613.87,603.08,611.39,645.84,726.54,653.29,668.73,621.97,643.6,659.59,713.22,716.54,737.55,697.05,698.44,706.71,637.55,586.36,566.95,564.19,562.72,550.82,706.03
662.72,1184.5,606.2,550.84,571.97,11.472,32.244,4.552,580.93,764.06,768.39,1.098,4.234,1.338,608.18,0,669.95,713.46,710.05,702.39,575.31,703.6,589.57,707.48,680.72,784.05,625.73,604.96,708.59,584.94,672.88,621.17,632.93,590.06,621.55,632.74,644.71,570.23,572.58,550.81,557.26,594.31,564.68,583.6,598.23,687.41,660.13,637.74,26.952,8.196,6.986,6.986,26.952,1.858,1.665,0.934,0.88,0.289,1.299,706.91,745.64,738.19,783.28,704.02,704.18,759.97,690.03,659.04,646.67,638.15,640.16,568.74,571.23,591.62,672.32,599.07,598.99,571.24,568,579.89,568.37,564.44,667.81,611.62,612.33,620.61,614.29,597.11,638.94,689.43,693.26,705.8,41.372
658.84,1181.3,619.8,552.24,578.33,664.83,603.14,769.3,583.12,714.25,718.57,682.95,761.35,688.95,609.97,669.95,0,591.11,587.39,623.56,575.41,629.5,589.8,634.78,649.56,687.3,615.13,592.32,665.45,574.59,646.1,610.82,653.58,575.65,642.39,634.02,646,572.41,574.37,552.35,568.44,602.2,571.92,597.2,611.83,716.5,0.393,670.36,571.3,623.96,608.83,608.75,570.07,701.95,697.13,678.85,677.5,662.73,637.48,657.1,695.82,633.99,629.01,581.36,581.84,625.89,617.33,615.9,610.83,611.37,617.09,554.32,559.1,587.74,668.44,595.19,600.27,563.89,563.04,576.76,568.6,564.54,669.1,632.47,632.98,641.26,603.94,586.51,607.79,615.33,614.44,609.05,661.43
620.93,1139.1,536.04,483.61,513.9,688.31,584.65,812.81,503.67,703.94,708.27,726.46,804.86,732.46,534.4,713.46,591.11,0,787.74,617.7,508.13,618.32,522.13,641.95,584.62,706.4,558.58,530.17,652.16,527,623.19,563.22,602.89,542.4,591.38,590.6,602.58,492.97,498.8,483.72,484.49,507.71,487.12,515.27,528.07,628.99,581.29,546.3,553.96,647.44,632.31,632.23,551.58,745.46,740.63,722.36,721.01,706.23,680.98,646.79,685.52,776.47,774.61,781.72,0.371,663.22,624.5,602.61,589.88,588.47,591.64,521.08,520.55,549.83,630.53,557.28,556.85,520.66,517.55,534.57,500.93,497.26,625.68,581.46,582.29,590.56,556.35,529.96,542.85,604.15,608.57,628.15,644.08
617.84,1136.4,532.63,480.84,510.49,684.9,581.25,809.4,499.98,700.53,704.86,723.05,801.45,729.05,530.99,710.05,587.39,787.74,0,614.61,505.04,615.23,519.03,638.86,581.21,703.31,555.49,527.08,649.38,523.91,620.42,560.13,599.46,539.13,587.97,587.19,599.17,489.28,495.39,480.94,481.08,504.3,483.71,511.86,524.66,625.58,577.56,542.9,550.25,644.03,628.9,628.82,548.17,742.05,737.22,718.95,717.6,702.82,677.57,643.38,682.11,769.56,775.02,0.241,778.47,660.13,621.41,599.83,586.79,585.69,588.55,517.8,517.46,546.74,627.44,554.19,553.44,517.25,514.46,531.79,497.83,494.17,622.27,578.05,578.86,587.13,553.26,526.87,539.44,601.05,605.48,625.06,640.38
708.57,1191.7,574.5,521.94,558.18,675.47,562.7,801.74,543.09,715.94,720.26,715.39,793.79,721.39,571.84,702.39,623.56,617.7,614.61,0,546.84,751.79,561.23,700.27,692.61,785.55,631.87,611.7,717.17,598.92,687.63,635.14,667.67,620.23,655.36,676.83,688.81,532.39,536.24,521.98,528.36,560.15,529.42,553.85,566.52,650.81,613.74,614.49,530.94,634.6,619.48,619.4,529.63,734.39,729.56,711.29,709.94,695.16,669.91,658.79,697.51,671.25,653.92,608.58,608.42,701.21,682.82,667.62,658.24,652.91,657.25,598.9,605.63,637.47,718.17,644.92,643.08,586.53,573.32,587.12,540.03,535.97,711.91,645.44,647.07,655.34,628.27,603.25,650.84,737.62,0.365,707.3,621.07
672.63,1319.5,600.8,690.55,719.26,618.61,596.9,674.66,683.19,608.29,612.61,588.31,666.71,594.31,727.42,575.31,575.41,508.13,505.04,546.84,0,553.96,791.41,576.77,587.1,604.11,595.54,551.04,613.49,601.58,595.61,637.8,696.38,575.26,683.32,692.95,704.92,672.49,691.82,754.31,694.62,650.85,648.64,616.75,592.83,552.92,565.59,573.58,564.24,577.75,562.62,562.54,563.82,607.31,602.49,584.21,582.86,568.09,542.84,551.14,589.86,540.96,520.06,499.02,498.86,523.48,559.32,563.94,560.42,560.89,566.11,553.93,559.55,601.53,682.23,608.98,659.2,632.23,677.62,714.96,770.21,0.435,728.02,673.39,675.78,684.05,630.93,566.92,545.32,539.78,537.72,525.86,654.36
714.51,1199.3,580.43,529.06,564.71,676.69,565.18,802.95,550.8,718.33,722.66,716.6,795,722.6,578.37,703.6,629.5,618.32,615.23,751.79,553.96,0,568.34,702.08,704.45,783.82,639.58,620.59,720.74,606.77,692.39,642.99,674.19,624.98,662.3,683.4,695.38,540.1,542.76,529.09,535.71,565.5,535.52,559.78,572.46,653.55,619.67,621.83,533.34,635.82,620.69,620.61,532.1,735.6,730.78,712.5,711.15,696.38,671.13,661.18,699.91,672.47,654.79,609.21,609.05,699.47,684.63,671.19,662.99,657.66,662.09,603.66,612.16,643.41,724.11,650.86,649.65,594.73,579.85,594.74,547.14,543.08,718.48,652.38,653.59,661.87,636.12,610.95,662.67,0.567,742.67,705.57,623.47
687.75,1337.6,612.24,696.08,738.07,632.62,615.71,688.92,690.2,621.17,625.5,602.57,680.97,608.57,734.42,589.57,589.8,522.13,519.03,561.22,791.41,568.34,0,590.42,602.96,617.76,612.14,567.64,627.87,618.18,609.99,654.4,708.05,588.27,695.16,708.07,720.05,679.5,698.82,756.15,700.15,660.39,655.65,625.42,604.26,565.09,579.97,587.97,583.05,591.91,576.79,576.54,582.64,621.57,616.75,598.47,597.12,582.35,557.1,564.02,602.75,555.22,535.79,513.01,512.85,537.12,572.97,578.32,574.8,575.27,580.5,566.95,574.68,616.65,697.35,624.1,674.32,650.31,695.69,733.03,0.848,780.53,743.15,685.24,687.45,695.72,647.53,583.51,561.18,554.16,552.1,539.51,673.17
757.8,1200.1,590.93,552.57,581.41,699.2,584,806.83,571.46,718.87,723.2,720.48,798.88,726.48,605.47,707.48,634.78,641.95,638.86,700.27,576.77,702.08,590.42,0,684.76,773.58,662.19,645.15,801.04,624.41,745.49,660.63,690.2,676.77,678.31,704.03,716,560.76,569.87,552.67,552.81,573.42,551.63,570.28,582.95,654.09,624.96,615.65,551.33,658.46,643.33,643.12,550.92,739.48,734.65,716.38,715.03,700.25,675,661.72,700.45,676.34,678.41,632.83,632.67,751.37,0.698,751.49,731.2,710.77,714.39,655.44,667.28,686.71,767.4,694.16,670.28,612.06,597.9,595.52,569.22,565.9,739.1,668.38,669.6,677.87,653.76,633.56,642.98,687.9,691.15,695.33,641.46
737.67,1222.1,608.93,555.39,608.14,652.7,558.82,780.07,581.96,700.89,705.21,693.72,772.12,699.72,608.72,680.72,649.56,584.62,581.21,692.61,587.1,704.45,602.96,684.76,0,724.64,717.5,712.7,734.97,665.9,721.09,702.12,687.28,640.02,676.1,717.98,729.95,571.26,573.12,559.15,563.7,582.11,564.45,588.28,600.96,639.5,639.74,657.15,526.98,611.83,596.71,596.63,525.75,712.72,707.89,689.62,688.27,673.49,648.24,643.74,682.46,648.51,624.34,575.19,575.35,640.29,667.31,685.42,686.67,686.36,690.09,618.7,632.29,666.57,747.27,674.02,684.23,639.9,619.67,617.56,581.76,576.22,753.05,666.17,666.68,674.96,695.25,688.87,1.671,690.27,683.49,646.39,617.11
767.2,1236.5,638.78,579.73,616.49,758.4,640.53,883.4,597.7,794.07,798.4,797.05,875.45,803.05,629.07,784.05,687.3,706.4,703.31,785.55,604.11,783.82,617.76,773.58,724.64,0,683.24,659.69,781.84,646.23,747.53,682.46,723.39,681.42,710.79,725.38,737.36,587,593.47,579.76,582.97,618.06,586.36,618.13,630.81,726.14,677.47,664.45,608.69,717.69,702.56,702.32,607.46,816.05,811.23,792.95,791.6,776.83,751.58,736.92,775.65,753.97,740.38,697.28,697.13,807.43,756.13,732.29,719.2,712.81,717.53,660.09,665.23,696.1,776.8,703.55,691.63,635.11,622.19,631.92,596.56,593.24,760.46,700.87,702.79,711.07,675.58,654.62,682.87,769.64,776.43,3.13,698.82
766.13,1244.8,592.57,559.98,624.24,643.37,577.83,725.09,591.71,646.65,650.98,638.74,717.14,644.74,614.98,625.73,615.14,558.58,555.49,631.87,595.54,639.58,612.14,662.19,717.5,683.24,0,745.86,724.8,723.27,718.43,759.5,714.91,658.07,703.72,758.62,770.6,581.01,579.39,566.61,565.2,573.43,566.43,573.87,584.6,585.26,605.31,616.15,545.99,602.5,587.38,587.29,544.75,657.74,652.91,634.64,633.29,618.51,593.26,589.5,628.23,592.99,590.04,549.47,549.31,601.32,644.74,675.25,683.1,683.71,690.13,636.75,654.69,695.03,775.73,702.48,724.87,688.11,655.69,640.23,590.94,584.67,793.7,693.8,694.31,702.59,752.62,1.145,675.72,625.4,622.75,604.99,636.12
743.11,1200.3,557.15,518.5,579.74,609.45,530.3,704.31,553.44,624.37,628.69,617.96,696.36,623.96,576.53,604.96,592.32,530.17,527.08,611.7,551.04,620.59,567.64,645.15,712.7,659.69,745.86,0,713.05,677.26,709.03,713.48,671.13,637.8,659.94,720.82,732.8,542.74,540.93,522.11,523.72,534.65,529.49,538.45,549.17,562.98,582.5,593.66,498.46,568.58,553.46,553.38,497.23,636.96,632.13,613.86,612.51,597.73,572.48,567.22,605.94,572.75,563.03,521.06,520.9,583.83,627.7,663.5,673.83,674.3,679.53,616.47,637.35,672.01,752.7,679.46,687.07,642.09,609.68,595.73,546.44,540.17,755.9,650.01,650.53,658.8,706.61,717.23,670.92,606.41,602.58,581.44,588.59
831.39,1250.2,625.25,590.23,621.99,714.68,614.06,807.94,629.19,723.57,727.89,721.6,800,727.6,656.8,708.6,665.45,652.16,649.38,717.17,613.49,720.74,627.87,801.04,734.97,781.84,724.8,713.05,0,691.69,820.17,727.92,743.12,746.98,731.61,773.41,785.38,618.49,621.2,590.34,592.97,601.35,599.56,604.6,617.28,658.78,655.62,641.24,581.4,673.97,658.84,658.6,580.99,740.6,735.77,717.49,716.14,701.37,676.12,666.42,705.14,677.46,684.69,643.36,642.88,724.85,783.59,1.982,821.93,785.44,788.55,725.65,742.71,760.29,840.99,767.74,739.66,677.85,658.05,645.65,606.67,602.61,808.48,721.69,722.52,730.79,721.05,696.18,693.2,706.57,708.04,703.59,671.52
750.39,1252.5,570.64,556.86,630.3,621.6,587.86,684.29,582.2,605.86,610.19,597.94,676.34,603.94,608.2,584.94,574.6,527,523.91,598.92,601.58,606.77,618.18,624.41,665.9,646.23,723.27,677.26,691.69,0,684.87,1.449,714.74,634.09,702.83,757.16,769.13,571.5,572.6,572.46,561.73,559.38,556.93,557.11,562.66,544.47,564.77,586.34,556.84,580.84,565.72,565.53,554.78,616.94,612.12,593.84,592.49,577.72,552.47,548.71,587.44,551.73,555.89,517.88,517.72,564.01,606.96,642.14,649.53,650.14,656.98,612.77,635.55,679.29,759.99,686.74,723.41,699.45,666.15,647.92,596.98,590.7,792.23,692.91,694.14,702.42,1.174,694.65,624.12,592.59,589.79,567.98,646.97
916.72,1237.3,606.63,572.83,608.66,689.26,597.54,772.23,618.6,695.92,700.24,685.88,764.28,691.88,640.15,672.88,646.1,623.19,620.42,687.63,595.61,692.39,609.99,745.49,721.09,747.53,718.43,709.03,820.17,684.87,0,721.09,761.16,877.01,747.54,800.89,812.87,607.9,604.55,572.94,575.59,582.66,584.54,585.98,598.65,632.62,636.27,622.51,565.78,648.39,633.27,633.19,564.46,704.88,700.05,681.78,680.43,665.65,640.4,638.77,677.49,639.6,653.63,614.39,613.92,679.52,728.04,770.62,903.22,1.389,894.8,855.69,892.01,845.62,926.32,853.07,767.14,671.44,646.16,632.68,588.8,584.74,835.97,737.61,740.56,748.84,714.22,689.81,679.31,678.21,678.51,669.28,655.91
786.62,1288.7,606.86,593.08,666.53,657.83,624.08,720.52,618.43,642.09,646.41,634.17,712.57,640.17,644.42,621.17,610.82,563.22,560.13,635.14,637.8,642.99,654.4,660.63,702.12,682.46,759.5,713.48,727.92,1.449,721.09,0,750.97,670.32,739.06,793.38,805.36,607.73,608.82,608.68,597.95,595.6,593.15,593.33,598.89,580.7,601,622.56,593.07,617.07,601.94,601.75,591,653.17,648.34,630.07,628.72,613.94,588.69,584.94,623.66,587.95,592.12,554.11,553.95,600.23,643.18,678.37,685.75,686.37,693.2,648.99,671.78,715.52,796.22,722.97,759.63,735.68,702.38,684.14,633.2,626.93,828.46,729.13,730.37,738.64,0.275,730.87,660.35,628.82,626.02,604.21,683.19
848.9,1301.5,668.14,662.95,685.56,709.07,735.06,732.28,684.51,683.37,687.7,645.93,724.33,651.93,719.04,632.93,653.58,602.89,599.46,667.67,696.38,674.19,708.05,690.2,687.28,723.39,714.91,671.13,743.12,714.74,761.16,750.97,0,705.19,4.857,6.869,7.827,673.81,683.44,677.02,662.42,653.53,653.73,651.8,660.16,628,643.75,641.69,708.29,668.2,653.08,652.99,701.98,664.93,660.1,641.83,640.48,625.7,600.45,626.22,664.95,594.83,646,593.43,593.61,642.76,672.75,693.57,725.82,726.44,733.27,683.87,731.41,777.8,858.5,785.25,9.569,760.58,731.12,696.92,686.85,685.5,4.063,4.063,0.824,0.493,744.09,686.29,645.51,660.02,658.54,645.14,798.42
872.46,1203.4,565.77,552.09,580.13,583.99,540.6,689.41,592.58,613.64,617.97,603.06,681.46,609.06,624.4,590.06,575.65,542.4,539.13,620.23,575.26,624.98,588.27,676.77,640.02,681.42,658.07,637.8,746.98,634.09,877.01,670.32,705.19,0,693.66,756.64,768.61,581.88,588.81,552.41,551.86,553.84,557.71,553.21,557.79,552.25,565.82,556.4,508.79,543.12,527.99,527.91,507.53,622.06,617.24,598.96,597.61,582.84,557.59,556.49,595.22,556.78,592.44,533.1,533.13,615.9,659.32,697.43,841.53,842.29,909.66,0.853,899.75,801.36,882.06,808.81,722.89,627.19,614.96,598.8,567.07,564.38,791.71,683.74,684.59,692.87,663.44,629.45,598.24,610.81,611.1,603.17,598.91
837.55,1290.1,656.78,650.88,674.05,697.88,722.05,720.9,672.34,670.12,674.44,634.55,712.95,640.55,706.98,621.55,642.39,591.38,587.97,655.36,683.32,662.3,695.16,678.31,676.1,710.79,703.72,659.94,731.61,702.83,747.54,739.06,4.857,693.66,0,6.015,6.973,661.64,671.38,664.72,650.38,641.49,640.95,639.53,648.81,616.82,632.57,630.5,694.78,657.01,641.89,641.81,688.98,653.55,648.72,630.45,629.1,614.32,589.07,612.97,651.69,583.64,632.48,581.95,582.11,630.16,660.86,682.06,712.2,712.81,719.64,672.34,720.06,766.45,847.15,773.9,8.715,749.23,719.77,685.5,673.96,672.44,3.209,0.397,3.209,3.871,732.18,675.1,634.32,648.13,646.24,632.54,784.9
888.22,1333.3,631.6,656.01,709.58,675.72,679.3,732.09,659.73,662.29,666.62,645.74,724.14,651.74,702.48,632.74,634.02,590.6,587.19,676.83,692.95,683.4,708.07,704.03,717.97,725.38,758.62,720.82,773.41,757.16,800.89,793.38,6.869,756.64,6.015,0,0.479,649.03,666.88,667.76,656.68,650.09,624.63,620.86,623.63,604.77,624.2,642.75,647.64,634.85,619.73,619.64,646.23,664.74,659.91,641.64,640.29,625.51,600.26,605.14,643.87,599.46,633.1,581.17,581.33,643.16,686.58,723.86,765.41,766.17,774.61,735.31,766.31,817.12,897.82,824.57,1.35,798.26,751.79,728.69,686.87,682.07,1.403,5.221,5.221,5.883,786.51,730,676.2,669.23,667.71,647.13,737.77
900.2,1345.2,643.58,667.99,721.56,687.69,691.28,744.06,671.7,674.27,678.6,657.71,736.11,663.71,714.45,644.71,646,602.58,599.17,688.81,704.92,695.38,720.05,716,729.95,737.36,770.6,732.8,785.38,769.13,812.87,805.36,7.827,768.61,6.973,0.479,0,661,678.85,679.74,668.65,662.07,636.61,632.83,635.6,616.75,636.18,654.73,659.62,646.83,631.7,631.62,658.2,676.71,671.89,653.61,652.26,637.49,612.24,617.12,655.84,611.43,645.08,593.14,593.3,655.13,698.55,735.83,777.39,778.14,786.58,747.29,778.29,829.1,909.8,836.55,1.829,810.24,763.76,740.66,698.85,694.05,1.882,6.179,6.179,6.841,798.48,741.97,688.18,681.2,679.68,659.11,749.74
667.4,1206.7,626.26,671.2,637.35,610.92,622.51,669.59,0.428,606.57,610.9,583.23,661.63,589.24,811.86,570.24,572.42,492.97,489.28,532.39,672.49,540.1,679.5,560.76,571.26,587,581.01,542.74,618.49,571.5,607.9,607.73,673.81,581.88,661.64,649.03,661,0,776.26,700.85,690.45,646.46,780.77,662.92,618.29,559.19,562.59,552.18,594.34,570.05,554.92,554.84,589.44,602.24,597.41,579.13,577.78,563.01,537.76,549.42,588.15,535.35,502.53,483.26,483.69,506.36,543.31,568.94,572.49,573.18,580.78,560.55,563.2,596.3,677,603.75,615.28,581.59,594.86,602.08,658.3,661.62,684.1,651.71,653.21,661.48,600.85,552.38,529.49,525.92,523.27,508.75,684.47
681.34,1228.6,622.55,690.38,652.27,620.22,611.78,671.93,786.96,608.65,612.97,585.58,663.98,591.58,1.424,572.58,574.37,498.8,495.39,536.24,691.82,542.76,698.82,569.87,573.12,593.47,579.39,540.93,621.2,572.6,604.55,608.82,683.44,588.81,671.38,666.88,678.85,776.26,0,743.65,703.33,653.36,737.97,653.3,614.57,559.86,564.54,557.76,580.3,579.35,564.23,564.15,578.7,604.58,599.75,581.48,580.13,565.35,540.1,551.5,590.22,538.23,504.66,489.37,489.52,511.78,552.42,571.65,569.07,569.83,578.27,567.48,575.79,610.24,690.94,617.69,633.13,586.37,608,623.99,677.62,680.94,701.95,661.45,662.84,671.11,601.95,550.76,531.35,528.59,527.12,515.22,670.43
647.97,1286.4,590.6,706.26,684.01,593.98,560.56,650.15,711.55,586.32,590.65,563.81,642.21,569.8,779.25,550.81,552.35,483.72,480.94,521.98,754.31,529.09,756.15,552.67,559.15,579.77,566.61,522.11,590.34,572.46,572.94,608.68,677.02,552.41,664.72,667.76,679.74,700.85,743.65,0,704.54,641.47,662.55,618.24,582.62,533.12,542.53,551.05,527.89,553.28,538.15,537.91,527.48,582.8,577.98,559.71,558.36,543.58,518.33,529.17,567.9,516.45,492.32,474.92,474.44,499.13,535.22,540.79,537.67,538.21,543.58,531.09,534.9,576.87,657.57,584.32,634.01,599.1,644.48,681.82,734.95,743.44,702.84,654.79,656.42,664.7,601.81,537.98,517.37,514.92,512.85,501.51,618.02
646.53,1237.7,619.02,705.37,648.53,592.76,558.67,656.61,701.15,598.25,602.58,570.26,648.66,576.26,738.93,557.26,568.44,484.49,481.08,528.36,694.62,535.71,700.15,552.81,563.7,582.97,565.2,523.72,592.97,561.73,575.59,597.95,662.42,551.86,650.38,656.68,668.65,690.45,703.33,704.54,0,664.14,671.92,657.63,611.05,555.13,558.62,562.18,526.01,552.05,536.93,536.69,525.6,589.26,584.44,566.16,564.81,550.04,524.79,541.1,579.83,521.84,499,475.06,475.21,502.33,535.36,543.42,540.32,540.86,546.43,530.54,533.46,575.43,656.13,582.88,622.93,575.9,600.78,633.1,678.95,683.75,691.75,640.45,641.83,650.1,591.08,536.57,521.92,521.54,519.24,504.72,616.13
646.38,1209.8,663.21,637.22,627.03,601.97,552.58,693.66,657.16,637.75,642.07,607.31,685.71,613.31,688.96,594.31,602.2,507.71,504.3,560.15,650.85,565.5,660.39,573.42,582.11,618.06,573.43,534.66,601.35,559.38,582.66,595.6,653.53,553.84,641.49,650.09,662.07,646.46,653.36,641.47,664.14,0,668.41,667.48,655.24,604.96,592.38,593.53,519.91,561.26,546.13,545.89,519.5,626.31,621.49,603.21,601.86,587.09,561.84,580.6,619.32,558.35,541.09,498.27,498.43,536.89,555.97,551.8,547.39,547.93,553.96,532.52,535.64,575.28,655.98,582.73,616.34,565.63,577.36,605.18,639.19,639.98,685.17,631.56,632.93,641.21,588.73,544.81,540.33,551.32,551.03,539.81,610.04
644.87,1180.9,641.57,647.56,614.51,602.82,602.45,664.03,791.47,605.5,609.83,577.68,656.08,583.68,773.57,564.68,571.92,487.12,483.71,529.42,648.64,535.52,655.65,551.63,564.45,586.36,566.43,529.49,599.56,556.93,584.54,593.15,653.73,557.71,640.95,624.63,636.61,780.77,737.97,662.55,671.92,668.41,0,692.68,633.6,565.39,562.1,573.76,573.34,562.11,546.99,546.74,569.37,596.68,591.86,573.58,572.23,557.46,532.21,548.36,587.08,528.73,506.48,477.69,477.85,505.5,534.17,550.01,549.13,549.82,557.45,536.38,538.24,573.77,654.47,581.22,590.88,563.88,575.39,576.33,634.45,637.77,659.71,631.02,633.13,641.4,586.28,537.81,522.67,521.34,520.3,508.11,663.46
641.29,1161.6,700.53,607.83,593.15,619.07,609.64,682.95,673.62,629.39,633.71,596.6,675,602.6,688.9,583.6,597.2,515.27,511.86,553.85,616.75,559.78,625.42,570.28,588.28,618.13,573.87,538.45,604.6,557.11,585.98,593.33,651.8,553.21,639.53,620.86,632.83,662.92,653.3,618.24,657.63,667.48,692.68,0,692.55,599.2,587.38,621.41,578.82,578.2,563.07,562.99,576.57,615.6,610.78,592.5,591.15,576.38,551.13,572.24,610.96,547.11,546.85,505.83,505.99,543.36,552.83,555.05,550.64,551.25,558.09,531.88,532.76,570.19,650.89,577.64,587.11,553.51,556.02,557.06,604.22,605.88,655.93,629.61,631.2,639.48,586.46,545.25,546.51,545.61,544.72,539.88,668.94
645.91,1163.9,0.319,578.88,581.83,631.74,620.74,697.58,628.99,644.01,648.34,611.23,689.63,617.23,650.17,598.23,611.83,528.07,524.66,566.52,592.83,572.46,604.26,582.95,600.96,630.81,584.6,549.17,617.28,562.66,598.65,598.89,660.16,557.79,648.81,623.63,635.6,618.29,614.57,582.62,611.05,655.24,633.6,692.56,0,621.62,602,630.83,591.86,590.87,575.75,575.67,587.67,630.23,625.4,607.13,605.78,591,565.75,586.87,625.59,561.73,563.42,518.63,518.79,559.94,565.5,567.73,563.32,563.93,570.76,536.47,537.12,574.81,655.51,582.26,589.88,553.54,552.12,559.29,583.06,581.95,658.7,638.88,639.56,647.84,592.01,555.97,559.18,558.28,557.4,552.56,681.99
628.59,1153.6,629.6,533.3,548.04,690.02,629.41,786.76,569.89,749.53,753.85,700.41,778.81,706.41,595.46,687.41,716.5,628.99,625.58,650.81,552.92,653.55,565.09,654.09,639.5,726.14,585.26,562.98,658.78,544.47,632.62,580.7,628,552.25,616.82,604.77,616.75,559.19,559.86,533.12,555.13,604.96,565.39,599.2,621.62,0,706.67,620.28,598.4,649.15,634.03,633.95,596.34,719.41,714.59,696.31,694.96,680.19,654.94,692.38,731.1,648.77,698.81,619.55,619.71,675.5,636.64,609.24,597.71,597.89,599.9,530.93,533.11,557.49,638.19,564.94,571.02,532.63,534.47,549.04,543.89,542.05,639.85,606.89,607.4,615.68,573.82,556.64,597.72,639.38,641.68,647.89,688.52
649.01,1171.5,609.98,542.42,568.5,655,593.32,759.48,573.29,704.42,708.75,673.13,751.53,679.13,600.14,660.13,0.393,581.29,577.56,613.74,565.59,619.67,579.97,624.96,639.74,677.47,605.31,582.5,655.62,564.77,636.27,601,643.75,565.82,632.57,624.2,636.18,562.59,564.54,542.53,558.62,592.38,562.1,587.38,602,706.67,0,660.53,561.48,614.13,599.01,598.93,560.24,692.13,687.3,669.03,667.68,652.9,627.65,647.27,685.99,624.17,619.19,571.54,572.01,616.06,607.51,606.07,601.01,601.55,607.26,544.5,549.28,577.91,658.61,585.36,590.45,554.07,553.22,566.94,558.77,554.71,659.27,622.64,623.15,631.43,594.12,576.69,597.96,605.5,604.62,599.22,651.6
656.73,1179.1,638.81,545.46,579.59,618.77,529.47,737.09,562.88,673.19,677.52,650.74,729.14,656.74,593.36,637.74,670.36,546.3,542.9,614.49,573.58,621.83,587.97,615.65,657.15,664.45,616.15,593.66,641.24,586.34,622.51,622.56,641.69,556.4,630.5,642.75,654.73,552.18,557.76,551.05,562.18,593.53,573.76,621.41,630.83,620.28,660.53,0,497.63,578.02,562.89,562.69,496.39,669.74,664.92,646.64,645.29,630.52,605.27,616.04,654.77,603.38,587.94,536.87,537.03,591.27,598.2,591.69,587.28,587.78,593.01,535.08,545.08,585.63,666.32,593.07,609,574.37,563.52,574.51,566.77,562.71,677.83,620.57,621.09,629.36,615.69,587.53,615.38,607.65,605.36,586.2,587.75
619.6,1253.6,599.84,527.28,602.96,28.492,7.926,30.296,605.04,669.97,674.29,23.872,30.568,25.264,615.9,26.952,571.3,553.96,550.25,530.94,564.24,533.34,583.05,551.33,526.98,608.69,545.99,498.46,581.4,556.84,565.78,593.06,708.29,508.79,694.78,647.64,659.62,594.34,580.3,527.89,526.01,519.91,573.34,578.82,591.86,598.4,561.48,497.63,0,5.28,6.49,19.52,5.28,19.52,20.292,23.216,23.432,25.796,29.836,612.81,651.54,635.93,577.57,544.23,544.68,567.58,533.88,531.85,530.16,531.06,541.11,487.46,493.27,548.5,629.2,555.95,613.89,581.09,608.12,649.03,561.85,553.36,682.72,684.85,687.69,695.97,586.19,517.36,485.21,519.16,521.82,530.44,3.605
630.69,1219.7,598.85,552.88,580.82,8.966,7.926,9.868,580.75,724.11,728.44,6.656,10.004,7.352,614.95,8.196,623.96,647.44,644.03,634.6,577.74,635.82,591.91,658.46,611.83,717.69,602.5,568.58,673.97,580.84,648.39,617.07,668.2,543.12,657.01,634.85,646.82,570.05,579.35,553.27,552.05,561.26,562.11,578.2,590.87,649.15,614.13,578.02,5.28,0,0.605,4.48,5.28,4.48,4.866,6.328,6.436,7.618,9.638,666.96,705.69,695.52,708.08,638,638.16,689.21,641.01,624.42,613.27,613.67,617.46,521.79,523.84,559.59,640.29,567.04,601.1,578.35,583.94,615.1,570.71,566.87,669.92,647.09,647.6,655.88,610.19,573.87,570.06,621.64,625.48,639.44,12.49
615.56,1204.5,583.72,537.75,565.69,7.756,9.136,8.658,565.62,708.99,713.31,5.446,8.794,6.142,599.83,6.986,608.83,632.31,628.9,619.48,562.62,620.69,576.79,643.33,596.71,702.56,587.38,553.46,658.84,565.72,633.27,601.94,653.08,527.99,641.89,619.72,631.7,554.92,564.23,538.15,536.93,546.13,546.99,563.07,575.75,634.03,599.01,562.89,6.49,0.605,0,3.27,6.49,3.27,3.656,5.118,5.226,6.408,8.428,651.84,690.56,680.4,692.96,622.88,623.04,674.09,625.88,609.3,598.15,598.54,602.34,506.67,508.72,544.46,625.16,551.91,585.98,563.22,568.81,599.97,555.59,551.75,654.8,631.96,632.48,640.75,595.07,558.75,554.93,606.52,610.35,624.31,13.7
615.48,1204.5,583.64,537.51,565.61,2.243,24.812,8.658,565.54,708.91,713.23,5.446,8.794,6.142,599.74,6.986,608.75,632.23,628.82,619.4,562.54,620.61,576.54,643.12,596.62,702.32,587.29,553.38,658.6,565.53,633.19,601.75,652.99,527.91,641.81,619.64,631.62,554.84,564.14,537.91,536.69,545.89,546.74,562.99,575.67,633.95,598.93,562.69,19.52,4.48,3.27,0,19.52,3.27,3.656,5.118,5.226,6.408,8.428,651.76,690.48,680.32,692.88,622.8,622.96,674.01,625.67,609.05,598.07,598.46,602.25,506.59,508.47,544.38,625.08,551.83,585.89,562.98,568.57,599.89,555.34,551.66,654.72,631.88,632.39,640.67,594.88,558.67,554.85,606.44,610.27,624.07,33.94
616.2,1248.8,595.64,526.87,599.13,28.492,1.323,30.296,600.13,667.9,672.23,23.872,30.568,25.264,614.3,26.952,570.07,551.58,548.17,529.63,563.82,532.1,582.64,550.92,525.75,607.46,544.75,497.23,580.99,554.78,564.46,591,701.98,507.53,688.98,646.23,658.2,589.44,578.7,527.48,525.6,519.5,569.37,576.57,587.67,596.34,560.24,496.39,5.28,5.28,6.49,19.52,0,19.52,20.292,23.216,23.432,25.796,29.836,610.76,649.48,633.87,577.16,542.14,542.3,567.17,533.47,531.44,528.84,529.74,539.79,486.2,489.87,545.1,625.8,552.55,612.48,579.03,603.91,644.22,561.44,552.95,681.3,679.05,681.38,689.65,584.13,516.13,483.97,517.93,520.5,529.21,12.49
694.72,1216.5,638.2,582.84,603.97,7.756,24.812,2.694,612.94,796.06,800.39,1.088,2.762,1.436,640.18,1.858,701.95,745.46,742.05,734.39,607.31,735.6,621.57,739.48,712.72,816.05,657.73,636.96,740.6,616.94,704.88,653.17,664.93,622.06,653.55,664.74,676.71,602.24,604.58,582.8,589.26,626.31,596.68,615.6,630.23,719.41,692.13,669.74,19.52,4.48,3.27,3.27,19.52,0,0.193,0.924,0.978,1.569,2.579,738.91,777.64,770.19,815.28,736.02,736.18,791.97,722.03,691.04,678.67,670.15,672.16,600.74,603.23,623.62,704.32,631.07,630.99,603.24,600,611.89,600.37,596.44,699.81,643.62,644.33,652.61,646.29,629.11,670.94,721.43,725.26,737.8,33.94
689.9,1211.6,633.38,578.02,599.14,8.142,25.584,2.887,608.11,791.24,795.56,0.895,2.569,1.243,635.35,1.665,697.13,740.63,737.22,729.56,602.49,730.78,616.75,734.65,707.89,811.23,652.91,632.13,735.77,612.12,700.05,648.34,660.1,617.24,648.72,659.91,671.89,597.41,599.75,577.98,584.44,621.49,591.86,610.78,625.4,714.59,687.3,664.92,20.292,4.866,3.656,3.656,20.292,0.193,0,0.731,0.785,1.376,2.386,734.09,772.81,765.37,810.46,731.2,731.36,787.14,717.2,686.22,673.84,665.33,667.34,595.91,598.4,618.8,699.5,626.25,626.16,598.42,595.17,607.07,595.55,591.61,694.99,638.8,639.5,647.78,641.47,624.28,666.12,716.6,720.44,732.98,34.712
671.62,1193.4,615.1,559.74,580.87,9.604,28.508,3.618,589.84,772.96,777.29,0.164,3.3,0.512,617.08,0.934,678.85,722.36,718.95,711.29,584.21,712.5,598.47,716.38,689.62,792.95,634.63,613.86,717.5,593.84,681.78,630.07,641.83,598.96,630.45,641.64,653.61,579.14,581.48,559.71,566.16,603.21,573.58,592.5,607.13,696.31,669.03,646.64,23.216,6.328,5.118,5.118,23.216,0.924,0.731,0,0.054,0.645,1.655,715.81,754.54,747.09,792.18,712.92,713.08,768.87,698.93,667.94,655.57,647.05,649.06,577.64,580.13,600.52,681.22,607.97,607.89,580.14,576.9,588.79,577.27,573.34,676.71,620.52,621.23,629.51,623.19,606.01,647.84,698.33,702.16,714.7,37.636
670.27,1192,613.75,558.39,579.52,9.712,28.724,3.672,588.49,771.61,775.94,0.218,3.354,0.458,615.73,0.88,677.5,721.01,717.6,709.94,582.86,711.15,597.12,715.03,688.27,791.6,633.28,612.51,716.14,592.49,680.43,628.72,640.48,597.61,629.1,640.29,652.26,577.78,580.13,558.36,564.81,601.86,572.23,591.15,605.78,694.96,667.68,645.29,23.432,6.436,5.226,5.226,23.432,0.978,0.785,0.054,0,0.591,1.601,714.46,753.19,745.74,790.83,711.57,711.73,767.52,697.58,666.6,654.22,645.7,647.71,576.29,578.78,599.17,679.87,606.62,606.54,578.79,575.55,587.44,575.92,571.99,675.36,619.17,619.88,628.15,621.84,604.66,646.49,696.98,700.81,713.35,37.852
655.5,1177.2,598.98,543.62,564.74,10.894,31.088,4.263,573.71,756.84,761.16,0.809,3.945,1.049,600.95,0.289,662.73,706.23,702.82,695.16,568.09,696.38,582.35,700.25,673.49,776.83,618.51,597.73,701.37,577.72,665.65,613.94,625.71,582.84,614.32,625.51,637.49,563.01,565.35,543.58,550.04,587.09,557.46,576.38,591,680.19,652.9,630.52,25.796,7.618,6.408,6.408,25.796,1.569,1.376,0.645,0.591,0,1.01,699.69,738.41,730.97,776.06,696.8,696.96,752.75,682.8,651.82,639.44,630.93,632.94,561.51,564,584.4,665.1,591.85,591.76,564.02,560.77,572.67,561.15,557.21,660.59,604.4,605.11,613.38,607.07,589.89,631.72,682.2,686.04,698.58,40.216
630.25,1152,573.73,518.37,539.49,12.914,35.128,5.273,548.46,731.59,735.91,1.819,4.955,2.059,575.7,1.299,637.48,680.98,677.57,669.91,542.84,671.13,557.1,675,648.24,751.58,593.26,572.48,676.12,552.47,640.4,588.69,600.45,557.59,589.07,600.26,612.24,537.76,540.1,518.33,524.79,561.84,532.21,551.13,565.75,654.94,627.65,605.27,29.836,9.638,8.428,8.428,29.836,2.579,2.386,1.655,1.601,1.01,0,674.44,713.16,705.72,750.8,671.55,671.71,727.5,657.55,626.57,614.19,605.68,607.69,536.26,538.75,559.15,639.85,566.6,566.51,538.77,535.52,547.42,535.9,531.96,635.34,579.15,579.86,588.13,581.82,564.64,606.47,656.95,660.79,673.33,44.256
629.43,1156.1,594.84,529.28,547.19,707.83,643.83,806.26,560.12,2.286,2.459,719.91,798.31,725.91,587.1,706.91,657.1,646.79,643.38,658.79,551.14,661.18,564.02,661.72,643.74,736.93,589.5,567.22,666.42,548.71,638.77,584.94,626.22,556.49,612.97,605.14,617.12,549.42,551.5,529.17,541.1,580.6,548.35,572.24,586.87,692.38,647.27,616.04,612.82,666.96,651.84,651.76,610.76,738.91,734.09,715.81,714.46,699.69,674.44,0,1.549,668.27,716.62,637.36,637.52,693.31,644.27,616.87,605.26,604.04,606.05,535.17,537.04,558.33,639.03,565.78,571.39,536.87,538,551.56,542.82,540.26,640.22,603.04,605.62,613.9,578.06,560.88,601.96,647.01,649.66,658.68,702.94
668.16,1194.9,633.57,568,585.92,746.56,682.56,844.99,598.85,0.737,0.91,758.64,837.04,764.64,625.82,745.64,695.82,685.52,682.11,697.51,589.86,699.91,602.75,700.45,682.46,775.65,628.23,605.94,705.14,587.44,677.49,623.66,664.95,595.22,651.69,643.87,655.84,588.15,590.22,567.9,579.83,619.32,587.08,610.96,625.59,731.1,685.99,654.77,651.54,705.69,690.56,690.48,649.48,777.64,772.81,754.54,753.19,738.41,713.16,1.549,0,707,755.34,676.08,676.24,732.03,683,655.59,643.99,642.77,644.78,573.89,575.76,597.06,677.76,604.51,610.12,575.6,576.72,590.28,581.54,578.99,678.94,641.77,644.35,652.62,616.79,599.6,640.69,685.73,688.39,697.4,741.67
629.98,1150.7,569.71,516.49,536.59,736.39,666.95,837.54,546.05,725.43,729.75,751.19,829.59,757.19,573.83,738.19,633.99,776.47,769.56,671.25,540.96,672.47,555.22,676.34,648.51,753.97,592.99,572.75,677.46,551.73,639.6,587.95,594.83,556.78,583.64,599.46,611.43,535.35,538.23,516.45,521.84,558.35,528.73,547.11,561.73,648.77,624.17,603.38,635.94,695.52,680.4,680.32,633.88,770.19,765.37,747.09,745.74,730.97,705.72,668.27,707,0,756.43,763.54,767.2,733.12,658.89,627.91,615.53,604.87,606.88,535.46,539.02,558.88,639.58,566.33,565.71,537.85,534.72,546.16,534.02,530.09,634.53,573.71,574.23,582.5,581.08,564.37,606.74,658.29,662.13,675.72,726.06
674.36,1142.5,571.4,492.36,530.92,748.95,610.24,882.63,513.23,773.77,778.09,796.28,874.68,802.28,540.26,783.28,629.01,774.61,775.02,653.92,520.06,654.79,535.79,678.41,624.34,740.38,590.04,563.03,684.69,555.89,653.63,592.12,646,592.44,632.48,633.1,645.07,502.53,504.66,492.32,499,541.09,506.48,546.85,563.42,698.81,619.19,587.94,577.57,708.08,692.96,692.88,577.16,815.28,810.46,792.18,790.83,776.06,750.8,716.62,755.34,756.43,0,768.99,765.33,686.35,660.96,635.14,621.54,618.9,623.62,571.11,571.28,603.26,683.96,610.71,599.35,544.97,529.42,537.92,514.59,509.18,668.17,622.55,625.4,633.67,585.24,561.41,582.57,640.62,644.8,662.12,667.7
