0,1279.6,696.99,656,656.29,757.55,699.53,841.96,705.41,763.46,767.79,755.61,834.01,761.61,737.03,742.61,729.65,710.71,707.93,785.22,671.59,789.39,682.75,842.21,771.82,849.79,879.21,864.95,912.54,814.56,912.71,779.75,785.77,858.67,725.22,795.72,807.7,694.71,701.43,656.54,655.62,656.32,673.8,674.12,689.01,702.07,719.82,701.62,670.16,716.68,701.56,701.47,666.46,774.61,769.78,751.51,750.16,735.38,710.13,706.31,745.04,710.11,760.39,701.91,701.43,786.45,824.76,862.99,877.23,877.99,886.43,837.34,874.72,2.844,5.476,2.546,839.58,731.62,716.5,675.03,661.55,660.72,773.06,715.3,777.75,773.45,772.88,850.58,730.04,775.22,776.1,771.54,760.29
1279.6,0,1244.5,1350.5,1584.9,1287.1,1297,1327.7,1341.4,1256.6,1260.9,1241.4,1319.8,1247.4,1390.1,1228.4,1227,1167.8,1164.7,1219.2,1478.4,1227.5,1496.4,1207,1271.2,1263.7,1249.6,1211.1,1216.9,1307.7,1192.4,1251.6,1257.1,1167.4,1194.3,1256.6,1268.6,1330.7,1354.5,1445.2,1348.9,1279.8,1297,1257.2,1236.5,1198.6,1217.1,1227.5,1265.9,1246.2,1231.1,1231,1263.9,1260.4,1255.5,1237.3,1235.9,1221.1,1195.9,1199.4,1238.2,1194,1173.7,1158.7,1158.6,1180.4,1189.6,1167.4,1157.7,1157.7,1158.1,1146,1179.8,1208.5,1289.2,1216,1284,1461.8,1511.1,24.183,1475.2,1467.5,1248.2,1184.3,1245.1,1244.8,1244.7,1221,1229.4,1213.3,1210,1185.4,1356
696.99,1244.5,0,664.89,683.44,645.06,628.72,784.98,704.58,737.98,742.31,698.63,777.03,704.63,726.74,685.63,730.07,589.75,586.32,677.85,682.87,687.91,695.77,651.69,770.39,719.55,666.04,643.86,681.24,609.09,665.21,610.99,616.22,633.87,579.96,586.13,598.11,693.88,691.14,664.57,709.65,782.78,734.17,796.78,0.319,725.85,720.24,805.55,599.84,604.19,589.07,588.98,595.64,717.63,712.81,694.53,693.18,678.41,653.16,680.83,719.56,648.6,646.79,580.29,580.47,636.8,634.24,631.7,630.23,630.48,632.56,612.55,610.12,625.88,706.58,633.34,590.78,631.24,622.94,639.91,674.57,671.99,575.16,570.03,602.24,603.89,604.11,637.42,728.62,673.74,668.72,641.3,689.96
656,1350.5,664.89,0,782.08,615.4,560.68,680.43,835.7,620.41,624.73,594.08,672.48,600.08,878.12,581.08,589.47,502.81,499.08,546.23,826.55,554.52,832.07,573.02,619.9,597.61,635.29,602.89,615.9,614.13,598.6,625.4,631.03,572.07,597.09,615.5,627.48,825,842.52,833.68,832.78,741.52,790.19,728.27,656.92,587.92,579.64,631.7,528.01,574.7,559.57,559.33,527.6,613.08,608.26,589.98,588.63,573.86,548.61,563.26,601.98,546.19,508.68,493.05,493.53,516.45,555.57,566.36,563.68,563.88,565.89,550.74,556,584.9,665.6,592.35,606.95,689.8,709.88,745.93,810.87,815.67,608.15,587.17,619.28,618.71,618.52,606.67,578.12,540.35,537.1,519.36,618.14
656.29,1584.9,683.44,782.08,0,666.96,645.88,716.01,788.06,655.98,660.31,629.66,708.06,635.66,830.78,616.66,638.42,555.41,551.98,596,882.47,604.3,901.28,581.65,668.68,644.86,631.99,593.54,597.78,680.17,574.83,634.01,639.5,550.3,587.17,639.02,651,777.36,795.18,847.21,780.65,722.38,742.28,707.31,675.47,606.47,628.59,649.02,614.81,626.26,611.13,610.89,612.81,648.66,643.83,625.56,624.21,609.43,584.18,598.83,637.56,581.77,567.9,545.96,546.14,562.69,564.2,548.23,540.07,540.11,540.51,528.97,556.48,585.19,665.89,592.64,651.48,818.36,863.74,980.28,880.08,871.59,630.61,577.25,627.51,627.18,627.13,603.37,626.91,590.13,586.88,566.61,704.94
757.55,1287.1,645.06,615.4,666.96,0,33.784,13.144,621.62,829.62,833.95,9.932,13.28,10.628,655.82,11.472,704.94,742.07,738.39,816.28,645.66,820.38,662.25,822.85,799.02,886.47,732.81,717.04,852.4,674.64,807.2,676.76,681.9,720.4,661.2,669,680.98,610.92,620.22,615.65,618.22,647.34,602.82,624.41,637.08,754.67,695.12,725.64,28.492,8.966,7.756,2.243,28.492,7.756,8.142,9.604,9.712,10.894,12.914,772.47,811.2,801.03,836.52,732.37,732.8,817.65,805.4,802.85,799.57,772.48,771.64,699.08,688.27,686.45,767.15,693.9,659.54,667.38,664.58,682.5,641.05,634.78,667.46,651.28,667.26,669.58,669.89,704.19,757.25,806.21,807.16,808.22,42.912
699.53,1297,628.72,560.68,645.88,33.784,0,35.588,633.21,721.25,725.57,29.164,35.86,30.556,647.38,32.244,625.3,598.16,594.69,623.94,598.66,626.33,618.21,704.09,619.98,706.24,727.28,705.46,773.82,683.02,755.26,688.45,693.6,626.01,676.99,665.77,677.74,622.51,611.78,561.29,559.4,557.92,602.45,609.64,620.74,649.68,615.48,561.47,7.926,7.926,9.136,24.812,1.323,24.812,25.584,28.508,28.724,31.088,35.128,664.1,702.82,687.22,639.83,588.66,588.88,629.85,686.64,724.27,730.36,720.53,723.21,604.68,603.34,628.43,709.13,635.88,654.59,680.88,669.88,692.38,597.01,587.79,663.12,667.06,678.35,681.27,681.58,698.66,578.2,612.16,614.81,627.99,15.136
841.96,1327.7,784.98,680.43,716.01,13.144,35.588,0,712.33,967.08,971.4,3.782,5.456,4.13,732.39,4.552,855.89,911.24,907.63,962.04,708.13,965.03,723.99,931.72,936.19,1027.8,760.06,745.79,930.68,698.41,847.45,701.57,707.07,793.15,692.31,712.15,724.13,701.63,696.79,680.39,698.48,751.68,715.13,758.48,777.01,890.42,846.07,855.38,30.296,9.868,8.658,8.658,30.296,2.694,2.887,3.618,3.672,4.263,5.273,909.93,948.65,941.21,982,901.61,901.97,958.69,914.27,881.13,869.66,812.73,811.52,771.82,779.52,770.86,851.56,778.31,719.73,685.88,696.44,723.14,702.79,697.26,698.53,682.39,695.07,694.74,694.7,731.43,894.42,950.86,952.92,949.56,44.716
705.41,1341.4,704.58,835.7,788.06,621.62,633.21,712.33,0,652.31,656.63,625.98,704.38,631.98,949.66,612.98,618.94,509.67,506.26,566.05,832.53,573.75,838.06,600.74,635.31,620.19,677.62,651.77,662.27,628.73,657.82,631.09,636.24,645.36,586.63,601.98,613.96,0.428,914.06,838.65,837.76,776.62,918.57,797.51,696.61,627.6,609.11,669.31,605.04,580.75,565.62,565.54,600.14,644.98,640.16,621.88,620.53,605.76,580.51,595.16,633.88,578.09,531.26,500.24,500.4,539.03,583.29,612.72,622.42,623.1,629.79,624.03,623.33,634.31,715.01,641.76,605.9,695.23,703.9,736.79,816.86,821.65,592.3,576.7,621.59,623.91,624.22,649,593.54,559.58,556.92,541.94,695.17
763.46,1256.6,737.98,620.41,655.98,829.62,721.25,967.08,652.31,0,1.647,880.73,959.13,886.73,672.37,867.73,808.9,802.38,798.77,877.43,648.11,883.95,663.97,830.56,884.62,928.01,697.59,683.33,829.52,635.95,783.31,650.01,655.68,725.74,634.32,643.04,655.01,641.61,636.77,620.37,644.97,704.68,661.61,711.48,730.01,853.19,799.07,808.38,689.41,789.08,773.95,773.55,688.17,899.73,894.9,876.63,875.28,860.5,835.25,2.286,0.737,829.09,873.13,792.75,793.11,849.82,813.11,779.97,768.51,748.58,745.78,704.42,698.01,692.36,773.06,699.81,645.91,629.32,631.17,652.02,642.77,637.24,634.62,624.4,644.74,643.35,643.13,668.97,842.84,869.78,868.3,849.76,779.53
767.79,1260.9,742.31,624.73,660.31,833.95,725.57,971.4,656.63,1.647,0,885.05,963.45,891.05,676.69,872.05,813.22,806.71,803.1,881.75,652.44,888.28,668.3,834.88,888.94,932.33,701.92,687.66,833.85,640.27,787.63,654.33,660,730.07,638.65,647.36,659.34,645.93,641.09,624.7,649.3,709.01,665.94,715.81,734.33,857.52,803.39,812.7,693.73,793.4,778.28,777.87,692.5,904.05,899.23,880.95,879.6,864.83,839.58,2.459,0.91,833.41,877.46,797.07,797.43,854.15,817.44,784.3,772.83,752.91,750.11,708.74,702.33,696.69,777.39,704.14,650.23,633.64,635.49,656.35,647.1,641.56,638.95,628.72,649.07,647.68,647.46,673.29,847.17,874.1,872.63,854.08,783.86
755.61,1241.4,698.63,594.08,629.66,9.932,29.164,3.782,625.98,880.73,885.05,0,3.464,0.676,646.04,1.098,769.54,824.89,821.28,875.69,621.78,878.68,637.64,845.37,849.84,941.46,673.7,659.44,844.33,612.06,761.1,615.22,620.72,706.8,605.96,625.8,637.78,615.28,610.44,594.05,612.13,665.33,628.78,672.13,690.66,804.07,759.72,769.03,23.872,6.656,5.446,5.446,23.872,1.088,0.895,0.164,0.218,0.809,1.819,823.58,862.3,854.86,895.64,815.26,815.62,872.33,827.91,794.78,783.31,726.37,725.17,685.47,693.17,684.51,765.21,691.96,633.38,599.53,610.09,636.79,616.44,610.91,612.18,596.04,608.72,608.39,608.35,645.08,808.06,864.51,866.57,863.21,38.292
834.01,1319.8,777.03,672.48,708.06,13.28,35.86,5.456,704.38,959.13,963.45,3.464,0,3.812,724.44,4.234,847.94,903.29,899.68,954.09,700.18,957.08,716.04,923.77,928.24,1019.9,752.1,737.84,922.73,690.46,839.5,693.62,699.12,785.2,684.36,704.2,716.18,693.68,688.84,672.44,690.53,743.73,707.17,750.53,769.06,882.47,838.12,847.43,30.568,10.004,8.794,8.794,30.568,2.762,2.569,3.3,3.354,3.945,4.955,901.98,940.7,933.26,974.05,893.66,894.02,950.74,906.32,873.18,861.71,804.78,803.57,763.87,771.58,762.91,843.61,770.36,711.78,677.93,688.49,715.19,694.84,689.31,690.58,674.44,687.12,686.79,686.75,723.48,886.47,942.91,944.97,941.61,44.988
761.61,1247.4,704.63,600.08,635.66,10.628,30.556,4.13,631.98,886.73,891.05,0.676,3.812,0,652.04,1.338,775.54,830.89,827.28,881.69,627.78,884.68,643.64,851.36,855.84,947.46,679.71,665.44,850.33,618.06,767.1,621.22,626.72,712.8,611.96,631.8,643.78,621.28,616.44,600.04,618.13,671.33,634.78,678.13,696.66,810.07,765.72,775.03,25.264,7.352,6.142,6.142,25.264,1.436,1.243,0.512,0.458,1.049,2.059,829.58,868.3,860.86,901.64,821.26,821.62,878.33,833.91,800.78,789.31,732.38,731.17,691.47,699.17,690.51,771.21,697.96,639.38,605.53,616.09,642.79,622.44,616.91,618.18,602.04,614.72,614.39,614.35,651.08,814.06,870.51,872.57,869.21,39.684
737.03,1390.1,726.74,878.12,830.78,655.82,647.38,732.39,949.66,672.37,676.69,646.04,724.44,652.04,0,633.04,639.53,540.15,536.75,589.48,875.25,597.18,880.78,627.64,658.74,643.01,700.14,673.79,689.55,663.64,678.4,674.15,679.47,661.81,628.28,646.95,658.92,938.96,1.424,906.35,878.69,805.48,900.67,806.86,718.77,649.76,629.71,693.27,615.9,614.95,599.83,599.75,614.3,665.04,660.22,641.94,640.59,625.82,600.57,615.22,653.94,598.15,554.08,530.72,530.88,561.85,610.19,640,643.28,643.68,647.95,640.48,647.09,665.93,746.63,673.38,645.86,736.85,747.66,785.5,859.58,864.38,639.96,618.35,666.15,667.14,667.27,671.52,616.97,583.01,580.35,564.76,706.03
742.61,1228.4,685.63,581.08,616.66,11.472,32.244,4.552,612.98,867.73,872.05,1.098,4.234,1.338,633.04,0,756.54,811.89,808.28,862.69,608.78,865.68,624.64,832.36,836.84,928.46,660.7,646.44,831.33,599.06,748.1,602.22,607.72,693.8,592.96,612.8,624.78,602.28,597.44,581.05,599.13,652.33,615.77,659.13,677.66,791.07,746.72,756.03,26.952,8.196,6.986,6.986,26.952,1.858,1.665,0.934,0.88,0.289,1.299,810.58,849.3,841.86,882.64,802.26,802.62,859.33,814.91,781.78,770.31,713.37,712.17,672.47,680.17,671.51,752.21,678.96,620.38,586.53,597.09,623.79,603.44,597.91,599.18,583.04,595.72,595.39,595.35,632.08,795.06,851.51,853.57,850.21,41.372
729.65,1227,730.07,589.47,638.42,704.94,625.3,855.89,618.94,808.9,813.22,769.54,847.94,775.54,639.53,756.54,0,654.23,650.82,740.49,620.44,749.37,637.76,716.88,806.29,784.73,682.43,668.17,746.43,620.79,730.5,632.52,638.01,680.72,613.51,617.47,629.44,608.24,603.93,589.43,620.81,688.71,637.56,704.72,722.09,861.86,0.393,815.72,594.15,664.07,648.95,648.87,592.23,788.54,783.72,765.44,764.09,749.32,724.07,751.74,790.47,719.51,711.97,644.79,644.95,701.98,699.43,696.88,695.45,695.78,698.86,659.39,660.05,658.55,739.25,666,616.65,614.86,606.74,622.39,616.55,609.57,610.72,603.59,625.63,625.69,625.64,653.81,764.51,735.2,731.36,706.48,684.28
710.71,1167.8,589.75,502.81,555.41,742.07,598.16,911.24,509.67,802.38,806.71,824.89,903.29,830.89,540.15,811.89,654.23,0,887.11,758.46,535.98,761.44,553.93,757.95,731.4,832.33,621.59,606.78,777.31,558.13,709.78,569.18,574.76,658.52,566.87,590.84,602.81,498.97,504.55,502.84,508.61,558.49,509.84,565.2,581.77,727.42,644.4,650.59,567.38,701.53,686.4,686,565.09,843.89,839.07,820.79,819.44,804.67,779.42,745.23,783.96,875.84,873.97,881.08,0.371,761.61,740.5,727.76,722.39,675.06,675.46,637.2,648.66,639.61,720.31,647.06,591.72,548.95,547.69,563.26,532.73,525.1,573.74,556.95,563.43,562.44,562.31,592.96,689.63,747.27,749.33,754.08,657.5
707.93,1164.7,586.32,499.08,551.98,738.39,594.69,907.63,506.26,798.77,803.1,821.28,899.68,827.28,536.75,808.28,650.82,887.11,0,755.37,532.25,758.35,550.2,754.86,727.7,829.24,618.5,603.69,774.21,555.04,706.69,565.77,571.35,655.43,563.14,588.62,600.6,495.56,501.15,499.11,505.2,555.08,506.43,561.77,578.34,723.81,640.99,646.89,563.67,697.52,682.4,682.32,561.61,840.28,835.46,817.18,815.83,801.06,775.81,741.62,780.35,868.93,874.38,0.241,877.83,758.57,737.41,724.66,719.04,671.97,672.37,634.11,645.87,636.83,717.53,644.28,589.58,545.49,543.96,560.14,529,521.38,570.65,553.22,560.02,559.03,558.9,589.87,685.93,744.18,746.24,750.99,653.8
785.23,1219.2,677.85,546.23,596,816.28,623.94,962.04,566.05,877.43,881.75,875.69,954.09,881.69,589.48,862.69,740.49,758.46,755.37,0,577.8,874.83,594.4,799.14,815.65,908.59,698.75,684.49,813.4,637.1,761.67,646.36,652.21,718.46,628.13,660.18,672.16,555.35,553.88,546.19,565.1,625.69,582.42,651.35,669.87,808.28,730.66,731.12,591.27,775.57,760.45,760.21,590.86,894.69,889.87,871.59,870.24,855.47,830.22,820.28,859,829.42,792.6,749.34,749.18,824.25,781.69,763.85,757.67,726.94,728.95,697.14,710.43,714.13,794.83,721.58,675.27,614.42,599.29,614.6,573.2,566.92,637.18,618.2,642.84,639.88,639.49,670.12,773.88,860.66,0.365,830.34,681.4
671.59,1478.4,682.87,826.55,882.47,645.66,598.66,708.13,832.53,648.11,652.44,621.78,700.18,627.78,875.25,608.78,620.44,535.98,532.25,577.8,0,586.09,954.61,590.86,652.09,629.18,664.63,626.18,624.79,678.12,605.67,669.29,674.87,583.58,635.72,661.21,673.18,821.83,839.65,917.52,825.12,746.18,786.75,733.31,674.89,605.89,610.62,649.67,566,604.95,589.82,589.58,565.59,640.78,635.96,617.68,616.33,601.56,576.31,590.96,629.69,573.9,540.57,526.23,526.7,547.63,573.41,575.25,570.84,570.94,571.45,562.26,571.78,600.49,681.19,607.94,649.43,774.97,820.35,873.79,933.41,0.435,657.25,625.79,662.23,662.54,662.41,636,610.31,571.92,568.67,550.93,656.13
789.39,1227.5,687.91,554.52,604.3,820.38,626.33,965.03,573.75,883.95,888.28,878.68,957.08,884.68,597.18,865.68,749.37,761.44,758.35,874.83,586.09,0,602.69,800.94,827.49,906.86,705.27,691.01,815.2,643.62,767.01,654.07,659.91,721.21,637.01,669.07,681.04,563.05,561.59,554.49,573.99,635.76,591.3,661.41,679.94,817.07,739.55,742.96,593.67,779.51,764.39,764.31,593.26,897.68,892.86,874.58,873.23,858.46,833.21,826.8,865.53,832.4,795.59,752.33,752.17,822.51,783.49,765.65,759.48,732.29,734.1,699.89,711.29,718.29,798.99,725.74,681.36,622.71,607.58,622.89,581.49,575.22,646.66,627.09,650.55,647.59,647.19,676.65,785.71,0.567,865.71,828.61,683.8
682.75,1496.4,695.77,832.07,901.28,662.25,618.21,723.99,838.06,663.97,668.3,637.64,716.04,643.64,880.78,624.64,637.76,553.93,550.2,594.4,954.61,602.69,0,603.03,667.61,645.78,672.37,633.92,633.28,690.29,613.52,677.86,683.35,592.17,643.21,670.43,682.4,827.36,845.18,919.36,830.65,754.66,792.28,741.79,687.8,618.79,627.93,662.58,585.55,621.55,606.42,606.18,585.14,656.64,651.82,633.54,632.19,617.42,592.17,606.82,645.55,589.76,557.91,544.17,544.65,564.2,585.58,583.73,578.76,578.79,579.19,570.85,582.93,611.65,692.35,619.1,661.61,793.05,838.43,891.87,0.848,943.74,666.79,633.28,670.87,671.03,670.98,643.75,625.83,588.52,585.27,567.53,675.68
842.21,1207,651.69,573.02,581.64,822.85,704.09,931.72,600.74,830.56,834.89,845.37,923.77,851.36,627.64,832.36,716.88,757.95,754.86,799.14,590.86,800.94,603.03,0,762.9,879.12,718.77,707.53,939.4,650.17,823.56,648.37,654.21,780.17,607.03,653.27,665.24,590.04,592.04,572.98,575.09,599.54,591.57,625.19,643.72,758.91,707.05,678.37,672.84,781.98,766.85,766.77,671.02,864.37,859.54,841.26,839.91,825.14,799.89,773.41,812.14,803.07,783.55,748.83,748.68,889.73,0.698,889.85,869.56,788.84,787.63,758.85,785.74,771.11,851.81,778.56,693.64,606.56,591.43,602.44,581.83,579.99,632.05,597.1,644.56,641.89,641.49,690.15,721.13,786.77,790.01,800.87,762.96
771.82,1271.2,770.4,619.9,668.68,799.02,619.98,936.19,635.31,884.62,888.94,849.84,928.24,855.84,658.74,836.84,806.29,731.41,727.7,815.65,652.09,827.49,667.61,762.9,0,847.68,738.73,718.11,777.16,679.4,754.89,693.38,698.96,702.36,674.99,686.93,698.9,624.61,623.14,619.86,648.18,719.36,667.95,747.79,762.42,836.58,796.46,857.33,587.31,758.31,743.19,742.95,586.9,868.84,864.02,845.74,844.39,829.62,804.37,827.47,866.19,799.81,773.32,721.68,722.13,763.33,745.46,727.61,721.44,720.16,721.39,681.03,682.3,700.72,781.41,708.16,685.38,675.77,655.43,666.62,646.41,641.21,678.08,665.06,686.71,686.63,686.5,710.1,1.671,813.31,806.53,769.43,677.44
849.79,1263.7,719.55,597.61,644.85,886.47,706.24,1027.8,620.19,928.01,932.33,941.46,1019.9,947.46,643.01,928.46,784.73,832.33,829.24,908.59,629.18,906.86,645.78,879.12,847.68,0,750.98,736.72,893.38,687.38,826.7,695.76,701.61,787.6,670.84,701.22,713.2,609.49,607.41,597.58,613.26,667.39,630.57,693.05,711.58,856.44,774.91,763.15,673.58,845.6,830.47,830.39,673.16,960.46,955.64,937.36,936.01,921.24,895.99,870.86,909.58,898.4,863.52,823.21,823.05,930.47,861.67,843.83,837.05,791.98,795.6,766.28,784.15,778.69,859.39,786.14,720.98,654.81,639.69,659.11,624.58,618.31,679.91,660.92,691.99,689.28,688.88,722.36,805.9,892.68,899.47,3.13,763.7
879.21,1249.6,666.04,635.29,631.99,732.81,727.28,760.06,677.62,697.59,701.92,673.7,752.11,679.71,700.14,660.71,682.43,621.59,618.5,698.75,664.63,705.27,672.37,718.77,738.73,750.98,0,833.66,778.91,811.08,774.26,776.07,781.92,726.73,704.41,780.44,792.41,666.92,664.54,659.74,635.52,628.75,646.16,643.88,658.07,646.38,672.61,675.4,701.21,692.27,677.14,676.74,694.21,692.7,687.88,669.61,668.25,653.48,628.23,640.44,679.17,625.82,660.69,612.47,612.31,673.23,701.32,729.36,739.06,739.53,744.76,705.4,766.61,808.11,888.81,815.56,839,734.26,719.13,645.02,651.17,653.75,759.73,694.48,771.54,769.59,769.19,1.145,696.95,691.1,689.62,672.73,791.34
864.95,1211.1,643.86,602.89,593.54,717.04,705.46,745.79,651.77,683.33,687.66,659.44,737.84,665.44,673.79,646.44,668.17,606.78,603.69,684.49,626.18,691.01,633.92,707.53,718.11,736.72,833.66,0,767.67,765.06,763.02,733.08,738.93,713.98,662.93,737.98,749.96,641.07,638.19,621.29,603.11,600.06,619.89,619.31,635.88,632.12,658.35,652.29,679.39,676.49,661.37,660.96,672.39,678.44,673.62,655.34,653.99,639.22,613.97,626.18,664.91,611.56,646.43,597.67,597.51,661.99,690.08,718.12,727.82,728.29,733.52,692.65,753.86,793.85,874.55,801.3,803.29,691.27,676.14,606.57,612.72,615.3,716.76,653.01,729.28,726.6,726.2,805.04,676.34,676.84,675.36,658.47,769.52
912.54,1216.9,681.25,615.9,597.78,852.4,773.83,930.68,662.27,829.52,833.85,844.33,922.73,850.33,689.55,831.33,746.43,777.31,774.22,813.4,624.79,815.2,633.28,939.4,777.16,893.38,778.91,767.67,0,710.31,883.7,698.31,704.15,835.21,641.68,703.21,715.18,651.57,653.95,616.2,616.13,624.4,641.51,654.75,673.27,757.87,736.6,692.63,744.28,811.53,796.4,796.32,740.75,863.33,858.5,840.23,838.88,824.1,798.85,772.37,811.1,802.04,797.8,768.19,768.03,863.21,921.95,1.982,960.29,848.98,847.77,813.89,856.08,841.44,922.14,848.89,763.97,656.5,641.37,612.35,612.08,613.92,681.99,631.75,694.51,691.83,691.43,750.29,735.39,801.03,804.27,815.13,834.4
814.56,1307.7,609.09,614.13,680.17,674.64,683.02,698.41,628.73,635.94,640.27,612.06,690.46,618.06,663.64,599.06,620.79,558.13,555.04,637.1,678.12,643.62,690.29,650.17,679.39,687.38,811.08,765.06,710.31,0,705.66,847.48,851.92,661.61,802.15,831.53,843.51,618.03,628.04,661.95,613.75,592.29,597.88,591.35,601.11,584.73,610.96,623.01,656.95,634.1,618.97,618.57,649.94,631.06,626.23,607.96,606.61,591.83,566.58,578.79,617.52,563.89,599.04,549.01,548.85,604.63,632.72,660.76,670.46,670.93,676.16,640.28,701.49,743.46,824.16,750.91,803.18,808.28,775.35,703.14,669.09,667.25,861,792.23,831.98,839.6,840.61,782.45,637.62,629.45,627.98,609.13,747.07
912.71,1192.4,665.21,598.6,574.83,807.2,755.26,847.45,657.82,783.31,787.63,761.1,839.5,767.1,678.4,748.1,730.5,709.78,706.69,761.67,605.67,767.01,613.52,823.56,754.89,826.7,774.25,763.02,883.7,705.66,0,690.13,695.97,863.95,628.06,695.03,707,647.12,642.8,600.09,599.04,605.48,631.51,638.71,657.24,723.19,720.68,671.95,727.54,766.7,751.58,751.13,722.19,780.1,775.27,757,755.65,740.87,715.62,726.16,764.88,713.75,741.84,700.67,700.51,778.02,806.11,834.15,888.33,1.389,879.91,842.62,888,841.61,922.31,849.06,763.13,648.31,633.19,587.86,592.32,594.79,673.81,618.13,686.32,683.65,683.25,745.63,713.11,752.84,752.54,748.45,817.67
779.75,1251.6,610.99,625.4,634.01,676.76,688.45,701.57,631.09,650.01,654.33,615.22,693.62,621.22,674.15,602.22,632.52,569.18,565.77,646.36,669.29,654.07,677.86,648.37,693.38,695.76,776.07,733.08,698.31,847.48,690.13,0,885.8,628.02,833.68,863.06,875.04,620.39,638.55,658.06,625.02,607.99,598.75,594.24,603.01,597.35,622.69,632.16,661.59,635.89,620.77,620.69,655.38,634.22,629.4,611.12,609.77,595,569.75,592.86,631.58,565.73,612.97,559.75,559.91,613.04,630.92,648.76,654.93,655.4,660.63,606.7,666.68,708.65,789.35,716.1,834.71,747.51,732.38,647.04,656.66,658.41,892.53,823.76,865.86,873.47,0.275,747.44,651.6,639.89,637.24,617.51,751.72
785.77,1257.1,616.22,631.03,639.5,681.9,693.6,707.07,636.23,655.68,660,620.72,699.12,626.72,679.47,607.72,638.01,574.76,571.35,652.21,674.87,659.91,683.35,654.21,698.96,701.61,781.91,738.93,704.15,851.92,695.97,885.8,0,633.87,840.06,869.44,881.41,625.53,643.87,663.56,630.66,613.57,603.89,599.47,608.24,602.67,628.19,637.57,666.65,641.04,625.91,625.83,660.52,639.72,634.89,616.62,615.27,600.49,575.24,598.53,637.25,571.22,618.99,565.33,565.49,618.88,636.76,654.61,660.78,661.25,666.47,612.54,672.7,714.67,795.37,722.12,841.09,753,737.88,652.53,662.15,663.99,898.9,830.13,872.32,0.493,878.92,753.29,657.18,645.74,643.08,623.35,756.77
858.67,1167.4,633.87,572.07,550.3,720.4,626,793.15,645.36,725.74,730.07,706.8,785.2,712.8,661.81,693.8,680.72,658.52,655.43,718.46,583.58,721.21,592.17,780.17,702.36,787.6,726.73,713.98,835.21,661.61,863.95,628.02,633.87,0,559.76,640.26,652.23,634.66,626.21,572.1,571.99,575.38,611.49,611.45,625.9,664.82,670.89,621.54,594.96,679.53,664.41,664.33,592.93,725.8,720.97,702.7,701.35,686.57,661.32,668.59,707.32,658.37,704.96,649.41,649.25,739.74,762.72,785.66,828.47,829.22,905.65,0.853,895.74,787.56,868.27,795.01,709.09,590.7,588.54,562.8,570.97,572.71,618.82,549.84,624.52,621.54,621.15,698.1,660.58,707.04,709.34,709.35,685.08
725.23,1194.3,579.96,597.09,587.17,661.2,676.99,692.31,586.63,634.32,638.65,605.96,684.36,611.96,628.28,592.96,613.51,566.87,563.14,628.13,635.71,637.01,643.21,607.03,674.98,670.84,704.41,662.93,641.68,802.15,628.06,833.68,840.06,559.76,0,805.85,817.83,575.93,592.68,631.82,597.02,575.33,557.29,558.53,571.98,579.39,603.69,610.58,647.74,620.33,605.21,605.13,643.91,624.96,620.14,601.86,600.51,585.74,560.49,577.17,615.9,557,590.35,557.12,557.6,587.02,589.58,592.13,593.01,593.33,596.95,538.44,616.57,654.13,734.83,661.58,777.5,684.29,682.13,589.7,622.01,624.84,918.93,0.397,917.57,827.73,826.81,675.78,633.21,622.84,619,592.59,737.86
795.72,1256.6,586.13,615.5,639.02,669,665.77,712.15,601.98,643.04,647.36,625.8,704.2,631.8,646.95,612.8,617.46,590.84,588.62,660.18,661.21,669.07,670.43,653.27,686.93,701.22,780.44,737.98,703.21,831.53,695.03,863.06,869.44,640.26,805.85,0,0.479,591.28,611.35,651.19,614.83,588.5,569.64,568.96,578.15,585.33,607.64,617.37,635.58,628.46,613.33,612.93,632.69,644.8,639.98,621.7,620.35,605.58,580.33,585.89,624.61,578.45,616.83,582.6,581.56,617.94,635.82,653.66,659.83,660.3,665.53,618.93,682.65,724.62,805.32,732.07,836.56,742.11,726.98,652.05,649.23,650.33,835.34,795.93,864.06,857.11,856.19,751.81,645.15,654.89,651.06,622.97,725.7
807.7,1268.6,598.11,627.48,651,680.98,677.74,724.13,613.96,655.01,659.34,637.78,716.18,643.78,658.92,624.78,629.44,602.81,600.6,672.16,673.18,681.04,682.4,665.24,698.9,713.2,792.41,749.96,715.18,843.51,707,875.04,881.41,652.23,817.83,0.479,0,603.26,623.32,663.17,626.8,600.47,581.61,580.93,590.13,597.31,619.62,629.34,647.55,640.43,625.31,624.9,644.67,656.78,651.95,633.68,632.33,617.55,592.3,597.86,636.59,590.43,628.8,594.57,593.54,629.91,647.79,665.63,671.81,672.28,677.5,630.91,694.63,736.6,817.3,744.05,848.53,754.08,738.96,664.02,661.2,662.31,847.32,807.9,876.04,869.09,868.16,763.79,657.13,666.87,663.03,634.95,737.68
694.71,1330.7,693.88,825,777.36,610.92,622.51,701.63,0.428,641.61,645.93,615.28,693.68,621.28,938.96,602.28,608.24,498.97,495.56,555.35,821.83,563.05,827.36,590.04,624.61,609.49,666.92,641.07,651.57,618.03,647.12,620.39,625.53,634.66,575.93,591.28,603.26,0,903.36,827.95,827.06,765.92,907.87,786.81,685.91,616.9,598.41,658.61,594.34,570.05,554.92,554.84,589.44,634.28,629.46,611.18,609.83,595.06,569.81,584.46,623.18,567.39,520.56,489.54,489.7,528.33,572.59,602.02,611.72,612.4,619.09,613.33,612.63,623.61,704.31,631.06,595.2,684.53,693.2,726.09,806.16,810.95,581.6,566,610.89,613.21,613.52,638.3,582.84,548.88,546.22,531.24,684.47
701.44,1354.5,691.14,842.52,795.18,620.22,611.78,696.79,914.06,636.77,641.09,610.44,688.84,616.44,1.424,597.44,603.93,504.55,501.15,553.88,839.65,561.59,845.18,592.04,623.14,607.41,664.54,638.19,653.95,628.04,642.8,638.55,643.87,626.21,592.68,611.35,623.32,903.36,0,870.75,843.09,769.88,865.07,771.26,683.17,614.16,594.11,657.67,580.3,579.35,564.23,564.15,578.7,629.44,624.62,606.34,604.99,590.21,564.96,579.62,618.34,562.55,518.48,495.12,495.28,526.25,574.59,604.4,607.68,608.08,612.35,604.88,611.49,630.34,711.03,637.78,610.26,701.25,712.06,749.9,823.98,828.78,604.36,582.75,630.55,631.54,631.67,635.92,581.37,547.41,544.75,529.16,670.43
656.54,1445.2,664.57,833.68,847.21,615.65,561.29,680.39,838.65,620.37,624.7,594.05,672.44,600.04,906.35,581.04,589.43,502.84,499.11,546.19,917.52,554.49,919.36,572.98,619.86,597.58,659.74,621.29,616.2,661.95,600.09,658.06,663.56,572.1,631.82,651.2,663.17,827.95,870.75,0,831.95,740.98,789.65,727.73,656.6,587.59,579.6,631.37,528.63,574.95,559.82,559.58,528.21,613.05,608.22,589.94,588.6,573.82,548.57,563.22,601.95,546.16,508.64,493.09,493.57,516.41,555.53,566.65,565.26,565.37,566.57,550.78,556.11,585.44,666.14,592.89,633.26,741.84,787.22,840.66,898.16,906.65,645.6,621.9,651.56,651.23,651.19,631.12,578.09,540.31,537.07,519.33,618.75
655.62,1348.9,709.65,832.78,780.65,618.22,559.4,698.48,837.76,644.97,649.3,612.13,690.53,618.13,878.69,599.13,620.81,508.61,505.2,565.1,825.12,573.99,830.65,575.09,648.18,613.26,635.52,603.11,616.13,613.75,599.04,625.02,630.66,571.99,597.02,614.83,626.8,827.06,843.09,831.95,0,777.89,793.53,779.31,701.67,624.55,610.99,671.44,526.74,577.35,562.23,562.15,526.33,631.13,626.31,608.03,606.68,591.91,566.66,587.82,626.55,563.18,532.67,499.18,499.33,531.56,557.64,566.58,564.06,564.31,566.41,550.67,555.78,584.52,665.22,591.97,606.42,688.53,708.6,744.35,809.45,814.25,607.78,587.09,619.05,618.33,618.15,606.89,606.4,559.81,555.98,535.01,616.86
656.32,1279.8,782.78,741.52,722.38,647.34,557.92,751.68,776.62,704.68,709.01,665.33,743.73,671.33,805.48,652.33,688.71,558.49,555.08,625.69,746.18,635.76,754.66,599.54,719.36,667.39,628.75,600.06,624.4,592.29,605.48,607.99,613.57,575.38,575.33,588.5,600.47,765.92,769.88,740.98,777.89,0,799.08,791.41,774.8,698.17,678.89,729.61,525.26,606.47,591.35,591.27,524.84,684.33,679.51,661.23,659.88,645.11,619.86,647.53,686.26,615.3,594.63,549.06,549.22,584.64,582.09,574.85,570.44,570.75,573.57,554.05,559.16,585.22,665.92,592.67,587.21,649.86,647.31,675.25,733.46,735.3,581.8,565.4,601.7,601.25,601.12,600.12,677.59,621.58,616.57,589.14,615.38
673.8,1297,734.17,790.19,742.28,602.82,602.45,715.13,918.57,661.61,665.94,628.78,707.17,634.78,900.67,615.78,637.56,509.84,506.43,582.42,786.75,591.3,792.28,591.57,667.95,630.57,646.16,619.89,641.51,597.88,631.51,598.75,603.89,611.49,557.29,569.64,581.61,907.87,865.07,789.65,793.53,799.08,0,813,726.19,649.07,627.74,704.54,573.34,562.11,546.99,546.74,569.37,647.78,642.95,624.67,623.32,608.55,583.3,604.46,643.19,579.82,549.99,500.41,500.57,548.88,574.12,591.96,596.39,596.78,600.67,590.17,590.81,602.7,683.4,610.15,574.85,652.16,660.45,692.46,771.08,775.87,559.95,547.37,589.25,591.57,591.87,617.53,626.18,577.13,573.29,552.32,663.46
674.12,1257.2,796.78,728.27,707.31,624.41,609.64,758.48,797.51,711.48,715.81,672.13,750.53,678.13,806.86,659.13,704.72,565.2,561.77,651.35,733.31,661.41,741.79,625.19,747.79,693.05,643.88,619.31,654.75,591.35,638.71,594.24,599.47,611.45,558.53,568.96,580.93,786.81,771.26,727.73,779.31,791.41,813,0,788.8,695.45,694.9,789.52,578.82,583.54,568.41,568.33,576.57,691.13,686.31,668.03,666.68,651.91,626.66,654.33,693.06,622.1,620.29,555.74,555.92,610.3,607.74,605.2,603.73,603.99,606.06,590.12,588.7,603.02,683.72,610.47,574.73,630.63,628.98,652.67,720.59,722.43,558.41,548.61,585.49,587.14,587.36,615.25,706.02,647.24,642.22,614.8,668.94
689.01,1236.5,0.319,656.92,675.47,637.08,620.74,777.01,696.61,730.01,734.33,690.66,769.06,696.66,718.77,677.66,722.09,581.77,578.34,669.87,674.89,679.94,687.8,643.72,762.42,711.58,658.07,635.88,673.27,601.11,657.24,603.01,608.24,625.9,571.98,578.15,590.13,685.91,683.17,656.59,701.67,774.8,726.19,788.8,0,717.87,712.27,797.57,591.86,596.22,581.09,581.01,587.67,709.66,704.83,686.56,685.21,670.43,645.18,672.86,711.58,640.63,638.81,572.32,572.5,628.82,626.27,623.72,622.26,622.51,624.59,604.57,602.14,617.91,698.61,625.36,582.8,623.27,614.96,631.93,666.6,664.01,567.18,562.06,594.26,595.92,596.14,629.44,720.64,665.76,660.75,633.33,681.99
702.07,1198.6,725.85,587.92,606.47,754.67,649.68,890.42,627.6,853.19,857.52,804.07,882.47,810.07,649.76,791.07,861.86,727.42,723.81,808.28,605.89,817.07,618.79,758.91,836.58,856.44,646.38,632.12,757.87,584.73,723.19,597.35,602.67,664.82,579.39,585.33,597.31,616.9,614.16,587.59,624.55,698.17,649.07,695.45,717.87,0,852.03,765.64,617.84,714.12,699,698.59,616.61,823.07,818.25,799.97,798.62,783.85,758.6,796.04,834.77,752.43,798.17,717.79,718.15,774.86,741.46,708.32,696.85,688.47,688.25,643.5,636.62,630.97,711.67,638.42,584.81,578.18,574.87,594.02,597.59,595.01,578.02,569.47,589.35,590.35,590.48,617.75,794.8,802.89,799.16,778.19,707.97
719.82,1217.1,720.24,579.64,628.59,695.12,615.48,846.07,609.11,799.07,803.39,759.72,838.12,765.72,629.7,746.72,0.393,644.4,640.99,730.66,610.62,739.55,627.93,707.05,796.46,774.91,672.61,658.35,736.6,610.96,720.68,622.69,628.19,670.89,603.69,607.64,619.62,598.41,594.11,579.6,610.99,678.89,627.74,694.9,712.27,852.03,0,805.89,584.33,654.25,639.12,639.04,582.4,778.72,773.89,755.62,754.27,739.49,714.24,741.92,780.65,709.69,702.14,634.97,635.13,692.15,689.6,687.05,685.63,685.95,689.04,649.57,650.22,648.72,729.42,656.17,606.83,605.03,596.91,612.56,606.73,599.74,600.89,593.76,615.81,615.86,615.82,643.98,754.68,725.37,721.54,696.66,674.45
701.62,1227.5,805.55,631.7,649.02,725.64,561.47,855.38,669.31,808.38,812.7,769.03,847.43,775.03,693.27,756.03,815.72,650.59,646.89,731.12,649.67,742.96,662.58,678.37,857.33,763.15,675.4,652.29,692.63,623.01,671.95,632.16,637.57,621.54,610.58,617.37,629.34,658.61,657.67,631.37,671.44,729.61,704.54,789.52,797.57,765.64,805.89,0,528.81,684.93,669.81,669.57,528.39,788.03,783.2,764.93,763.58,748.8,723.55,751.23,789.95,719,688.79,640.87,641.32,678.8,660.92,643.08,636.91,637.23,640.85,600.22,605.33,630.52,711.22,637.97,615.72,629.25,608.22,622.93,641.38,638.79,606.79,600.66,624.91,625.24,625.29,646.78,815.56,728.78,722,684.9,618.93
670.16,1265.9,599.84,528.01,614.81,28.492,7.926,30.296,605.04,689.41,693.73,23.872,30.568,25.264,615.9,26.952,594.15,567.38,563.67,591.27,566,593.67,585.55,672.84,587.31,673.58,701.21,679.39,744.28,656.95,727.54,661.59,666.65,594.96,647.74,635.58,647.55,594.34,580.3,528.63,526.74,525.26,573.34,578.82,591.86,617.84,584.33,528.81,0,5.28,6.49,19.52,5.28,19.52,20.292,23.216,23.432,25.796,29.836,632.26,670.98,655.38,607.17,557.65,558.1,597.18,655.39,694.73,700.28,692.82,695.49,573.63,572.65,599.06,679.76,606.51,625.22,652.67,639.51,661.34,564.35,555.13,632.93,637.81,651.34,654.32,654.72,672.59,545.54,579.49,582.15,595.33,3.605
716.68,1246.2,604.19,574.7,626.26,8.966,7.926,9.868,580.75,789.08,793.4,6.656,10.004,7.352,614.95,8.196,664.07,701.53,697.52,775.57,604.95,779.51,621.55,781.98,758.31,845.6,692.27,676.49,811.53,634.09,766.7,635.89,641.04,679.53,620.33,628.46,640.43,570.05,579.35,574.95,577.35,606.47,562.11,583.54,596.22,714.12,654.25,684.93,5.28,0,0.605,4.48,5.28,4.48,4.866,6.328,6.436,7.618,9.638,731.93,770.65,760.49,795.65,691.5,692.25,776.79,764.53,761.98,758.86,731.98,731.25,658.21,647.4,645.58,726.28,653.03,618.67,626.62,623.84,641.63,600.35,594.07,627.06,610.41,626.39,628.71,629.02,663.64,716.54,765.34,766.45,767.35,12.49
701.56,1231.1,589.06,559.57,611.13,7.756,9.136,8.658,565.62,773.95,778.28,5.446,8.794,6.142,599.83,6.986,648.95,686.4,682.4,760.45,589.82,764.39,606.42,766.85,743.19,830.47,677.14,661.37,796.4,618.97,751.58,620.77,625.91,664.41,605.21,613.33,625.31,554.92,564.23,559.82,562.23,591.35,546.99,568.41,581.09,699,639.12,669.81,6.49,0.605,0,3.27,6.49,3.27,3.656,5.118,5.226,6.408,8.428,716.8,755.53,745.36,780.53,676.37,677.13,761.66,749.4,746.85,743.74,716.85,716.13,643.08,632.27,630.46,711.16,637.91,603.54,611.49,608.71,626.51,585.22,578.95,611.93,595.28,611.27,613.59,613.89,648.52,701.41,750.21,751.32,752.22,13.7
701.47,1231,588.98,559.33,610.89,2.243,24.812,8.658,565.54,773.55,777.87,5.446,8.794,6.142,599.74,6.986,648.87,686,682.32,760.21,589.58,764.31,606.18,766.77,742.95,830.39,676.74,660.96,796.32,618.56,751.13,620.69,625.83,664.33,605.13,612.93,624.9,554.84,564.14,559.58,562.14,591.27,546.74,568.33,581.01,698.59,639.04,669.57,19.52,4.48,3.27,0,19.52,3.27,3.656,5.118,5.226,6.408,8.428,716.4,755.12,744.96,780.45,676.29,676.72,761.58,749.32,746.77,743.49,716.4,715.56,643,632.19,630.38,711.07,637.83,603.46,611.3,608.51,626.43,584.98,578.71,611.38,595.2,611.19,613.5,613.81,648.11,701.17,750.13,751.08,752.14,33.94
666.46,1263.9,595.64,527.6,612.81,28.492,1.323,30.296,600.13,688.17,692.5,23.872,30.568,25.264,614.3,26.952,592.23,565.09,561.61,590.86,565.59,593.26,585.14,671.02,586.9,673.16,694.21,672.39,740.75,649.94,722.19,655.38,660.52,592.93,643.91,632.69,644.67,589.44,578.7,528.21,526.33,524.84,569.37,576.57,587.67,616.61,582.4,528.39,5.28,5.28,6.49,19.52,0,19.52,20.292,23.216,23.432,25.796,29.836,631.02,669.75,654.14,606.76,555.59,555.81,596.77,653.57,691.2,697.29,687.46,690.14,571.61,570.27,595.36,676.06,602.81,621.51,647.8,636.8,659.31,563.94,554.71,630.04,633.98,645.28,648.2,648.5,665.58,545.13,579.08,581.74,594.91,12.49
774.61,1260.4,717.63,613.08,648.66,7.756,24.812,2.694,644.98,899.73,904.05,1.088,2.762,1.436,665.04,1.858,788.54,843.89,840.28,894.69,640.78,897.68,656.64,864.37,868.84,960.46,692.7,678.44,863.33,631.06,780.1,634.22,639.72,725.8,624.96,644.8,656.78,634.28,629.44,613.04,631.13,684.33,647.78,691.13,709.66,823.07,778.72,788.03,19.52,4.48,3.27,3.27,19.52,0,0.193,0.924,0.978,1.569,2.579,842.58,881.3,873.86,914.64,834.26,834.62,891.34,846.91,813.78,802.31,745.38,744.17,704.47,712.17,703.51,784.21,710.96,652.38,618.53,629.09,655.79,635.44,629.91,631.18,615.04,627.72,627.39,627.35,664.08,827.06,883.51,885.57,882.21,33.94
769.78,1255.5,712.81,608.26,643.83,8.142,25.584,2.887,640.16,894.9,899.23,0.895,2.569,1.243,660.21,1.665,783.72,839.07,835.46,889.87,635.96,892.86,651.82,859.54,864.01,955.64,687.88,673.62,858.5,626.23,775.27,629.4,634.89,720.97,620.14,639.98,651.95,629.46,624.62,608.22,626.31,679.51,642.95,686.31,704.83,818.25,773.89,783.2,20.292,4.866,3.656,3.656,20.292,0.193,0,0.731,0.785,1.376,2.386,837.75,876.48,869.03,909.82,829.43,829.79,886.51,842.09,808.95,797.49,740.55,739.34,699.65,707.35,698.68,779.38,706.13,647.55,613.7,624.27,650.97,630.62,625.08,626.35,610.21,622.9,622.57,622.52,659.25,822.24,878.68,880.74,877.39,34.712
751.51,1237.3,694.53,589.98,625.56,9.604,28.508,3.618,621.88,876.63,880.95,0.164,3.3,0.512,641.94,0.934,765.44,820.79,817.18,871.59,617.68,874.58,633.54,841.26,845.74,937.36,669.61,655.34,840.23,607.96,757,611.12,616.62,702.7,601.86,621.7,633.68,611.18,606.34,589.94,608.03,661.23,624.68,668.03,686.56,799.97,755.62,764.93,23.216,6.328,5.118,5.118,23.216,0.924,0.731,0,0.054,0.645,1.655,819.48,858.2,850.76,891.54,811.16,811.52,868.23,823.81,790.68,779.21,722.27,721.07,681.37,689.07,680.41,761.11,687.86,629.28,595.43,605.99,632.69,612.34,606.81,608.08,591.94,604.62,604.29,604.25,640.98,803.96,860.41,862.47,859.11,37.636
750.16,1235.9,693.18,588.63,624.21,9.712,28.724,3.672,620.53,875.28,879.6,0.218,3.354,0.458,640.59,0.88,764.09,819.44,815.83,870.24,616.33,873.23,632.19,839.91,844.39,936.01,668.25,653.99,838.88,606.61,755.65,609.77,615.27,701.35,600.51,620.35,632.33,609.83,604.99,588.6,606.68,659.88,623.32,666.68,685.21,798.62,754.27,763.58,23.432,6.436,5.226,5.226,23.432,0.978,0.785,0.054,0,0.591,1.601,818.13,856.85,849.41,890.2,809.81,810.17,866.88,822.47,789.33,777.86,720.92,719.72,680.02,687.73,679.06,759.76,686.51,627.93,594.08,604.64,631.34,610.99,605.46,606.73,590.59,603.27,602.94,602.9,639.63,802.62,859.06,861.12,857.76,37.852
735.38,1221.1,678.41,573.86,609.43,10.894,31.088,4.263,605.76,860.5,864.83,0.809,3.945,1.049,625.82,0.289,749.32,804.67,801.06,855.47,601.56,858.46,617.42,825.14,829.62,921.24,653.48,639.22,824.1,591.83,740.88,595,600.49,686.57,585.74,605.58,617.55,595.06,590.22,573.82,591.91,645.11,608.55,651.91,670.43,783.85,739.49,748.8,25.796,7.618,6.408,6.408,25.796,1.569,1.376,0.645,0.591,0,1.01,803.35,842.08,834.63,875.42,795.03,795.39,852.11,807.69,774.55,763.09,706.15,704.94,665.25,672.95,664.28,744.98,671.73,613.15,579.3,589.87,616.57,596.22,590.68,591.95,575.81,588.5,588.17,588.12,624.86,787.84,844.28,846.34,842.99,40.216
710.13,1195.9,653.16,548.61,584.18,12.914,35.128,5.273,580.51,835.25,839.58,1.819,4.955,2.059,600.57,1.299,724.07,779.42,775.81,830.22,576.31,833.21,592.17,799.89,804.37,895.99,628.23,613.97,798.85,566.58,715.62,569.75,575.24,661.32,560.49,580.33,592.3,569.81,564.96,548.57,566.66,619.86,583.3,626.66,645.18,758.6,714.24,723.55,29.836,9.638,8.428,8.428,29.836,2.579,2.386,1.655,1.601,1.01,0,778.1,816.83,809.38,850.17,769.78,770.14,826.86,782.44,749.3,737.84,680.9,679.69,640,647.7,639.03,719.73,646.48,587.9,554.05,564.62,591.32,570.97,565.43,566.7,550.56,563.25,562.92,562.87,599.61,762.59,819.03,821.09,817.74,44.256
706.31,1199.4,680.83,563.26,598.83,772.47,664.1,909.93,595.16,2.286,2.459,823.58,901.98,829.58,615.22,810.58,751.74,745.23,741.62,820.28,590.96,826.8,606.82,773.41,827.47,870.86,640.44,626.18,772.37,578.79,726.16,592.86,598.53,668.59,577.17,585.89,597.86,584.46,579.62,563.22,587.82,647.53,604.46,654.33,672.86,796.04,741.92,751.23,632.26,731.93,716.8,716.4,631.02,842.58,837.75,819.48,818.13,803.35,778.1,0,1.549,771.94,815.98,735.6,735.96,792.67,755.96,722.82,711.36,691.43,688.63,647.27,640.86,635.21,715.91,642.66,588.76,572.17,574.02,594.87,585.62,580.09,577.47,567.25,587.59,586.2,585.98,611.82,785.69,812.63,811.15,792.61,722.38
745.04,1238.2,719.56,601.98,637.56,811.2,702.82,948.65,633.88,0.737,0.91,862.3,940.7,868.3,653.94,849.3,790.47,783.96,780.35,859,629.69,865.53,645.55,812.14,866.19,909.58,679.17,664.91,811.1,617.52,764.88,631.58,637.25,707.32,615.9,624.61,636.59,623.18,618.34,601.95,626.55,686.26,643.19,693.06,711.58,834.77,780.65,789.95,670.98,770.65,755.53,755.12,669.75,881.3,876.48,858.2,856.85,842.08,816.83,1.549,0,810.66,854.71,774.32,774.68,831.4,794.68,761.55,750.08,730.16,727.36,685.99,679.58,673.94,754.64,681.39,627.48,610.89,612.74,633.6,624.35,618.81,616.2,605.97,626.32,624.93,624.71,650.54,824.42,851.35,849.88,831.33,761.11
710.11,1194,648.6,546.19,581.77,801.03,687.22,941.21,578.09,829.09,833.41,854.86,933.26,860.86,598.15,841.86,719.51,875.84,868.93,829.42,573.9,832.4,589.76,803.07,799.81,898.4,625.82,611.56,802.04,563.89,713.75,565.73,571.22,658.37,557,578.45,590.43,567.39,562.55,546.16,563.18,615.3,579.82,622.1,640.63,752.43,709.69,719,655.38,760.49,745.36,744.96,654.14,873.86,869.03,850.76,849.41,834.63,809.38,771.94,810.66,0,855.8,862.91,866.56,832.49,785.62,752.49,741.02,679.02,677.82,637.05,647.82,639.01,719.71,646.46,586.56,550.03,562.55,589.44,568.56,563.02,563.22,547.08,559.23,558.9,558.85,597.19,758.03,818.23,820.29,820.15,745.5
760.39,1173.7,646.79,508.68,567.9,836.52,639.84,982,531.26,873.13,877.46,895.64,974.05,901.64,554.08,882.64,711.97,873.97,874.38,792.6,540.57,795.59,557.91,783.54,773.32,863.52,660.69,646.43,797.8,599.04,741.84,612.97,618.99,704.96,590.35,616.83,628.8,520.56,518.48,508.64,532.67,594.63,549.99,620.29,638.81,798.17,702.14,688.79,607.17,795.65,780.53,780.45,606.76,914.65,909.82,891.54,890.2,875.42,850.17,815.98,854.71,855.8,0,868.36,864.7,790.02,766.09,748.25,741.78,707.11,709.93,683.64,694.48,689.29,769.99,696.74,627.89,567.9,552.77,569.08,536.71,529.7,595.32,580.43,610.32,606.67,606.09,632.06,731.55,781.41,783.48,785.27,697.3
