0,1276.7,663.93,639.63,654.42,718.74,708.77,763.35,676.64,700.07,704.39,677,755.4,683,712.4,664,675.2,623.75,620.66,699.04,658.47,704.97,669.91,742.47,736.93,759.44,772.3,742.84,802.16,762.78,828.07,752.11,757.96,836.61,687.44,737.89,749.87,665.94,676.8,640.17,639.58,641.34,645.75,645.59,655.96,647.5,665.38,666.81,678.69,677.97,662.85,662.67,675.7,696,691.17,672.9,671.55,656.77,631.52,642.92,681.64,629.65,671.39,614.63,614.48,683.5,725.02,752.61,792.52,793.34,802.59,815.29,837.89,2.844,5.476,2.546,802.75,716.01,700.71,672.15,648.71,647.6,719.52,677.52,748.61,745.63,745.24,743.67,695.15,690.8,689.91,681.19,768.81
1276.7,0,1171.8,1215.3,1424.6,1260.5,1281.9,1283.8,1215.9,1213.3,1217.6,1197.5,1275.9,1203.5,1256.5,1184.5,1175.9,1139.1,1136.4,1183.4,1300.1,1189.5,1318.2,1197,1197.4,1236.5,1199.5,1161,1224.1,1202.5,1204.9,1198,1203.5,1202.9,1151.6,1189.1,1201.1,1205.2,1220.9,1267,1218.8,1190.5,1178.6,1161.3,1163.9,1153.6,1166.1,1158.2,1253.6,1219.7,1204.5,1204.5,1248.8,1216.5,1211.6,1193.4,1192,1177.2,1152,1156.1,1194.9,1150.7,1142.5,1130.3,1129.9,1153.7,1179.6,1174.6,1169.7,1170.2,1175.4,1181.6,1191.1,1205.6,1286.3,1213.1,1202.4,1283.1,1350.9,24.183,1297,1289.2,1173.7,1141.7,1191.1,1191.2,1191.2,1170.9,1155.7,1175.3,1174.3,1158.2,1343.7
663.93,1171.8,0,586.86,586.82,639.72,628.72,705.55,636.96,651.99,656.31,619.2,697.6,625.2,658.15,606.2,619.8,536.04,532.63,574.5,600.8,580.43,612.01,590.93,596.93,638.78,575.55,546.93,626.26,539.72,608.95,548.68,554.35,610.31,519.67,531.72,543.69,626.26,622.55,590.6,617.3,653.67,641.57,700.53,0.319,629.6,609.98,612.83,599.84,598.85,583.72,583.64,595.64,638.2,633.38,615.1,613.75,598.98,573.73,594.84,633.57,569.71,571.4,526.61,526.77,567.91,573.48,576.71,573.62,574.23,581.06,588.98,595.99,592.83,673.53,600.28,542.79,543.01,550.01,567.26,590.81,589.93,510.43,509.74,543.68,542.02,541.8,546.93,555.16,566.26,565.37,560.53,689.96
639.63,1215.3,586.86,0,626.44,593.59,559.95,650.19,670.98,586.43,590.76,563.84,642.24,569.84,716.16,550.84,549.79,483.61,480.84,518.92,676.76,524.86,682.29,553.87,546.19,579.73,546.32,509.31,585.12,528.7,565.67,539.54,545.39,563.74,508.47,532.31,544.28,660.28,680.56,688.18,687.29,624.07,633.79,603.16,578.88,533.3,539.97,535,527.28,552.88,537.75,537.51,526.87,582.84,578.02,559.74,558.39,543.62,518.37,529.28,568,516.49,492.36,474.81,474.33,499.09,536.42,535.57,530.48,530.95,536.18,542.42,552.89,568.53,649.23,575.98,544.27,554.41,581.13,610.75,661.09,665.88,511.97,498.54,536.04,533.06,532.67,517.69,504.41,510.69,509.8,501.48,617.41
654.42,1424.6,586.82,626.44,0,621.69,632.21,672.12,631.16,603.5,607.82,585.77,664.17,591.77,676.07,572.77,568.36,514.3,511.06,550.17,698.13,556.11,716.94,565.85,574.36,610.14,579.31,540.86,603.37,579.19,585.83,579.13,584.8,582.3,532.08,569.85,581.83,620.46,640.47,662.87,629.02,607.14,598.76,581.5,578.85,543.83,558.54,550.75,602.96,580.82,565.69,565.61,599.13,604.77,599.95,581.67,580.32,565.55,540.3,546.35,585.07,537.35,527.73,505.04,505.03,529.09,548.4,553.82,550.64,551.1,556.19,560.98,567.86,583.32,664.02,590.77,586.79,658.15,703.53,820.07,695.74,687.25,553.73,522.15,573.03,572.48,572.26,550.69,532.59,541.93,541.05,531.89,693.09
718.74,1260.5,639.72,593.59,621.69,0,33.784,13.144,621.62,764.98,769.31,9.932,13.28,10.628,655.82,11.472,664.83,688.31,684.9,673.41,618.61,674.63,632.62,695.2,649.66,758.32,639.92,606.41,706.23,615.72,680.19,631.83,637.36,673.08,593.6,602.32,614.29,610.92,620.22,593.98,592.76,601.97,602.82,619.07,631.74,690.02,655,617.12,28.492,8.966,7.756,2.243,28.492,7.756,8.142,9.604,9.712,10.894,12.914,707.83,746.56,736.39,748.95,678.87,679.03,730.08,677.75,656.68,645.21,645.46,648.28,651.75,655.05,647.64,728.34,655.09,614.75,620.16,624.64,655.96,611.42,607.74,581.51,583.67,625.22,625.03,624.96,611.29,607.89,660.45,664.29,680.07,42.912
708.77,1281.9,628.72,559.95,632.21,33.784,0,35.588,633.21,700.98,705.31,29.164,35.86,30.556,647.38,32.244,603.14,584.65,581.25,562.7,596.9,565.18,615.71,584,558.82,640.53,577.83,530.3,614.06,587.73,597.54,614.15,620.26,607.24,606.99,627.09,639.06,622.51,611.78,560.56,558.67,552.58,602.45,609.64,620.74,629.41,593.32,529.47,7.926,7.926,9.136,24.812,1.323,24.812,25.584,28.508,28.724,31.088,35.128,643.83,682.55,666.95,610.23,575.22,575.38,600.24,566.55,564.51,561.91,562.81,572.86,585.91,605.3,637.67,718.37,645.12,637.24,612.11,636.99,677.3,594.51,586.02,598.28,597.06,612.9,607.93,607.27,549.2,517.05,551,553.58,562.28,15.136
763.35,1283.8,705.55,650.19,672.12,13.144,35.588,0,680.29,862.22,866.54,3.782,5.456,4.13,707.53,4.552,767.19,812.12,808.39,788.57,674.66,789.19,688.92,790.17,759.79,872.41,708.42,686.61,787.7,666.32,753.3,665.24,670.82,736.53,637.63,644.25,656.22,669.59,671.93,650.15,656.61,693.77,664.03,682.95,697.58,785.56,757.36,723.91,30.296,9.868,8.658,8.658,30.296,2.694,2.887,3.618,3.672,4.263,5.273,805.07,843.79,836.35,876.21,802.37,802.84,852.9,772.71,738.15,724.92,718.58,717.88,715.2,710.29,692.25,772.95,699.7,643.49,648.05,665.64,679.24,667.72,663.79,634.91,627.7,659.37,658.5,658.37,679.79,718.02,775.02,779.44,794.16,44.716
676.64,1215.9,636.96,670.98,631.16,621.62,633.21,680.29,0,617.27,621.6,593.94,672.33,599.93,805.25,580.93,583.12,503.67,499.98,543.09,672.28,550.8,679.28,571.46,581.96,597.7,576.34,546.68,629.19,546.22,618.78,561.53,567.2,623.76,526.74,537.61,549.58,0.428,769.64,694.23,686.54,646.66,774.15,673.62,628.99,569.89,573.29,558.77,605.04,580.75,565.62,565.54,600.14,612.94,608.11,589.84,588.48,573.71,548.46,560.13,598.85,546.05,513.23,493.96,494.39,517.06,554.01,579.64,583.3,584.06,592.5,602.43,612.75,605.54,686.24,612.99,548.45,566.78,586.32,611.31,658.08,661.4,520.45,516.81,556.2,554.88,554.66,547.71,540.19,536.62,533.97,519.45,695.17
700.07,1213.3,651.99,586.43,603.5,764.98,700.98,862.22,617.27,0,1.647,775.87,854.27,781.87,644.25,762.87,712.58,703.25,699.53,707.33,608.29,708.54,621.17,707.91,683.49,787.44,633.98,611.12,707.13,593.19,679.13,600.68,606.32,668.4,571.74,579.61,591.59,606.57,608.65,586.32,598.25,637.64,605.5,629.39,644.02,748.33,702.76,660.97,669.97,724.11,708.99,708.91,667.91,794.87,790.04,771.77,770.42,755.64,730.39,2.286,0.737,724.23,767.35,693.5,693.98,744.04,690.46,657.58,645.19,644.4,646.38,647.08,646.74,628.97,709.67,636.42,580.55,580.92,591.38,608.71,599.97,597.41,561.93,561.82,594.99,594,593.81,605.35,641.72,694.36,698.2,709.19,760.09
704.39,1217.6,656.31,590.76,607.82,769.31,705.31,866.54,621.6,1.647,0,780.19,858.59,786.19,648.57,767.19,716.91,707.58,703.85,711.65,612.61,712.86,625.5,712.23,687.81,791.76,638.31,615.45,711.45,597.51,683.45,605.01,610.65,672.73,576.07,583.94,595.91,610.9,612.97,590.65,602.58,641.97,609.83,633.71,648.34,752.66,707.08,665.3,674.29,728.44,713.31,713.23,672.23,799.19,794.37,776.09,774.74,759.97,734.72,2.459,0.91,728.56,771.67,697.83,698.3,748.36,694.78,661.9,649.51,648.73,650.71,651.4,651.06,633.3,713.99,640.75,584.87,585.25,595.7,613.03,604.29,601.74,566.25,566.14,599.31,598.32,598.14,609.68,646.04,698.69,702.53,713.51,764.42
677,1197.5,619.2,563.84,585.77,9.932,29.164,3.782,593.93,775.87,780.19,0,3.464,0.676,621.18,1.098,680.84,725.77,722.04,702.22,588.31,702.84,602.57,703.81,673.44,786.06,622.07,600.26,701.35,579.97,666.95,578.89,584.47,650.18,551.28,557.9,569.87,583.24,585.58,563.8,570.26,607.42,577.68,596.6,611.23,699.22,671.01,637.56,23.872,6.656,5.446,5.446,23.872,1.088,0.895,0.164,0.218,0.809,1.819,718.72,757.44,750,789.86,716.02,716.49,766.55,686.36,651.8,638.57,632.22,631.53,628.85,623.93,605.9,686.6,613.35,557.14,561.7,579.29,592.89,581.37,577.44,548.57,541.35,573.02,572.15,572.01,593.45,631.67,688.67,693.09,707.81,38.292
755.4,1275.9,697.6,642.24,664.17,13.28,35.86,5.456,672.33,854.27,858.59,3.464,0,3.812,699.58,4.234,759.24,804.17,800.44,780.62,666.71,781.24,680.97,782.21,751.84,864.46,700.47,678.66,779.75,658.37,745.35,657.29,662.87,728.57,629.68,636.3,648.27,661.63,663.98,642.21,648.66,685.82,656.08,675,689.63,777.61,749.41,715.96,30.568,10.004,8.794,8.794,30.568,2.762,2.569,3.3,3.354,3.945,4.955,797.12,835.84,828.4,868.26,794.41,794.89,844.95,764.76,730.2,716.97,710.62,709.93,707.25,702.33,684.3,765,691.75,635.54,640.1,657.69,671.29,659.77,655.84,626.96,619.75,651.42,650.55,650.41,671.84,710.07,767.07,771.49,786.21,44.988
683,1203.5,625.2,569.84,591.77,10.628,30.556,4.13,599.94,781.87,786.19,0.676,3.812,0,627.18,1.338,686.84,731.77,728.04,708.22,594.31,708.84,608.57,709.82,679.44,792.06,628.07,606.26,707.35,585.97,672.95,584.89,590.47,656.17,557.28,563.9,575.87,589.24,591.58,569.8,576.26,613.42,583.68,602.6,617.23,705.21,677.01,643.56,25.264,7.352,6.142,6.142,25.264,1.436,1.243,0.512,0.458,1.049,2.059,724.72,763.44,756,795.86,722.02,722.49,772.55,692.37,657.8,644.57,638.22,637.53,634.85,629.94,611.9,692.6,619.35,563.14,567.7,585.29,598.89,587.37,583.44,554.56,547.35,579.02,578.15,578.02,599.45,637.67,694.67,699.09,713.81,39.684
712.4,1256.5,658.15,716.16,676.07,655.82,647.38,707.53,805.24,644.25,648.57,621.18,699.58,627.18,0,608.18,609.97,534.4,530.99,571.84,717.67,578.37,724.68,605.47,603.22,629.07,606.66,571,658.07,583.23,641.28,593.17,598.85,644.48,562.42,573.08,585.05,794.54,1.424,761.93,727.44,679.03,756.25,687.7,650.17,595.46,600.15,585.95,615.9,614.95,599.83,599.75,614.3,640.18,635.35,617.08,615.73,600.95,575.7,587.1,625.82,573.83,540.26,524.97,525.12,547.38,588.02,608.52,605.87,606.56,614.19,623.16,634.44,641.3,722,648.75,583.27,605.66,628.86,651.94,703.48,706.8,555.87,552.49,588.18,586.52,586.3,578.03,561.45,564.19,562.72,550.82,706.03
664,1184.5,606.2,550.84,572.77,11.472,32.244,4.552,580.93,762.87,767.19,1.098,4.234,1.338,608.18,0,667.84,712.77,709.04,689.22,575.31,689.84,589.57,690.81,660.44,773.06,609.07,587.26,688.35,566.97,653.95,565.89,571.47,637.17,538.28,544.9,556.87,570.23,572.58,550.81,557.26,594.42,564.68,583.6,598.23,686.21,658.01,624.56,26.952,8.196,6.986,6.986,26.952,1.858,1.665,0.934,0.88,0.289,1.299,705.72,744.44,737,776.86,703.02,703.49,753.55,673.37,638.8,625.57,619.23,618.53,615.85,610.93,592.9,673.6,600.35,544.14,548.7,566.29,579.89,568.37,564.44,535.56,528.35,560.02,559.15,559.01,580.44,618.67,675.67,680.09,694.81,41.372
675.2,1175.9,619.8,549.79,568.36,664.83,603.14,767.19,583.12,712.58,716.91,680.84,759.24,686.84,609.97,667.84,0,589.9,586.18,621.48,571.49,627.42,584.78,628.36,643.55,682.81,604.75,584.75,658.13,563.95,637.91,567.97,573.63,633.54,542.35,551.12,563.1,572.41,574.37,549.9,564.67,596.96,571.92,597.2,611.83,705.35,0.393,659.22,571.3,623.96,608.83,608.75,570.07,699.84,695.01,676.74,675.39,660.61,635.36,655.43,694.16,631.87,625.52,580.15,580.63,620.38,610.91,608.58,602.75,603.18,607.61,612.22,614.72,604.1,684.8,611.55,558.38,553.34,552.87,571.37,563.58,560.62,534.48,532.43,562.35,561.31,561.09,576.12,601.78,613.25,612.36,604.56,661.43
623.75,1139.1,536.04,483.61,514.3,688.31,584.65,812.12,503.67,703.25,707.58,725.77,804.17,731.77,534.4,712.77,589.9,0,781.32,611.53,508.13,611.56,522.13,632.83,573.62,702.2,550.42,522.55,640.51,515.53,609.33,531.7,537.55,595.72,501.97,506.39,518.36,492.97,498.8,483.72,484.49,507.71,487.12,515.27,528.07,628.3,580.08,538.87,553.96,647.44,632.31,632.23,551.58,744.77,739.94,721.67,720.32,705.54,680.29,646.1,684.83,770.05,768.19,775.3,0.371,662.37,615.38,590.97,576.77,574.6,574.95,574.4,572.37,552.65,633.35,560.1,506.13,510.51,518.2,534.57,500.93,497.26,499.81,492.05,527.95,525.22,524.82,521.8,531.84,597.39,602.4,623.95,644.08
620.66,1136.4,532.63,480.84,511.06,684.9,581.25,808.39,499.98,699.53,703.85,722.04,800.44,728.04,530.99,709.04,586.18,781.32,0,608.44,505.04,608.47,519.03,629.74,570.53,699.11,547.01,519.14,637.5,512.43,606.06,528.29,534.14,592.61,498.84,503.16,515.13,489.28,495.39,480.94,481.08,504.3,483.71,511.86,524.66,624.57,576.35,535.78,550.25,644.03,628.9,628.82,548.17,741.04,736.21,717.94,716.59,701.82,676.57,642.38,681.1,763.14,768.6,0.241,772.05,659.47,612.29,587.95,573.9,571.34,571.84,571.28,569.19,549.56,630.26,557.01,503.04,507.42,514.86,531.79,497.83,494.17,496.42,488.91,524.55,521.81,521.42,518.39,528.75,594.3,599.31,620.86,640.38
699.04,1183.4,574.5,518.92,550.17,673.41,562.7,788.57,543.09,707.33,711.65,702.22,780.62,708.22,571.84,689.22,621.48,611.53,608.44,0,541.5,740.96,555.88,689.64,681.79,774.73,620.14,603.33,704.78,582.88,671.22,581.13,586.8,661.23,550.29,575.43,587.4,532.39,536.24,518.96,524.62,554.16,529.42,553.85,566.52,645.75,611.66,603.54,530.94,633.03,617.9,617.34,529.63,721.22,716.39,698.12,696.77,681.99,656.74,650.18,688.9,657.01,648.13,602.41,602.25,690.38,672.19,655.23,645.52,636.49,639.07,639.9,639.25,627.94,708.64,635.39,580.82,558.01,561.78,578.81,534.68,530.62,560.51,540.36,576.13,574.48,574.26,591.52,640.01,726.79,0.365,696.48,621.07
658.47,1300.1,600.8,676.76,698.13,618.61,596.9,674.66,672.28,608.29,612.61,588.31,666.71,594.31,717.67,575.31,571.49,508.13,505.04,541.5,0,547.43,770.27,576.09,572.31,604.15,574.51,536.06,605.05,564.04,586.36,571.92,577.59,584.93,533.66,566.06,578.04,661.58,682.07,733.18,678.85,635.45,634.88,608.48,592.83,552.16,561.67,558.63,564.24,577.75,562.62,562.54,563.82,607.31,602.49,584.21,582.86,568.09,542.84,551.14,589.86,540.96,520.06,499.02,498.86,523.91,558.64,555.5,551.09,551.63,557.25,563.61,571.91,587.37,668.07,594.82,575.89,614.76,660.14,695.51,749.07,0.435,548.55,523.73,566.92,565.26,565.04,545.88,530.54,533.26,532.37,525.9,654.36
704.97,1189.5,580.43,524.86,556.11,674.63,565.18,789.19,550.8,708.54,712.86,702.84,781.24,708.84,578.37,689.84,627.42,611.56,608.47,740.96,547.43,0,561.81,691.44,693.62,772.99,627.85,611.62,709.08,589.99,676.11,587.66,593.33,667.75,555.04,580.87,592.85,540.1,542.76,524.9,531.14,559.51,535.52,559.78,572.46,647.15,617.6,611.25,533.34,634.24,619.12,618.55,532.1,721.84,717.02,698.74,697.39,682.62,657.37,651.39,690.12,657.64,648.81,602.45,602.29,688.65,673.99,659.53,650.28,641.39,644.62,646.43,646.36,633.87,714.57,641.32,588.53,565.12,568.31,584.94,540.61,536.56,566.45,545.12,582.66,581,580.78,599.22,651.85,0.567,731.84,694.74,623.47
669.91,1318.2,612.01,682.29,716.94,632.62,615.71,688.92,679.28,621.17,625.5,602.57,680.97,608.57,724.68,589.57,584.78,522.13,519.03,555.88,770.27,561.81,0,587.6,584.49,617.8,587.42,548.96,617.96,578.42,599.26,584.83,590.5,597.63,546.56,579.5,591.47,668.58,689.08,735.02,684.37,643.93,641.88,616.96,604.04,563.59,574.95,570.06,583.05,591.91,576.79,576.54,582.64,621.57,616.75,598.47,597.12,582.35,557.1,564.02,602.75,555.22,535.79,513.01,512.85,537.69,570.15,568.41,564,564.54,570.16,576.31,583.34,598.81,679.5,606.26,589.53,632.83,678.21,713.59,0.848,759.4,561.85,536.64,579.83,578.17,577.95,558.79,542.71,547.64,546.75,539.55,673.17
742.47,1197,590.93,553.87,565.85,695.2,584,790.17,571.46,707.91,712.23,703.81,782.21,709.82,605.47,690.82,628.36,632.84,629.74,689.64,576.09,691.44,587.6,0,671.67,763.19,645.99,630.94,783.89,606.67,721.85,601.21,607.05,709.41,566.62,595.31,607.28,560.76,569.87,553.98,554.04,569.96,551.63,570.28,582.95,645.23,618.54,604.65,551.33,654.59,639.47,639.13,550.92,722.81,717.99,699.72,698.37,683.59,658.34,650.76,689.48,659.14,670.41,623.72,623.56,734.22,0.698,734.34,714.05,687.13,687.53,688.08,685.97,671.37,752.07,678.82,610.86,575.01,574.96,592.44,566.4,565.22,581.07,556.7,597.23,594.73,594.33,617.36,629.9,677.27,680.51,684.94,641.46
736.93,1197.4,596.93,546.19,574.36,649.66,558.82,759.79,581.96,683.49,687.81,673.44,751.84,679.44,603.23,660.44,643.55,573.62,570.53,681.79,572.31,693.62,584.49,671.67,0,713.81,688.35,696.07,714.18,632.3,695.2,615.78,621.27,686.59,577.85,608.66,620.63,571.26,567.63,549.39,554.61,572.57,561.33,576.28,588.96,623.22,633.73,647.26,526.98,609.12,593.99,593.59,525.75,692.44,687.62,669.34,667.99,653.22,627.97,626.34,665.06,628.24,615.73,564.5,564.34,629.47,654.22,664.63,661.68,660.47,662.5,665.26,669.5,665.83,746.53,673.28,623.62,603.16,593.21,592.85,563.29,561.44,598.1,567.93,609.28,608.94,608.9,659.73,1.671,679.45,672.66,635.56,617.11
759.44,1236.5,638.78,579.73,610.14,758.32,640.53,872.41,597.7,787.44,791.76,786.06,864.46,792.06,629.07,773.06,682.81,702.2,699.11,774.73,604.15,772.99,617.8,763.19,713.81,0,671.62,649.06,770.22,632.6,730.08,635.66,641.42,717.73,609.1,630.05,642.02,587,593.47,579.76,582.97,615.64,586.36,618.13,630.81,720.96,672.98,657.09,608.69,717.61,702.49,702.24,607.46,805.06,800.24,781.96,780.61,765.84,740.59,730.29,769.01,741.93,735.15,693.08,692.92,796.61,745.74,720.67,706.64,695.36,695.85,696.4,695.93,688.34,769.04,695.79,633.23,611.16,613.48,631.92,596.6,593.28,615.48,599.17,631.13,629.09,628.78,642.99,672.04,758.82,765.6,3.13,698.82
772.3,1199.5,575.55,546.32,579.31,639.92,577.83,708.42,576.34,633.98,638.31,622.07,700.47,628.07,606.66,609.07,604.75,550.42,547.01,620.14,574.51,627.85,587.42,645.99,688.35,671.62,0,704.78,708.56,682.2,698.78,657.33,662.74,697.78,608.37,652.78,664.76,565.64,571.06,552.33,551.79,560.45,554.07,554.9,567.58,575.98,594.92,597.13,545.99,599.47,584.35,583.84,544.75,641.07,636.25,617.97,616.62,601.85,576.59,576.83,615.55,576.1,580.97,540.99,541.15,589.69,628.54,659.01,663.59,664.06,669.28,676.46,687.71,701.2,781.89,708.65,671.49,635.45,617.37,594.91,566.22,563.63,640.77,598.44,649.73,650.41,650.45,1.145,646.58,613.67,611.02,593.37,636.12
742.84,1161,546.93,509.31,540.86,606.41,530.3,686.61,546.68,611.12,615.45,600.26,678.66,606.26,571,587.26,584.75,522.55,519.14,603.33,536.06,611.62,548.96,630.94,696.07,649.06,704.78,0,693.18,636.18,686.69,614.34,619.75,682.64,566.89,610.51,622.48,535.98,535.4,512.57,514.61,525.35,523.43,526.8,538.96,553.13,574.92,584.09,498.46,565.87,550.74,550.34,497.23,619.26,614.44,596.16,594.81,580.04,554.79,553.98,592.7,554.52,554.6,513.12,513.28,573,613.49,643.63,651.57,651.96,656.35,661.31,669.35,671.74,752.44,679.19,631.97,592.46,574.38,556.46,527.76,525.18,597.78,556.97,606.74,607.42,607.47,676.16,654.29,597.45,594.2,570.81,588.59
802.16,1224.1,626.26,585.12,603.37,706.23,614.06,787.7,629.19,707.13,711.45,701.35,779.75,707.35,658.07,688.35,658.13,640.51,637.5,704.78,605.05,709.08,617.96,783.89,714.18,770.22,708.56,693.18,0,669.55,794.57,655.73,661.4,777.42,606.71,642.76,654.74,618.49,622.47,585.22,586.38,595.56,599.85,605.61,618.29,645.74,648.31,625.27,581.4,665.52,650.39,650.15,580.99,720.35,715.52,697.25,695.9,681.12,655.87,649.98,688.7,656.14,675.68,631.48,631.24,707.7,766.44,1.982,804.78,759.85,758.7,756.1,750.46,731.06,811.76,738.51,670.36,629.1,624.71,619.53,596.76,594.18,629.83,596.78,650.73,649.08,648.86,679.93,672.4,694.91,695.65,691.97,671.52
762.78,1202.5,539.72,528.7,579.19,615.72,587.73,666.32,546.22,593.19,597.51,579.97,658.37,585.97,583.23,566.97,563.95,515.53,512.43,582.88,564.04,589.99,578.42,606.67,632.3,632.6,682.2,636.18,669.55,0,661.1,735.5,739.94,663.92,695.25,743.18,755.16,535.52,547.63,541.5,532.68,535.12,521.42,520.61,531.75,535.19,554.13,558.23,556.72,575.07,559.95,559.65,554.66,598.97,594.15,575.87,574.52,559.75,534.5,536.04,574.76,533.51,544.6,506.41,506.25,550.91,589.22,620,625.77,626.38,633.21,642.6,659.31,691.68,772.38,699.13,714.83,667.66,634.65,597.91,557.22,553.16,772.65,685.33,720,727.61,728.63,653.57,590.52,575.82,573.75,554.35,646.84
828.07,1204.9,608.95,565.67,585.83,680.19,597.54,753.3,618.78,679.13,683.45,666.95,745.35,672.95,641.28,653.95,637.91,609.33,606.06,671.22,586.36,676.11,599.26,721.85,695.2,730.08,698.78,686.69,794.57,661.1,0,647.4,653.25,851.71,593.29,635.71,647.68,608.08,605.68,565.78,567.61,576.26,585.88,588.3,600.98,618.7,628.09,606.16,565.78,639.48,624.36,624.11,564.46,685.95,681.13,662.85,661.5,646.73,621.48,621.98,660.7,620.64,641.14,600.04,600.05,660.99,704.4,745.02,851.5,1.389,843.08,830.38,807.77,756.97,837.67,764.42,671.02,620.23,613.74,600.31,578.06,575.48,621.76,583.37,643.91,640.93,640.53,670.16,653.42,661.94,662.09,651.83,655.91
752.11,1198,548.68,539.54,579.13,631.83,614.15,665.24,561.53,600.69,605.01,578.89,657.29,584.89,593.17,565.89,567.97,531.7,528.29,581.13,571.92,587.66,584.83,601.21,615.78,635.66,657.33,614.34,655.73,735.5,647.4,0,773.82,650.54,726.78,774.71,786.69,550.83,557.58,549.04,542.47,541.79,529.74,529.06,540.7,545.13,558.14,551.93,583.13,591.45,576.32,575.76,581.07,597.89,593.06,574.79,573.44,558.66,533.42,543.53,582.26,531,552.85,522.27,522.42,553.96,583.76,606.18,612,612.68,619.83,629.22,645.93,681.01,761.71,688.46,746.36,658.33,630.56,593.46,563.63,561.04,804.18,716.86,753.88,761.49,0.275,628.7,574,573.48,572.01,557.41,673.26
757.96,1203.5,554.35,545.39,584.8,637.36,620.26,670.82,567.2,606.32,610.65,584.47,662.87,590.47,598.84,571.47,573.63,537.55,534.14,586.8,577.59,593.33,590.5,607.05,621.27,641.42,662.74,619.75,661.4,739.94,653.25,773.82,0,656.39,733.16,781.09,793.06,556.5,563.25,554.89,548.32,547.46,535.41,534.73,546.37,550.63,563.81,557.6,589.24,596.97,581.85,581.28,587.18,603.47,598.65,580.37,579.02,564.25,539,549.17,587.9,536.59,558.61,528.11,528.27,559.72,589.61,611.85,617.84,618.53,625.68,635.07,651.78,686.86,767.56,694.31,752.74,664.18,636.33,598.96,569.3,566.71,810.55,723.23,760.34,0.493,766.94,634.11,579.49,579.15,577.68,563.17,679.37
836.61,1202.9,610.31,563.74,582.3,673.08,607.24,736.52,623.76,668.4,672.73,650.18,728.57,656.17,644.48,637.17,633.54,595.72,592.61,661.23,584.93,667.75,597.63,709.41,686.59,717.73,697.78,682.64,777.42,663.92,851.71,650.54,656.39,0,595.27,639.59,651.57,613.06,608.88,563.85,565,574.18,590.11,589.66,602.33,609.76,623.72,603.9,576.22,632.37,617.24,617,574.16,669.18,664.35,646.07,644.73,629.95,604.7,611.25,649.98,602.82,628.76,586.58,586.45,648.54,691.96,727.87,816.16,816.98,826.23,0.853,816.32,765.51,846.21,772.96,679.56,622.42,615.16,598.36,576.43,574.06,624.79,585.35,647.04,644.07,643.67,669.16,644.81,653.58,652.1,639.48,666.35
687.44,1151.6,519.67,508.47,532.08,593.6,606.99,637.63,526.74,571.74,576.07,551.28,629.68,557.28,562.42,538.28,542.35,501.97,498.84,550.29,533.66,555.04,546.56,566.62,577.85,609.1,608.37,566.89,606.71,695.25,593.29,726.78,733.16,595.27,0,698.56,710.53,516.04,526.82,514.6,509.27,511.38,498.01,498.62,511.69,513.82,532.53,522.02,577.58,552.73,537.6,537.52,573.91,570.28,565.45,547.18,545.83,531.05,505.8,514.59,553.32,502.91,534.62,492.81,492.7,528.46,549.17,557.16,557.96,558.57,565.4,573.95,587.73,616.34,697.04,623.79,670.2,605.9,584.45,547.03,525.37,522.78,830.58,0.397,829.22,720.83,719.91,579.74,536.08,540.87,541.16,530.85,667.7
737.89,1189.1,531.72,532.31,569.85,602.32,627.09,644.25,537.61,579.61,583.94,557.9,636.3,563.9,573.08,544.9,551.13,506.39,503.16,575.43,566.06,580.87,579.5,595.31,608.65,630.05,652.78,610.51,642.76,743.18,635.71,774.71,781.09,639.59,698.55,0,0.479,526.91,537.48,543.6,532.39,532.42,509.8,511.74,523.74,522.05,541.3,545.72,598.59,561.61,546.49,546.24,594.01,576.9,572.07,553.8,552.45,537.67,512.42,522.46,561.19,510.55,549.51,497.13,497.11,548.88,577.86,593.21,600.3,600.98,608.62,618.27,633.88,666.79,747.49,674.24,724.58,652.8,620.1,584.56,558.3,555.19,723.36,688.63,775.71,768.76,767.84,624.16,566.88,566.7,566.3,551.8,688.72
749.87,1201.1,543.69,544.28,581.83,614.29,639.06,656.22,549.58,591.59,595.91,569.87,648.27,575.87,585.05,556.87,563.1,518.36,515.13,587.4,578.04,592.85,591.47,607.28,620.63,642.02,664.76,622.48,654.73,755.16,647.68,786.69,793.06,651.57,710.53,0.479,0,538.88,549.45,555.57,544.36,544.4,521.78,523.71,535.71,534.03,553.28,557.7,610.57,573.59,558.46,558.22,605.99,588.87,584.05,565.77,564.42,549.65,524.4,534.44,573.16,522.52,561.48,509.11,509.09,560.86,589.83,605.18,612.27,612.96,620.6,630.25,645.85,678.77,759.47,686.22,736.55,664.78,632.08,596.54,570.27,567.16,735.33,700.61,787.69,780.74,779.81,636.13,578.86,578.67,578.28,563.78,700.69
665.94,1205.2,626.26,660.28,620.46,610.92,622.51,669.59,0.428,606.57,610.9,583.23,661.63,589.24,794.54,570.24,572.42,492.97,489.28,532.39,661.58,540.1,668.58,560.76,571.26,587,565.64,535.98,618.49,535.52,608.08,550.83,556.5,613.06,516.04,526.91,538.88,0,758.95,683.53,675.84,635.96,763.45,662.92,618.29,559.19,562.59,548.07,594.34,570.05,554.92,554.84,589.44,602.24,597.41,579.13,577.78,563.01,537.76,549.42,588.15,535.35,502.53,483.26,483.69,506.36,543.31,568.94,572.6,573.36,581.8,591.73,602.05,594.84,675.54,602.29,537.75,556.08,575.62,600.61,647.38,650.7,509.75,506.11,545.5,544.18,543.96,537.01,529.49,525.92,523.27,508.75,684.47
676.8,1220.9,622.55,680.56,640.47,620.22,611.78,671.93,769.64,608.65,612.97,585.58,663.98,591.58,1.424,572.58,574.37,498.8,495.39,536.24,682.07,542.76,689.08,569.87,567.63,593.47,571.06,535.4,622.47,547.63,605.68,557.58,563.24,608.88,526.82,537.48,549.45,758.94,0,726.33,691.84,643.43,720.65,652.1,614.57,559.86,564.54,550.35,580.3,579.35,564.23,564.15,578.7,604.58,599.75,581.48,580.13,565.35,540.1,551.5,590.22,538.23,504.66,489.37,489.52,511.78,552.42,572.92,570.27,570.96,578.59,587.56,598.84,605.7,686.4,613.15,547.67,570.06,593.26,616.34,667.88,671.2,520.27,516.89,552.57,550.92,550.7,542.43,525.85,528.59,527.12,515.22,670.43
640.17,1267,590.6,688.18,662.87,593.98,560.56,650.15,694.23,586.32,590.65,563.81,642.21,569.8,761.93,550.81,549.9,483.72,480.94,518.96,733.18,524.9,735.02,553.98,549.39,579.77,552.33,512.57,585.22,541.5,565.78,549.04,554.89,563.85,514.6,543.6,555.57,683.53,726.33,0,686.46,626.93,645.23,609.48,582.62,533.12,540.07,539.43,527.89,553.28,538.15,537.91,527.48,582.8,577.98,559.71,558.36,543.58,518.33,529.17,567.9,516.45,492.32,474.92,474.44,499.13,536.53,535.67,530.59,531.06,536.28,542.52,552.99,569.07,649.77,576.52,553.83,581.62,627,662.38,713.82,722.3,526.02,504.67,545.54,542.56,542.16,523.7,507.61,510.72,509.84,501.51,618.02
639.58,1218.8,617.3,687.29,629.02,592.76,558.67,656.61,686.54,598.25,602.58,570.26,648.66,576.26,727.44,557.26,564.67,484.49,481.08,524.62,678.85,531.14,684.37,554.04,554.61,582.97,551.78,514.61,586.38,532.68,567.61,542.47,548.32,565,509.27,532.39,544.36,675.84,691.84,686.46,0,647.7,656.82,645.36,609.32,552.1,554.85,550.56,526.01,552.05,536.93,536.69,525.6,589.26,584.44,566.16,564.81,550.04,524.79,541.1,579.83,521.84,499,475.06,475.21,502.33,536.59,536.83,532.42,532.88,537.6,543.68,553.8,568.48,649.18,575.93,543.99,558.83,584.01,614.27,663.17,667.97,516.7,499.35,538.97,535.99,535.6,523.16,512.83,516.97,515.5,504.72,616.13
641.34,1190.5,653.67,624.07,607.14,601.97,552.58,693.77,646.66,637.64,641.97,607.42,685.82,613.42,679.03,594.42,596.96,507.71,504.3,554.16,635.45,559.51,643.93,569.96,572.57,615.65,560.45,525.35,595.56,535.12,576.26,541.79,547.46,574.18,511.38,532.42,544.4,635.96,643.43,626.93,647.7,0,653.78,652.18,645.7,599.97,587.13,581.91,519.91,561.26,546.13,545.89,519.5,626.42,621.6,603.32,601.97,587.2,561.95,580.49,619.22,558.46,541.05,498.27,498.43,535.54,552.51,546.01,541.07,541.53,546.76,552.85,562.7,570.24,650.94,577.69,539.76,548.86,561.9,585.93,622.73,624.58,519.29,501.46,536.79,535.13,534.91,531.83,530.8,545.33,545.04,537.39,610.04
645.75,1178.6,641.57,633.79,598.75,602.82,602.45,664.03,774.15,605.5,609.83,577.68,656.08,583.68,756.25,564.68,571.92,487.12,483.71,529.42,634.88,535.52,641.88,551.63,561.33,586.36,554.07,523.43,599.85,521.42,585.88,529.74,535.41,590.11,498.01,509.8,521.78,763.45,720.65,645.23,656.82,653.78,0,692.25,633.6,565.39,562.1,555.69,573.34,562.11,546.99,546.74,569.37,596.68,591.86,573.58,572.23,557.46,532.21,548.36,587.08,528.73,506.48,477.69,477.85,505.5,534.17,550.3,550.4,551.16,558.99,568.78,578.31,574.65,655.35,582.1,519.57,537.58,553.96,574.01,620.68,624,490.19,488.09,524.18,523.09,522.86,525.44,519.55,521.34,520.3,508.11,663.46
645.59,1161.3,700.53,603.16,581.5,619.07,609.64,682.95,673.62,629.39,633.71,596.6,675,602.6,687.7,583.6,597.2,515.27,511.86,553.85,608.48,559.78,616.96,570.28,576.28,618.13,554.9,526.8,605.61,520.61,588.3,529.06,534.73,589.66,498.61,511.74,523.71,662.92,652.1,609.48,645.36,652.18,692.25,0,692.55,599.2,587.38,594.13,578.82,578.2,563.07,562.99,576.57,615.6,610.78,592.5,591.15,576.38,551.13,572.24,610.96,547.11,546.85,505.83,505.99,543.36,552.83,556.06,552.97,553.58,560.41,568.33,574.77,574.49,655.19,581.94,520.49,531.01,538.37,556.77,595.76,597.6,489.51,488.69,524.06,522.41,522.19,526.28,534.51,545.61,544.72,539.88,668.94
655.96,1163.9,0.319,578.88,578.85,631.74,620.74,697.58,628.99,644.01,648.34,611.23,689.63,617.23,650.17,598.23,611.83,528.07,524.66,566.52,592.83,572.46,604.04,582.95,588.96,630.81,567.58,538.96,618.29,531.75,600.98,540.7,546.37,602.33,511.69,523.74,535.71,618.29,614.57,582.62,609.32,645.7,633.6,692.56,0,621.62,602,604.86,591.86,590.87,575.75,575.67,587.67,630.23,625.4,607.13,605.78,591,565.75,586.87,625.59,561.73,563.42,518.63,518.79,559.94,565.5,568.74,565.64,566.25,573.09,581.01,588.01,584.86,665.56,592.31,534.82,535.03,542.04,559.29,582.84,581.95,502.45,501.77,535.7,534.05,533.83,538.95,547.18,558.28,557.4,552.56,681.99
647.5,1153.6,629.6,533.3,543.83,690.02,629.41,785.56,569.89,748.33,752.66,699.22,777.62,705.21,595.46,686.22,705.35,628.3,624.57,645.75,552.16,647.15,563.59,645.23,623.22,720.96,575.98,553.13,645.74,535.19,618.7,545.13,550.63,609.76,513.82,522.05,534.03,559.19,559.86,533.12,552.1,599.97,565.39,599.2,621.62,0,695.53,609.14,598.4,649.15,634.03,633.95,596.34,718.22,713.39,695.12,693.76,678.99,653.74,691.18,729.91,647.58,692.39,618.54,619.02,669.08,627.78,596.19,583.8,583.98,585.99,588.44,589.42,576.4,657.1,583.85,529.33,523.46,529.39,549.04,542.39,541.29,503.93,503.9,538.64,538.31,538.26,547.36,581.44,632.97,636.62,642.71,688.52
665.38,1166.1,609.98,539.97,558.53,655,593.32,757.36,573.29,702.76,707.08,671.01,749.41,677.01,600.14,658.01,0.393,580.08,576.35,611.66,561.67,617.6,574.95,618.54,633.73,672.98,594.92,574.92,648.31,554.13,628.09,558.14,563.81,623.72,532.52,541.3,553.28,562.59,564.54,540.07,554.85,587.13,562.1,587.38,602,695.53,0,649.39,561.48,614.13,599.01,598.93,560.24,690.01,685.19,666.91,665.56,650.79,625.54,645.61,684.33,622.05,615.7,570.33,570.8,610.55,601.09,598.76,592.92,593.36,597.78,602.39,604.9,594.28,674.98,601.73,548.55,543.52,543.05,561.55,553.75,550.79,524.65,522.6,552.52,551.48,551.26,566.3,591.95,603.42,602.54,594.73,651.6
666.81,1158.2,612.83,535,550.75,617.12,529.47,723.91,558.77,660.97,665.3,637.56,715.96,643.56,585.95,624.56,659.22,538.87,535.78,603.54,558.63,611.25,570.06,604.65,647.26,657.09,597.13,584.09,625.27,558.23,606.16,551.92,557.6,603.9,522.02,545.72,557.7,548.07,550.35,539.43,550.56,581.91,555.69,594.13,604.86,609.14,649.39,0,497.63,576.58,561.45,561.05,496.39,656.56,651.73,633.46,632.11,617.33,592.08,603.82,642.55,589.19,580.65,529.75,529.59,583.64,587.2,575.72,570.97,571.44,576.5,582.57,592.41,595.71,676.41,603.16,554.56,546.02,542.83,553.67,548.86,547.76,528.85,512.09,546.36,545.27,545.05,568.5,605.49,597.08,594.42,578.83,587.75
678.69,1253.6,599.84,527.28,602.96,28.492,7.926,30.296,605.04,669.97,674.29,23.872,30.568,25.264,615.9,26.952,571.3,553.96,550.25,530.94,564.24,533.34,583.05,551.33,526.98,608.69,545.99,498.46,581.4,556.72,565.78,583.13,589.24,576.22,577.58,598.59,610.57,594.34,580.3,527.89,526.01,519.91,573.34,578.82,591.86,598.4,561.48,497.63,0,5.28,6.49,19.52,5.28,19.52,20.292,23.216,23.432,25.796,29.836,612.81,651.54,635.93,577.57,544.23,544.68,567.58,533.88,531.85,530.16,531.06,541.11,554.9,574.28,607.59,688.29,615.04,608.72,581.09,608.12,649.03,561.85,553.36,568.91,567.65,581.88,576.92,576.26,517.36,485.21,519.16,521.82,530.44,3.605
677.97,1219.7,598.85,552.88,580.82,8.966,7.926,9.868,580.75,724.11,728.44,6.656,10.004,7.352,614.95,8.196,623.96,647.44,644.03,633.03,577.74,634.24,591.91,654.59,609.12,717.61,599.47,565.87,665.52,575.07,639.48,591.45,596.97,632.37,552.73,561.61,573.59,570.05,579.35,553.27,552.05,561.26,562.11,578.2,590.87,649.15,614.13,576.58,5.28,0,0.605,4.48,5.28,4.48,4.866,6.328,6.436,7.618,9.638,666.96,705.69,695.52,708.08,638,638.16,689.21,637.14,615.97,604.5,604.76,607.57,611.04,614.18,606.87,687.57,614.32,574.2,579.62,583.94,615.1,570.71,566.87,540.64,542.8,584.54,584.65,584.57,570.85,567.34,620.07,623.9,639.36,12.49
662.85,1204.5,583.72,537.75,565.69,7.756,9.136,8.658,565.62,708.99,713.31,5.446,8.794,6.142,599.83,6.986,608.83,632.31,628.9,617.9,562.62,619.12,576.79,639.47,593.99,702.49,584.35,550.74,650.39,559.95,624.36,576.32,581.85,617.24,537.6,546.49,558.46,554.92,564.23,538.15,536.93,546.13,546.99,563.07,575.75,634.03,599.01,561.45,6.49,0.605,0,3.27,6.49,3.27,3.656,5.118,5.226,6.408,8.428,651.84,690.56,680.4,692.96,622.88,623.04,674.09,622.02,600.84,589.38,589.63,592.44,595.92,599.06,591.75,672.45,599.2,559.08,564.49,568.81,599.97,555.59,551.75,525.52,527.68,569.42,569.52,569.45,555.72,552.22,604.94,608.78,624.24,13.7
662.67,1204.5,583.64,537.51,565.61,2.243,24.812,8.658,565.54,708.91,713.23,5.446,8.794,6.142,599.74,6.986,608.75,632.23,628.82,617.34,562.54,618.55,576.54,639.13,593.59,702.24,583.84,550.34,650.15,559.65,624.11,575.76,581.28,617,537.52,546.24,558.22,554.84,564.14,537.91,536.69,545.89,546.74,562.99,575.67,633.95,598.93,561.05,19.52,4.48,3.27,0,19.52,3.27,3.656,5.118,5.226,6.408,8.428,651.76,690.48,680.32,692.88,622.8,622.96,674.01,621.67,600.6,589.13,589.39,592.2,595.68,598.98,591.57,672.27,599.02,558.67,564.09,568.57,599.89,555.34,551.66,525.44,527.6,569.14,568.96,568.88,555.22,551.81,604.38,608.21,623.99,33.94
675.7,1248.8,595.64,526.87,599.13,28.492,1.323,30.296,600.13,667.9,672.23,23.872,30.568,25.264,614.3,26.952,570.07,551.58,548.17,529.63,563.82,532.1,582.64,550.92,525.75,607.46,544.75,497.23,580.99,554.66,564.46,581.07,587.18,574.16,573.91,594.01,605.99,589.44,578.7,527.48,525.6,519.5,569.37,576.57,587.67,596.34,560.24,496.39,5.28,5.28,6.49,19.52,0,19.52,20.292,23.216,23.432,25.796,29.836,610.76,649.48,633.87,577.16,542.14,542.3,567.17,533.47,531.44,528.84,529.74,539.79,552.84,572.22,604.6,685.3,612.05,604.16,579.03,603.91,644.22,561.44,552.95,565.21,563.99,579.82,574.86,574.2,516.13,483.97,517.93,520.5,529.21,12.49
696,1216.5,638.2,582.84,604.77,7.756,24.812,2.694,612.94,794.87,799.19,1.088,2.762,1.436,640.18,1.858,699.84,744.77,741.04,721.22,607.31,721.84,621.57,722.81,692.44,805.06,641.07,619.26,720.35,598.97,685.95,597.89,603.47,669.18,570.28,576.9,588.87,602.24,604.58,582.8,589.26,626.42,596.68,615.6,630.23,718.22,690.01,656.56,19.52,4.48,3.27,3.27,19.52,0,0.193,0.924,0.978,1.569,2.579,737.72,776.44,769,808.86,735.01,735.49,785.55,705.37,670.8,657.57,651.22,650.53,647.85,642.94,624.9,705.6,632.35,576.14,580.7,598.29,611.89,600.37,596.44,567.57,560.35,592.02,591.15,591.01,612.45,650.67,707.67,712.09,726.81,33.94
691.17,1211.6,633.38,578.02,599.95,8.142,25.584,2.887,608.11,790.04,794.37,0.895,2.569,1.243,635.35,1.665,695.01,739.94,736.22,716.39,602.49,717.02,616.75,717.99,687.62,800.24,636.25,614.44,715.52,594.15,681.13,593.06,598.65,664.35,565.45,572.07,584.05,597.41,599.75,577.98,584.44,621.6,591.86,610.78,625.4,713.39,685.19,651.73,20.292,4.866,3.656,3.656,20.292,0.193,0,0.731,0.785,1.376,2.386,732.89,771.62,764.17,804.03,730.19,730.67,780.73,700.54,665.97,652.74,646.4,645.7,643.02,638.11,620.07,700.77,627.52,571.31,575.88,593.47,607.07,595.55,591.61,562.74,555.53,587.2,586.32,586.19,607.62,645.84,702.84,707.27,721.99,34.712
672.9,1193.4,615.1,559.74,581.67,9.604,28.508,3.618,589.84,771.77,776.09,0.164,3.3,0.512,617.08,0.934,676.74,721.67,717.94,698.12,584.21,698.74,598.47,699.72,669.34,781.96,617.97,596.16,697.25,575.87,662.85,574.79,580.37,646.07,547.18,553.8,565.77,579.14,581.48,559.71,566.16,603.32,573.58,592.5,607.13,695.12,666.91,633.46,23.216,6.328,5.118,5.118,23.216,0.924,0.731,0,0.054,0.645,1.655,714.62,753.34,745.9,785.76,711.92,712.39,762.45,682.27,647.7,634.47,628.13,627.43,624.75,619.84,601.8,682.5,609.25,553.04,557.6,575.19,588.79,577.27,573.34,544.47,537.25,568.92,568.05,567.91,589.35,627.57,684.57,688.99,703.71,37.636
671.55,1192,613.75,558.39,580.32,9.712,28.724,3.672,588.49,770.42,774.74,0.218,3.354,0.458,615.73,0.88,675.39,720.32,716.59,696.77,582.86,697.39,597.12,698.37,667.99,780.61,616.62,594.81,695.9,574.52,661.5,573.44,579.02,644.72,545.83,552.45,564.42,577.78,580.13,558.36,564.81,601.97,572.23,591.15,605.78,693.76,665.56,632.11,23.432,6.436,5.226,5.226,23.432,0.978,0.785,0.054,0,0.591,1.601,713.27,751.99,744.55,784.41,710.57,711.04,761.1,680.91,646.35,633.12,626.77,626.08,623.4,618.49,600.45,681.15,607.9,551.69,556.25,573.84,587.44,575.92,571.99,543.12,535.9,567.57,566.7,566.57,587.99,626.22,683.22,687.64,702.36,37.852
656.77,1177.2,598.98,543.62,565.55,10.894,31.088,4.263,573.71,755.64,759.97,0.809,3.945,1.049,600.95,0.289,660.61,705.54,701.82,681.99,568.09,682.62,582.35,683.59,653.22,765.84,601.85,580.04,681.12,559.75,646.73,558.66,564.25,629.95,531.05,537.67,549.65,563.01,565.35,543.58,550.04,587.2,557.46,576.38,591,678.99,650.79,617.33,25.796,7.618,6.408,6.408,25.796,1.569,1.376,0.645,0.591,0,1.01,698.49,737.22,729.77,769.63,695.79,696.27,746.32,666.14,631.57,618.34,612,611.3,608.63,603.71,585.67,666.37,593.12,536.91,541.47,559.07,572.67,561.15,557.21,528.34,521.13,552.8,551.92,551.79,573.22,611.44,668.44,672.87,687.59,40.216
631.52,1152,573.73,518.37,540.3,12.914,35.128,5.273,548.46,730.39,734.72,1.819,4.955,2.059,575.7,1.299,635.36,680.29,676.57,656.74,542.84,657.37,557.1,658.34,627.97,740.59,576.59,554.79,655.87,534.5,621.48,533.42,539,604.7,505.8,512.42,524.4,537.76,540.1,518.33,524.79,561.95,532.21,551.13,565.75,653.74,625.54,592.08,29.836,9.638,8.428,8.428,29.836,2.579,2.386,1.655,1.601,1.01,0,673.24,711.97,704.52,744.38,670.54,671.02,721.07,640.89,606.32,593.09,586.75,586.05,583.38,578.46,560.42,641.12,567.87,511.66,516.22,533.82,547.42,535.9,531.96,503.09,495.88,527.55,526.67,526.54,547.97,586.19,643.19,647.62,662.34,44.256
642.92,1156.1,594.84,529.28,546.35,707.83,643.83,805.07,560.12,2.286,2.459,718.72,797.12,724.72,587.1,705.72,655.43,646.1,642.38,650.18,551.14,651.39,564.02,650.76,626.34,730.29,576.83,553.98,649.98,536.04,621.98,543.54,549.17,611.25,514.59,522.46,534.44,549.42,551.5,529.17,541.1,580.49,548.35,572.24,586.87,691.18,645.61,603.82,612.82,666.96,651.84,651.76,610.76,737.72,732.89,714.62,713.27,698.49,673.24,0,1.549,667.08,710.2,636.35,636.83,686.89,633.31,600.43,588.04,587.25,589.23,589.93,589.59,571.82,652.52,579.27,523.4,523.78,534.23,551.56,542.82,540.26,504.78,504.67,537.84,536.85,536.66,548.2,584.56,637.22,641.05,652.04,702.94
681.64,1194.9,633.57,568,585.07,746.56,682.56,843.79,598.85,0.737,0.91,757.44,835.84,763.44,625.82,744.44,694.16,684.83,681.1,688.9,589.86,690.12,602.75,689.48,665.06,769.01,615.55,592.7,688.7,574.76,660.7,582.26,587.9,649.98,553.32,561.19,573.16,588.15,590.22,567.9,579.83,619.22,587.08,610.96,625.59,729.91,684.33,642.55,651.54,705.69,690.56,690.48,649.48,776.44,771.62,753.34,751.99,737.22,711.97,1.549,0,705.8,748.92,675.08,675.55,725.61,672.03,639.15,626.76,625.98,627.96,628.65,628.31,610.54,691.25,618,562.12,562.5,572.95,590.28,581.54,578.99,543.5,543.39,576.56,575.57,575.38,586.93,623.29,675.94,679.77,690.76,741.67
629.65,1150.7,569.71,516.49,537.35,736.39,666.95,836.35,546.05,724.23,728.56,750,828.4,756,573.83,737,631.87,770.05,763.14,657.01,540.96,657.64,555.22,659.14,628.24,741.93,576.1,554.52,656.14,533.51,620.64,531,536.59,602.82,502.91,510.55,522.52,535.35,538.23,516.45,521.84,558.46,528.73,547.11,561.73,647.58,622.05,589.19,635.94,695.52,680.4,680.32,633.88,769,764.17,745.9,744.55,729.77,704.52,667.08,705.8,0,750.01,757.12,760.78,726.7,641.69,606.59,593.36,585.92,584.26,581.5,576.58,558.55,639.25,566,508.74,514.35,531.94,546.16,534.02,530.09,501.53,492.99,525.13,524.26,524.13,547.47,586.46,643.46,647.89,663.68,726.06
671.39,1142.5,571.4,492.36,527.73,748.95,610.24,876.21,513.23,767.35,771.67,789.86,868.26,795.86,540.26,776.86,625.52,768.19,768.6,648.13,520.06,648.81,535.79,670.41,615.73,735.15,580.97,554.6,675.68,544.6,641.14,552.85,558.61,628.76,534.62,549.51,561.48,502.53,504.66,492.32,499,541.05,506.48,546.85,563.42,692.39,615.7,580.65,577.57,708.08,692.96,692.88,577.16,808.86,804.03,785.76,784.41,769.63,744.38,710.2,748.92,750.01,0,762.57,758.91,685.16,652.96,626.13,611.05,606.41,606.89,607.44,608.42,600.29,680.99,607.74,547.98,527.67,526.24,537.92,514.59,509.18,532.66,524.7,548.33,546.29,545.98,552.34,573.95,634.64,639,656.9,667.7
