0,215.32,130.06,105.16,92.54,151.55,157.58,147.52,128.39,136.14,137.01,130.25,145.93,131.45,128.64,127.65,122.39,121.48,120.68,115.9,105.66,116.61,106.62,119.57,109,131.34,104.15,99.176,123.44,99.6,17.628,102.15,103.28,15.752,84.853,107.33,109.73,126.25,121.52,105.13,105.24,105.91,122.94,123.59,128.46,123.87,120.42,102.51,153.02,143.7,140.68,140.34,150.96,134.05,133.09,129.43,129.16,126.21,121.16,124.72,132.46,119.82,121.5,119.47,119.63,115.95,116.08,113.53,112.65,14.85,14.046,14.046,5.053,2.844,5.476,2.546,6.581,97.714,99.875,94.401,102.38,103.48,103.13,82.868,101.15,100.82,100.77,98.42,100.65,113.78,114.07,115.69,171.05
215.32,0,191.59,188.43,213.82,242.1,247.87,239.33,189.58,219.31,220.18,222.06,237.74,223.26,196.43,219.46,205.92,216.23,215.74,212.71,201.75,212.84,204.19,220.95,200.92,229.29,194.83,191.1,224.82,183.89,225.55,185.64,186.69,219.3,179.31,180.92,183.32,187.44,189.31,198.52,188.36,186.35,184.45,185.12,190,203.64,203.96,191.04,243.31,233.99,230.97,230.89,241.25,225.86,224.9,221.24,220.97,218.02,212.97,207.88,215.63,213.24,214.26,214.53,214.37,213.9,217.46,214.91,211.66,218.6,216.59,215.03,212.14,201.1,217.24,202.59,182.41,198.4,204.2,24.183,199.95,199.58,176.71,177.33,183.89,184.22,184.26,189.11,192.57,210,210.89,213.64,261.34
130.06,191.59,0,52.325,69.927,97.669,86.676,106.02,59.641,88.406,89.271,88.749,104.43,89.949,62.76,86.149,72.178,71.559,70.75,70.474,59.836,71.189,63.746,85.755,72.877,85.912,80.863,71.887,92.209,76.876,140.84,84.121,85.431,135.6,89.491,95.367,97.762,57.501,55.64,52.361,56.071,55.394,61.483,83.684,0.319,74.432,70.213,58.945,80.473,89.56,86.535,86.454,80.061,92.549,91.584,87.929,87.659,84.704,79.654,76.976,84.721,79.922,69.236,69.545,69.704,70.527,82.265,82.299,81.417,133.89,131.88,131.33,126.88,115.84,131.98,117.33,97.154,76.837,70.426,70.679,59.506,57.661,88.352,87.506,84.621,82.966,82.746,75.138,64.522,68.354,68.649,70.262,98.498
105.16,188.43,52.325,0,70.467,93.482,99.248,91.866,61.538,72.734,73.599,74.596,90.276,75.796,68.598,71.996,63.879,68.175,67.684,77.186,70.058,79.081,72.492,84.109,75.902,86.172,76.635,70.154,95.043,68.436,115.49,70.985,72.119,109.43,66.598,68.208,70.603,59.398,61.478,64.757,64.64,51.317,54.403,47.805,50.73,58.76,61.914,61.97,94.693,85.373,82.348,82.267,92.633,78.396,77.431,73.776,73.506,70.551,65.501,61.304,69.049,65.769,66.397,66.479,66.32,69.727,80.619,85.133,85.672,108.55,106.54,105.17,101.99,90.943,107.08,92.433,72.258,70.027,63.544,67.519,68.252,67.883,63.999,64.613,69.985,69.654,69.61,70.91,67.547,76.246,75.361,70.522,112.72
92.54,213.82,69.927,70.467,0,111.88,117.65,109.11,72.797,89.092,89.957,91.842,107.52,93.042,79.638,89.242,77.137,86.009,85.518,87.349,92.84,88.064,96.012,94.328,77.652,100.78,68.335,64.878,98.319,57.396,97.095,59.945,61.079,91.853,55.507,58.146,60.541,70.657,72.518,87.485,70.242,62.213,66.084,65.407,68.332,73.422,75.172,70.43,113.09,103.77,100.75,100.67,111.03,95.642,94.677,91.022,90.752,87.797,82.747,77.662,85.407,83.015,84.045,84.313,84.154,84.868,90.838,88.409,85.443,90.15,88.14,87.588,89.365,78.32,94.46,79.81,59.635,75.541,77.702,92.903,91.772,90.665,53.937,53.522,58.945,58.614,58.57,62.61,69.297,85.229,85.524,85.133,131.12
151.55,242.1,97.669,93.482,111.88,0,33.784,13.144,105.54,95.367,96.232,9.932,13.28,10.628,108.66,11.472,83.304,55.217,54.408,63.683,101.14,65.578,105.05,71.138,82.417,72.669,90.932,81.427,85.205,93.897,165.01,101.14,102.45,157.56,106.2,112,114.39,103.4,101.54,93.662,93.107,91.076,96.554,95.099,96.074,83.089,81.339,77.583,28.492,8.966,7.756,2.243,28.492,7.756,8.142,9.604,9.712,10.894,12.914,83.937,91.682,85.297,52.894,53.203,53.362,56.224,67.648,75.295,77.941,158.06,156.05,153.29,148.38,137.33,153.47,138.82,118.65,101.54,112.35,121.19,100.81,98.962,104.98,104.21,101.64,99.987,99.767,85.207,74.062,62.743,61.858,57.019,42.912
157.58,247.87,86.676,99.248,117.65,33.784,0,35.588,101.42,76.558,77.423,29.164,35.86,30.556,111.98,32.244,74.887,46.649,46.158,61.826,106.9,64.311,110.81,66.871,88.183,67.586,96.698,87.193,86.036,99.663,171.03,106.91,108.22,163.58,111.96,117.92,120.32,99.279,104.86,99.428,98.873,96.842,91.391,88.006,85.081,67.672,72.922,83.276,7.926,7.926,9.136,24.812,1.323,24.812,25.584,28.508,28.724,31.088,35.128,65.128,72.873,61.048,45.061,44.953,44.794,50.611,63.381,76.126,80.536,164.09,162.08,159.32,154.4,143.36,159.5,144.85,124.67,107.31,118.11,126.95,106.57,104.73,110.91,109.98,107.41,105.75,105.53,90.973,79.828,61.476,60.001,51.936,15.136
147.52,239.33,106.02,91.866,109.11,13.144,35.588,0,108.79,115.84,116.7,3.782,5.456,4.13,109.62,4.552,97.986,88.558,87.749,85.663,99.521,86.378,103.43,91.76,88.125,101.1,90.748,81.243,96.148,93.713,160.98,100.96,102.27,153.53,103.59,109.07,111.47,106.65,102.5,92.046,91.491,89.46,101.65,101.5,104.42,101.87,96.021,84.753,30.296,9.868,8.658,8.658,30.296,2.694,2.887,3.618,3.672,4.263,5.273,104.41,112.15,108.49,91.813,86.544,86.703,90.703,88.27,86.238,85.356,154.03,152.02,149.26,144.35,133.3,149.44,134.79,114.62,101.36,110.47,118.42,99.191,97.346,102.06,101.6,101.46,99.803,99.583,85.023,79.77,83.543,83.838,85.451,44.716
128.39,189.58,59.641,61.538,72.797,105.54,101.42,108.79,0,85.713,86.578,91.518,107.2,92.718,78.603,88.918,70.695,80.257,80.084,78.947,67.22,79.662,70.392,95.16,78.119,94.385,82.084,74.402,100.68,78.097,139.47,85.342,86.652,133.81,90.421,95.244,97.639,0.428,71.483,61.646,61.313,51.535,72.071,55.121,58.046,70.043,68.73,62.188,95.216,97.596,94.571,94.328,94.804,95.318,94.353,90.698,90.428,87.473,82.423,74.283,82.028,83.763,79.034,78.879,78.402,79,91.67,90.772,89.89,132.52,130.51,129.55,125.22,114.17,130.31,115.67,95.49,76.726,68.416,68.669,66.152,65.045,89.154,88.436,85.842,84.187,83.967,76.359,69.764,76.827,77.122,78.735,113.24
136.15,219.31,88.406,72.734,89.092,95.367,76.558,115.84,85.713,0,1.647,98.569,114.25,99.769,88.832,95.969,82.579,71.995,71.186,75.48,80.317,76.195,84.227,80.115,77.942,89.986,80.697,71.192,86.097,83.662,148.55,90.907,92.217,142.15,91.943,97.428,99.823,83.573,81.712,72.842,72.509,71.832,79.617,83.886,86.811,91.814,80.614,69.346,70.355,87.258,84.233,84.152,69.943,102.37,101.4,97.749,97.479,94.524,89.474,2.286,0.737,88.67,75.25,69.981,70.14,74.14,76.625,76.187,75.305,141.61,139.6,137.89,132.97,121.93,138.06,123.42,103.24,91.307,92.563,98.397,79.987,78.142,90.413,89.958,91.407,89.752,89.532,74.972,69.587,73.36,73.655,74.336,88.38
137.01,220.18,89.271,73.599,89.957,96.232,77.423,116.7,86.578,1.647,0,99.434,115.11,100.63,89.697,96.834,83.444,72.86,72.051,76.345,81.182,77.06,85.092,80.98,78.807,90.851,81.562,72.057,86.962,84.527,149.42,91.772,93.082,143.02,92.808,98.293,100.69,84.438,82.577,73.707,73.374,72.697,80.482,84.751,87.676,92.679,81.479,70.211,71.22,88.123,85.098,85.017,70.808,103.23,102.27,98.614,98.344,95.389,90.339,2.459,0.91,89.535,76.115,70.846,71.005,75.005,77.49,77.052,76.17,142.47,140.46,138.75,133.84,122.79,138.93,124.28,104.11,92.172,93.428,99.262,80.852,79.007,91.278,90.823,92.272,90.617,90.397,75.837,70.452,74.225,74.52,75.201,89.245
130.25,222.06,88.749,74.596,91.842,9.932,29.164,3.782,91.518,98.569,99.434,0,3.464,0.676,92.348,1.098,80.716,71.288,70.479,68.393,82.251,69.108,86.161,74.49,70.855,83.831,73.478,63.973,78.878,76.443,143.71,83.688,84.998,136.26,86.318,91.803,94.198,89.378,85.228,74.776,74.221,72.19,84.384,84.229,87.154,84.595,78.751,67.483,23.872,6.656,5.446,5.446,23.872,1.088,0.895,0.164,0.218,0.809,1.819,87.139,94.884,91.219,74.543,69.274,69.433,73.433,71,68.968,68.086,136.76,134.75,131.99,127.08,116.03,132.17,117.52,97.346,84.088,93.195,101.15,81.921,80.076,84.788,84.333,84.188,82.533,82.313,67.753,62.5,66.273,66.568,68.181,38.292
145.93,237.74,104.43,90.276,107.52,13.28,35.86,5.456,107.2,114.25,115.11,3.464,0,3.812,108.03,4.234,96.396,86.968,86.159,84.073,97.931,84.788,101.84,90.17,86.535,99.511,89.158,79.653,94.558,92.123,159.39,99.368,100.68,151.94,102,107.48,109.88,105.06,100.91,90.456,89.901,87.87,100.06,99.909,102.83,100.27,94.431,83.163,30.568,10.004,8.794,8.794,30.568,2.762,2.569,3.3,3.354,3.945,4.955,102.82,110.56,106.9,90.223,84.954,85.113,89.113,86.68,84.648,83.766,152.44,150.43,147.67,142.76,131.71,147.85,133.2,113.03,99.768,108.88,116.83,97.601,95.756,100.47,100.01,99.868,98.213,97.993,83.433,78.18,81.953,82.248,83.861,44.988
131.45,223.26,89.949,75.796,93.042,10.628,30.556,4.13,92.718,99.769,100.63,0.676,3.812,0,93.548,1.338,81.916,72.488,71.679,69.593,83.451,70.308,87.361,75.69,72.055,85.031,74.678,65.173,80.078,77.643,144.91,84.888,86.198,137.46,87.518,93.003,95.398,90.578,86.428,75.976,75.421,73.39,85.584,85.429,88.354,85.795,79.951,68.683,25.264,7.352,6.142,6.142,25.264,1.436,1.243,0.512,0.458,1.049,2.059,88.339,96.084,92.419,75.743,70.474,70.633,74.633,72.2,70.168,69.286,137.96,135.95,133.19,128.28,117.23,133.37,118.72,98.546,85.288,94.395,102.35,83.121,81.276,85.988,85.533,85.388,83.733,83.513,68.953,63.7,67.473,67.768,69.381,39.684
128.64,196.42,62.76,68.598,79.638,108.66,111.98,109.62,78.603,88.832,89.697,92.348,108.03,93.548,0,89.748,76.877,83.376,83.203,89.51,74.061,90.225,77.233,100.05,85.179,101.93,88.925,81.243,110.67,84.696,138.83,91.941,93.251,132.84,90.077,91.687,94.082,76.463,1.424,72.209,68.373,58.376,71.468,58.24,61.165,73.162,74.912,69.029,105.78,100.72,97.69,97.447,105.37,96.148,95.183,91.528,91.258,88.303,83.253,77.402,85.147,84.057,82.153,81.998,81.521,85.483,96.561,100.76,99.35,131.88,129.88,128.57,125.47,114.42,130.56,115.91,95.737,80.462,73.979,75.51,72.993,71.886,87.478,88.092,92.434,90.786,90.566,83.2,76.824,87.39,87.685,86.278,123.8
127.65,219.46,86.149,71.996,89.242,11.472,32.244,4.552,88.918,95.969,96.834,1.098,4.234,1.338,89.748,0,78.116,68.688,67.879,65.793,79.651,66.508,83.561,71.89,68.255,81.231,70.878,61.373,76.278,73.843,141.11,81.088,82.398,133.66,83.718,89.203,91.598,86.778,82.628,72.176,71.621,69.59,81.784,81.629,84.554,81.995,76.151,64.883,26.952,8.196,6.986,6.986,26.952,1.858,1.665,0.934,0.88,0.289,1.299,84.539,92.284,88.619,71.943,66.674,66.833,70.833,68.4,66.368,65.486,134.16,132.15,129.39,124.48,113.43,129.57,114.92,94.746,81.488,90.595,98.547,79.321,77.476,82.188,81.733,81.588,79.933,79.713,65.153,59.9,63.673,63.968,65.581,41.372
122.39,205.92,72.178,63.879,77.137,83.304,74.887,97.986,70.695,82.579,83.444,80.716,96.396,81.916,76.877,78.116,0,59.932,59.123,69.28,71.462,70.585,74.732,73.248,74.497,80.731,79.026,69.521,82.217,79.977,126.1,87.122,88.344,120.86,84.649,87.127,89.522,68.555,69.757,63.987,63.654,65.073,64.177,69.608,70.583,70.301,0.393,64.283,68.684,75.195,72.17,72.089,68.272,84.516,83.551,79.896,79.626,76.671,71.621,71.149,78.894,71.353,63.176,57.918,58.077,64.286,69.758,72.307,73.189,119.15,117.14,116.59,119.21,108.17,124.31,109.66,89.482,83.178,81.11,85.01,70.492,69.287,82.918,82.664,86.872,85.879,85.747,73.301,66.142,67.75,67.455,65.081,86.709
121.48,216.23,71.559,68.175,86.009,55.217,46.649,88.558,80.257,71.995,72.86,71.288,86.968,72.488,83.376,68.688,59.932,0,70.864,58.245,75.83,58.96,79.74,66.833,60.707,73.683,65.821,56.316,71.221,68.786,134.94,76.031,77.341,127.49,78.368,83.853,86.248,78.117,76.256,68.355,67.8,64.981,71.268,68.989,69.964,59.717,57.967,54.211,41.27,47.108,44.083,44.002,40.034,75.088,74.123,70.468,70.198,67.243,62.193,60.565,68.31,68.975,68.732,69.659,0.371,61.27,63.343,61.311,60.429,128,125.99,123.23,118.31,107.27,123.41,108.75,88.58,76.431,87.016,95.314,75.5,73.655,76.838,76.383,76.531,74.876,74.656,60.096,52.352,56.125,56.42,58.033,59.295
120.68,215.74,70.75,67.684,85.518,54.408,46.158,87.749,80.084,71.186,72.051,70.479,86.159,71.679,83.203,67.879,59.123,70.864,0,57.436,75.339,58.151,79.249,66.342,59.898,72.874,65.33,55.825,70.73,68.295,133.95,75.54,76.85,126.68,77.559,83.044,85.439,77.944,76.083,67.864,67.309,64.172,71.095,68.18,69.155,58.908,57.158,53.402,40.779,46.299,43.274,43.193,39.543,74.279,73.314,69.659,69.389,66.434,61.384,59.756,67.501,67.848,68.559,0.241,69.009,60.779,62.852,60.82,59.938,127.01,125,122.42,117.5,106.46,122.6,107.95,87.771,75.94,86.525,94.823,75.009,73.164,76.029,75.574,76.04,74.385,74.165,59.605,51.543,55.316,55.611,57.224,58.804
115.9,212.71,70.474,77.186,87.349,63.683,61.826,85.663,78.947,75.48,76.345,68.393,84.073,69.593,89.51,65.793,69.28,58.245,57.436,0,83.281,82.037,86.453,82.791,76.238,90.898,79.686,71.693,90.935,79.175,118.22,83.858,84.992,112.98,77.334,78.944,81.339,76.807,82.39,77.366,76.811,73.447,71.812,69.854,68.879,64.82,67.315,66.024,56.447,55.574,52.549,52.468,55.211,72.193,71.228,67.573,67.303,64.348,59.298,64.05,71.795,58.494,73.343,56.231,56.39,74.453,79.301,81.025,80.143,111.28,109.27,108.72,112.72,101.68,117.82,103.17,82.994,81.27,87.753,91.796,82.213,81.106,74.735,75.349,82.858,82.527,82.483,73.961,67.883,79.202,0.365,75.248,74.472
105.66,201.75,59.836,70.058,92.84,101.14,106.9,99.521,67.22,80.317,81.182,82.251,97.931,83.451,74.061,79.651,71.462,75.83,75.339,83.281,0,84.586,103.72,91.537,80.235,93.827,77.723,72.754,100.51,67.323,112.19,69.872,71.006,106.95,67.677,69.287,71.682,65.08,66.941,97.412,69.833,56.636,60.507,55.316,58.241,66.343,69.497,67.289,102.35,93.028,90.003,89.922,100.29,86.051,85.086,81.431,81.161,78.206,73.156,68.887,76.632,73.424,74.052,74.134,73.975,77.382,88.047,90.596,89.561,105.25,103.23,102.68,102.48,91.438,107.58,92.928,72.753,75.132,77.293,80.84,99.485,0.435,65.078,65.692,68.872,68.541,68.497,71.998,71.88,81.751,81.456,78.177,120.37
116.61,212.84,71.189,79.081,88.064,65.578,64.311,86.378,79.662,76.195,77.06,69.108,84.788,70.308,90.225,66.508,70.585,58.96,58.151,82.037,84.586,0,87.758,83.506,78.133,91.023,80.991,72.998,92.24,80.48,117.76,84.573,85.707,112.52,78.049,79.659,82.054,77.522,83.105,79.231,78.706,75.342,72.527,70.569,69.594,65.535,68.62,67.919,58.932,57.469,54.444,54.363,57.696,72.908,71.943,68.288,68.018,65.063,60.013,64.765,72.51,59.209,73.468,56.946,57.105,74.578,80.016,82.33,81.448,110.81,108.8,108.25,113.44,102.39,118.53,103.88,83.709,81.395,87.878,91.921,83.518,82.411,75.45,76.064,83.573,83.242,83.198,75.266,69.778,0.567,80.212,75.373,76.957
106.62,204.19,63.746,72.492,96.012,105.05,110.81,103.43,70.392,84.227,85.092,86.161,101.84,87.361,77.233,83.561,74.732,79.74,79.249,86.453,103.72,87.758,0,94.709,82.669,97.737,79.22,74.45,103.12,68.281,112.41,70.83,71.964,107.17,69.373,70.983,73.378,68.252,70.113,98.37,72.267,59.808,63.679,59.226,62.151,70.253,72.767,70.461,106.26,96.938,93.913,93.832,104.2,89.961,88.996,85.341,85.071,82.116,77.066,72.797,80.542,77.334,77.962,78.044,77.885,81.292,91.219,93.205,91.995,105.46,103.45,102.9,103.44,92.396,108.54,93.886,73.711,77.566,79.727,83.274,0.848,101.55,66.774,67.388,69.83,69.499,69.455,73.495,74.314,84.923,84.628,82.087,124.28
119.57,220.95,85.755,84.109,94.328,71.138,66.871,91.76,95.16,80.115,80.98,74.49,90.17,75.69,100.05,71.89,73.248,66.833,66.342,82.791,91.537,83.506,94.709,0,79.931,98.229,85.5,75.995,100.89,86.624,129.9,89.435,90.657,124.66,81.002,82.612,85.007,93.02,92.931,84.289,83.734,80.355,85.734,83.703,84.16,69.533,71.283,69.717,61.492,63.029,60.004,59.923,60.256,78.29,77.325,73.67,73.4,70.445,65.395,68.685,76.43,64.591,81.734,65.137,64.978,90.965,0.698,90.98,88.334,122.96,120.95,120.4,116.39,105.35,121.49,106.84,86.662,89.125,95.876,100.03,90.469,89.362,78.403,79.017,89.185,88.192,88.06,79.775,71.576,80.671,80.966,82.579,79.517
109,200.92,72.877,75.902,77.652,82.417,88.183,88.125,78.119,77.942,78.807,70.855,86.535,72.055,85.179,68.255,74.497,60.707,59.898,76.238,80.235,78.133,82.669,79.931,0,85.224,94.912,87.649,92.564,89.811,104.41,79.674,80.808,99.172,69.176,74.61,77.005,75.979,78.059,75.866,75.855,80.842,70.984,70.307,71.282,67.282,72.532,81.168,83.317,74.308,71.283,71.202,81.568,74.655,73.69,70.035,69.765,66.81,61.76,66.512,74.257,60.956,67.669,58.693,58.852,68.779,76.441,82.654,83.536,97.469,95.459,94.907,105.83,94.784,110.92,96.274,76.099,74.46,76.621,80.009,78.429,78.06,70.401,67.191,78.674,78.343,78.299,89.187,1.671,75.298,74.413,69.574,101.34
131.34,229.29,85.912,86.172,100.78,72.669,67.586,101.1,94.385,89.986,90.851,83.831,99.511,85.031,101.93,81.231,80.731,73.683,72.874,90.898,93.827,91.023,97.737,98.229,85.224,0,90.793,81.288,103.15,91.387,140.11,96.627,97.849,134.87,91.998,94.382,96.777,92.245,94.808,86.352,85.797,82.433,87.081,85.05,84.317,77.777,78.766,75.01,62.207,64.56,61.535,61.454,60.971,87.631,86.666,83.011,82.741,79.786,74.736,78.556,86.301,73.932,91.075,71.669,71.828,93.117,94.739,93.237,92.355,133.17,131.16,130.61,128.16,117.12,133.26,118.61,98.432,95.974,102.32,108.37,93.497,91.652,90.173,90.013,96.377,95.384,95.252,85.068,76.869,88.188,89.073,3.13,80.232
104.15,194.83,80.863,76.635,68.335,90.932,96.698,90.748,82.084,80.697,81.562,73.478,89.158,74.678,88.925,70.878,79.026,65.821,65.33,79.686,77.723,80.991,79.22,85.5,94.912,90.793,0,101.87,96.621,98.928,90.639,76.737,77.871,85.397,59.859,69.751,72.146,79.944,81.805,76.599,76.71,79.935,76.099,76.343,79.268,71.811,77.061,80.07,91.832,82.823,79.798,79.717,90.083,77.278,76.313,72.658,72.388,69.433,64.383,69.267,77.012,63.579,73.238,64.125,63.966,74.348,82.01,86.711,87.593,83.694,81.684,81.132,100.97,89.925,106.06,91.415,71.24,69.601,71.762,73.918,74.98,75.548,65.542,57.874,75.737,75.406,75.362,1.145,86.557,78.156,77.861,75.143,109.86
99.176,191.1,71.887,70.154,64.878,81.427,87.193,81.243,74.402,71.192,72.057,63.973,79.653,65.173,81.243,61.373,69.521,56.316,55.825,71.693,72.754,72.998,74.45,75.995,87.649,81.288,101.87,0,90.062,90.935,88.694,71.768,72.902,83.452,56.402,64.782,67.177,72.262,74.123,70.118,70.229,73.96,68.106,68.588,70.292,62.306,67.556,72.077,82.327,73.318,70.293,70.212,80.578,67.773,66.808,63.153,62.883,59.928,54.878,59.762,67.507,54.074,63.733,54.62,54.461,64.843,72.505,80.152,82.798,81.749,79.739,79.187,96.001,84.956,101.1,86.446,66.271,64.632,66.793,70.181,70.21,70.579,60.573,54.417,70.768,70.437,70.393,96.149,79.294,70.163,69.868,65.638,100.35
123.44,224.82,92.209,95.043,98.319,85.205,86.036,96.148,100.68,86.097,86.962,78.878,94.558,80.078,110.67,76.278,82.217,71.221,70.73,90.935,100.51,92.24,103.12,100.89,92.564,103.15,96.621,90.062,0,96.11,123.58,94.076,95.21,118.34,84.695,86.483,88.878,98.542,103.55,95.151,94.818,92.787,93.547,91.589,90.614,77.211,80.252,82.35,80.657,77.096,74.071,73.99,79.421,82.678,81.713,78.058,77.788,74.833,69.783,74.667,82.412,68.979,86.122,69.525,69.366,89.738,97.4,1.982,102.4,116.63,114.62,114.07,120.26,109.22,125.36,110.71,90.533,90.663,97.146,103.9,98.875,98.331,82.274,82.71,93.076,92.745,92.701,90.896,84.209,89.405,89.11,87.497,98.682
99.6,183.89,76.876,68.436,57.396,93.897,99.663,93.713,78.097,83.662,84.527,76.443,92.123,77.643,84.696,73.843,79.977,68.786,68.295,79.175,67.323,80.48,68.281,86.624,89.811,91.387,98.928,90.935,96.11,0,76.224,76.333,77.291,70.982,53.093,68.045,70.44,75.957,77.576,68.328,68.661,70.286,71.737,72.356,75.281,74.776,78.012,77.763,94.797,85.788,82.763,82.682,93.048,80.243,79.278,75.623,75.353,72.398,67.348,72.232,79.977,66.544,76.203,67.09,66.931,75.472,83.134,86.2,87.082,69.279,67.269,66.717,96.425,85.38,101.52,86.87,66.695,62.138,64.299,62.979,64.041,65.148,69.448,51.108,73.833,74.826,74.958,93.203,81.456,77.645,77.35,75.737,112.82
17.628,225.55,140.84,115.49,97.095,165.01,171.03,160.98,139.47,148.55,149.42,143.71,159.39,144.91,138.83,141.11,126.1,134.94,133.95,118.22,112.19,117.76,112.41,129.9,104.41,140.11,90.639,88.694,123.58,76.224,0,74.077,75.035,9.228,74.235,81.457,83.852,137.33,131.71,115.31,115.87,117.68,134.24,134.37,139.24,132.88,124.13,105.35,166.48,157.16,154.13,153.79,164.42,147.51,146.54,142.89,142.62,139.66,134.61,137.12,144.87,133.27,131.34,132.75,133.09,125.79,126.41,113.67,109.26,1.389,1.791,7.522,7.522,11.94,18.396,12.536,19.414,78.25,89.055,104.63,108.17,110.02,80.054,72.25,71.577,72.57,72.702,84.914,96.059,114.92,116.4,124.46,184.5
102.15,185.64,84.121,70.985,59.945,101.14,106.91,100.96,85.342,90.907,91.772,83.688,99.368,84.888,91.941,81.088,87.122,76.031,75.54,83.858,69.872,84.573,70.83,89.435,79.674,96.627,76.737,71.768,94.076,76.333,74.077,0,82.188,68.835,55.642,70.594,72.989,83.202,84.821,70.877,71.21,73.241,78.982,79.601,82.526,82.021,85.157,75.1,102.04,93.033,90.008,89.927,100.29,87.488,86.523,82.868,82.598,79.643,74.593,79.477,87.222,73.789,81.822,74.335,74.176,80.712,85.945,84.166,82.185,67.132,65.122,64.57,98.974,87.929,104.07,89.419,69.244,64.687,66.848,64.725,66.59,67.697,71.997,53.657,78.73,79.723,0.275,71.012,71.319,81.738,82.033,80.977,120.07
103.28,186.69,85.431,72.119,61.079,102.45,108.22,102.27,86.652,92.217,93.082,84.998,100.68,86.198,93.251,82.398,88.344,77.341,76.85,84.992,71.006,85.707,71.964,90.657,80.808,97.849,77.871,72.902,95.21,77.291,75.035,82.188,0,69.793,56.776,71.728,74.123,84.512,86.131,72.011,72.344,74.375,80.292,80.911,83.836,83.331,86.379,76.234,103.35,94.343,91.318,91.237,101.6,88.798,87.833,84.178,83.908,80.953,75.903,80.787,88.532,75.099,83.044,75.645,75.486,81.934,87.167,85.3,83.319,68.09,66.08,65.528,100.11,89.063,105.2,90.553,70.378,65.821,67.982,65.771,67.724,68.831,73.131,54.791,79.952,0.493,80.813,72.146,72.453,82.872,83.167,82.199,121.38
15.752,219.29,135.6,109.43,91.853,157.56,163.58,153.53,133.81,142.15,143.01,136.26,151.94,137.46,132.84,133.66,120.86,127.49,126.68,112.98,106.95,112.52,107.17,124.66,99.172,134.87,85.397,83.452,118.34,70.982,9.228,68.835,69.793,0,68.993,76.215,78.61,131.67,125.72,109.32,109.66,111.33,128.36,129.13,134,127.64,118.89,100.11,159.03,149.71,146.68,146.34,156.97,140.06,139.09,135.44,135.17,132.21,127.16,130.72,138.46,125.82,126.1,125.48,125.63,120.55,121.17,108.43,104.02,6.45,5.646,0.853,5.646,10.064,16.52,10.66,17.538,73.008,83.813,98.38,102.93,104.77,74.812,67.008,66.335,67.328,67.46,79.672,90.817,109.68,111.16,119.22,177.05
84.853,179.31,89.491,66.598,55.507,106.2,111.96,103.59,90.421,91.943,92.808,86.318,102,87.518,90.077,83.718,84.649,78.368,77.559,77.334,67.677,78.049,69.373,81.002,69.176,91.998,59.859,56.402,84.695,53.093,74.235,55.642,56.776,68.993,0,53.298,55.693,88.281,82.957,66.562,66.673,67.35,83.41,83.412,87.896,81.361,82.684,66.398,107.41,98.089,95.064,94.983,105.35,90.118,89.153,85.498,85.228,82.273,77.223,80.513,88.258,76.419,79.413,76.354,76.513,76.083,77.512,74.785,72.139,67.29,65.28,64.728,81.678,70.633,86.773,72.123,51.948,47.391,53.874,58.397,65.133,65.502,75.001,0.397,74.824,54.311,54.267,54.134,60.821,75.214,75.509,76.348,125.43
107.33,180.92,95.367,68.208,58.146,112,117.92,109.07,95.244,97.428,98.293,91.803,107.48,93.003,91.687,89.203,87.127,83.853,83.044,78.944,69.287,79.659,70.983,82.612,74.61,94.382,69.751,64.782,86.483,68.045,81.457,70.594,71.728,76.215,53.298,0,0.479,93.104,84.567,68.172,68.283,68.96,88.908,88.897,93.772,86.846,85.162,68.114,113.37,104.05,101.02,100.78,111.31,95.603,94.638,90.983,90.713,87.758,82.708,85.998,93.743,81.904,84.547,81.839,81.998,78.997,79.122,76.573,75.691,74.512,72.502,71.95,104.16,93.115,109.25,94.605,74.43,60.759,62.92,60.007,66.743,67.112,74.271,51.313,69.594,69.263,69.219,64.026,66.255,76.824,77.119,78.732,131.39
109.73,183.32,97.762,70.603,60.541,114.39,120.32,111.47,97.639,99.823,100.69,94.198,109.88,95.398,94.082,91.598,89.522,86.248,85.439,81.339,71.682,82.054,73.378,85.007,77.005,96.777,72.146,67.177,88.878,70.44,83.852,72.989,74.123,78.61,55.693,0.479,0,95.499,86.962,70.567,70.678,71.355,91.303,91.292,96.167,89.241,87.557,70.509,115.76,106.44,103.42,103.18,113.7,97.998,97.033,93.378,93.108,90.153,85.103,88.393,96.138,84.299,86.942,84.234,84.393,81.392,81.517,78.968,78.086,76.907,74.897,74.345,106.56,95.51,111.65,97,76.825,63.154,65.315,62.402,69.138,69.507,76.666,53.708,71.989,71.658,71.614,66.421,68.65,79.219,79.514,81.127,133.79
126.25,187.44,57.501,59.398,70.657,103.4,99.279,106.65,0.428,83.573,84.438,89.378,105.06,90.578,76.463,86.778,68.555,78.117,77.944,76.807,65.08,77.522,68.252,93.02,75.979,92.245,79.944,72.262,98.542,75.957,137.33,83.202,84.512,131.67,88.281,93.104,95.499,0,69.343,59.506,59.173,49.395,69.931,52.981,55.906,67.903,66.59,60.048,93.076,95.456,92.431,92.188,92.664,93.178,92.213,88.558,88.288,85.333,80.283,72.143,79.888,81.623,76.894,76.739,76.262,76.86,89.53,88.632,87.75,130.38,128.37,127.41,123.08,112.03,128.17,113.52,93.35,74.586,66.276,66.529,64.012,62.905,87.014,86.296,83.702,82.047,81.827,74.219,67.624,74.687,74.982,76.595,111.1
121.52,189.31,55.64,61.478,72.518,101.54,104.86,102.5,71.483,81.712,82.577,85.228,100.91,86.428,1.424,82.628,69.757,76.256,76.083,82.39,66.941,83.105,70.113,92.931,78.059,94.808,81.805,74.123,103.55,77.576,131.71,84.821,86.131,125.72,82.957,84.567,86.962,69.343,0,65.089,61.253,51.256,64.348,51.12,54.045,66.042,67.792,61.909,98.659,93.595,90.57,90.327,98.247,89.028,88.063,84.408,84.138,81.183,76.133,70.282,78.027,76.937,75.033,74.878,74.401,78.363,89.441,93.641,92.23,124.77,122.75,121.45,118.35,107.3,123.44,108.79,88.617,73.342,66.859,68.39,65.873,64.766,80.358,80.972,85.314,83.666,83.446,76.08,69.704,80.27,80.565,79.158,116.68
105.13,198.52,52.361,64.757,87.485,93.662,99.428,92.046,61.646,72.842,73.707,74.776,90.456,75.976,72.209,72.176,63.987,68.355,67.864,77.366,97.412,79.231,98.37,84.289,75.866,86.352,76.599,70.118,95.151,68.328,115.31,70.877,72.011,109.32,66.562,68.172,70.567,59.506,65.089,0,64.532,51.281,54.511,47.841,50.766,58.868,62.022,61.934,94.873,85.553,82.528,82.447,92.813,78.576,77.611,73.956,73.686,70.731,65.681,61.412,69.157,65.949,66.577,66.659,66.5,69.907,80.799,85.241,85.78,108.37,106.36,105.06,101.95,90.907,107.05,92.397,72.222,71.897,74.058,77.605,94.13,95.237,63.963,64.577,69.877,69.546,69.502,70.874,67.511,76.396,75.541,70.702,112.9
105.24,188.36,56.071,64.64,70.242,93.107,98.873,91.491,61.313,72.509,73.374,74.221,89.901,75.421,68.373,71.621,63.654,67.8,67.309,76.811,69.833,78.706,72.267,83.734,75.855,85.797,76.71,70.229,94.818,68.661,115.87,71.21,72.344,109.66,66.673,68.283,70.678,59.173,61.253,64.532,0,58.567,54.178,53.501,54.476,58.535,61.689,61.923,94.318,84.998,81.973,81.892,92.258,78.021,77.056,73.401,73.131,70.176,65.126,61.079,68.824,65.394,66.022,66.104,65.945,69.352,80.244,84.908,85.447,108.92,106.91,105.39,102.06,91.018,107.16,92.508,72.333,69.952,63.469,67.444,68.027,67.658,64.074,64.688,70.21,69.879,69.835,70.985,67.5,75.871,74.986,70.147,112.34
105.91,186.35,55.394,51.317,62.213,91.076,96.842,89.46,51.535,71.832,72.697,72.19,87.87,73.39,58.376,69.59,65.073,64.981,64.172,73.447,56.636,75.342,59.808,80.355,80.842,82.433,79.935,73.96,92.787,70.286,117.68,73.241,74.375,111.33,67.35,68.96,71.355,49.395,51.256,51.281,58.567,0,53.501,52.824,53.799,57.858,63.108,68.562,92.287,82.967,79.942,79.861,90.227,75.99,75.025,71.37,71.1,68.145,63.095,60.402,68.147,63.363,62.658,62.967,63.126,65.988,76.865,82.877,83.759,110.73,108.72,107.07,102.74,91.695,107.83,93.185,73.01,67.943,61.46,65.435,55.568,54.461,64.751,65.365,72.241,71.91,71.866,74.21,72.487,72.507,71.622,66.783,110.31
122.94,184.45,61.483,54.403,66.084,96.554,91.391,101.65,72.071,79.617,80.482,84.384,100.06,85.584,71.468,81.784,64.177,71.268,71.095,71.812,60.507,72.527,63.679,85.734,70.984,87.081,76.099,68.106,93.547,71.737,134.24,78.982,80.292,128.36,83.41,88.908,91.303,69.931,64.348,54.511,54.178,53.501,0,61.821,59.888,63.947,62.212,57.052,85.188,88.607,85.582,85.339,84.776,88.184,87.219,83.564,83.294,80.339,75.289,68.187,75.932,76.093,70.03,69.89,69.413,71.166,82.244,83.637,82.755,127.3,125.29,124.09,119.76,108.72,124.86,110.21,90.033,70.208,63.279,63.532,59.439,58.332,82.596,81.425,79.482,77.827,77.607,70.374,62.629,69.692,69.987,71.431,103.21
123.59,185.12,83.684,47.805,65.407,95.099,88.006,101.5,55.121,83.886,84.751,84.229,99.909,85.429,58.24,81.629,69.608,68.989,68.18,69.854,55.316,70.569,59.226,83.703,70.307,85.05,76.343,68.588,91.589,72.356,134.37,79.601,80.911,129.13,83.412,88.897,91.292,52.981,51.12,47.841,53.501,52.824,61.821,0,82.089,69.912,67.643,56.375,81.803,86.99,83.965,83.884,81.391,88.029,87.064,83.409,83.139,80.184,75.134,72.456,80.201,75.402,66.666,66.975,67.134,69.135,80.213,81.679,80.797,127.42,125.41,124.86,120.41,109.37,125.51,110.86,90.684,70.885,63.956,64.209,54.986,53.141,81.882,81.427,80.101,78.446,78.226,70.618,61.952,67.734,68.029,69.4,99.828
128.46,190,0.319,50.73,68.332,96.074,85.081,104.42,58.046,86.811,87.676,87.154,102.83,88.354,61.165,84.554,70.583,69.964,69.155,68.879,58.241,69.594,62.151,84.16,71.282,84.317,79.268,70.292,90.614,75.281,139.24,82.526,83.836,134,87.896,93.772,96.167,55.906,54.045,50.766,54.476,53.799,59.888,82.089,0,72.837,68.618,57.35,78.878,87.965,84.94,84.859,78.466,90.954,89.989,86.334,86.064,83.109,78.059,75.381,83.126,78.327,67.641,67.95,68.109,68.932,80.67,80.704,79.822,132.3,130.29,129.74,125.29,114.24,130.38,115.73,95.559,75.242,68.831,69.084,57.911,56.066,86.757,85.911,83.026,81.371,81.151,73.543,62.927,66.759,67.054,68.667,96.903
123.87,203.64,74.432,58.76,73.422,83.089,67.672,101.87,70.043,91.814,92.679,84.595,100.28,85.795,73.162,81.995,70.301,59.717,58.908,64.82,66.343,65.535,70.253,69.533,67.282,77.777,71.811,62.306,77.211,74.776,132.88,82.021,83.331,127.64,81.361,86.846,89.241,67.903,66.042,58.868,58.535,57.858,63.947,69.912,72.837,0,68.336,57.068,61.469,74.98,71.955,71.874,61.057,88.395,87.43,83.775,83.505,80.55,75.5,80.384,88.129,74.696,62.972,57.703,57.862,61.862,66.043,67.301,66.419,125.94,123.93,123.38,120.69,109.65,125.79,111.14,90.962,79.463,78.246,82.727,66.013,64.168,79.831,79.376,82.521,80.866,80.646,66.086,58.927,62.7,62.995,62.127,79.494
120.42,203.96,70.213,61.914,75.172,81.339,72.922,96.021,68.73,80.614,81.479,78.751,94.431,79.951,74.912,76.151,0.393,57.967,57.158,67.315,69.497,68.62,72.767,71.283,72.532,78.766,77.061,67.556,80.252,78.012,124.13,85.157,86.379,118.89,82.684,85.162,87.557,66.59,67.792,62.022,61.689,63.108,62.212,67.643,68.618,68.336,0,62.318,66.719,73.23,70.205,70.124,66.307,82.551,81.586,77.931,77.661,74.706,69.656,69.184,76.929,69.388,61.211,55.953,56.112,62.321,67.793,70.342,71.224,117.19,115.18,114.63,117.25,106.2,122.34,107.69,87.517,81.213,79.145,83.045,68.527,67.322,80.953,80.699,84.907,83.914,83.782,71.336,64.177,65.785,65.49,63.116,84.744
102.51,191.04,58.945,61.97,70.43,77.583,83.276,84.753,62.188,69.346,70.211,67.483,83.163,68.683,69.029,64.883,64.283,54.211,53.402,66.024,67.289,67.919,70.461,69.717,81.168,75.01,80.07,72.077,82.35,77.763,105.35,75.1,76.234,100.11,66.398,68.114,70.509,60.048,61.909,61.934,61.923,68.562,57.052,56.375,57.35,57.068,62.318,0,77.897,69.474,66.449,66.368,76.661,71.283,70.318,66.663,66.393,63.438,58.388,57.916,65.661,58.12,57.455,52.197,52.356,58.565,66.227,72.44,73.322,98.409,96.399,95.847,99.333,88.288,104.43,89.778,69.603,67.964,69.794,70.125,66.221,65.114,63.905,64.413,74.1,73.769,73.725,74.345,72.813,65.084,64.199,59.36,95.922
153.02,243.31,80.473,94.693,113.09,28.492,7.926,30.296,95.216,70.355,71.22,23.872,30.568,25.264,105.78,26.952,68.684,41.27,40.779,56.447,102.35,58.932,106.26,61.492,83.317,62.207,91.832,82.327,80.657,94.797,166.48,102.04,103.35,159.03,107.41,113.37,115.76,93.076,98.659,94.873,94.318,92.287,85.188,81.803,78.878,61.469,66.719,77.897,0,5.28,6.49,19.52,5.28,19.52,20.292,23.216,23.432,25.796,29.836,58.925,66.67,54.845,39.682,39.574,39.415,45.232,58.002,70.747,75.157,159.53,157.52,154.76,149.85,138.8,154.94,140.29,120.12,102.44,113.25,122.4,102.02,100.17,106.35,105.42,102.54,100.89,100.67,86.107,74.962,56.097,54.622,46.557,3.605
143.7,233.99,89.56,85.373,103.77,8.966,7.926,9.868,97.596,87.258,88.123,6.656,10.004,7.352,100.72,8.196,75.195,47.108,46.299,55.574,93.028,57.469,96.938,63.029,74.308,64.56,82.823,73.318,77.096,85.788,157.16,93.033,94.343,149.71,98.089,104.05,106.44,95.456,93.595,85.553,84.998,82.967,88.607,86.99,87.965,74.98,73.23,69.474,5.28,0,0.605,4.48,5.28,4.48,4.866,6.328,6.436,7.618,9.638,75.828,83.573,77.188,44.785,45.094,45.253,48.115,59.539,67.186,69.832,150.21,148.2,145.44,140.53,129.48,145.62,130.97,110.8,93.433,104.24,113.08,92.698,90.853,97.034,96.104,93.533,91.878,91.658,77.098,65.953,54.634,53.749,48.91,12.49
140.68,230.97,86.535,82.348,100.75,7.756,9.136,8.658,94.571,84.233,85.098,5.446,8.794,6.142,97.69,6.986,72.17,44.083,43.274,52.549,90.003,54.444,93.913,60.004,71.283,61.535,79.798,70.293,74.071,82.763,154.13,90.008,91.318,146.68,95.064,101.02,103.42,92.431,90.57,82.528,81.973,79.942,85.582,83.965,84.94,71.955,70.205,66.449,6.49,0.605,0,3.27,6.49,3.27,3.656,5.118,5.226,6.408,8.428,72.803,80.548,74.163,41.76,42.069,42.228,45.09,56.514,64.161,66.807,147.19,145.18,142.42,137.5,126.46,142.6,127.95,107.77,90.408,101.21,110.05,89.673,87.828,94.009,93.079,90.508,88.853,88.633,74.073,62.928,51.609,50.724,45.885,13.7
140.34,230.89,86.454,82.267,100.67,2.243,24.812,8.658,94.328,84.152,85.017,5.446,8.794,6.142,97.447,6.986,72.089,44.002,43.193,52.468,89.922,54.363,93.832,59.923,71.202,61.454,79.717,70.212,73.99,82.682,153.79,89.927,91.237,146.34,94.983,100.78,103.18,92.188,90.327,82.447,81.892,79.861,85.339,83.884,84.859,71.874,70.124,66.368,19.52,4.48,3.27,0,19.52,3.27,3.656,5.118,5.226,6.408,8.428,72.722,80.467,74.082,41.679,41.988,42.147,45.009,56.433,64.08,66.726,146.85,144.84,142.08,137.16,126.12,142.26,127.61,107.43,90.327,101.13,109.97,89.592,87.747,93.766,92.998,90.427,88.772,88.552,73.992,62.847,51.528,50.643,45.804,33.94
150.96,241.25,80.061,92.633,111.03,28.492,1.323,30.296,94.804,69.943,70.808,23.872,30.568,25.264,105.37,26.952,68.272,40.034,39.543,55.211,100.29,57.696,104.2,60.256,81.568,60.971,90.083,80.578,79.421,93.048,164.42,100.29,101.6,156.97,105.35,111.31,113.7,92.664,98.247,92.813,92.258,90.227,84.776,81.391,78.466,61.057,66.307,76.661,5.28,5.28,6.49,19.52,0,19.52,20.292,23.216,23.432,25.796,29.836,58.513,66.258,54.433,38.446,38.338,38.179,43.996,56.766,69.511,73.921,157.47,155.46,152.7,147.79,136.74,152.88,138.23,118.06,100.69,111.5,120.34,99.958,98.113,104.29,103.36,100.79,99.138,98.918,84.358,73.213,54.861,53.386,45.321,12.49
134.05,225.86,92.549,78.396,95.642,7.756,24.812,2.694,95.318,102.37,103.23,1.088,2.762,1.436,96.148,1.858,84.516,75.088,74.279,72.193,86.051,72.908,89.961,78.29,74.655,87.631,77.278,67.773,82.678,80.243,147.51,87.488,88.798,140.06,90.118,95.603,97.998,93.178,89.028,78.576,78.021,75.99,88.184,88.029,90.954,88.395,82.551,71.283,19.52,4.48,3.27,3.27,19.52,0,0.193,0.924,0.978,1.569,2.579,90.939,98.684,95.019,78.343,73.074,73.233,77.233,74.8,72.768,71.886,140.56,138.55,135.79,130.88,119.83,135.97,121.32,101.15,87.888,96.995,104.95,85.721,83.876,88.588,88.133,87.988,86.333,86.113,71.553,66.3,70.073,70.368,71.981,33.94
133.09,224.9,91.584,77.431,94.677,8.142,25.584,2.887,94.353,101.4,102.27,0.895,2.569,1.243,95.183,1.665,83.551,74.123,73.314,71.228,85.086,71.943,88.996,77.325,73.69,86.666,76.313,66.808,81.713,79.278,146.54,86.523,87.833,139.09,89.153,94.638,97.033,92.213,88.063,77.611,77.056,75.025,87.219,87.064,89.989,87.43,81.586,70.318,20.292,4.866,3.656,3.656,20.292,0.193,0,0.731,0.785,1.376,2.386,89.974,97.719,94.054,77.378,72.109,72.268,76.268,73.835,71.803,70.921,139.6,137.59,134.83,129.91,118.87,135.01,120.36,100.18,86.923,96.03,103.98,84.756,82.911,87.623,87.168,87.023,85.368,85.148,70.588,65.335,69.108,69.403,71.016,34.712
129.43,221.24,87.929,73.776,91.022,9.604,28.508,3.618,90.698,97.749,98.614,0.164,3.3,0.512,91.528,0.934,79.896,70.468,69.659,67.573,81.431,68.288,85.341,73.67,70.035,83.011,72.658,63.153,78.058,75.623,142.89,82.868,84.178,135.44,85.498,90.983,93.378,88.558,84.408,73.956,73.401,71.37,83.564,83.409,86.334,83.775,77.931,66.663,23.216,6.328,5.118,5.118,23.216,0.924,0.731,0,0.054,0.645,1.655,86.319,94.064,90.399,73.723,68.454,68.613,72.613,70.18,68.148,67.266,135.94,133.93,131.17,126.26,115.21,131.35,116.7,96.526,83.268,92.375,100.33,81.101,79.256,83.968,83.513,83.368,81.713,81.493,66.933,61.68,65.453,65.748,67.361,37.636
129.16,220.97,87.659,73.506,90.752,9.712,28.724,3.672,90.428,97.479,98.344,0.218,3.354,0.458,91.258,0.88,79.626,70.198,69.389,67.303,81.161,68.018,85.071,73.4,69.765,82.741,72.388,62.883,77.788,75.353,142.62,82.598,83.908,135.17,85.228,90.713,93.108,88.288,84.138,73.686,73.131,71.1,83.294,83.139,86.064,83.505,77.661,66.393,23.432,6.436,5.226,5.226,23.432,0.978,0.785,0.054,0,0.591,1.601,86.049,93.794,90.129,73.453,68.184,68.343,72.343,69.91,67.878,66.996,135.67,133.66,130.9,125.99,114.94,131.08,116.43,96.256,82.998,92.105,100.06,80.831,78.986,83.698,83.243,83.098,81.443,81.223,66.663,61.41,65.183,65.478,67.091,37.852
126.21,218.02,84.704,70.551,87.797,10.894,31.088,4.263,87.473,94.524,95.389,0.809,3.945,1.049,88.303,0.289,76.671,67.243,66.434,64.348,78.206,65.063,82.116,70.445,66.81,79.786,69.433,59.928,74.833,72.398,139.66,79.643,80.953,132.21,82.273,87.758,90.153,85.333,81.183,70.731,70.176,68.145,80.339,80.184,83.109,80.55,74.706,63.438,25.796,7.618,6.408,6.408,25.796,1.569,1.376,0.645,0.591,0,1.01,83.094,90.839,87.174,70.498,65.229,65.388,69.388,66.955,64.923,64.041,132.72,130.71,127.95,123.03,111.99,128.13,113.48,93.301,80.043,89.15,97.102,77.876,76.031,80.743,80.288,80.143,78.488,78.268,63.708,58.455,62.228,62.523,64.136,40.216
121.16,212.97,79.654,65.501,82.747,12.914,35.128,5.273,82.423,89.474,90.339,1.819,4.955,2.059,83.253,1.299,71.621,62.193,61.384,59.298,73.156,60.013,77.066,65.395,61.76,74.736,64.383,54.878,69.783,67.348,134.61,74.593,75.903,127.16,77.223,82.708,85.103,80.283,76.133,65.681,65.126,63.095,75.289,75.134,78.059,75.5,69.656,58.388,29.836,9.638,8.428,8.428,29.836,2.579,2.386,1.655,1.601,1.01,0,78.044,85.789,82.124,65.448,60.179,60.338,64.338,61.905,59.873,58.991,127.67,125.66,122.9,117.98,106.94,123.08,108.43,88.251,74.993,84.1,92.052,72.826,70.981,75.693,75.238,75.093,73.438,73.218,58.658,53.405,57.178,57.473,59.086,44.256
124.72,207.88,76.976,61.304,77.662,83.937,65.128,104.41,74.283,2.286,2.459,87.139,102.82,88.339,77.402,84.539,71.149,60.565,59.756,64.05,68.887,64.765,72.797,68.685,66.512,78.556,69.267,59.762,74.667,72.232,137.12,79.477,80.787,130.72,80.513,85.998,88.393,72.143,70.282,61.412,61.079,60.402,68.187,72.456,75.381,80.384,69.184,57.916,58.925,75.828,72.803,72.722,58.513,90.939,89.974,86.319,86.049,83.094,78.044,0,1.549,77.24,63.82,58.551,58.71,62.71,65.195,64.757,63.875,130.18,128.17,126.46,121.54,110.5,126.63,111.98,91.81,79.877,81.133,86.967,68.557,66.712,78.983,78.528,79.977,78.322,78.102,63.542,58.157,61.93,62.225,62.906,76.95
132.46,215.63,84.721,69.049,85.407,91.682,72.873,112.15,82.028,0.737,0.91,94.884,110.56,96.084,85.147,92.284,78.894,68.31,67.501,71.795,76.632,72.51,80.542,76.43,74.257,86.301,77.012,67.507,82.412,79.977,144.87,87.222,88.532,138.47,88.258,93.743,96.138,79.888,78.027,69.157,68.824,68.147,75.932,80.201,83.126,88.129,76.929,65.661,66.67,83.573,80.548,80.467,66.258,98.684,97.719,94.064,93.794,90.839,85.789,1.549,0,84.985,71.565,66.296,66.455,70.455,72.94,72.502,71.62,137.92,135.91,134.2,129.28,118.24,134.38,119.73,99.555,87.622,88.878,94.712,76.302,74.457,86.728,86.273,87.722,86.067,85.847,71.287,65.902,69.675,69.97,70.651,84.695
119.82,213.24,79.922,65.769,83.015,85.297,61.048,108.49,83.763,88.67,89.535,91.219,106.9,92.419,84.057,88.619,71.353,68.975,67.848,58.494,73.424,59.209,77.334,64.591,60.956,73.932,63.579,54.074,68.979,66.544,133.27,73.789,75.099,125.82,76.419,81.904,84.299,81.623,76.937,65.949,65.394,63.363,76.093,75.402,78.327,74.696,69.388,58.12,54.845,77.188,74.163,74.082,54.433,95.019,94.054,90.399,90.129,87.174,82.124,77.24,84.985,0,65.716,66.643,67.12,64.606,61.101,59.069,58.187,126.33,124.32,121.56,116.64,105.6,121.74,107.09,86.911,74.189,84.368,92.32,73.094,71.249,74.889,74.434,74.289,72.634,72.414,57.854,52.601,56.374,56.669,58.282,72.87
121.5,214.26,69.236,66.397,84.045,52.894,45.061,91.813,79.034,75.25,76.115,74.543,90.223,75.743,82.153,71.943,63.176,68.732,68.559,73.343,74.052,73.468,77.962,81.734,67.669,91.075,73.238,63.733,86.122,76.203,131.34,81.822,83.044,126.1,79.413,84.547,86.942,76.894,75.033,66.577,66.022,62.658,70.03,66.666,67.641,62.972,61.211,57.455,39.682,44.785,41.76,41.679,38.446,78.343,77.378,73.723,73.453,70.498,65.448,63.82,71.565,65.716,0,67.354,66.877,79.598,78.244,76.212,75.33,124.39,122.38,121.83,118.33,107.28,123.42,108.77,88.597,81.143,87.5,93.35,73.722,71.877,77.883,77.428,81.572,80.579,80.447,67.513,59.314,70.633,71.518,75.425,57.707
