0,215.32,121.35,99.142,88.416,108.39,114.16,109.27,123.25,127.34,128.2,91.999,107.68,93.199,122.62,89.399,104.88,83.233,82.424,86.749,100.22,87.464,101.92,90.417,83.198,102.19,72.447,67.478,85.911,64.984,78.572,67.533,68.667,77.95,69.77,77.169,79.564,121.11,115.5,99.106,99.217,99.188,115.82,115.4,119.75,111.67,102.92,84.138,109.61,100.29,97.26,97.179,107.55,95.799,94.834,91.179,90.909,87.954,82.904,115.91,123.65,81.564,92.352,81.219,81.378,86.802,86.927,76.001,71.591,71.627,72.029,73.685,89.102,2.844,5.476,2.546,84.518,69.571,80.376,94.401,97.677,98.046,72.96,67.785,66.533,66.202,66.158,66.722,74.843,84.629,84.924,86.537,127.63
215.32,0,191.59,188.43,213.82,249.14,255.07,245.95,189.58,219.31,220.18,228.68,244.36,229.88,196.43,226.08,205.92,219.92,219.11,212.71,201.75,212.84,204.19,220.95,200.92,230.79,194.83,191.1,218.74,183.89,211.4,185.64,186.69,209.28,179.31,180.92,183.32,187.44,189.31,198.52,188.36,186.35,184.45,185.12,190,203.64,203.96,191.04,250.52,241.2,238.17,237.93,248.46,232.48,231.52,227.86,227.59,224.64,219.59,207.88,215.63,218.25,220.96,217.9,218.06,215.41,217.46,208.83,204.42,204.45,204.85,205.01,204.46,201.1,217.24,202.59,182.41,198.4,204.2,24.183,199.95,199.58,176.71,177.33,183.89,184.22,184.26,189.11,192.57,210,210.89,215.14,268.54
121.35,191.59,0,52.325,69.927,126.79,132.56,123.83,59.641,95.3,96.165,106.56,122.24,107.76,62.76,103.96,76.345,97.792,96.983,90.854,59.836,90.389,63.746,104.2,77.044,110.61,80.863,73.108,107.23,76.876,100.8,84.121,85.431,99.988,89.491,95.367,97.762,57.501,55.64,52.361,57.475,59.756,61.483,88.882,0.319,79.63,74.38,63.112,128,118.68,115.66,115.58,125.94,110.36,109.39,105.74,105.47,102.51,97.463,83.87,91.615,96.123,101.31,95.778,95.937,95.757,100.7,97.323,93.673,93.853,95.863,95.723,96.706,107.13,123.27,108.62,97.154,76.837,70.426,70.679,59.506,57.661,88.352,87.506,84.621,82.966,82.746,75.138,68.689,87.554,89.029,94.962,146.03
99.142,188.43,52.325,0,70.467,108.63,111.15,115.5,61.757,75.834,76.699,98.23,113.91,99.43,68.598,95.63,63.879,89.464,88.655,88.124,70.058,88.249,72.492,96.665,75.902,106.01,76.635,70.154,97.866,68.436,92.363,70.985,72.119,87.17,66.598,68.208,70.603,59.617,61.478,64.757,64.64,51.317,55.116,47.805,50.73,60.164,61.914,61.97,105.77,100.53,97.5,97.419,104.54,102.03,101.06,97.41,97.14,94.185,89.135,64.404,72.149,87.795,96.171,87.45,87.609,90.621,93.175,87.956,85.31,85.418,86.584,82.905,82.25,84.922,101.06,86.412,72.258,70.027,63.544,67.519,68.252,67.883,63.999,64.613,69.985,69.654,69.61,70.91,67.547,85.414,86.299,90.356,123.8
88.416,213.82,69.927,70.467,0,118.92,124.85,116.81,72.797,89.092,89.957,99.545,115.23,100.75,79.638,96.945,77.137,90.779,89.97,89.28,92.84,89.405,96.012,93.468,77.652,106.22,68.335,64.878,92.238,57.396,84.899,59.945,61.079,81.793,55.507,58.146,60.541,70.657,72.518,87.485,70.242,62.213,66.084,65.407,68.332,73.422,75.172,70.43,120.3,110.98,107.95,107.71,118.24,103.35,102.38,98.725,98.455,95.5,90.45,77.662,85.407,89.11,96.383,88.765,88.924,90.833,89.978,82.328,77.918,77.954,78.356,77.528,76.405,74.196,90.336,75.686,59.635,75.541,77.702,92.903,91.772,90.665,53.937,53.522,58.945,58.614,58.57,62.61,69.297,86.57,87.455,90.568,138.32
108.39,249.14,126.79,108.63,118.92,0,33.784,13.144,130.98,130.32,131.18,9.932,13.28,10.628,130.85,11.472,107.86,31.402,30.882,67.445,115.25,69.34,118.43,71.138,86.179,76.431,91.748,82.243,85.205,94.713,85.066,101.96,103.27,84.445,106.2,112,114.39,128.84,123.73,108.81,108.26,104.87,122.31,120.84,125.19,114.65,105.9,87.119,28.492,8.966,7.756,2.243,28.492,7.756,8.142,9.604,9.712,10.894,12.914,118.89,126.63,13.45,29.918,29.918,29.918,34.358,67.648,75.295,77.941,78.121,80.131,80.18,83.129,94.174,110.31,95.664,112.86,102.36,113.16,128.23,114.19,113.08,104.98,104.21,102.46,100.8,100.58,86.023,77.824,66.505,65.62,60.781,42.912
114.16,255.07,132.56,111.15,124.85,33.784,0,35.588,137.04,132.84,133.7,29.164,35.86,30.556,134.85,32.244,110.38,46.649,46.158,61.826,118.81,64.311,122.72,66.871,88.696,67.586,97.211,87.706,86.036,100.18,87.661,107.42,108.73,89.751,111.96,117.92,120.32,134.9,127.73,111.33,110.78,107.39,128.24,126.6,130.96,117.17,108.42,89.636,7.926,7.926,9.136,24.812,1.323,24.812,25.584,28.508,28.724,31.088,35.128,121.41,129.15,36.2,45.061,44.953,44.794,50.611,63.381,76.126,80.536,80.716,82.726,85.486,88.895,99.94,116.08,101.43,118.62,107.82,118.63,134.16,118.48,116.63,110.91,109.98,107.92,106.27,106.05,91.486,80.341,61.476,60.001,51.936,15.136
109.27,245.95,123.83,115.5,116.81,13.144,35.588,0,126.95,137.49,138.35,3.782,5.456,4.13,133.79,4.552,118.53,13.333,13.073,101.15,119.93,101.87,122.36,102.14,103.62,116.59,101.78,93.789,106.01,101.27,102.28,106.17,107.39,87.286,104.4,108.47,110.87,124.81,126.67,115.61,115.27,113.24,120.43,119.83,122.23,121.82,116.57,102.59,30.296,9.868,8.658,8.658,30.296,2.694,2.887,3.618,3.672,4.263,5.273,126.06,133.8,5.541,12.591,12.591,12.591,14.811,98.654,96.105,95.223,95.331,96.537,83.021,84.004,95.049,111.19,96.539,109.63,106.51,114.09,125.04,118.12,117.75,102.87,102.42,105.92,104.93,104.79,96.057,95.262,99.035,99.33,100.94,44.716
123.25,189.58,59.641,61.757,72.797,130.98,137.04,126.95,0,85.713,86.578,109.68,125.36,110.88,79.244,107.08,70.695,100.91,100.1,92.148,67.22,91.683,70.392,107.31,78.338,113.48,82.084,74.402,109.29,78.097,102.09,85.342,86.652,103.11,90.421,95.244,97.639,0.428,72.124,62.287,61.532,51.535,72.712,55.121,58.046,70.043,68.73,62.188,132.48,123.16,120.14,119.76,130.42,113.48,112.51,108.86,108.59,105.63,100.58,74.283,82.028,99.243,104.18,98.898,99.057,98.627,103.82,99.377,94.967,95.147,97.157,98.843,99.826,109.03,125.17,110.52,95.49,76.726,68.416,68.669,66.152,65.045,89.154,88.436,85.842,84.187,83.967,76.359,69.983,88.848,90.323,97.832,150.51
127.34,219.31,95.3,75.834,89.092,130.32,132.84,137.49,85.713,0,1.647,120.22,135.9,121.42,88.832,117.62,102.6,111.45,110.64,111.11,83.417,111.24,86.687,122.33,103.3,129.78,106.94,99.36,126.4,101.95,120.97,109.19,110.5,114.54,108.25,110.14,112.53,83.573,81.712,75.942,75.609,78.726,79.617,90.78,93.705,3.134,100.63,89.364,127.46,122.21,119.19,119.1,126.22,124.02,123.05,119.4,119.13,116.17,111.12,2.286,0.737,109.78,120.47,109.44,109.6,114.92,118.84,116.49,113.84,114.02,115.54,110.28,111.81,113.12,129.26,114.61,109.38,100.4,93.916,98.397,82.447,81.242,106.37,106.27,109.69,108.04,107.82,101.21,94.941,108.4,109.29,114.13,145.48
128.2,220.18,96.165,76.699,89.957,131.18,133.7,138.35,86.578,1.647,0,121.08,136.76,122.28,89.697,118.48,103.46,112.32,111.51,111.98,84.282,112.1,87.552,123.19,104.16,130.64,107.8,100.22,127.26,102.81,121.83,110.06,111.37,115.41,109.12,111.01,113.4,84.438,82.577,76.807,76.474,79.591,80.482,91.645,94.57,3.307,101.5,90.229,128.32,123.08,120.05,119.97,127.09,124.88,123.92,120.26,119.99,117.04,111.99,2.459,0.91,110.65,121.34,110.3,110.46,115.79,119.7,117.35,114.71,114.89,116.4,111.14,112.67,113.98,130.12,115.47,110.25,101.26,94.781,99.262,83.312,82.107,107.23,107.13,110.56,108.9,108.68,102.07,95.806,109.27,110.15,114.99,146.35
91.999,228.68,106.56,98.23,99.545,9.932,29.164,3.782,109.68,120.22,121.08,0,3.464,0.676,116.52,1.098,101.26,6.425,6.165,83.885,102.66,84.6,105.09,84.874,86.347,99.323,84.512,76.519,88.745,84.001,85.006,88.898,90.12,70.016,87.134,91.201,93.596,107.54,109.4,98.338,98.005,95.974,103.16,102.56,104.96,104.55,99.299,85.321,23.872,6.656,5.446,5.446,23.872,1.088,0.895,0.164,0.218,0.809,1.819,108.79,116.53,2.087,5.683,5.683,5.683,7.903,81.384,78.835,77.953,78.061,79.267,65.751,66.734,77.779,93.919,79.269,92.356,89.244,96.823,107.77,100.85,100.48,85.604,85.149,88.648,87.655,87.523,78.787,77.992,81.765,82.06,83.673,38.292
107.68,244.36,122.24,113.91,115.22,13.28,35.86,5.456,125.36,135.9,136.76,3.464,0,3.812,132.2,4.234,116.94,12.697,12.437,99.565,118.34,100.28,120.77,100.55,102.03,115,100.19,92.199,104.42,99.681,100.69,104.58,105.8,85.696,102.81,106.88,109.28,123.22,125.08,114.02,113.69,111.65,118.84,118.24,120.64,120.23,114.98,101,30.568,10.004,8.794,8.794,30.568,2.762,2.569,3.3,3.354,3.945,4.955,124.47,132.21,5.223,11.955,11.955,11.955,14.175,97.064,94.515,93.633,93.741,94.947,81.431,82.414,93.459,109.6,94.949,108.04,104.92,112.5,123.45,116.53,116.16,101.28,100.83,104.33,103.33,103.2,94.467,93.672,97.445,97.74,99.353,44.988
93.199,229.88,107.76,99.43,100.75,10.628,30.556,4.13,110.88,121.42,122.28,0.676,3.812,0,117.72,1.338,102.46,6.905,6.645,85.085,103.86,85.8,106.29,86.074,87.547,100.52,85.712,77.719,89.945,85.201,86.206,90.098,91.32,71.216,88.334,92.401,94.796,108.74,110.6,99.538,99.205,97.174,104.36,103.76,106.16,105.75,100.5,86.521,25.264,7.352,6.142,6.142,25.264,1.436,1.243,0.512,0.458,1.049,2.059,109.99,117.73,2.327,6.163,6.163,6.163,8.383,82.584,80.035,79.153,79.261,80.467,66.951,67.934,78.979,95.119,80.469,93.556,90.444,98.023,108.97,102.05,101.68,86.804,86.349,89.848,88.855,88.723,79.987,79.192,82.965,83.26,84.873,39.684
122.62,196.42,62.76,68.598,79.638,130.85,134.85,133.79,79.244,88.832,89.697,116.52,132.2,117.72,0,113.92,76.877,107.75,106.94,98.989,74.061,98.524,77.233,113.78,85.179,119.91,88.925,81.243,113.58,84.696,108.15,91.941,93.251,106.73,90.077,91.687,94.082,77.104,1.424,72.85,68.373,58.376,72.109,58.24,61.165,73.162,74.912,69.029,129.47,122.74,119.71,119.63,128.23,120.32,119.35,115.7,115.43,112.47,107.42,77.402,85.147,106.08,110.6,105.74,105.9,105.05,110.29,103.67,101.03,101.21,103.22,102.47,105.24,108.4,124.54,109.89,95.737,80.462,73.979,75.51,72.993,71.886,87.478,88.092,92.434,90.786,90.566,83.2,76.824,95.689,97.164,104.26,147.49
89.399,226.08,103.96,95.63,96.945,11.472,32.244,4.552,107.08,117.62,118.48,1.098,4.234,1.338,113.92,0,98.664,5.385,5.125,81.285,100.06,82,102.49,82.274,83.747,96.723,81.912,73.919,86.145,81.401,82.406,86.298,87.52,67.416,84.534,88.601,90.996,104.94,106.8,95.738,95.405,93.374,100.56,99.956,102.36,101.95,96.699,82.721,26.952,8.196,6.986,6.986,26.952,1.858,1.665,0.934,0.88,0.289,1.299,106.19,113.93,1.567,4.643,4.643,4.643,6.863,78.784,76.235,75.353,75.461,76.667,63.151,64.134,75.179,91.319,76.669,89.756,86.644,94.223,105.17,98.253,97.884,83.004,82.549,86.048,85.055,84.923,76.187,75.392,79.165,79.46,81.073,41.372
104.88,205.92,76.345,63.879,77.137,107.86,110.38,118.53,70.695,102.6,103.46,101.26,116.94,102.46,76.877,98.664,0,92.498,91.689,99.158,71.462,99.283,74.732,110.37,91.356,117.82,94.98,87.142,111.08,89.992,105.5,93.657,94.791,95.297,87.143,88.053,90.448,68.555,69.757,63.987,63.654,66.771,64.177,71.825,74.75,86.927,0.393,80.909,105,99.755,96.73,96.649,103.77,105.06,104.1,100.44,100.17,97.219,92.169,91.167,98.912,90.829,108.52,90.484,90.643,102.97,106.88,101.17,98.521,98.557,98.959,91.032,90.049,90.663,106.8,92.153,86.926,86.334,81.11,85.01,70.492,69.287,84.65,85.158,92.657,92.326,92.282,89.255,83.001,96.448,97.333,102.17,123.03
83.233,219.92,97.792,89.464,90.779,31.402,46.649,13.333,100.91,111.45,112.32,6.425,12.697,6.905,107.75,5.385,92.498,0,2.733,75.119,93.893,75.834,96.327,76.108,77.581,90.557,75.746,67.753,79.979,75.235,76.24,80.132,81.354,61.25,78.368,82.435,84.83,98.772,100.63,89.572,89.239,87.208,94.394,93.79,96.197,95.783,90.533,76.555,41.27,24.85,22.43,22.43,40.034,7.945,7.559,6.097,5.989,4.807,2.787,100.02,107.77,2.251,2.251,2.251,0.371,4.471,72.618,70.069,69.187,69.295,70.501,56.985,57.968,69.013,85.153,70.503,83.59,80.478,88.057,99.003,92.087,91.718,76.838,76.383,79.882,78.889,78.757,70.021,69.226,72.999,73.294,74.907,59.295
82.424,219.11,96.983,88.655,89.97,30.882,46.158,13.073,100.1,110.64,111.51,6.165,12.437,6.645,106.94,5.125,91.689,2.733,0,74.31,93.084,75.025,95.518,75.299,76.772,89.748,74.937,66.944,79.17,74.426,75.431,79.323,80.545,60.441,77.559,81.626,84.021,97.963,99.824,88.763,88.43,86.399,93.585,92.981,95.388,94.974,89.724,75.746,40.779,24.33,21.91,21.91,39.543,7.685,7.299,5.837,5.729,4.547,2.527,99.214,106.96,1.991,1.991,0.241,1.991,4.211,71.809,69.26,68.378,68.486,69.692,56.176,57.159,68.204,84.344,69.694,82.618,79.669,87.248,98.194,91.278,90.909,76.029,75.574,79.073,78.08,77.948,69.212,68.417,72.19,72.485,74.098,58.804
86.749,212.71,90.854,88.124,89.28,67.445,61.826,101.15,92.148,111.11,111.98,83.885,99.565,85.085,98.989,81.285,99.158,75.119,74.31,0,92.724,109.85,95.158,98.092,104.05,118.71,93.584,88.615,96.865,86.121,91.218,85.004,86.05,71.15,77.334,76.819,79.214,90.008,91.869,88.16,88.049,90.426,85.852,86.334,89.259,95.443,97.193,98.05,56.447,59.336,56.311,56.23,55.211,87.685,86.72,83.065,82.795,79.84,74.79,99.683,107.43,73.45,107.81,73.105,73.264,102.26,94.602,86.955,84.309,84.273,83.871,66.885,65.902,72.529,88.669,74.019,75.469,81.27,87.753,91.796,90.918,90.549,74.735,75.349,83.254,83.585,83.629,87.859,95.694,107.01,0.365,103.06,74.472
100.22,201.75,59.836,70.058,92.84,115.26,118.81,119.93,67.22,83.417,84.282,102.66,118.34,103.86,74.061,100.06,71.462,93.893,93.084,92.724,0,92.849,103.72,98.227,80.235,109.28,77.723,72.754,99.781,67.323,94.206,69.872,71.006,88.577,67.677,69.287,71.682,65.08,66.941,97.412,69.833,56.636,60.507,55.316,58.241,67.747,69.497,67.289,113.43,107.15,104.12,104.04,112.19,106.46,105.49,101.84,101.57,98.614,93.564,71.987,79.732,92.224,99.442,91.879,92.038,93.892,94.737,89.871,87.225,87.261,87.663,84.312,83.329,86.001,102.14,87.491,72.753,75.132,77.293,80.84,99.485,0.435,65.078,65.692,68.872,68.541,68.497,71.998,71.88,90.014,90.899,93.627,131.45
87.464,212.84,90.389,88.249,89.405,69.34,64.311,101.87,91.683,111.24,112.1,84.6,100.28,85.8,98.524,82,99.283,75.834,75.025,109.85,92.849,0,95.283,98.217,105.94,118.83,94.889,89.92,96.99,87.426,91.343,85.473,86.607,71.865,78.049,77.534,79.929,89.543,91.404,88.285,88.174,90.551,85.387,85.869,88.794,95.568,97.318,98.765,58.932,61.231,58.206,58.125,57.696,88.4,87.435,83.78,83.51,80.555,75.505,99.808,107.55,74.165,107.94,73.82,73.979,102.39,94.727,87.08,84.434,84.398,83.996,67.6,66.617,73.244,89.384,74.734,76.184,81.395,87.878,91.921,91.043,90.674,75.45,76.064,83.969,84.142,84.098,89.164,97.589,0.567,108.02,103.18,76.957
101.92,204.19,63.746,72.492,96.012,118.43,122.72,122.36,70.392,86.687,87.552,105.09,120.77,106.29,77.233,102.49,74.732,96.327,95.518,95.158,103.72,95.283,0,99.923,82.669,111.71,79.22,74.45,101.48,68.281,95.784,70.83,71.964,90.273,69.373,70.983,73.378,68.252,70.113,98.37,72.267,59.808,63.679,59.226,62.151,71.017,72.767,70.461,117.34,110.32,107.29,107.21,116.1,108.89,107.93,104.27,104,101.05,95.998,75.257,83.002,94.658,101.88,94.313,94.472,96.326,96.433,91.567,88.803,88.839,89.241,86.008,85.025,87.697,103.84,89.187,73.711,77.566,79.727,83.274,0.848,101.55,66.774,67.388,69.83,69.499,69.455,73.495,74.314,92.448,93.333,96.061,135.36
90.417,220.95,104.2,96.665,93.468,71.138,66.871,102.14,107.32,122.33,123.19,84.874,100.55,86.074,113.78,82.274,110.37,76.108,75.299,98.092,98.227,98.217,99.923,0,92.418,116.76,84.613,79.644,111.83,77.15,98.892,77.565,78.611,74.818,76.057,74.702,77.097,105.17,106.66,96.701,96.59,97.9,100.8,100.19,102.6,106.66,108.41,93.358,61.492,63.029,60.004,59.923,60.256,88.674,87.709,84.054,83.784,80.829,75.779,110.9,118.64,74.439,107.45,74.094,74.253,101.9,0.698,101.92,99.27,91.947,91.545,70.553,69.57,76.197,92.337,77.687,74.279,80.046,90.331,100.03,95.683,96.052,73.299,74.072,75.815,76.146,76.19,78.888,84.063,95.382,96.267,101.11,79.517
83.198,200.92,77.044,75.902,77.652,86.179,88.696,103.62,78.338,103.3,104.16,86.347,102.03,87.547,85.179,83.747,91.356,77.581,76.772,104.05,80.235,105.94,82.669,92.418,0,113.03,91.492,92.305,91.191,84.029,85.544,77.723,78.769,73.612,68.686,66.591,68.986,76.198,78.059,75.866,75.855,80.842,72.042,72.524,75.449,87.626,89.391,101.19,83.317,78.07,75.045,74.964,82.081,90.147,89.182,85.527,85.257,82.302,77.252,91.866,99.611,75.912,102.14,75.567,75.726,96.59,88.928,81.281,78.635,78.599,78.197,69.347,68.364,68.978,85.118,70.468,65.241,73.591,76.621,80.009,78.429,78.06,67.994,66.701,75.973,76.304,76.348,85.767,1.671,103.11,102.22,97.385,101.34
102.19,230.79,110.61,106.01,106.22,76.431,67.586,116.59,113.48,129.78,130.64,99.323,115,100.52,119.91,96.723,117.82,90.557,89.748,118.71,109.28,118.83,111.71,116.76,113.03,0,105.23,100.26,115.53,97.767,109.88,98.182,99.228,86.588,91.207,92.11,94.505,111.34,112.79,106.04,105.93,108.04,106.77,106.09,109.02,114.11,115.86,110.82,62.207,68.322,65.297,65.216,60.971,103.12,102.16,98.503,98.233,95.278,90.228,118.35,126.09,88.888,126.48,88.543,88.702,120.93,113.27,105.62,102.97,102.94,102.53,82.323,81.34,87.967,104.11,89.457,90.907,98.827,105.31,109.88,107.47,107.1,88.608,89.222,96.432,96.763,96.807,99.505,104.68,116,116.88,3.13,80.232
72.447,194.83,80.863,76.635,68.335,91.748,97.211,101.78,82.084,106.94,107.8,84.512,100.19,85.712,88.925,81.912,94.98,75.746,74.937,93.584,77.723,94.889,79.22,84.613,91.492,105.23,0,83.247,83.386,80.301,77.739,68.578,69.536,67.65,56.423,55.84,58.235,79.944,81.805,76.599,76.71,79.935,76.099,76.343,79.268,91.265,93.015,86.362,91.832,83.639,80.614,80.533,90.596,88.312,87.347,83.692,83.422,80.467,75.417,95.505,103.25,74.077,94.335,73.732,73.891,88.785,81.123,73.476,70.83,70.794,70.392,63.385,60.436,58.227,74.367,59.717,54.49,65.786,71.762,73.918,74.98,75.548,57.243,54.438,66.078,67.071,67.203,1.145,83.137,92.054,91.759,89.58,109.86
67.478,191.1,73.108,70.154,64.878,82.243,87.706,93.789,74.402,99.36,100.22,76.519,92.199,77.719,81.243,73.919,87.142,67.753,66.944,88.615,72.754,89.92,74.45,79.644,92.305,100.26,83.247,0,78.417,72.308,72.77,63.609,64.567,61.566,52.966,50.871,53.266,72.262,74.123,70.118,70.229,73.96,68.106,68.588,71.513,83.69,85.177,82.091,82.327,74.134,71.109,71.028,81.091,80.319,79.354,75.699,75.429,72.474,67.424,87.93,95.675,66.084,89.366,65.739,65.898,83.816,76.154,68.507,65.861,65.825,65.423,57.301,55.467,53.258,69.398,54.748,49.521,60.817,66.793,70.181,70.21,70.579,52.274,50.981,61.109,62.102,62.234,77.522,83.95,87.085,86.79,84.611,100.35
85.911,218.74,107.23,97.866,92.238,85.205,86.036,106.02,109.29,126.4,127.26,88.745,104.42,89.945,113.58,86.145,111.08,79.979,79.17,96.865,99.781,96.99,101.48,111.83,91.191,115.53,83.386,78.417,0,75.923,97.665,74.234,75.192,78.235,70.947,69.304,71.699,107.15,106.46,97.902,97.791,99.454,102.99,102.71,105.64,110.73,109.11,92.131,80.657,77.096,74.071,73.99,79.421,92.545,91.58,87.925,87.655,84.7,79.65,114.97,122.71,78.31,106.22,77.965,78.124,100.67,108.34,1.982,113.34,90.72,90.318,73.97,72.987,71.691,87.831,73.181,67.954,78.193,88.836,97.821,97.237,97.606,70.707,68.962,71.734,72.727,72.859,77.661,82.836,94.155,95.04,99.879,98.682
64.984,183.89,76.876,68.436,57.396,94.713,100.18,101.27,78.097,101.95,102.81,84.001,99.681,85.201,84.696,81.401,89.992,75.235,74.426,86.121,67.323,87.426,68.281,77.15,84.029,97.767,80.301,72.308,75.923,0,68.525,61.115,62.073,60.187,45.484,48.377,50.772,75.957,77.576,68.328,68.661,70.286,71.737,72.356,75.281,86.277,88.027,78.899,94.797,86.604,83.579,83.498,93.561,87.801,86.836,83.181,82.911,79.956,74.906,90.517,98.262,73.566,86.872,73.221,73.38,81.322,73.66,66.013,61.688,61.58,60.374,55.922,52.973,50.764,66.904,52.254,47.027,58.323,64.299,62.979,64.041,65.148,49.78,43.499,58.615,59.608,59.74,74.576,75.674,84.591,84.296,82.117,112.82
78.572,211.4,100.8,92.363,84.899,85.066,87.661,102.28,102.09,120.97,121.83,85.006,100.69,86.206,108.15,82.406,105.5,76.24,75.431,91.218,94.206,91.343,95.784,98.892,85.544,109.88,77.739,72.77,97.665,68.525,0,66.751,67.709,73.775,63.536,61.965,64.36,99.952,101.03,92.399,92.288,93.879,95.796,96.278,99.203,105.3,103.54,86.484,82.282,76.957,73.932,73.851,81.046,88.806,87.841,84.186,83.916,80.961,75.911,109.54,117.28,74.571,100.58,74.226,74.385,95.027,95.402,87.755,88.346,1.389,87.248,69.51,66.561,64.352,80.492,65.842,60.615,70.71,81.425,90.482,91.544,92.031,63.368,61.551,64.251,65.244,65.376,72.014,77.189,88.508,89.393,94.232,100.31
67.533,185.64,84.121,70.985,59.945,101.96,107.42,106.17,85.342,109.19,110.06,88.898,104.58,90.098,91.941,86.298,93.657,80.132,79.323,85.004,69.872,85.473,70.83,77.565,77.723,98.182,68.578,63.609,74.234,61.115,66.751,0,66.97,61.706,48.033,50.926,53.321,83.202,84.821,70.877,71.21,73.241,78.982,79.601,82.526,93.522,91.692,74.945,102.04,93.849,90.824,90.743,100.81,92.698,91.733,88.078,87.808,84.853,79.803,97.762,105.51,78.463,87.287,78.118,78.277,81.737,74.075,64.324,59.914,59.806,58.6,57.441,55.522,53.313,69.453,54.803,49.576,60.872,66.848,64.725,66.59,67.697,52.329,46.048,63.512,64.505,0.275,62.853,69.368,82.638,83.179,82.532,120.07
68.667,186.69,85.431,72.119,61.079,103.27,108.73,107.39,86.652,110.5,111.37,90.12,105.8,91.32,93.251,87.52,94.791,81.354,80.545,86.05,71.006,86.607,71.964,78.611,78.769,99.228,69.536,64.567,75.192,62.073,67.709,66.97,0,62.752,49.167,52.06,54.455,84.512,86.131,72.011,72.344,74.375,80.292,80.911,83.836,94.832,92.826,75.991,103.35,95.159,92.134,92.053,102.12,93.92,92.955,89.3,89.03,86.075,81.025,99.072,106.82,79.685,88.333,79.34,79.499,82.783,75.121,65.282,60.872,60.764,59.558,58.487,56.656,54.447,70.587,55.937,50.71,61.972,67.982,65.771,67.724,68.831,53.463,47.182,64.734,0.493,65.595,63.811,70.414,83.772,84.225,83.578,121.38
77.95,209.28,99.988,87.17,81.793,84.445,89.751,87.286,103.11,114.54,115.41,70.016,85.696,71.216,106.73,67.416,95.297,61.25,60.441,71.15,88.577,71.865,90.273,74.818,73.612,86.588,67.65,61.566,78.235,60.187,73.775,61.706,62.752,0,61.006,60.823,63.218,100.97,99.614,87.206,87.095,86.418,96.54,95.863,98.393,98.874,93.332,74.552,84.372,76.336,73.311,73.23,83.136,73.816,72.851,69.196,68.926,65.971,60.921,103.11,110.86,59.581,76.753,59.236,59.395,71.203,71.328,68.325,66.794,66.83,67.232,0.853,65.939,63.73,79.87,65.22,59.993,64.187,74.992,88.362,86.033,86.402,59.42,59.021,59.956,60.287,60.331,61.925,65.257,69.03,69.325,70.938,102.4
69.77,179.31,89.491,66.598,55.507,106.2,111.96,104.4,90.421,108.25,109.12,87.134,102.81,88.334,90.077,84.534,87.143,78.368,77.559,77.334,67.677,78.049,69.373,76.057,68.686,91.207,56.423,52.966,70.947,45.484,63.536,48.033,49.167,61.006,0,45.689,48.084,88.281,82.957,66.562,66.673,67.35,83.41,83.412,87.896,92.582,85.178,66.398,107.41,98.089,95.064,94.983,105.35,90.934,89.969,86.314,86.044,83.089,78.039,96.822,104.57,76.699,80.842,76.354,76.513,75.292,72.567,61.037,56.627,56.591,56.189,56.741,56.143,55.55,71.69,57.04,44.339,47.013,53.874,58.397,65.133,65.502,55.333,0.397,55.156,46.702,46.658,50.698,60.331,75.214,75.509,75.557,125.43
77.169,180.92,95.367,68.208,58.146,112,117.92,108.47,95.244,110.14,111,91.201,106.88,92.401,91.687,88.601,88.053,82.435,81.626,76.819,69.287,77.534,70.983,74.702,66.591,92.11,55.84,50.871,69.304,48.377,61.965,50.926,52.06,60.823,45.689,0,0.479,93.104,84.567,68.172,68.283,68.96,88.908,88.897,93.772,94.47,86.088,67.308,113.37,104.05,101.02,100.78,111.31,95.001,94.036,90.381,90.111,87.156,82.106,98.71,106.45,80.766,81.745,80.421,80.58,76.195,71.212,59.394,54.984,55.02,55.422,56.558,59.994,62.949,79.089,64.439,59.212,52.964,62.83,60.007,66.743,67.112,59.053,43.704,49.926,49.595,49.551,50.115,58.236,74.699,74.994,76.46,131.39
79.564,183.32,97.762,70.603,60.541,114.39,120.32,110.87,97.639,112.53,113.4,93.596,109.28,94.796,94.082,90.996,90.448,84.83,84.021,79.214,71.682,79.929,73.378,77.097,68.986,94.505,58.235,53.266,71.699,50.772,64.36,53.321,54.455,63.218,48.084,0.479,0,95.499,86.962,70.567,70.678,71.355,91.303,91.292,96.167,96.865,88.483,69.703,115.76,106.44,103.42,103.18,113.7,97.396,96.431,92.776,92.506,89.551,84.501,101.1,108.85,83.161,84.14,82.816,82.975,78.59,73.607,61.789,57.379,57.415,57.817,58.953,62.389,65.344,81.484,66.834,61.607,55.359,65.225,62.402,69.138,69.507,61.448,46.099,52.321,51.99,51.946,52.51,60.631,77.094,77.389,78.855,133.79
121.11,187.44,57.501,59.617,70.657,128.84,134.9,124.81,0.428,83.573,84.438,107.54,123.22,108.74,77.104,104.94,68.555,98.772,97.963,90.008,65.08,89.543,68.252,105.17,76.198,111.34,79.944,72.262,107.15,75.957,99.952,83.202,84.512,100.97,88.281,93.104,95.499,0,69.984,60.147,59.392,49.395,70.572,52.981,55.906,67.903,66.59,60.048,130.34,121.02,118,117.62,128.28,111.34,110.37,106.72,106.45,103.49,98.443,72.143,79.888,97.103,102.04,96.758,96.917,96.487,101.68,97.237,92.827,93.007,95.017,96.703,97.686,106.89,123.03,108.38,93.35,74.586,66.276,66.529,64.012,62.905,87.014,86.296,83.702,82.047,81.827,74.219,67.843,86.708,88.183,95.692,148.37
115.5,189.31,55.64,61.478,72.518,123.73,127.73,126.67,72.124,81.712,82.577,109.4,125.08,110.6,1.424,106.8,69.757,100.63,99.824,91.869,66.941,91.404,70.113,106.66,78.059,112.79,81.805,74.123,106.46,77.576,101.03,84.821,86.131,99.614,82.957,84.567,86.962,69.984,0,65.73,61.253,51.256,64.989,51.12,54.045,66.042,67.792,61.909,122.35,115.62,112.59,112.51,121.11,113.2,112.23,108.58,108.31,105.35,100.3,70.282,78.027,98.964,103.48,98.619,98.778,97.934,103.17,96.554,93.908,94.088,96.098,95.349,98.118,101.28,117.42,102.77,88.617,73.342,66.859,68.39,65.873,64.766,80.358,80.972,85.314,83.666,83.446,76.08,69.704,88.569,90.044,97.139,140.37
99.106,198.52,52.361,64.757,87.485,108.81,111.33,115.61,62.287,75.942,76.807,98.338,114.02,99.538,72.85,95.738,63.987,89.572,88.763,88.16,97.412,88.285,98.37,96.701,75.866,106.04,76.599,70.118,97.902,68.328,92.399,70.877,72.011,87.206,66.562,68.172,70.567,60.147,65.73,0,64.532,51.281,55.152,47.841,50.766,60.272,62.022,61.934,105.95,100.71,97.68,97.599,104.72,102.14,101.17,97.518,97.248,94.293,89.243,64.512,72.257,87.903,96.207,87.558,87.717,90.657,93.211,87.992,85.346,85.454,86.548,82.941,82.214,84.886,101.03,86.376,72.222,71.897,74.058,77.605,94.13,95.237,63.963,64.577,69.877,69.546,69.502,70.874,67.511,85.45,86.335,90.392,123.98
99.217,188.36,57.475,64.64,70.242,108.26,110.78,115.27,61.532,75.609,76.474,98.005,113.69,99.205,68.373,95.405,63.654,89.239,88.43,88.049,69.833,88.174,72.267,96.59,75.855,105.93,76.71,70.229,97.791,68.661,92.288,71.21,72.344,87.095,66.673,68.283,70.678,59.392,61.253,64.532,0,58.567,55.041,54.364,55.88,59.939,61.689,61.923,105.4,100.15,97.125,97.044,104.16,101.81,100.84,97.185,96.915,93.96,88.91,64.179,71.924,87.57,96.096,87.225,87.384,90.546,93.1,87.881,85.235,85.343,86.549,82.83,82.325,84.997,101.14,86.487,72.333,69.952,63.469,67.444,68.027,67.658,64.074,64.688,70.21,69.879,69.835,70.985,67.5,85.339,86.224,90.281,123.42
99.188,186.35,59.756,51.317,62.213,104.87,107.39,113.24,51.535,78.726,79.591,95.974,111.65,97.174,58.376,93.374,66.771,87.208,86.399,90.426,56.636,90.551,59.808,97.9,80.842,108.04,79.935,73.96,99.454,70.286,93.879,73.241,74.375,86.418,67.35,68.96,71.355,49.395,51.256,51.281,58.567,0,54.559,55.236,58.161,63.056,64.806,68.562,102.01,96.765,93.74,93.659,100.78,99.774,98.809,95.154,94.884,91.929,86.879,67.296,75.041,85.539,98.205,85.194,85.353,92.655,94.41,89.544,86.898,86.934,87.336,82.153,83.002,84.968,101.11,86.458,73.01,67.943,61.46,65.435,55.568,54.461,64.751,65.365,72.241,71.91,71.866,74.21,72.487,87.716,88.601,92.39,120.04
115.82,184.45,61.483,55.116,66.084,122.31,128.24,120.43,72.712,79.617,80.482,103.16,118.84,104.36,72.109,100.56,64.177,94.394,93.585,85.852,60.507,85.387,63.679,100.8,72.042,106.77,76.099,68.106,102.99,71.737,95.796,78.982,80.292,96.54,83.41,88.908,91.303,70.572,64.989,55.152,55.041,54.559,0,61.821,59.888,63.947,62.212,58.11,123.68,114.36,111.34,111.09,121.62,106.96,106,102.34,102.07,99.115,94.065,68.187,75.932,92.725,97.464,92.38,92.539,91.914,97.307,93.081,88.671,88.851,90.861,92.275,93.308,101.6,117.74,103.09,90.033,70.208,63.279,63.532,59.439,58.332,82.596,81.425,79.482,77.827,77.607,70.374,63.687,82.552,84.027,91.119,141.71
115.4,185.12,88.882,47.805,65.407,120.84,126.6,119.83,55.121,90.78,91.645,102.56,118.24,103.76,58.24,99.956,71.825,93.79,92.981,86.334,55.316,85.869,59.226,100.19,72.524,106.09,76.343,68.588,102.71,72.356,96.278,79.601,80.911,95.863,83.412,88.897,91.292,52.981,51.12,47.841,54.364,55.236,61.821,0,87.287,75.11,69.86,58.592,122.05,112.73,109.7,109.62,119.99,106.36,105.39,101.74,101.47,98.511,93.461,79.35,87.095,92.121,96.787,91.776,91.935,91.237,96.703,92.803,89.153,89.333,91.343,91.598,92.704,101.18,117.32,102.67,90.684,70.885,63.956,64.209,54.986,53.141,81.882,81.427,80.101,78.446,78.226,70.618,64.169,83.034,84.509,90.442,140.07
119.75,190,0.319,50.73,68.332,125.2,130.96,122.23,58.046,93.705,94.57,104.96,120.64,106.16,61.165,102.36,74.75,96.197,95.388,89.259,58.241,88.794,62.151,102.6,75.449,109.02,79.268,71.513,105.64,75.281,99.203,82.526,83.836,98.393,87.896,93.772,96.167,55.906,54.045,50.766,55.88,58.161,59.888,87.287,0,78.035,72.785,61.517,126.41,117.09,114.06,113.98,124.35,108.76,107.8,104.14,103.87,100.92,95.868,82.275,90.02,94.528,99.712,94.183,94.342,94.162,99.11,95.728,92.078,92.258,94.268,94.128,95.111,105.54,121.67,107.03,95.559,75.242,68.831,69.084,57.911,56.066,86.757,85.911,83.026,81.371,81.151,73.543,67.094,85.959,87.434,93.367,144.43
111.67,203.64,79.63,60.164,73.422,114.65,117.17,121.82,70.043,3.134,3.307,104.55,120.23,105.75,73.162,101.95,86.927,95.783,94.974,95.443,67.747,95.568,71.017,106.66,87.626,114.11,91.265,83.69,110.73,86.277,105.3,93.522,94.832,98.874,92.582,94.47,96.865,67.903,66.042,60.272,59.939,63.056,63.947,75.11,78.035,0,84.962,73.694,111.79,106.54,103.52,103.43,110.55,108.35,107.38,103.73,103.46,100.5,95.454,0.848,2.397,94.114,104.8,93.769,93.928,99.252,103.17,100.82,98.172,98.352,99.867,94.609,96.137,97.448,113.59,98.938,93.711,84.729,78.246,82.727,66.777,65.572,90.699,90.597,94.022,92.367,92.147,85.54,79.271,92.733,93.618,98.457,129.81
102.92,203.96,74.38,61.914,75.172,105.9,108.42,116.57,68.73,100.63,101.5,99.299,114.98,100.5,74.912,96.699,0.393,90.533,89.724,97.193,69.497,97.318,72.767,108.41,89.391,115.86,93.015,85.177,109.11,88.027,103.54,91.692,92.826,93.332,85.178,86.088,88.483,66.59,67.792,62.022,61.689,64.806,62.212,69.86,72.785,84.962,0,78.944,103.04,97.79,94.765,94.684,101.8,103.1,102.13,98.479,98.209,95.254,90.204,89.202,96.947,88.864,106.55,88.519,88.678,101,104.92,99.202,96.556,96.592,96.994,89.067,88.084,88.698,104.84,90.188,84.961,84.369,79.145,83.045,68.527,67.322,82.685,83.193,90.692,90.361,90.317,87.29,81.036,94.483,95.368,100.21,121.06
84.138,191.04,63.112,61.97,70.43,87.119,89.636,102.59,62.188,89.364,90.229,85.321,101,86.521,69.029,82.721,80.909,76.555,75.746,98.05,67.289,98.765,70.461,93.358,101.19,110.82,86.362,82.091,92.131,78.899,86.484,74.945,75.991,74.552,66.398,67.308,69.703,60.048,61.909,61.934,61.923,68.562,58.11,58.592,61.517,73.694,78.944,0,84.257,79.01,75.985,75.904,83.021,89.121,88.156,84.501,84.231,81.276,76.226,77.934,85.679,74.886,100.46,74.541,74.7,94.908,89.868,82.221,79.575,79.539,79.137,70.287,69.304,69.918,86.058,71.408,66.181,67.964,69.794,70.125,66.221,65.114,63.905,64.413,73.195,73.526,73.57,80.637,92.84,95.93,96.225,95.173,102.28
109.6,250.51,128,105.77,120.29,28.492,7.926,30.296,132.48,127.46,128.32,23.872,30.568,25.264,129.47,26.952,105,41.27,40.779,56.447,113.43,58.932,117.34,61.492,83.317,62.207,91.832,82.327,80.657,94.797,82.282,102.04,103.35,84.372,107.41,113.37,115.76,130.34,122.35,105.95,105.4,102.01,123.68,122.05,126.41,111.79,103.04,84.257,0,5.28,6.49,19.52,5.28,19.52,20.292,23.216,23.432,25.796,29.836,116.03,123.77,30.908,39.682,39.574,39.415,45.232,58.002,70.747,75.157,75.337,77.347,80.107,84.34,95.385,111.52,96.875,114.07,102.44,113.25,129.6,113.1,111.25,106.35,105.42,102.54,100.89,100.67,86.107,74.962,56.097,54.622,46.557,3.605
100.28,241.19,118.68,100.52,110.97,8.966,7.926,9.868,123.16,122.21,123.07,6.656,10.004,7.352,122.74,8.196,99.755,24.85,24.33,59.336,107.15,61.231,110.32,63.029,78.07,68.322,83.639,74.134,77.096,86.604,76.957,93.849,95.159,76.336,98.089,104.05,106.44,121.02,115.62,100.7,100.15,96.765,114.36,112.73,117.09,106.54,97.79,79.01,5.28,0,0.605,4.48,5.28,4.48,4.866,6.328,6.436,7.618,9.638,110.78,118.52,10.174,23.366,23.366,23.366,27.806,59.539,67.186,69.832,70.012,72.022,72.071,75.02,86.065,102.2,87.555,104.75,94.249,105.05,120.28,106.08,104.97,97.034,96.104,94.349,92.694,92.474,77.914,69.715,58.396,57.511,52.672,12.49
97.26,238.17,115.66,97.5,107.95,7.756,9.136,8.658,120.14,119.18,120.05,5.446,8.794,6.142,119.71,6.986,96.73,22.43,21.91,56.311,104.12,58.206,107.29,60.004,75.045,65.297,80.614,71.109,74.071,83.579,73.932,90.824,92.134,73.311,95.064,101.02,103.42,118,112.59,97.68,97.125,93.74,111.34,109.7,114.06,103.51,94.765,75.985,6.49,0.605,0,3.27,6.49,3.27,3.656,5.118,5.226,6.408,8.428,107.75,115.5,8.964,20.946,20.946,20.946,25.386,56.514,64.161,66.807,66.987,68.997,69.046,71.995,83.04,99.18,84.53,101.72,91.224,102.03,117.25,103.05,101.95,94.009,93.079,91.324,89.669,89.449,74.889,66.69,55.371,54.486,49.647,13.7
97.179,237.93,115.58,97.419,107.71,2.243,24.812,8.658,119.76,119.1,119.97,5.446,8.794,6.142,119.63,6.986,96.649,22.43,21.91,56.23,104.04,58.125,107.21,59.923,74.964,65.216,80.533,71.028,73.99,83.498,73.851,90.743,92.053,73.23,94.983,100.78,103.18,117.62,112.51,97.599,97.044,93.659,111.09,109.62,113.98,103.43,94.684,75.904,19.52,4.48,3.27,0,19.52,3.27,3.656,5.118,5.226,6.408,8.428,107.67,115.42,8.964,20.946,20.946,20.946,25.386,56.433,64.08,66.726,66.906,68.916,68.965,71.914,82.959,99.099,84.449,101.64,91.143,101.95,117.01,102.97,101.86,93.766,92.998,91.243,89.588,89.368,74.808,66.609,55.29,54.405,49.566,33.94
107.54,248.45,125.94,104.54,118.24,28.492,1.323,30.296,130.42,126.22,127.09,23.872,30.568,25.264,128.23,26.952,103.77,40.034,39.543,55.211,112.19,57.696,116.1,60.256,82.081,60.971,90.596,81.091,79.421,93.561,81.046,100.81,102.12,83.136,105.35,111.31,113.7,128.28,121.11,104.72,104.16,100.78,121.62,119.99,124.35,110.55,101.8,83.021,5.28,5.28,6.49,19.52,0,19.52,20.292,23.216,23.432,25.796,29.836,114.79,122.54,30.908,38.446,38.338,38.179,43.996,56.766,69.511,73.921,74.101,76.111,78.871,82.28,93.325,109.46,94.815,112.01,101.21,112.01,127.54,111.86,110.02,104.29,103.36,101.31,99.651,99.431,84.871,73.726,54.861,53.386,45.321,12.49
95.799,232.48,110.36,102.03,103.34,7.756,24.812,2.694,113.48,124.02,124.88,1.088,2.762,1.436,120.32,1.858,105.06,7.945,7.685,87.685,106.46,88.4,108.89,88.674,90.147,103.12,88.312,80.319,92.545,87.801,88.806,92.698,93.92,73.816,90.934,95.001,97.396,111.34,113.2,102.14,101.8,99.774,106.96,106.36,108.76,108.35,103.1,89.121,19.52,4.48,3.27,3.27,19.52,0,0.193,0.924,0.978,1.569,2.579,112.59,120.33,2.847,7.203,7.203,7.203,9.423,85.184,82.635,81.753,81.861,83.067,69.551,70.534,81.579,97.719,83.069,96.156,93.044,100.62,111.57,104.65,104.28,89.404,88.949,92.448,91.455,91.323,82.587,81.792,85.565,85.86,87.473,33.94
94.834,231.52,109.39,101.06,102.38,8.142,25.584,2.887,112.51,123.05,123.92,0.895,2.569,1.243,119.35,1.665,104.1,7.559,7.299,86.72,105.49,87.435,107.93,87.709,89.182,102.16,87.347,79.354,91.58,86.836,87.841,91.733,92.955,72.851,89.969,94.036,96.431,110.37,112.23,101.17,100.84,98.809,106,105.39,107.8,107.38,102.13,88.156,20.292,4.866,3.656,3.656,20.292,0.193,0,0.731,0.785,1.376,2.386,111.62,119.37,2.654,6.817,6.817,6.817,9.037,84.219,81.67,80.788,80.896,82.102,68.586,69.569,80.614,96.754,82.104,95.191,92.079,99.658,110.6,103.69,103.32,88.439,87.984,91.483,90.49,90.358,81.622,80.827,84.6,84.895,86.508,34.712
91.179,227.86,105.74,97.41,98.725,9.604,28.508,3.618,108.86,119.4,120.26,0.164,3.3,0.512,115.7,0.934,100.44,6.097,5.837,83.065,101.84,83.78,104.27,84.054,85.527,98.503,83.692,75.699,87.925,83.181,84.186,88.078,89.3,69.196,86.314,90.381,92.776,106.72,108.58,97.518,97.185,95.154,102.34,101.74,104.14,103.73,98.479,84.501,23.216,6.328,5.118,5.118,23.216,0.924,0.731,0,0.054,0.645,1.655,107.97,115.71,1.923,5.355,5.355,5.355,7.575,80.564,78.015,77.133,77.241,78.447,64.931,65.914,76.959,93.099,78.449,91.536,88.424,96.003,106.95,100.03,99.664,84.784,84.329,87.828,86.835,86.703,77.967,77.172,80.945,81.24,82.853,37.636
90.909,227.59,105.47,97.14,98.455,9.712,28.724,3.672,108.59,119.13,119.99,0.218,3.354,0.458,115.43,0.88,100.17,5.989,5.729,82.795,101.57,83.51,104,83.784,85.257,98.233,83.422,75.429,87.655,82.911,83.916,87.808,89.03,68.926,86.044,90.111,92.506,106.45,108.31,97.248,96.915,94.884,102.07,101.47,103.87,103.46,98.209,84.231,23.432,6.436,5.226,5.226,23.432,0.978,0.785,0.054,0,0.591,1.601,107.7,115.44,1.869,5.247,5.247,5.247,7.467,80.294,77.745,76.863,76.971,78.177,64.661,65.644,76.689,92.829,78.179,91.266,88.154,95.733,106.68,99.763,99.394,84.514,84.059,87.558,86.565,86.433,77.697,76.902,80.675,80.97,82.583,37.852
87.954,224.64,102.51,94.185,95.5,10.894,31.088,4.263,105.63,116.17,117.04,0.809,3.945,1.049,112.47,0.289,97.219,4.807,4.547,79.84,98.614,80.555,101.05,80.829,82.302,95.278,80.467,72.474,84.7,79.956,80.961,84.853,86.075,65.971,83.089,87.156,89.551,103.49,105.35,94.293,93.96,91.929,99.115,98.511,100.92,100.5,95.254,81.276,25.796,7.618,6.408,6.408,25.796,1.569,1.376,0.645,0.591,0,1.01,104.74,112.49,1.278,4.065,4.065,4.065,6.285,77.339,74.79,73.908,74.016,75.222,61.706,62.689,73.734,89.874,75.224,88.311,85.199,92.778,103.72,96.808,96.439,81.559,81.104,84.603,83.61,83.478,74.742,73.947,77.72,78.015,79.628,40.216
82.904,219.59,97.463,89.135,90.45,12.914,35.128,5.273,100.58,111.12,111.99,1.819,4.955,2.059,107.42,1.299,92.169,2.787,2.527,74.79,93.564,75.505,95.998,75.779,77.252,90.228,75.417,67.424,79.65,74.906,75.911,79.803,81.025,60.921,78.039,82.106,84.501,98.443,100.3,89.243,88.91,86.879,94.065,93.461,95.868,95.454,90.204,76.226,29.836,9.638,8.428,8.428,29.836,2.579,2.386,1.655,1.601,1.01,0,99.694,107.44,0.268,2.045,2.045,2.045,4.265,72.289,69.74,68.858,68.966,70.172,56.656,57.639,68.684,84.824,70.174,83.261,80.149,87.728,98.674,91.758,91.389,76.509,76.054,79.553,78.56,78.428,69.692,68.897,72.67,72.965,74.578,44.256
115.91,207.88,83.87,64.404,77.662,118.89,121.41,126.06,74.283,2.286,2.459,108.79,124.47,109.99,77.402,106.19,91.167,100.02,99.214,99.683,71.987,99.808,75.257,110.9,91.866,118.35,95.505,87.93,114.97,90.517,109.54,97.762,99.072,103.11,96.822,98.71,101.1,72.143,70.282,64.512,64.179,67.296,68.187,79.35,82.275,0.848,89.202,77.934,116.03,110.78,107.75,107.67,114.79,112.59,111.62,107.97,107.7,104.74,99.694,0,1.549,98.354,109.04,98.009,98.168,103.49,107.41,105.06,102.41,102.59,104.11,98.849,100.38,101.69,117.83,103.18,97.951,88.969,82.486,86.967,71.017,69.812,94.939,94.837,98.262,96.607,96.387,89.78,83.511,96.973,97.858,102.7,134.05
123.65,215.63,91.615,72.149,85.407,126.63,129.15,133.8,82.028,0.737,0.91,116.53,132.21,117.73,85.147,113.93,98.912,107.77,106.96,107.43,79.732,107.55,83.002,118.64,99.611,126.09,103.25,95.675,122.71,98.262,117.28,105.51,106.82,110.86,104.57,106.45,108.85,79.888,78.027,72.257,71.924,75.041,75.932,87.095,90.02,2.397,96.947,85.679,123.77,118.53,115.5,115.42,122.54,120.33,119.37,115.71,115.44,112.49,107.44,1.549,0,106.1,116.79,105.75,105.91,111.24,115.15,112.8,110.16,110.34,111.85,106.59,108.12,109.43,125.57,110.92,105.7,96.714,90.231,94.712,78.762,77.557,102.68,102.58,106.01,104.35,104.13,97.525,91.256,104.72,105.6,110.44,141.8
81.564,218.25,96.123,87.795,89.11,13.45,36.2,5.541,99.243,109.78,110.65,2.087,5.223,2.327,106.08,1.567,90.829,2.251,1.991,73.45,92.224,74.165,94.658,74.439,75.912,88.888,74.077,66.084,78.31,73.566,74.571,78.463,79.685,59.581,76.699,80.766,83.161,97.103,98.964,87.903,87.57,85.539,92.725,92.121,94.528,94.114,88.864,74.886,30.908,10.174,8.964,8.964,30.908,2.847,2.654,1.923,1.869,1.278,0.268,98.354,106.1,0,1.509,1.509,1.509,3.729,70.949,68.4,67.518,67.626,68.832,55.316,56.299,67.344,83.484,68.834,81.921,78.809,86.388,97.334,90.418,90.049,75.169,74.714,78.213,77.22,77.088,68.352,67.557,71.33,71.625,73.238,45.328
92.352,220.96,101.31,96.171,96.383,29.918,45.061,12.591,104.18,120.47,121.34,5.683,11.955,6.163,110.6,4.643,108.52,2.251,1.991,107.81,99.442,107.94,101.88,107.45,102.14,126.48,94.335,89.366,106.22,86.872,100.58,87.287,88.333,76.753,80.842,81.745,84.14,102.04,103.48,96.207,96.096,98.205,97.464,96.787,99.712,104.8,106.55,100.46,39.682,23.366,20.946,20.946,38.446,7.203,6.817,5.355,5.247,4.065,2.045,109.04,116.79,1.509,0,1.509,1.509,1.11,103.96,96.314,93.668,93.632,93.23,72.488,71.505,78.132,94.272,79.622,81.072,88.462,94.945,100.04,97.636,97.267,78.243,78.857,85.537,85.868,85.912,88.61,93.785,105.1,105.99,110.83,57.707
