0,215.32,121.87,99.142,88.416,108.39,114.16,109.27,123.25,101.08,101.95,91.999,107.68,93.199,122.62,89.399,98.167,83.233,82.424,86.749,100.22,87.464,101.92,90.417,83.198,102.19,72.447,67.478,85.911,64.984,78.572,67.533,68.667,77.95,69.77,77.169,79.564,121.11,115.5,99.106,99.217,99.188,115.82,115.4,120.27,92.195,96.202,84.138,109.61,100.29,97.26,97.179,107.55,95.799,94.834,91.179,90.909,87.954,82.904,89.651,97.396,81.564,92.352,81.219,81.378,86.802,86.927,76.001,71.591,71.627,72.029,73.685,89.102,2.844,5.476,2.546,84.518,69.571,80.376,94.401,97.677,98.046,72.96,67.785,66.533,66.202,66.158,66.722,74.843,84.629,84.924,86.537,127.63
215.32,0,191.59,188.43,213.82,245.81,251.74,243.08,189.58,230.48,231.35,225.81,241.49,227.01,196.43,223.21,211.78,217.57,216.76,212.71,201.75,212.84,204.19,220.95,200.92,229.3,194.83,191.1,218.74,183.89,211.4,185.64,186.69,209.28,179.31,180.92,183.32,187.44,189.31,198.52,188.36,186.35,184.45,185.12,190,216.59,209.82,191.04,246.88,237.86,234.84,234.59,245.12,229.61,228.64,224.99,224.72,221.76,216.71,219.05,226.8,215.91,215.33,215.55,215.71,213.92,217.46,208.83,204.42,204.45,204.85,205.01,204.46,201.1,217.24,202.59,182.41,198.4,204.2,24.183,199.95,199.58,176.71,177.33,183.89,184.22,184.26,189.11,192.57,210,210.89,213.65,264.9
121.87,191.59,0,61.795,72.691,120.79,126.71,119.4,69.039,103.7,104.56,102.13,117.81,103.33,72.158,99.534,91.636,93.654,93.163,93.667,67.114,94.382,70.286,105.89,84.495,109.1,84.094,77.613,111.54,78.884,105.3,86.129,87.439,103.74,89.882,95.367,97.762,66.899,65.038,61.759,72.544,73.416,83.409,1.294,0.319,91.421,89.671,74.281,121.66,112.84,109.81,109.57,120.1,105.93,104.97,101.31,101.04,98.089,93.039,92.269,100.01,92.771,92.106,91.958,91.799,93.216,102.4,101.63,98.178,98.358,100.37,99.472,100.46,107.65,123.79,109.14,97.154,77.355,70.426,70.679,66.046,64.939,88.352,87.897,86.629,84.974,84.754,78.369,76.14,91.547,91.842,93.455,139.68
99.142,188.43,61.795,0,70.467,99.098,104.79,106.86,69.277,93.85,94.715,89.592,105.27,90.792,76.118,86.992,81.787,75.726,74.917,80.1,70.058,80.815,72.492,86.29,75.902,93.482,76.635,70.154,95.259,68.436,92.363,70.985,72.119,87.17,66.598,68.208,70.603,67.137,68.998,66.823,66.706,51.317,62.831,55.325,60.2,81.572,79.822,61.97,99.412,90.989,87.964,87.883,98.176,93.392,92.427,88.772,88.502,85.547,80.497,82.42,90.165,79.693,78.677,73.712,73.871,77.567,82.8,85.349,85.31,85.418,86.584,82.905,82.25,84.922,101.06,86.412,72.258,70.027,63.544,67.519,68.252,67.883,63.999,64.613,69.985,69.654,69.61,70.91,67.547,77.98,78.275,77.832,117.44
88.416,213.82,72.691,70.467,0,115.59,121.52,112.86,72.957,100.64,101.5,95.588,111.27,96.788,79.798,92.988,90.203,87.347,86.538,87.364,92.84,88.079,96.012,93.468,77.652,101,68.335,64.878,92.238,57.396,84.899,59.945,61.079,81.793,55.507,58.146,60.541,70.817,72.678,87.485,70.242,62.213,66.439,66.221,71.096,90.054,88.238,70.43,116.66,107.64,104.62,104.37,114.9,99.388,98.423,94.768,94.498,91.543,86.493,89.206,96.951,85.689,86.194,85.333,85.492,85.084,89.978,82.328,77.918,77.954,78.356,77.528,76.405,74.196,90.336,75.686,59.635,75.541,77.702,92.903,91.772,90.665,53.937,53.522,58.945,58.614,58.57,62.61,69.297,85.244,85.539,85.349,134.68
108.39,245.81,120.79,99.098,115.59,0,33.784,13.144,122.81,95.367,96.232,9.932,13.28,10.628,122.79,11.472,83.304,55.217,54.408,63.683,106.75,65.578,110.66,71.138,82.417,72.669,90.932,81.427,85.205,93.897,85.066,101.14,102.45,84.445,106.2,112,114.39,120.67,115.67,99.278,98.723,95.338,115.24,114.32,119.19,83.089,81.339,77.583,28.492,8.966,7.756,2.243,28.492,7.756,8.142,9.604,9.712,10.894,12.914,83.937,91.682,85.297,52.894,53.203,53.362,56.224,67.648,75.295,77.941,78.121,80.131,80.18,83.129,94.174,110.31,95.664,112.86,101.54,112.35,124.89,106.42,104.58,104.98,104.21,101.64,99.987,99.767,85.207,74.062,62.743,61.858,57.019,42.912
114.16,251.74,126.71,104.79,121.52,33.784,0,35.588,128.58,76.558,77.423,29.164,35.86,30.556,128.49,32.244,74.887,46.649,46.158,61.826,112.45,64.311,116.36,66.871,88.183,67.586,96.698,87.193,86.036,99.663,87.661,106.91,108.22,89.751,111.96,117.92,120.32,126.44,121.37,104.97,104.42,101.03,121.01,120.24,125.12,67.672,72.922,83.276,7.926,7.926,9.136,24.812,1.323,24.812,25.584,28.508,28.724,31.088,35.128,65.128,72.873,61.048,45.061,44.953,44.794,50.611,63.381,76.126,80.536,80.716,82.726,85.486,88.895,99.94,116.08,101.43,118.62,107.31,118.11,130.82,112.12,110.27,110.91,109.98,107.41,105.75,105.53,90.973,79.828,61.476,60.001,51.936,15.136
109.27,243.08,119.4,106.86,112.86,13.144,35.588,0,120.76,115.84,116.7,3.782,5.456,4.13,123.88,4.552,98.58,88.558,87.749,85.663,112.45,86.378,114.88,91.76,88.125,101.1,90.748,81.243,96.148,93.713,92.481,100.96,102.27,87.286,103.59,108.47,110.87,118.62,116.76,107.04,106.49,103.1,113.61,112.93,117.81,101.87,96.615,85.347,30.296,9.868,8.658,8.658,30.296,2.694,2.887,3.618,3.672,4.263,5.273,104.41,112.15,108.49,100.11,86.544,86.703,99.005,88.27,86.238,85.356,85.536,87.546,83.021,84.004,95.049,111.19,96.539,109.63,101.36,111.22,122.16,110.64,110.27,102.06,101.6,101.46,99.803,99.583,85.023,79.77,83.543,83.838,85.451,44.716
123.25,189.58,69.039,69.277,72.957,122.81,128.58,120.76,0,104.2,105.06,103.49,119.17,104.69,86.887,100.89,89.837,97.095,96.604,94.165,72.548,94.835,74.982,107.31,82.485,109.6,82.084,75.603,110.47,78.097,103.29,85.342,86.652,103.11,90.421,95.244,97.639,0.428,79.767,69.93,69.202,58.561,80.355,62.569,67.444,91.919,87.872,69.214,124.02,114.7,111.68,111.6,121.96,107.29,106.33,102.67,102.4,99.445,94.395,92.767,100.51,94.663,95.122,95.399,95.24,94.218,103.82,100.56,96.168,96.348,98.358,98.843,99.826,109.03,125.17,110.52,95.49,76.726,68.416,68.669,70.742,70.373,89.154,88.436,85.842,84.187,83.967,76.359,74.13,92,92.34,93.953,142.05
101.08,230.48,103.7,93.85,100.64,95.367,76.558,115.84,104.2,0,1.647,98.569,114.25,99.769,107.32,95.969,88.529,71.995,71.186,75.612,99.313,76.327,102.48,80.115,78.074,89.986,80.697,71.192,86.097,83.662,82.43,90.907,92.217,79.098,91.943,97.428,99.823,102.06,100.2,93.958,93.625,93.051,97.9,97.229,102.1,91.814,86.564,75.296,70.355,87.258,84.233,84.152,69.943,102.37,101.4,97.749,97.479,94.524,89.474,2.286,0.737,88.67,83.552,69.981,70.14,82.442,76.625,76.187,75.305,75.485,77.495,74.833,75.816,86.861,103,88.351,100.4,91.307,97.914,109.57,98.245,97.138,90.413,89.958,91.407,89.752,89.532,74.972,69.719,73.492,73.787,74.336,88.38
101.95,231.35,104.56,94.715,101.5,96.232,77.423,116.7,105.06,1.647,0,99.434,115.11,100.63,108.18,96.834,89.394,72.86,72.051,76.477,100.18,77.192,103.35,80.98,78.939,90.851,81.562,72.057,86.962,84.527,83.295,91.772,93.082,79.963,92.808,98.293,100.69,102.92,101.06,94.823,94.49,93.916,98.765,98.094,102.97,92.679,87.429,76.161,71.22,88.123,85.098,85.017,70.808,103.23,102.27,98.614,98.344,95.389,90.339,2.459,0.91,89.535,84.417,70.846,71.005,83.307,77.49,77.052,76.17,76.35,78.36,75.698,76.681,87.726,103.87,89.216,101.27,92.172,98.779,110.43,99.11,98.003,91.278,90.823,92.272,90.617,90.397,75.837,70.584,74.357,74.652,75.201,89.245
91.999,225.81,102.13,89.592,95.588,9.932,29.164,3.782,103.49,98.569,99.434,0,3.464,0.676,106.61,1.098,81.31,71.288,70.479,68.393,95.179,69.108,97.613,74.49,70.855,83.831,73.478,63.973,78.878,76.443,75.211,83.688,84.998,70.016,86.318,91.201,93.596,101.35,99.489,89.772,89.217,85.832,96.341,95.664,100.54,84.595,79.345,68.077,23.872,6.656,5.446,5.446,23.872,1.088,0.895,0.164,0.218,0.809,1.819,87.139,94.884,91.219,82.845,69.274,69.433,81.735,71,68.968,68.086,68.266,70.276,65.751,66.734,77.779,93.919,79.269,92.356,84.088,93.951,104.89,93.373,93.004,84.788,84.333,84.188,82.533,82.313,67.753,62.5,66.273,66.568,68.181,38.292
107.68,241.49,117.81,105.27,111.27,13.28,35.86,5.456,119.17,114.25,115.11,3.464,0,3.812,122.29,4.234,96.99,86.968,86.159,84.073,110.86,84.788,113.29,90.17,86.535,99.511,89.158,79.653,94.558,92.123,90.891,99.368,100.68,85.696,102,106.88,109.28,117.03,115.17,105.45,104.9,101.51,112.02,111.34,116.22,100.27,95.025,83.757,30.568,10.004,8.794,8.794,30.568,2.762,2.569,3.3,3.354,3.945,4.955,102.82,110.56,106.9,98.525,84.954,85.113,97.415,86.68,84.648,83.766,83.946,85.956,81.431,82.414,93.459,109.6,94.949,108.04,99.768,109.63,120.57,109.05,108.68,100.47,100.01,99.868,98.213,97.993,83.433,78.18,81.953,82.248,83.861,44.988
93.199,227.01,103.33,90.792,96.788,10.628,30.556,4.13,104.69,99.769,100.63,0.676,3.812,0,107.81,1.338,82.51,72.488,71.679,69.593,96.379,70.308,98.813,75.69,72.055,85.031,74.678,65.173,80.078,77.643,76.411,84.888,86.198,71.216,87.518,92.401,94.796,102.55,100.69,90.972,90.417,87.032,97.541,96.864,101.74,85.795,80.545,69.277,25.264,7.352,6.142,6.142,25.264,1.436,1.243,0.512,0.458,1.049,2.059,88.339,96.084,92.419,84.045,70.474,70.633,82.935,72.2,70.168,69.286,69.466,71.476,66.951,67.934,78.979,95.119,80.469,93.556,85.288,95.151,106.09,94.573,94.204,85.988,85.533,85.388,83.733,83.513,68.953,63.7,67.473,67.768,69.381,39.684
122.62,196.42,72.158,76.118,79.798,122.79,128.49,123.88,86.887,107.32,108.18,106.61,122.29,107.81,0,104.01,92.956,97.194,96.703,97.284,79.389,97.954,81.823,109.78,86.265,112.72,88.925,82.329,113.58,84.696,108.15,91.941,93.251,106.73,90.077,91.687,94.082,84.747,1.424,80.493,76.043,61.68,79.752,65.688,70.563,95.038,90.991,72.333,123.11,114.68,111.66,111.58,121.87,110.41,109.44,105.79,105.52,102.56,97.514,95.886,103.63,97.782,98.241,95.498,95.339,97.337,106.29,103.67,101.03,101.21,103.22,102.47,105.24,108.4,124.54,109.89,95.737,80.462,73.979,75.51,77.583,77.214,87.478,88.092,92.434,90.786,90.566,83.2,77.91,95.119,95.459,97.072,141.13
89.399,223.21,99.534,86.992,92.988,11.472,32.244,4.552,100.89,95.969,96.834,1.098,4.234,1.338,104.01,0,78.71,68.688,67.879,65.793,92.579,66.508,95.013,71.89,68.255,81.231,70.878,61.373,76.278,73.843,72.611,81.088,82.398,67.416,83.718,88.601,90.996,98.75,96.889,87.172,86.617,83.232,93.741,93.064,97.939,81.995,76.745,65.477,26.952,8.196,6.986,6.986,26.952,1.858,1.665,0.934,0.88,0.289,1.299,84.539,92.284,88.619,80.245,66.674,66.833,79.135,68.4,66.368,65.486,65.666,67.676,63.151,64.134,75.179,91.319,76.669,89.756,81.488,91.351,102.29,90.773,90.404,82.188,81.733,81.588,79.933,79.713,65.153,59.9,63.673,63.968,65.581,41.372
98.167,211.78,91.636,81.787,90.203,83.304,74.887,98.58,89.837,88.529,89.394,81.31,96.99,82.51,92.956,78.71,0,59.932,59.123,70.907,87.25,72.212,90.422,73.248,76.403,83.119,79.026,69.521,82.217,79.977,80.314,87.122,88.344,76.184,84.649,87.127,89.522,87.697,85.836,81.895,81.562,87.252,85.837,85.166,90.041,79.643,0.393,73.625,68.684,75.195,72.17,72.089,68.272,85.11,84.145,80.49,80.22,77.265,72.215,77.099,84.844,71.411,71.489,57.918,58.077,70.379,69.758,72.307,73.189,73.369,75.379,71.919,72.902,83.947,100.09,85.437,86.926,83.754,87.174,90.87,86.182,85.075,82.918,82.664,86.872,85.879,85.747,73.301,68.048,69.377,69.082,67.469,86.709
83.233,217.57,93.654,75.726,87.347,55.217,46.649,88.558,97.095,71.995,72.86,71.288,86.968,72.488,97.194,68.688,59.932,0,79.166,58.245,82.347,58.96,85.519,66.833,60.707,73.683,65.821,56.316,71.221,68.786,67.554,76.031,77.341,61.25,78.368,82.435,84.83,94.955,90.074,75.906,75.351,71.966,88.826,87.184,92.059,59.717,57.967,54.211,41.27,47.108,44.083,44.002,40.034,75.088,74.123,70.468,70.198,67.243,62.193,60.565,68.31,77.277,77.034,77.961,0.371,61.27,63.343,61.311,60.429,60.609,62.619,56.985,57.968,69.013,85.153,70.503,83.59,76.431,87.031,96.652,81.279,80.172,76.838,76.383,76.531,74.876,74.656,60.096,52.352,56.125,56.42,58.033,59.295
82.424,216.76,93.163,74.917,86.538,54.408,46.158,87.749,96.604,71.186,72.051,70.479,86.159,71.679,96.703,67.879,59.123,79.166,0,57.436,81.538,58.151,84.71,66.342,59.898,72.874,65.33,55.825,70.73,68.295,67.063,75.54,76.85,60.441,77.559,81.626,84.021,94.464,89.583,75.097,74.542,71.157,88.017,86.693,91.568,58.908,57.158,53.402,40.779,46.299,43.274,43.193,39.543,74.279,73.314,69.659,69.389,66.434,61.384,59.756,67.501,76.15,76.861,0.241,77.311,60.779,62.852,60.82,59.938,60.118,62.128,56.176,57.159,68.204,84.344,69.694,82.618,75.94,86.54,95.843,80.47,79.363,76.029,75.574,76.04,74.385,74.165,59.605,51.543,55.316,55.611,57.224,58.804
86.749,212.71,93.667,80.1,87.364,63.683,61.826,85.663,94.165,75.612,76.477,68.393,84.073,69.593,97.284,65.793,70.907,58.245,57.436,0,85.563,86.378,88.735,82.791,80.579,95.239,79.686,71.693,90.935,79.175,86.654,83.858,84.992,71.083,77.334,76.819,79.214,92.025,90.164,80.208,79.875,79.014,87.868,87.197,92.072,66.726,68.942,68.361,56.447,55.574,52.549,52.468,55.211,72.193,71.228,67.573,67.303,64.348,59.298,64.182,71.927,58.494,75.637,56.231,56.39,78.794,79.301,81.025,79.601,79.709,80.915,66.818,65.902,72.529,88.669,74.019,75.469,81.27,87.753,91.796,84.495,83.388,74.735,75.349,82.858,82.527,82.483,73.961,72.224,83.543,0.365,79.589,74.472
100.22,201.75,67.114,70.058,92.84,106.75,112.45,112.45,72.548,99.313,100.18,95.179,110.86,96.379,79.389,92.579,87.25,82.347,81.538,85.563,0,86.278,103.72,91.753,80.235,98.945,77.723,72.754,99.716,67.323,94.206,69.872,71.006,88.577,67.677,69.287,71.682,70.408,72.269,97.412,69.833,56.636,66.03,60.644,65.519,87.035,85.285,67.289,107.07,98.644,95.619,95.538,105.83,98.979,98.014,94.359,94.089,91.134,86.084,87.883,95.628,85.28,84.14,80.333,80.492,83.03,88.263,89.806,87.225,87.261,87.663,84.312,83.329,86.001,102.14,87.491,72.753,75.132,77.293,80.84,99.485,0.435,65.078,65.692,68.872,68.541,68.497,71.998,71.88,83.443,83.738,83.295,125.09
87.464,212.84,94.382,80.815,88.079,65.578,64.311,86.378,94.835,76.327,77.192,69.108,84.788,70.308,97.954,66.508,72.212,58.96,58.151,86.378,86.278,0,89.45,83.506,82.474,95.364,80.991,72.998,92.24,80.48,87.959,84.573,85.707,71.865,78.049,77.534,79.929,92.695,90.834,80.923,80.59,80.319,88.583,87.912,92.787,67.441,70.247,69.666,58.932,57.469,54.444,54.363,57.696,72.908,71.943,68.288,68.018,65.063,60.013,64.897,72.642,59.209,76.352,56.946,57.105,78.919,80.016,82.33,80.906,81.014,82.22,67.6,66.617,73.244,89.384,74.734,76.184,81.395,87.878,91.921,85.21,84.103,75.45,76.064,83.573,83.242,83.198,75.266,74.119,0.567,84.553,79.714,76.957
101.92,204.19,70.286,72.492,96.012,110.66,116.36,114.88,74.982,102.48,103.35,97.613,113.29,98.813,81.823,95.013,90.422,85.519,84.71,88.735,103.72,89.45,0,94.925,82.669,102.12,79.22,74.45,101.48,68.281,95.784,70.83,71.964,90.273,69.373,70.983,73.378,72.842,74.703,98.37,72.267,59.808,68.464,63.816,68.691,90.207,88.457,70.461,110.98,102.55,99.529,99.448,109.74,101.41,100.45,96.793,96.523,93.568,88.518,91.055,98.8,87.714,87.312,83.505,83.664,86.202,91.435,91.567,88.803,88.839,89.241,86.008,85.025,87.697,103.84,89.187,73.711,77.566,79.727,83.274,0.848,101.55,66.774,67.388,69.83,69.499,69.455,73.495,74.314,86.615,86.91,86.467,129
90.417,220.95,105.89,86.29,93.468,71.138,66.871,91.76,107.32,80.115,80.98,74.49,90.17,75.69,109.78,71.89,73.248,66.833,66.342,82.791,91.753,83.506,94.925,0,79.164,98.229,80.275,72.282,99.606,77.15,91.674,77.565,78.611,73.424,76.057,74.702,77.097,105.17,102.65,86.398,86.065,84.034,100.1,99.421,104.3,69.533,71.283,72.668,61.492,63.029,60.004,59.923,60.256,78.29,77.325,73.67,73.4,70.445,65.395,68.685,76.43,64.591,81.734,65.137,64.978,89.681,0.698,89.696,87.05,84.729,85.935,69.159,69.57,76.197,92.337,77.687,74.279,80.046,90.331,100.03,90.685,89.578,73.299,74.072,75.815,76.146,76.19,74.55,70.809,80.671,80.966,82.579,79.517
83.198,200.92,84.495,75.902,77.652,82.417,88.183,88.125,82.485,78.074,78.939,70.855,86.535,72.055,86.265,68.255,76.403,60.707,59.898,80.579,80.235,82.474,82.669,79.164,0,89.565,91.492,87.649,88.133,84.029,85.502,77.723,78.769,73.612,68.686,66.591,68.986,80.345,79.145,75.866,77.111,85.702,77.348,78.025,82.9,69.188,74.438,81.168,83.317,74.308,71.283,71.202,81.568,74.655,73.69,70.035,69.765,66.81,61.76,66.644,74.389,60.956,74.23,58.693,58.852,73.12,75.674,78.223,78.521,78.557,78.197,69.347,68.364,68.978,85.118,70.468,65.241,73.591,76.621,80.009,78.429,78.06,67.994,66.701,75.973,76.304,76.348,85.767,1.671,79.639,78.754,73.915,101.34
102.19,229.3,109.1,93.482,101,72.669,67.586,101.1,109.6,89.986,90.851,83.831,99.511,85.031,112.72,81.231,83.119,73.683,72.874,95.239,98.945,95.364,102.12,98.229,89.565,0,90.676,82.683,103.15,90.165,98.866,95.062,96.284,83.295,91.207,92.11,94.505,107.46,105.6,93.59,93.257,91.226,103.31,102.63,107.51,79.404,81.154,80.573,62.207,64.56,61.535,61.454,60.971,87.631,86.666,83.011,82.741,79.786,74.736,78.556,86.301,73.932,91.075,71.669,71.828,97.458,94.739,93.237,91.813,91.921,93.127,79.03,80.013,87.967,104.11,89.457,90.907,95.408,102.33,108.39,97.877,96.77,88.608,89.222,94.812,93.819,93.687,84.951,81.21,92.529,93.414,3.13,80.232
72.447,194.83,84.094,76.635,68.335,90.932,96.698,90.748,82.084,80.697,81.562,73.478,89.158,74.678,88.925,70.878,79.026,65.821,65.33,79.686,77.723,80.991,79.22,80.275,91.492,90.676,0,83.247,83.386,80.301,77.739,68.578,69.536,67.65,56.423,55.84,58.235,79.944,81.805,76.599,76.71,81.225,76.947,77.624,82.499,71.811,77.061,80.07,91.832,82.823,79.798,79.717,90.083,77.278,76.313,72.658,72.388,69.433,64.383,69.267,77.012,63.579,75.341,64.125,63.966,74.231,76.785,73.476,70.83,70.794,70.392,63.385,60.436,58.227,74.367,59.717,54.49,65.786,71.762,73.918,74.98,75.548,57.243,54.438,66.078,67.071,67.203,1.145,83.137,78.156,77.861,75.026,109.86
67.478,191.1,77.613,70.154,64.878,81.427,87.193,81.243,75.603,71.192,72.057,63.973,79.653,65.173,82.329,61.373,69.521,56.316,55.825,71.693,72.754,72.998,74.45,72.282,87.649,82.683,83.247,0,78.417,72.308,72.77,63.609,64.567,61.566,52.966,50.871,53.266,73.463,75.209,70.118,70.229,77.768,70.466,71.143,76.018,62.306,67.556,72.077,82.327,73.318,70.293,70.212,80.578,67.773,66.808,63.153,62.883,59.928,54.878,59.762,67.507,54.074,67.348,54.62,54.461,66.238,68.792,68.507,65.861,65.825,65.423,57.301,55.467,53.258,69.398,54.748,49.521,60.817,66.793,70.181,70.21,70.579,52.274,50.981,61.109,62.102,62.234,77.522,79.294,70.163,69.868,67.033,100.35
85.911,218.74,111.54,95.259,92.238,85.205,86.036,96.148,110.47,86.097,86.962,78.878,94.558,80.078,113.58,76.278,82.217,71.221,70.73,90.935,99.716,92.24,101.48,99.606,88.133,103.15,83.386,78.417,0,75.923,97.665,74.234,75.192,78.235,70.947,69.304,71.699,108.33,106.46,95.367,95.034,93.003,104.59,105.07,109.95,77.211,80.252,81.637,80.657,77.096,74.071,73.99,79.421,82.678,81.713,78.058,77.788,74.833,69.783,74.667,82.412,68.979,86.122,69.525,69.366,88.454,96.116,1.982,101.12,90.72,90.318,73.97,72.987,71.691,87.831,73.181,67.954,78.193,88.836,97.821,97.237,97.541,70.707,68.962,71.734,72.727,72.859,77.661,79.778,89.405,89.11,87.497,98.682
64.984,183.89,78.884,68.436,57.396,93.897,99.663,93.713,78.097,83.662,84.527,76.443,92.123,77.643,84.696,73.843,79.977,68.786,68.295,79.175,67.323,80.48,68.281,77.15,84.029,90.165,80.301,72.308,75.923,0,68.525,61.115,62.073,60.187,45.484,48.377,50.772,75.957,77.576,68.328,68.661,70.286,71.737,72.414,77.289,74.776,78.012,77.763,94.797,85.788,82.763,82.682,93.048,80.243,79.278,75.623,75.353,72.398,67.348,72.232,79.977,66.544,74.83,67.09,66.931,73.72,73.66,66.013,61.688,61.58,60.374,55.922,52.973,50.764,66.904,52.254,47.027,58.323,64.299,62.979,64.041,65.148,49.78,43.499,58.615,59.608,59.74,74.576,75.674,77.645,77.35,74.515,112.82
78.572,211.4,105.3,92.363,84.899,85.066,87.661,92.481,103.29,82.43,83.295,75.211,90.891,76.411,108.15,72.611,80.314,67.554,67.063,86.654,94.206,87.959,95.784,91.674,85.502,98.866,77.739,72.77,97.665,68.525,0,66.751,67.709,73.775,63.536,61.965,64.36,101.15,101.03,92.399,92.288,91.1,98.156,98.833,103.71,73.544,78.349,79.662,82.282,76.957,73.932,73.851,81.046,79.011,78.046,74.391,74.121,71.166,66.116,71,78.745,65.312,82.455,65.858,65.699,82.951,88.184,87.755,88.346,1.389,87.248,69.51,66.561,64.352,80.492,65.842,60.615,70.71,81.425,90.482,91.544,92.031,63.368,61.551,64.251,65.244,65.376,72.014,77.147,85.124,84.829,83.216,100.31
67.533,185.64,86.129,70.985,59.945,101.14,106.91,100.96,85.342,90.907,91.772,83.688,99.368,84.888,91.941,81.088,87.122,76.031,75.54,83.858,69.872,84.573,70.83,77.565,77.723,95.062,68.578,63.609,74.234,61.115,66.751,0,66.97,61.706,48.033,50.926,53.321,83.202,84.821,70.877,71.21,73.241,78.982,79.659,84.534,82.021,85.157,74.945,102.04,93.033,90.008,89.927,100.29,87.488,86.523,82.868,82.598,79.643,74.593,79.477,87.222,73.789,79.727,74.335,74.176,78.617,74.075,64.324,59.914,59.806,58.6,57.441,55.522,53.313,69.453,54.803,49.576,60.872,66.848,64.725,66.59,67.697,52.329,46.048,63.512,64.505,0.275,62.853,69.368,81.738,82.033,79.412,120.07
68.667,186.69,87.439,72.119,61.079,102.45,108.22,102.27,86.652,92.217,93.082,84.998,100.68,86.198,93.251,82.398,88.344,77.341,76.85,84.992,71.006,85.707,71.964,78.611,78.769,96.284,69.536,64.567,75.192,62.073,67.709,66.97,0,62.752,49.167,52.06,54.455,84.512,86.131,72.011,72.344,74.375,80.292,80.969,85.844,83.331,86.379,75.991,103.35,94.343,91.318,91.237,101.6,88.798,87.833,84.178,83.908,80.953,75.903,80.787,88.532,75.099,80.949,75.645,75.486,79.839,75.121,65.282,60.872,60.764,59.558,58.487,56.656,54.447,70.587,55.937,50.71,61.972,67.982,65.771,67.724,68.831,53.463,47.182,64.734,0.493,65.595,63.811,70.414,82.872,83.167,80.634,121.38
77.95,209.28,103.74,87.17,81.793,84.445,89.751,87.286,103.11,79.098,79.963,70.016,85.696,71.216,106.73,67.416,76.184,61.25,60.441,71.083,88.577,71.865,90.273,73.424,73.612,83.295,67.65,61.566,78.235,60.187,73.775,61.706,62.752,0,61.006,60.823,63.218,100.97,99.614,87.206,87.095,86.418,96.59,97.267,102.14,70.212,74.219,72.93,84.372,76.336,73.311,73.23,83.136,73.816,72.851,69.196,68.926,65.971,60.921,67.668,75.413,59.581,70.71,59.236,59.395,67.38,69.934,68.325,66.794,66.83,67.232,0.853,65.939,63.73,79.87,65.22,59.993,64.187,74.992,88.362,86.033,86.402,59.42,59.021,59.956,60.287,60.331,61.925,65.257,69.03,69.258,67.645,102.4
69.77,179.31,89.882,66.598,55.507,106.2,111.96,103.59,90.421,91.943,92.808,86.318,102,87.518,90.077,83.718,84.649,78.368,77.559,77.334,67.677,78.049,69.373,76.057,68.686,91.207,56.423,52.966,70.947,45.484,63.536,48.033,49.167,61.006,0,45.689,48.084,88.281,82.957,66.562,66.673,67.35,83.41,83.412,88.287,81.361,82.684,66.398,107.41,98.089,95.064,94.983,105.35,90.118,89.153,85.498,85.228,82.273,77.223,80.513,88.258,76.419,79.413,76.354,76.513,75.292,72.567,61.037,56.627,56.591,56.189,56.741,56.143,55.55,71.69,57.04,44.339,47.013,53.874,58.397,65.133,65.502,55.333,0.397,55.156,46.702,46.658,50.698,60.331,75.214,75.509,75.557,125.43
77.169,180.92,95.367,68.208,58.146,112,117.92,108.47,95.244,97.428,98.293,91.201,106.88,92.401,91.687,88.601,87.127,82.435,81.626,76.819,69.287,77.534,70.983,74.702,66.591,92.11,55.84,50.871,69.304,48.377,61.965,50.926,52.06,60.823,45.689,0,0.479,93.104,84.567,68.172,68.283,68.96,88.908,88.897,93.772,86.846,85.162,67.308,113.37,104.05,101.02,100.78,111.31,95.001,94.036,90.381,90.111,87.156,82.106,85.998,93.743,80.766,81.745,80.421,80.58,76.195,71.212,59.394,54.984,55.02,55.422,56.558,59.994,62.949,79.089,64.439,59.212,52.964,62.83,60.007,66.743,67.112,59.053,43.704,49.926,49.595,49.551,50.115,58.236,74.699,74.994,76.46,131.39
79.564,183.32,97.762,70.603,60.541,114.39,120.32,110.87,97.639,99.823,100.69,93.596,109.28,94.796,94.082,90.996,89.522,84.83,84.021,79.214,71.682,79.929,73.378,77.097,68.986,94.505,58.235,53.266,71.699,50.772,64.36,53.321,54.455,63.218,48.084,0.479,0,95.499,86.962,70.567,70.678,71.355,91.303,91.292,96.167,89.241,87.557,69.703,115.76,106.44,103.42,103.18,113.7,97.396,96.431,92.776,92.506,89.551,84.501,88.393,96.138,83.161,84.14,82.816,82.975,78.59,73.607,61.789,57.379,57.415,57.817,58.953,62.389,65.344,81.484,66.834,61.607,55.359,65.225,62.402,69.138,69.507,61.448,46.099,52.321,51.99,51.946,52.51,60.631,77.094,77.389,78.855,133.79
121.11,187.44,66.899,67.137,70.817,120.67,126.44,118.62,0.428,102.06,102.92,101.35,117.03,102.55,84.747,98.75,87.697,94.955,94.464,92.025,70.408,92.695,72.842,105.17,80.345,107.46,79.944,73.463,108.33,75.957,101.15,83.202,84.512,100.97,88.281,93.104,95.499,0,77.627,67.79,67.062,56.421,78.215,60.429,65.304,89.779,85.732,67.074,121.88,112.56,109.54,109.46,119.82,105.15,104.19,100.53,100.26,97.305,92.255,90.627,98.372,92.523,92.982,93.259,93.1,92.078,101.68,98.415,94.028,94.208,96.218,96.703,97.686,106.89,123.03,108.38,93.35,74.586,66.276,66.529,68.602,68.233,87.014,86.296,83.702,82.047,81.827,74.219,71.99,89.86,90.2,91.813,139.91
115.5,189.31,65.038,68.998,72.678,115.67,121.37,116.76,79.767,100.2,101.06,99.489,115.17,100.69,1.424,96.889,85.836,90.074,89.583,90.164,72.269,90.834,74.703,102.66,79.145,105.6,81.805,75.209,106.46,77.576,101.03,84.821,86.131,99.614,82.957,84.567,86.962,77.627,0,73.373,68.923,54.56,72.632,58.568,63.443,87.918,83.871,65.213,115.99,107.56,104.54,104.46,114.75,103.29,102.32,98.669,98.399,95.444,90.394,88.766,96.511,90.662,91.121,88.378,88.219,90.217,99.165,96.554,93.908,94.088,96.098,95.349,98.118,101.28,117.42,102.77,88.617,73.342,66.859,68.39,70.463,70.094,80.358,80.972,85.314,83.666,83.446,76.08,70.79,87.999,88.339,89.952,134.01
99.106,198.52,61.759,66.823,87.485,99.278,104.97,107.04,69.93,93.958,94.823,89.772,105.45,90.972,80.493,87.172,81.895,75.906,75.097,80.208,97.412,80.923,98.37,86.398,75.866,93.59,76.599,70.118,95.367,68.328,92.399,70.877,72.011,87.206,66.562,68.172,70.567,67.79,73.373,0,66.598,51.281,62.795,55.289,60.164,81.68,79.93,61.934,99.592,91.169,88.144,88.063,98.356,93.572,92.607,88.952,88.682,85.727,80.677,82.528,90.273,79.873,78.785,73.892,74.051,77.675,82.908,85.457,85.346,85.454,86.548,82.941,82.214,84.886,101.03,86.376,72.222,71.897,74.058,77.605,94.13,95.237,63.963,64.577,69.877,69.546,69.502,70.874,67.511,78.088,78.383,77.94,117.62
99.217,188.36,72.544,66.706,70.242,98.723,104.42,106.49,69.202,93.625,94.49,89.217,104.9,90.417,76.043,86.617,81.562,75.351,74.542,79.875,69.833,80.59,72.267,86.065,77.111,93.257,76.71,70.229,95.034,68.661,92.288,71.21,72.344,87.095,66.673,68.283,70.678,67.062,68.923,66.598,0,63.346,65.397,66.074,70.949,81.347,79.597,66.897,99.037,90.614,87.589,87.508,97.801,93.017,92.052,88.397,88.127,85.172,80.122,82.195,89.94,79.318,78.452,73.337,73.496,77.342,82.575,85.124,85.235,85.343,86.549,82.83,82.325,84.997,101.14,86.487,72.333,69.952,63.469,67.444,68.027,67.658,64.074,64.688,70.21,69.879,69.835,70.985,68.756,77.755,78.05,77.607,117.06
99.188,186.35,73.416,51.317,62.213,95.338,101.03,103.1,58.561,93.051,93.916,85.832,101.51,87.032,61.68,83.232,87.252,71.966,71.157,79.014,56.636,80.319,59.808,84.034,85.702,91.226,81.225,77.768,93.003,70.286,91.1,73.241,74.375,86.418,67.35,68.96,71.355,56.421,54.56,51.281,63.346,0,64.915,66.946,71.821,83.537,85.287,87.764,95.652,87.229,84.204,84.123,94.416,89.632,88.667,85.012,84.742,81.787,76.737,81.621,89.366,75.933,76.421,69.952,70.111,75.311,80.544,83.093,83.975,84.155,86.165,82.153,83.002,84.968,101.11,86.458,73.01,67.943,61.46,65.435,55.568,54.461,64.751,65.365,72.241,71.91,71.866,75.5,77.347,77.484,77.189,75.576,113.68
115.82,184.45,83.409,62.831,66.439,115.24,121.01,113.61,80.355,97.9,98.765,96.341,112.02,97.541,79.752,93.741,85.837,88.826,88.017,87.868,66.03,88.583,68.464,100.1,77.348,103.31,76.947,70.466,104.59,71.737,98.156,78.982,80.292,96.59,83.41,88.908,91.303,78.215,72.632,62.795,65.397,64.915,0,76.939,81.814,85.622,83.872,67.134,116.15,107.13,104.11,104.03,114.39,100.14,99.176,95.521,95.251,92.296,87.246,86.47,94.215,86.978,86.313,86.812,86.971,87.423,96.608,94.681,91.031,91.211,93.221,92.325,93.308,101.6,117.74,103.09,90.033,70.208,63.279,63.532,64.224,63.855,82.596,81.425,79.482,77.827,77.607,71.222,68.993,85.748,86.043,87.656,134.18
115.4,185.12,1.294,55.325,66.221,114.32,120.24,112.93,62.569,97.229,98.094,95.664,111.34,96.864,65.688,93.064,85.166,87.184,86.693,87.197,60.644,87.912,63.816,99.421,78.025,102.63,77.624,71.143,105.07,72.414,98.833,79.659,80.969,97.267,83.412,88.897,91.292,60.429,58.568,55.289,66.074,66.946,76.939,0,0.975,84.951,83.201,67.811,115.19,106.37,103.34,103.1,113.63,99.464,98.499,94.844,94.574,91.619,86.569,85.799,93.544,86.301,85.636,85.488,85.329,86.746,95.931,95.163,91.708,91.888,93.898,93.002,93.985,101.18,117.32,102.67,90.684,70.885,63.956,64.209,59.576,58.469,81.882,81.427,80.159,78.504,78.284,71.899,69.67,85.077,85.372,86.985,133.21
120.27,190,0.319,60.2,71.096,119.19,125.12,117.81,67.444,102.1,102.97,100.54,116.22,101.74,70.563,97.939,90.041,92.059,91.568,92.072,65.519,92.787,68.691,104.3,82.9,107.51,82.499,76.018,109.95,77.289,103.71,84.534,85.844,102.14,88.287,93.772,96.167,65.304,63.443,60.164,70.949,71.821,81.814,0.975,0,89.826,88.076,72.686,120.06,111.24,108.22,107.98,118.5,104.34,103.37,99.719,99.449,96.494,91.444,90.674,98.419,91.176,90.511,90.363,90.204,91.621,100.81,100.04,96.583,96.763,98.773,97.877,98.86,106.05,122.19,107.54,95.559,75.76,68.831,69.084,64.451,63.344,86.757,86.302,85.034,83.379,83.159,76.774,74.545,89.952,90.247,91.86,138.09
92.195,216.59,91.421,81.572,90.054,83.089,67.672,101.87,91.919,91.814,92.679,84.595,100.28,85.795,95.038,81.995,79.643,59.717,58.908,66.726,87.035,67.441,90.207,69.533,69.188,79.404,71.811,62.306,77.211,74.776,73.544,82.021,83.331,70.212,81.361,86.846,89.241,89.779,87.918,81.68,81.347,83.537,85.622,84.951,89.826,0,77.678,66.41,61.469,74.98,71.955,71.874,61.057,88.395,87.43,83.775,83.505,80.55,75.5,80.384,88.129,74.696,71.274,57.703,57.862,70.164,66.043,67.301,66.419,66.599,68.609,65.947,66.93,77.975,94.115,79.465,88.126,80.849,86.959,95.674,85.967,84.86,79.831,79.376,82.521,80.866,80.646,66.086,60.833,64.606,64.901,63.754,79.494
96.202,209.82,89.671,79.822,88.238,81.339,72.922,96.615,87.872,86.564,87.429,79.345,95.025,80.545,90.991,76.745,0.393,57.967,57.158,68.942,85.285,70.247,88.457,71.283,74.438,81.154,77.061,67.556,80.252,78.012,78.349,85.157,86.379,74.219,82.684,85.162,87.557,85.732,83.871,79.93,79.597,85.287,83.872,83.201,88.076,77.678,0,71.66,66.719,73.23,70.205,70.124,66.307,83.145,82.18,78.525,78.255,75.3,70.25,75.134,82.879,69.446,69.524,55.953,56.112,68.414,67.793,70.342,71.224,71.404,73.414,69.954,70.937,81.982,98.122,83.472,84.961,81.789,85.209,88.905,84.217,83.11,80.953,80.699,84.907,83.914,83.782,71.336,66.083,67.412,67.117,65.504,84.744
84.138,191.04,74.281,61.97,70.43,77.583,83.276,85.347,69.214,75.296,76.161,68.077,83.757,69.277,72.333,65.477,73.625,54.211,53.402,68.361,67.289,69.666,70.461,72.668,81.168,80.573,80.07,72.077,81.637,77.763,79.662,74.945,75.991,72.93,66.398,67.308,69.703,67.074,65.213,61.934,66.897,87.764,67.134,67.811,72.686,66.41,71.66,0,77.897,69.474,66.449,66.368,76.661,71.877,70.912,67.257,66.987,64.032,58.982,63.866,71.611,58.178,65.768,52.197,52.356,64.658,69.178,71.727,72.609,72.717,73.923,68.665,69.304,69.918,86.058,71.408,66.181,67.964,69.794,70.125,66.221,65.114,63.905,64.413,73.195,73.526,73.57,74.345,72.813,66.831,66.536,64.923,95.922
109.6,246.88,121.66,99.412,116.66,28.492,7.926,30.296,124.02,70.355,71.22,23.872,30.568,25.264,123.11,26.952,68.684,41.27,40.779,56.447,107.07,58.932,110.98,61.492,83.317,62.207,91.832,82.327,80.657,94.797,82.282,102.04,103.35,84.372,107.41,113.37,115.76,121.88,115.99,99.592,99.037,95.652,116.15,115.18,120.06,61.469,66.719,77.897,0,5.28,6.49,19.52,5.28,19.52,20.292,23.216,23.432,25.796,29.836,58.925,66.67,54.845,39.682,39.574,39.415,45.232,58.002,70.747,75.157,75.337,77.347,80.107,84.34,95.385,111.52,96.875,114.07,102.44,113.25,125.96,106.74,104.89,106.35,105.42,102.54,100.89,100.67,86.107,74.962,56.097,54.622,46.557,3.605
100.28,237.86,112.84,90.989,107.64,8.966,7.926,9.868,114.7,87.258,88.123,6.656,10.004,7.352,114.68,8.196,75.195,47.108,46.299,55.574,98.644,57.469,102.55,63.029,74.308,64.56,82.823,73.318,77.096,85.788,76.957,93.033,94.343,76.336,98.089,104.05,106.44,112.56,107.56,91.169,90.614,87.229,107.13,106.37,111.24,74.98,73.23,69.474,5.28,0,0.605,4.48,5.28,4.48,4.866,6.328,6.436,7.618,9.638,75.828,83.573,77.188,44.785,45.094,45.253,48.115,59.539,67.186,69.832,70.012,72.022,72.071,75.02,86.065,102.2,87.555,104.75,93.433,104.24,116.95,98.314,96.469,97.034,96.104,93.533,91.878,91.658,77.098,65.953,54.634,53.749,48.91,12.49
97.26,234.84,109.81,87.964,104.62,7.756,9.136,8.658,111.68,84.233,85.098,5.446,8.794,6.142,111.66,6.986,72.17,44.083,43.274,52.549,95.619,54.444,99.529,60.004,71.283,61.535,79.798,70.293,74.071,82.763,73.932,90.008,91.318,73.311,95.064,101.02,103.42,109.54,104.54,88.144,87.589,84.204,104.11,103.34,108.22,71.955,70.205,66.449,6.49,0.605,0,3.27,6.49,3.27,3.656,5.118,5.226,6.408,8.428,72.803,80.548,74.163,41.76,42.069,42.228,45.09,56.514,64.161,66.807,66.987,68.997,69.046,71.995,83.04,99.18,84.53,101.72,90.408,101.21,113.92,95.289,93.444,94.009,93.079,90.508,88.853,88.633,74.073,62.928,51.609,50.724,45.885,13.7
97.179,234.59,109.57,87.883,104.37,2.243,24.812,8.658,111.6,84.152,85.017,5.446,8.794,6.142,111.58,6.986,72.089,44.002,43.193,52.468,95.538,54.363,99.448,59.923,71.202,61.454,79.717,70.212,73.99,82.682,73.851,89.927,91.237,73.23,94.983,100.78,103.18,109.46,104.46,88.063,87.508,84.123,104.03,103.1,107.98,71.874,70.124,66.368,19.52,4.48,3.27,0,19.52,3.27,3.656,5.118,5.226,6.408,8.428,72.722,80.467,74.082,41.679,41.988,42.147,45.009,56.433,64.08,66.726,66.906,68.916,68.965,71.914,82.959,99.099,84.449,101.64,90.327,101.13,113.68,95.208,93.363,93.766,92.998,90.427,88.772,88.552,73.992,62.847,51.528,50.643,45.804,33.94
107.54,245.12,120.1,98.176,114.9,28.492,1.323,30.296,121.96,69.943,70.808,23.872,30.568,25.264,121.87,26.952,68.272,40.034,39.543,55.211,105.83,57.696,109.74,60.256,81.568,60.971,90.083,80.578,79.421,93.048,81.046,100.29,101.6,83.136,105.35,111.31,113.7,119.82,114.75,98.356,97.801,94.416,114.39,113.63,118.5,61.057,66.307,76.661,5.28,5.28,6.49,19.52,0,19.52,20.292,23.216,23.432,25.796,29.836,58.513,66.258,54.433,38.446,38.338,38.179,43.996,56.766,69.511,73.921,74.101,76.111,78.871,82.28,93.325,109.46,94.815,112.01,100.69,111.5,124.21,105.5,103.66,104.29,103.36,100.79,99.138,98.918,84.358,73.213,54.861,53.386,45.321,12.49
95.799,229.61,105.93,93.392,99.388,7.756,24.812,2.694,107.29,102.37,103.23,1.088,2.762,1.436,110.41,1.858,85.11,75.088,74.279,72.193,98.979,72.908,101.41,78.29,74.655,87.631,77.278,67.773,82.678,80.243,79.011,87.488,88.798,73.816,90.118,95.001,97.396,105.15,103.29,93.572,93.017,89.632,100.14,99.464,104.34,88.395,83.145,71.877,19.52,4.48,3.27,3.27,19.52,0,0.193,0.924,0.978,1.569,2.579,90.939,98.684,95.019,86.645,73.074,73.233,85.535,74.8,72.768,71.886,72.066,74.076,69.551,70.534,81.579,97.719,83.069,96.156,87.888,97.751,108.69,97.173,96.804,88.588,88.133,87.988,86.333,86.113,71.553,66.3,70.073,70.368,71.981,33.94
94.834,228.64,104.97,92.427,98.423,8.142,25.584,2.887,106.33,101.4,102.27,0.895,2.569,1.243,109.44,1.665,84.145,74.123,73.314,71.228,98.014,71.943,100.45,77.325,73.69,86.666,76.313,66.808,81.713,79.278,78.046,86.523,87.833,72.851,89.153,94.036,96.431,104.19,102.32,92.607,92.052,88.667,99.176,98.499,103.37,87.43,82.18,70.912,20.292,4.866,3.656,3.656,20.292,0.193,0,0.731,0.785,1.376,2.386,89.974,97.719,94.054,85.68,72.109,72.268,84.57,73.835,71.803,70.921,71.101,73.111,68.586,69.569,80.614,96.754,82.104,95.191,86.923,96.786,107.73,96.208,95.839,87.623,87.168,87.023,85.368,85.148,70.588,65.335,69.108,69.403,71.016,34.712
91.179,224.99,101.31,88.772,94.768,9.604,28.508,3.618,102.67,97.749,98.614,0.164,3.3,0.512,105.79,0.934,80.49,70.468,69.659,67.573,94.359,68.288,96.793,73.67,70.035,83.011,72.658,63.153,78.058,75.623,74.391,82.868,84.178,69.196,85.498,90.381,92.776,100.53,98.669,88.952,88.397,85.012,95.521,94.844,99.719,83.775,78.525,67.257,23.216,6.328,5.118,5.118,23.216,0.924,0.731,0,0.054,0.645,1.655,86.319,94.064,90.399,82.025,68.454,68.613,80.915,70.18,68.148,67.266,67.446,69.456,64.931,65.914,76.959,93.099,78.449,91.536,83.268,93.131,104.07,92.553,92.184,83.968,83.513,83.368,81.713,81.493,66.933,61.68,65.453,65.748,67.361,37.636
90.909,224.72,101.04,88.502,94.498,9.712,28.724,3.672,102.4,97.479,98.344,0.218,3.354,0.458,105.52,0.88,80.22,70.198,69.389,67.303,94.089,68.018,96.523,73.4,69.765,82.741,72.388,62.883,77.788,75.353,74.121,82.598,83.908,68.926,85.228,90.111,92.506,100.26,98.399,88.682,88.127,84.742,95.251,94.574,99.449,83.505,78.255,66.987,23.432,6.436,5.226,5.226,23.432,0.978,0.785,0.054,0,0.591,1.601,86.049,93.794,90.129,81.755,68.184,68.343,80.645,69.91,67.878,66.996,67.176,69.186,64.661,65.644,76.689,92.829,78.179,91.266,82.998,92.861,103.8,92.283,91.914,83.698,83.243,83.098,81.443,81.223,66.663,61.41,65.183,65.478,67.091,37.852
87.954,221.76,98.089,85.547,91.543,10.894,31.088,4.263,99.445,94.524,95.389,0.809,3.945,1.049,102.56,0.289,77.265,67.243,66.434,64.348,91.134,65.063,93.568,70.445,66.81,79.786,69.433,59.928,74.833,72.398,71.166,79.643,80.953,65.971,82.273,87.156,89.551,97.305,95.444,85.727,85.172,81.787,92.296,91.619,96.494,80.55,75.3,64.032,25.796,7.618,6.408,6.408,25.796,1.569,1.376,0.645,0.591,0,1.01,83.094,90.839,87.174,78.8,65.229,65.388,77.69,66.955,64.923,64.041,64.221,66.231,61.706,62.689,73.734,89.874,75.224,88.311,80.043,89.906,100.85,89.328,88.959,80.743,80.288,80.143,78.488,78.268,63.708,58.455,62.228,62.523,64.136,40.216
82.904,216.71,93.039,80.497,86.493,12.914,35.128,5.273,94.395,89.474,90.339,1.819,4.955,2.059,97.514,1.299,72.215,62.193,61.384,59.298,86.084,60.013,88.518,65.395,61.76,74.736,64.383,54.878,69.783,67.348,66.116,74.593,75.903,60.921,77.223,82.106,84.501,92.255,90.394,80.677,80.122,76.737,87.246,86.569,91.444,75.5,70.25,58.982,29.836,9.638,8.428,8.428,29.836,2.579,2.386,1.655,1.601,1.01,0,78.044,85.789,82.124,73.75,60.179,60.338,72.64,61.905,59.873,58.991,59.171,61.181,56.656,57.639,68.684,84.824,70.174,83.261,74.993,84.856,95.798,84.278,83.909,75.693,75.238,75.093,73.438,73.218,58.658,53.405,57.178,57.473,59.086,44.256
89.651,219.05,92.269,82.42,89.206,83.937,65.128,104.41,92.767,2.286,2.459,87.139,102.82,88.339,95.886,84.539,77.099,60.565,59.756,64.182,87.883,64.897,91.055,68.685,66.644,78.556,69.267,59.762,74.667,72.232,71,79.477,80.787,67.668,80.513,85.998,88.393,90.627,88.766,82.528,82.195,81.621,86.47,85.799,90.674,80.384,75.134,63.866,58.925,75.828,72.803,72.722,58.513,90.939,89.974,86.319,86.049,83.094,78.044,0,1.549,77.24,72.122,58.551,58.71,71.012,65.195,64.757,63.875,64.055,66.065,63.403,64.386,75.431,91.571,76.921,88.974,79.877,86.484,98.139,86.815,85.708,78.983,78.528,79.977,78.322,78.102,63.542,58.289,62.062,62.357,62.906,76.95
97.396,226.8,100.01,90.165,96.951,91.682,72.873,112.15,100.51,0.737,0.91,94.884,110.56,96.084,103.63,92.284,84.844,68.31,67.501,71.927,95.628,72.642,98.8,76.43,74.389,86.301,77.012,67.507,82.412,79.977,78.745,87.222,88.532,75.413,88.258,93.743,96.138,98.372,96.511,90.273,89.94,89.366,94.215,93.544,98.419,88.129,82.879,71.611,66.67,83.573,80.548,80.467,66.258,98.684,97.719,94.064,93.794,90.839,85.789,1.549,0,84.985,79.867,66.296,66.455,78.757,72.94,72.502,71.62,71.8,73.81,71.148,72.131,83.176,99.316,84.666,96.719,87.622,94.229,105.88,94.56,93.453,86.728,86.273,87.722,86.067,85.847,71.287,66.034,69.807,70.102,70.651,84.695
81.564,215.91,92.771,79.693,85.689,85.297,61.048,108.49,94.663,88.67,89.535,91.219,106.9,92.419,97.782,88.619,71.411,77.277,76.15,58.494,85.28,59.209,87.714,64.591,60.956,73.932,63.579,54.074,68.979,66.544,65.312,73.789,75.099,59.581,76.419,80.766,83.161,92.523,90.662,79.873,79.318,75.933,86.978,86.301,91.176,74.696,69.446,58.178,54.845,77.188,74.163,74.082,54.433,95.019,94.054,90.399,90.129,87.174,82.124,77.24,84.985,0,74.018,74.945,75.422,72.908,61.101,59.069,58.187,58.367,60.377,55.316,56.299,67.344,83.484,68.834,81.921,74.189,84.588,94.994,83.474,83.105,74.889,74.434,74.289,72.634,72.414,57.854,52.601,56.374,56.669,58.282,72.87
92.352,215.33,92.106,78.677,86.194,52.894,45.061,100.12,95.122,83.552,84.417,82.845,98.525,84.045,98.241,80.245,71.489,77.034,76.861,75.637,84.14,76.352,87.312,81.734,74.23,91.075,75.341,67.348,86.122,74.83,82.455,79.727,80.949,70.71,79.413,81.745,84.14,92.982,91.121,78.785,78.452,76.421,86.313,85.636,90.511,71.274,69.524,65.768,39.682,44.785,41.76,41.679,38.446,86.645,85.68,82.025,81.755,78.8,73.75,72.122,79.867,74.018,0,75.656,75.179,79.598,78.244,76.212,75.33,75.51,77.52,66.445,67.428,78.132,94.272,79.622,81.072,80.073,87.526,94.418,83.072,81.965,77.883,77.428,79.477,78.484,78.352,69.616,65.875,73.517,73.812,75.425,57.707
