0,215.32,113.05,106.82,88.416,108.39,114.16,109.27,124.76,101.08,101.95,91.999,107.68,93.199,129.66,89.399,98.167,83.233,82.424,86.749,103.51,87.464,103.73,90.417,83.198,102.19,72.447,67.478,85.911,64.984,78.572,67.533,68.667,77.95,69.77,77.169,79.564,122.62,122.54,106.64,105.28,101.89,115.85,113.66,111.46,92.195,96.202,84.138,109.61,100.29,97.26,97.179,107.55,95.799,94.834,91.179,90.909,87.954,82.904,89.651,97.396,81.564,92.352,81.219,81.378,86.802,86.927,76.001,71.591,71.627,72.029,73.685,89.102,2.844,5.476,2.546,84.518,69.571,80.376,94.401,99.491,101.34,72.96,67.785,66.533,66.202,66.158,66.722,74.843,84.629,84.924,86.537,127.63
215.32,0,221.49,222.79,232.43,250.14,255.9,247.79,219.61,233.15,234.02,230.52,246.2,231.72,226.45,227.92,224.59,222.86,222.23,223.23,225.84,223.94,228.28,222.78,213.63,236.2,199.85,197.91,221.15,185.44,213.74,185.64,186.69,209.71,179.31,180.92,183.32,217.47,219.33,222.61,212.45,211.58,215.81,215.54,219.89,220.88,222.63,211.21,251.35,242.03,239,238.92,249.29,234.32,233.36,229.7,229.43,226.48,221.43,221.73,229.47,220.62,222.78,221.03,221.01,220.29,219.29,211.24,206.83,206.8,206.39,205.45,204.46,201.1,217.24,202.59,182.41,220.65,222.81,24.183,224.04,223.67,176.71,177.33,183.89,184.22,184.26,194.13,205.27,221.11,221.41,220.55,269.37
113.05,221.49,0,99.141,95.562,97.669,86.676,106.02,83.98,89.456,90.321,88.749,104.43,89.949,96.712,86.149,75.955,71.559,70.75,70.474,100.32,71.189,102.02,85.755,72.936,85.912,81.451,71.946,92.209,83.134,88.542,90.379,91.689,90.492,92.239,97.724,100.12,81.84,89.592,98.961,68.304,66.273,73.515,86.43,0.319,77.178,73.99,62.722,80.473,89.56,86.535,86.454,80.061,92.549,91.584,87.929,87.659,84.704,79.654,78.026,85.771,79.922,69.236,69.545,69.704,70.527,82.265,82.299,81.417,81.597,83.607,86.227,87.789,98.834,114.97,100.32,103.03,87.721,91.063,100.58,97.777,98.146,90.709,90.254,90.879,89.224,89.004,75.726,64.581,68.354,68.649,70.262,98.498
106.82,222.79,99.141,0,116.98,124.93,123.46,129.29,114.63,110.66,111.52,112.02,127.69,113.22,125.2,109.42,95.201,98.615,97.806,99.118,126.91,99.833,127.87,106.74,93.549,113.58,90.149,85.207,112.81,79.21,106.45,81.264,82.31,101.43,73.907,76.546,78.941,112.49,118.08,0.036,88.917,86.886,107.5,94.866,97.546,94.986,93.236,83.335,117.26,116.82,113.8,113.72,116.85,115.82,114.85,111.2,110.93,107.97,102.92,99.226,106.97,103.19,98.49,96.601,96.76,97.664,103.25,102.9,99.537,99.501,99.099,97.167,94.805,92.596,108.74,94.086,78.035,90.69,92.851,101.88,123.63,124.73,72.337,71.922,79.514,79.845,79.889,84.424,85.194,96.998,97.293,97.929,135.28
88.416,232.43,95.562,116.98,0,119.92,125.68,118.72,103.52,105.41,106.27,101.45,117.13,102.65,114.08,98.846,98.094,94.526,93.982,97.32,122.16,97.445,125.33,97.469,88.354,111.08,77.078,73.921,95.457,62.663,88.046,62.864,63.91,83.032,55.507,58.146,60.541,101.38,106.96,116.8,90.05,88.266,96.385,91.042,93.967,94.379,96.129,84.715,121.13,111.81,108.78,108.7,119.07,105.25,104.28,100.63,100.36,97.401,92.351,93.979,101.72,92.083,94.666,92.777,92.671,95.169,93.979,85.547,81.137,81.101,80.699,78.767,76.405,74.196,90.336,75.686,59.635,94.154,96.315,111.52,121.09,119.98,53.937,53.522,61.114,61.445,61.489,71.353,79.999,94.61,95.495,95.434,139.15
108.39,250.14,97.669,124.93,119.92,0,33.784,13.144,107.02,95.367,96.232,9.932,13.28,10.628,121.3,11.472,83.304,55.217,54.408,63.683,125.87,65.578,127.56,71.138,82.417,72.669,90.932,81.427,85.205,93.897,85.066,101.14,102.45,84.445,106.2,112,114.39,104.88,114.18,124.75,93.107,91.076,96.554,95.099,96.074,83.089,81.339,77.583,28.492,8.966,7.756,2.243,28.492,7.756,8.142,9.604,9.712,10.894,12.914,83.937,91.682,85.297,52.894,53.203,53.362,56.224,67.648,75.295,77.941,78.121,80.131,80.18,83.129,94.174,110.31,95.664,112.86,101.54,112.35,129.22,123.32,123.69,104.98,104.21,101.64,99.987,99.767,85.207,74.062,62.743,61.858,57.019,42.912
114.16,255.9,86.676,123.46,125.68,33.784,0,35.588,101.86,76.558,77.423,29.164,35.86,30.556,116.14,32.244,74.887,46.649,46.158,61.826,128.63,64.311,131.81,66.871,88.183,67.586,96.698,87.193,86.036,99.663,87.661,106.91,108.22,89.751,111.96,117.92,120.32,99.716,109.02,123.28,98.873,96.842,91.391,88.006,85.081,67.672,72.922,83.276,7.926,7.926,9.136,24.812,1.323,24.812,25.584,28.508,28.724,31.088,35.128,65.128,72.873,61.048,45.061,44.953,44.794,50.611,63.381,76.126,80.536,80.716,82.726,85.486,88.895,99.94,116.08,101.43,118.62,107.31,118.11,134.99,127.57,126.46,110.91,109.98,107.41,105.75,105.53,90.973,79.828,61.476,60.001,51.936,15.136
109.27,247.79,106.02,129.28,118.72,13.144,35.588,0,112.12,115.84,116.7,3.782,5.456,4.13,126.4,4.552,97.986,88.558,87.749,85.663,128.64,86.378,129.6,91.76,88.125,101.1,90.748,81.243,96.148,93.713,92.481,100.96,102.27,87.286,103.59,108.47,110.87,109.98,119.28,129.1,91.491,89.46,101.65,101.5,104.42,101.87,96.021,84.753,30.296,9.868,8.658,8.658,30.296,2.694,2.887,3.618,3.672,4.263,5.273,104.41,112.15,108.49,91.813,86.544,86.703,90.703,88.27,86.238,85.356,85.536,87.546,83.021,84.004,95.049,111.19,96.539,109.63,101.36,112.16,126.88,125.36,126.47,102.06,101.6,101.46,99.803,99.583,85.023,79.77,83.543,83.838,85.451,44.716
124.76,219.61,83.98,114.63,103.52,107.02,101.86,112.12,0,92.3,93.165,94.849,110.53,96.049,131.41,92.249,81.522,81.733,81.56,82.35,113.45,83.065,114.41,96.199,84.812,97.546,88.887,80.894,104.09,85.981,100.42,93.226,94.536,102.36,92.913,96.856,99.251,0.428,124.29,114.45,80.18,78.149,124.88,90.581,82.385,78.326,79.557,74.598,95.653,99.072,96.047,95.804,95.241,98.649,97.684,94.029,93.759,90.804,85.754,80.87,88.615,86.558,80.495,80.355,79.878,81.631,92.709,94.175,93.293,93.473,95.483,98.098,101.05,110.54,126.68,112.03,100.91,87.51,89.671,98.695,110.17,111.27,91.383,90.928,93.726,92.071,91.851,83.162,76.457,80.23,80.525,81.896,113.68
101.08,233.15,89.456,110.66,105.41,95.367,76.558,115.84,92.3,0,1.647,98.569,114.25,99.769,106.58,95.969,82.579,71.995,71.186,75.48,113.66,76.195,115.35,80.115,77.942,89.986,80.697,71.192,86.097,83.662,82.43,90.907,92.217,79.098,91.943,97.428,99.823,90.16,99.465,110.48,74.928,72.897,81.835,84.936,87.861,91.814,80.614,69.346,70.355,87.258,84.233,84.152,69.943,102.37,101.4,97.749,97.479,94.524,89.474,2.286,0.737,88.67,75.25,69.981,70.14,74.14,76.625,76.187,75.305,75.485,77.495,74.833,75.816,86.861,103,88.351,100.4,91.307,100.59,112.24,111.11,111.48,90.413,89.958,91.407,89.752,89.532,74.972,69.587,73.36,73.655,74.336,88.38
101.95,234.02,90.321,111.52,106.27,96.232,77.423,116.7,93.165,1.647,0,99.434,115.11,100.63,107.45,96.834,83.444,72.86,72.051,76.345,114.52,77.06,116.22,80.98,78.807,90.851,81.562,72.057,86.962,84.527,83.295,91.772,93.082,79.963,92.808,98.293,100.69,91.025,100.33,111.34,75.793,73.762,82.7,85.801,88.726,92.679,81.479,70.211,71.22,88.123,85.098,85.017,70.808,103.23,102.27,98.614,98.344,95.389,90.339,2.459,0.91,89.535,76.115,70.846,71.005,75.005,77.49,77.052,76.17,76.35,78.36,75.698,76.681,87.726,103.87,89.216,101.27,92.172,101.45,113.11,111.98,112.35,91.278,90.823,92.272,90.617,90.397,75.837,70.452,74.225,74.52,75.201,89.245
91.999,230.52,88.749,112.02,101.45,9.932,29.164,3.782,94.849,98.569,99.434,0,3.464,0.676,109.13,1.098,80.716,71.288,70.479,68.393,111.37,69.108,112.33,74.49,70.855,83.831,73.478,63.973,78.878,76.443,75.211,83.688,84.998,70.016,86.318,91.201,93.596,92.709,102.01,111.83,74.221,72.19,84.384,84.229,87.154,84.595,78.751,67.483,23.872,6.656,5.446,5.446,23.872,1.088,0.895,0.164,0.218,0.809,1.819,87.139,94.884,91.219,74.543,69.274,69.433,73.433,71,68.968,68.086,68.266,70.276,65.751,66.734,77.779,93.919,79.269,92.356,84.088,94.893,109.61,108.09,109.2,84.788,84.333,84.188,82.533,82.313,67.753,62.5,66.273,66.568,68.181,38.292
107.68,246.2,104.43,127.69,117.13,13.28,35.86,5.456,110.53,114.25,115.11,3.464,0,3.812,124.81,4.234,96.396,86.968,86.159,84.073,127.05,84.788,128.01,90.17,86.535,99.511,89.158,79.653,94.558,92.123,90.891,99.368,100.68,85.696,102,106.88,109.28,108.39,117.69,127.51,89.901,87.87,100.06,99.909,102.83,100.27,94.431,83.163,30.568,10.004,8.794,8.794,30.568,2.762,2.569,3.3,3.354,3.945,4.955,102.82,110.56,106.9,90.223,84.954,85.113,89.113,86.68,84.648,83.766,83.946,85.956,81.431,82.414,93.459,109.6,94.949,108.04,99.768,110.57,125.29,123.77,124.88,100.47,100.01,99.868,98.213,97.993,83.433,78.18,81.953,82.248,83.861,44.988
93.199,231.72,89.949,113.22,102.65,10.628,30.556,4.13,96.049,99.769,100.63,0.676,3.812,0,110.33,1.338,81.916,72.488,71.679,69.593,112.57,70.308,113.53,75.69,72.055,85.031,74.678,65.173,80.078,77.643,76.411,84.888,86.198,71.216,87.518,92.401,94.796,93.909,103.21,113.03,75.421,73.39,85.584,85.429,88.354,85.795,79.951,68.683,25.264,7.352,6.142,6.142,25.264,1.436,1.243,0.512,0.458,1.049,2.059,88.339,96.084,92.419,75.743,70.474,70.633,74.633,72.2,70.168,69.286,69.466,71.476,66.951,67.934,78.979,95.119,80.469,93.556,85.288,96.093,110.81,109.29,110.4,85.988,85.533,85.388,83.733,83.513,68.953,63.7,67.473,67.768,69.381,39.684
129.66,226.45,96.712,125.2,114.08,121.3,116.14,126.4,131.41,106.58,107.45,109.13,124.81,110.33,0,106.53,92.304,96.018,95.845,96.221,124.01,96.936,124.97,110.11,95.393,111.66,96.809,90.328,115.01,92.822,111.34,97.829,99.051,113.43,97.242,99.769,102.16,129.27,1.424,125.02,90.761,88.73,124.27,98.995,95.117,92.089,90.339,85.179,109.94,113.36,110.33,110.09,109.53,112.93,111.97,108.31,108.04,105.09,100.04,95.155,102.9,100.84,94.78,94.64,94.163,95.916,106.61,105.1,104.22,104.4,106.41,109.17,113.34,115.44,131.58,116.93,101.37,94.351,96.512,105.54,120.73,121.84,95.56,95.257,97.536,96.586,96.454,91.084,87.038,94.101,94.396,96.009,127.96
89.399,227.92,86.149,109.41,98.846,11.472,32.244,4.552,92.249,95.969,96.834,1.098,4.234,1.338,106.53,0,78.116,68.688,67.879,65.793,108.77,66.508,109.73,71.89,68.255,81.231,70.878,61.373,76.278,73.843,72.611,81.088,82.398,67.416,83.718,88.601,90.996,90.109,99.414,109.23,71.621,69.59,81.784,81.629,84.554,81.995,76.151,64.883,26.952,8.196,6.986,6.986,26.952,1.858,1.665,0.934,0.88,0.289,1.299,84.539,92.284,88.619,71.943,66.674,66.833,70.833,68.4,66.368,65.486,65.666,67.676,63.151,64.134,75.179,91.319,76.669,89.756,81.488,92.293,107.01,105.49,106.6,82.188,81.733,81.588,79.933,79.713,65.153,59.9,63.673,63.968,65.581,41.372
98.167,224.59,75.955,95.201,98.094,83.304,74.887,97.986,81.522,82.579,83.444,80.716,96.396,81.916,92.304,78.116,0,59.932,59.123,69.28,99.623,70.585,102.06,73.248,74.497,80.731,79.026,69.521,82.217,81.991,80.314,88.935,90.128,76.184,84.649,87.127,89.522,79.382,85.184,95.021,67.568,67.834,71.057,75.335,74.36,70.301,0.393,64.283,68.684,75.195,72.17,72.089,68.272,84.516,83.551,79.896,79.626,76.671,71.621,71.149,78.894,71.353,63.176,57.918,58.077,64.286,69.758,72.307,73.189,73.369,75.379,71.919,72.902,83.947,100.09,85.437,86.926,87.974,96.408,103.68,97.817,97.448,82.918,82.664,87.994,87.663,87.56,73.301,66.142,67.75,67.455,65.081,86.709
83.233,222.86,71.559,98.615,94.526,55.217,46.649,88.558,81.733,71.995,72.86,71.288,86.968,72.488,96.018,68.688,59.932,0,70.864,58.245,99.55,58.96,101.25,66.833,60.707,73.683,65.821,56.316,71.221,68.786,67.554,76.031,77.341,61.25,78.368,82.435,84.83,79.593,88.898,98.435,67.8,64.981,71.268,68.989,69.964,59.717,57.967,54.211,41.27,47.108,44.083,44.002,40.034,75.088,74.123,70.468,70.198,67.243,62.193,60.565,68.31,68.975,68.732,69.659,0.371,61.27,63.343,61.311,60.429,60.609,62.619,56.985,57.968,69.013,85.153,70.503,83.59,76.431,87.236,101.95,97.006,97.375,76.838,76.383,76.531,74.876,74.656,60.096,52.352,56.125,56.42,58.033,59.295
82.424,222.23,70.75,97.806,93.982,54.408,46.158,87.749,81.56,71.186,72.051,70.479,86.159,71.679,95.845,67.879,59.123,70.864,0,57.436,98.741,58.151,100.44,66.342,59.898,72.874,65.33,55.825,70.73,68.295,67.063,75.54,76.85,60.441,77.559,81.626,84.021,79.42,88.725,97.626,67.309,64.172,71.095,68.18,69.155,58.908,57.158,53.402,40.779,46.299,43.274,43.193,39.543,74.279,73.314,69.659,69.389,66.434,61.384,59.756,67.501,67.848,68.559,0.241,69.009,60.779,62.852,60.82,59.938,60.118,62.128,56.176,57.159,68.204,84.344,69.694,82.618,75.94,86.745,101.32,96.197,96.566,76.029,75.574,76.04,74.385,74.165,59.605,51.543,55.316,55.611,57.224,58.804
86.749,223.23,70.474,99.118,97.32,63.683,61.826,85.663,82.35,75.48,76.345,68.393,84.073,69.593,96.221,65.793,69.28,58.245,57.436,0,103.31,82.037,105.33,82.791,76.238,90.898,81.69,72.302,90.935,81.179,86.654,83.858,84.992,71.083,77.334,76.819,79.214,80.21,89.101,98.938,76.811,73.447,71.885,69.854,68.879,64.82,67.315,66.024,56.447,55.574,52.549,52.468,55.211,72.193,71.228,67.573,67.303,64.348,59.298,64.05,71.795,58.494,73.343,56.231,56.39,74.453,79.301,81.025,79.601,79.709,80.915,66.818,65.902,72.529,88.669,74.019,75.469,82.838,93.643,102.32,101.09,101.13,74.735,75.349,82.858,82.527,82.483,75.965,67.883,79.202,0.365,75.248,74.472
103.51,225.85,100.32,126.91,122.16,125.87,128.64,128.64,113.45,113.66,114.52,111.37,127.05,112.57,124.01,108.77,99.623,99.55,98.741,103.31,0,104.02,133.04,107.67,95.97,115.84,88.964,85.507,110.55,77.758,103.14,77.959,79.005,98.127,70.602,73.241,75.636,111.31,116.89,126.73,91.972,89.941,106.31,95.801,98.726,100.16,97.658,86.39,122.43,117.76,114.73,114.65,122.02,115.17,114.21,110.55,110.28,107.33,102.28,102.23,109.97,102.01,99.425,97.536,97.695,99.928,104.18,100.64,96.232,96.196,95.794,93.862,91.5,89.291,105.43,90.781,74.73,93.745,95.906,104.93,128.8,0.435,69.032,68.617,76.209,76.54,76.584,83.239,87.615,101.19,101.48,100.19,140.46
87.464,223.94,71.189,99.833,97.445,65.578,64.311,86.378,83.065,76.195,77.06,69.108,84.788,70.308,96.936,66.508,70.585,58.96,58.151,82.037,104.02,0,106.46,83.506,78.133,91.023,83.585,74.197,92.24,83.074,87.959,84.573,85.707,71.865,78.049,77.534,79.929,80.925,89.816,99.653,78.706,75.342,72.6,70.569,69.594,65.535,68.62,67.919,58.932,57.469,54.444,54.363,57.696,72.908,71.943,68.288,68.018,65.063,60.013,64.765,72.51,59.209,73.468,56.946,57.105,74.578,80.016,82.33,80.906,81.014,82.22,67.6,66.617,73.244,89.384,74.734,76.184,83.553,94.358,103.03,102.22,101.85,75.45,76.064,83.573,83.242,83.198,77.86,69.778,0.567,80.212,75.373,76.957
103.73,228.28,102.02,127.87,125.33,127.56,131.81,129.6,114.4,115.35,116.22,112.33,128.01,113.53,124.97,109.73,102.06,101.25,100.44,105.33,133.04,106.46,0,109.37,97.666,117.54,89.922,86.465,110.77,77.978,103.36,78.179,79.225,98.347,70.822,73.461,75.856,112.27,117.85,127.69,94.406,92.375,107.27,97.497,100.42,103.08,100.09,88.824,125.6,119.46,116.43,116.35,125.19,116.13,115.17,111.51,111.24,108.29,103.24,103.92,111.67,102.97,101.12,99.232,99.391,101.62,105.88,100.86,96.452,96.416,96.014,94.082,91.72,89.511,105.65,91.001,74.95,96.179,98.34,107.36,0.848,130.87,69.252,68.837,76.429,76.76,76.804,84.197,89.311,103.62,103.5,101.89,143.63
90.417,222.78,85.755,106.74,97.469,71.138,66.871,91.76,96.199,80.115,80.98,74.49,90.17,75.69,110.11,71.89,73.248,66.833,66.342,82.791,107.67,83.506,109.37,0,79.164,98.229,80.275,72.282,99.606,77.15,91.674,77.565,78.611,73.424,76.057,74.702,77.097,94.059,102.99,106.56,83.734,80.355,85.734,83.703,84.16,69.533,71.283,69.717,61.492,63.029,60.004,59.923,60.256,78.29,77.325,73.67,73.4,70.445,65.395,68.685,76.43,64.591,81.734,65.137,64.978,89.681,0.698,89.696,87.05,84.729,85.935,69.159,69.57,76.197,92.337,77.687,74.279,80.046,90.851,101.87,105.13,105.5,73.299,74.072,75.815,76.146,76.19,74.55,70.809,80.671,80.966,82.579,79.517
83.198,213.63,72.936,93.549,88.354,82.417,88.183,88.125,84.812,77.942,78.807,70.855,86.535,72.055,95.393,68.255,74.497,60.707,59.898,76.238,95.97,78.133,97.666,79.164,0,85.224,95.943,97.789,88.133,88.48,85.502,79.329,80.287,73.612,68.686,66.591,68.986,82.672,88.273,93.369,83.276,87.135,74.347,72.316,71.341,67.282,72.532,85.706,83.317,74.308,71.283,71.202,81.568,74.655,73.69,70.035,69.765,66.81,61.76,66.512,74.257,60.956,67.669,58.693,58.852,68.779,75.674,78.223,78.521,78.557,78.197,69.347,68.364,68.978,85.118,70.468,65.241,78.912,89.717,92.714,93.426,93.795,67.994,66.701,76.829,77.822,77.954,90.218,1.671,75.298,74.413,69.574,101.34
102.19,236.2,85.912,113.58,111.08,72.669,67.586,101.1,97.546,89.986,90.851,83.831,99.511,85.031,111.66,81.231,80.731,73.683,72.874,90.898,115.84,91.023,117.54,98.229,85.224,0,90.676,81.288,103.15,90.165,98.866,95.062,96.284,83.295,91.207,92.11,94.505,95.406,104.54,113.4,85.797,82.433,87.081,85.05,84.317,77.777,78.766,75.01,62.207,64.56,61.535,61.454,60.971,87.631,86.666,83.011,82.741,79.786,74.736,78.556,86.301,73.932,91.075,71.669,71.828,93.117,94.739,93.237,91.813,91.921,93.127,79.03,80.013,87.967,104.11,89.457,90.907,95.408,106.21,115.29,113.3,113.67,88.608,89.222,94.812,93.819,93.687,84.951,76.869,88.188,89.073,3.13,80.232
72.447,199.85,81.451,90.149,77.078,90.932,96.698,90.748,88.887,80.697,81.562,73.478,89.158,74.678,96.809,70.878,79.026,65.821,65.33,81.69,88.964,83.585,89.922,80.275,95.943,90.676,0,84.966,83.386,82.02,77.739,68.578,69.536,67.65,56.423,55.84,58.235,86.747,89.689,89.969,91.077,95.65,81.752,80.831,79.856,71.811,77.061,85.919,91.832,82.823,79.798,79.717,90.083,77.278,76.313,72.658,72.388,69.433,64.383,69.267,77.012,63.579,73.238,64.125,63.966,74.231,76.785,73.476,70.83,70.794,70.392,63.385,60.436,58.227,74.367,59.717,54.49,68.161,78.966,78.939,85.682,86.789,57.243,54.438,66.078,67.071,67.203,1.145,87.588,80.75,79.865,75.026,109.86
67.478,197.91,71.946,85.207,73.921,81.427,87.193,81.243,80.894,71.192,72.057,63.973,79.653,65.173,90.328,61.373,69.521,56.316,55.825,72.302,85.507,74.197,86.465,72.282,97.789,81.288,84.966,0,78.417,74.027,72.77,63.609,64.567,61.566,52.966,50.871,53.266,78.754,83.208,85.027,82.286,86.145,73.357,71.326,70.351,62.306,67.556,76.414,82.327,73.318,70.293,70.212,80.578,67.773,66.808,63.153,62.883,59.928,54.878,59.762,67.507,54.074,63.733,54.62,54.461,64.843,68.792,68.507,65.861,65.825,65.423,57.301,55.467,53.258,69.398,54.748,49.521,63.192,73.997,76.994,82.225,83.332,52.274,50.981,61.109,62.102,62.234,79.241,89.434,71.362,70.477,65.638,100.35
85.911,221.15,92.209,112.81,95.457,85.205,86.036,96.148,104.09,86.097,86.962,78.878,94.558,80.078,115.01,76.278,82.217,71.221,70.73,90.935,110.55,92.24,110.77,99.606,88.133,103.15,83.386,78.417,0,75.923,97.665,74.234,75.192,78.235,70.947,69.304,71.699,101.94,107.89,112.63,97.801,94.422,93.62,91.589,90.614,77.211,80.252,81.637,80.657,77.096,74.071,73.99,79.421,82.678,81.713,78.058,77.788,74.833,69.783,74.667,82.412,68.979,86.122,69.525,69.366,88.454,96.116,1.982,101.12,90.72,90.318,73.97,72.987,71.691,87.831,73.181,67.954,78.193,88.998,100.24,106.53,108.38,70.707,68.962,71.734,72.727,72.859,77.661,79.778,89.405,89.11,87.497,98.682
64.984,185.44,83.134,79.21,62.663,93.897,99.663,93.713,85.981,83.662,84.527,76.443,92.123,77.643,92.822,73.843,81.991,68.786,68.295,81.179,77.758,83.074,77.978,77.15,88.48,90.165,82.02,74.027,75.923,0,68.525,61.115,62.073,60.187,45.484,48.377,50.772,83.841,85.702,79.03,90.429,92.733,81.241,80.564,81.539,74.776,80.026,87.072,94.797,85.788,82.763,82.682,93.048,80.243,79.278,75.623,75.353,72.398,67.348,72.232,79.977,66.544,74.83,67.09,66.931,73.72,73.66,66.013,61.688,61.58,60.374,55.922,52.973,50.764,66.904,52.254,47.027,60.698,71.503,64.524,73.738,75.583,49.78,43.499,58.615,59.608,59.74,76.295,80.125,80.239,79.354,74.515,112.82
78.572,213.74,88.542,106.45,88.046,85.066,87.661,92.481,100.42,82.43,83.295,75.211,90.891,76.411,111.34,72.611,80.314,67.554,67.063,86.654,103.14,87.959,103.36,91.674,85.502,98.866,77.739,72.77,97.665,68.525,0,66.751,67.709,73.775,63.536,61.965,64.36,98.278,104.22,106.27,97.139,94.283,89.953,87.922,86.947,73.544,78.349,79.662,82.282,76.957,73.932,73.851,81.046,79.011,78.046,74.391,74.121,71.166,66.116,71,78.745,65.312,82.455,65.858,65.699,82.951,88.184,87.755,88.346,1.389,87.248,69.51,66.561,64.352,80.492,65.842,60.615,70.71,81.515,92.825,99.121,100.97,63.368,61.551,64.251,65.244,65.376,72.014,77.147,85.124,84.829,83.216,100.31
67.533,185.64,90.379,81.264,62.864,101.14,106.91,100.96,93.226,90.907,91.772,83.688,99.368,84.888,97.829,81.088,88.935,76.031,75.54,83.858,77.959,84.573,78.179,77.565,79.329,95.062,68.578,63.609,74.234,61.115,66.751,0,66.97,61.706,48.033,50.926,53.321,91.086,90.709,81.084,94.117,94.677,88.486,87.809,88.784,82.021,86.97,80.269,102.04,93.033,90.008,89.927,100.29,87.488,86.523,82.868,82.598,79.643,74.593,79.477,87.222,73.789,79.727,74.335,74.176,78.617,74.075,64.324,59.914,59.806,58.6,57.441,55.522,53.313,69.453,54.803,49.576,62.431,73.236,64.725,73.939,75.784,52.329,46.048,63.512,64.505,0.275,62.853,70.974,81.738,82.033,79.412,120.07
68.667,186.69,91.689,82.31,63.91,102.45,108.22,102.27,94.536,92.217,93.082,84.998,100.68,86.198,99.051,82.398,90.128,77.341,76.85,84.992,79.005,85.707,79.225,78.611,80.287,96.284,69.536,64.567,75.192,62.073,67.709,66.97,0,62.752,49.167,52.06,54.455,92.396,91.931,82.13,95.251,95.811,89.796,89.119,90.094,83.331,88.163,81.227,103.35,94.343,91.318,91.237,101.6,88.798,87.833,84.178,83.908,80.953,75.903,80.787,88.532,75.099,80.949,75.645,75.486,79.839,75.121,65.282,60.872,60.764,59.558,58.487,56.656,54.447,70.587,55.937,50.71,63.477,74.282,65.771,74.985,76.83,53.463,47.182,64.734,0.493,65.595,63.811,71.932,82.872,83.167,80.634,121.38
77.95,209.71,90.492,101.43,83.032,84.445,89.751,87.286,102.36,79.098,79.963,70.016,85.696,71.216,113.43,67.416,76.184,61.25,60.441,71.083,98.127,71.865,98.347,73.424,73.612,83.295,67.65,61.566,78.235,60.187,73.775,61.706,62.752,0,61.006,60.823,63.218,100.22,106.31,101.25,93.511,90.469,91.898,89.867,88.897,70.212,74.219,72.93,84.372,76.336,73.311,73.23,83.136,73.816,72.851,69.196,68.926,65.971,60.921,67.668,75.413,59.581,70.71,59.236,59.395,67.38,69.934,68.325,66.794,66.83,67.232,0.853,65.939,63.73,79.87,65.22,59.993,64.187,74.992,88.797,94.107,95.952,59.42,59.021,59.956,60.287,60.331,61.925,65.257,69.03,69.258,67.645,102.4
69.77,179.31,92.239,73.907,55.507,106.2,111.96,103.59,92.913,91.943,92.808,86.318,102,87.518,97.242,83.718,84.649,78.368,77.559,77.334,70.602,78.049,70.822,76.057,68.686,91.207,56.423,52.966,70.947,45.484,63.536,48.033,49.167,61.006,0,45.689,48.084,90.773,90.122,73.727,88.294,87.381,87.618,88.237,90.644,81.361,82.684,69.626,107.41,98.089,95.064,94.983,105.35,90.118,89.153,85.498,85.228,82.273,77.223,80.513,88.258,76.419,79.413,76.354,76.513,75.292,72.567,61.037,56.627,56.591,56.189,56.741,56.143,55.55,71.69,57.04,44.339,47.013,57.818,58.397,66.582,68.427,55.333,0.397,55.156,46.702,46.658,50.698,60.331,75.214,75.509,75.557,125.43
77.169,180.92,97.724,76.546,58.146,112,117.92,108.47,96.856,97.428,98.293,91.201,106.88,92.401,99.769,88.601,87.127,82.435,81.626,76.819,73.241,77.534,73.461,74.702,66.591,92.11,55.84,50.871,69.304,48.377,61.965,50.926,52.06,60.823,45.689,0,0.479,94.716,92.649,76.366,88.671,85.286,93.103,93.722,96.129,86.846,85.162,67.531,113.37,104.05,101.02,100.78,111.31,95.001,94.036,90.381,90.111,87.156,82.106,85.998,93.743,80.766,81.745,80.421,80.58,76.195,71.212,59.394,54.984,55.02,55.422,56.558,59.994,62.949,79.089,64.439,59.212,52.964,63.769,60.007,69.221,71.066,59.053,43.704,49.926,49.595,49.551,50.115,58.236,74.699,74.994,76.46,131.39
79.564,183.32,100.12,78.941,60.541,114.39,120.32,110.87,99.251,99.823,100.69,93.596,109.28,94.796,102.16,90.996,89.522,84.83,84.021,79.214,75.636,79.929,75.856,77.097,68.986,94.505,58.235,53.266,71.699,50.772,64.36,53.321,54.455,63.218,48.084,0.479,0,97.111,95.044,78.761,91.066,87.681,95.498,96.117,98.524,89.241,87.557,69.926,115.76,106.44,103.42,103.18,113.7,97.396,96.431,92.776,92.506,89.551,84.501,88.393,96.138,83.161,84.14,82.816,82.975,78.59,73.607,61.789,57.379,57.415,57.817,58.953,62.389,65.344,81.484,66.834,61.607,55.359,66.164,62.402,71.616,73.461,61.448,46.099,52.321,51.99,51.946,52.51,60.631,77.094,77.389,78.855,133.79
122.62,217.47,81.84,112.49,101.38,104.88,99.716,109.98,0.428,90.16,91.025,92.709,108.39,93.909,129.27,90.109,79.382,79.593,79.42,80.21,111.31,80.925,112.27,94.059,82.672,95.406,86.747,78.754,101.95,83.841,98.278,91.086,92.396,100.22,90.773,94.716,97.111,0,122.15,112.31,78.04,76.009,122.74,88.441,80.245,76.186,77.417,72.458,93.513,96.932,93.907,93.664,93.101,96.509,95.544,91.889,91.619,88.664,83.614,78.73,86.475,84.418,78.355,78.215,77.738,79.491,90.569,92.035,91.153,91.333,93.343,95.958,98.907,108.4,124.54,109.89,98.766,85.37,87.531,96.555,108.03,109.13,89.243,88.788,91.586,89.931,89.711,81.022,74.317,78.09,78.385,79.756,111.54
122.54,219.33,89.592,118.08,106.96,114.18,109.02,119.28,124.29,99.465,100.33,102.01,117.69,103.21,1.424,99.414,85.184,88.898,88.725,89.101,116.89,89.816,117.85,102.98,88.273,104.54,89.689,83.208,107.89,85.702,104.22,90.709,91.931,106.31,90.122,92.649,95.044,122.15,0,117.9,83.641,81.61,117.15,91.875,87.997,84.969,83.219,78.059,102.82,106.24,103.21,102.97,102.41,105.81,104.85,101.19,100.92,97.969,92.919,88.035,95.78,93.723,87.66,87.52,87.043,88.796,99.495,97.98,97.098,97.278,99.288,102.05,106.22,108.32,124.46,109.81,94.25,87.231,89.392,98.416,113.61,114.72,88.44,88.137,90.416,89.466,89.334,83.964,79.918,86.981,87.276,88.889,120.84
106.64,222.61,98.961,0.036,116.8,124.75,123.28,129.11,114.45,110.48,111.34,111.84,127.52,113.03,125.02,109.24,95.021,98.435,97.626,98.938,126.73,99.653,127.69,106.56,93.369,113.4,89.969,85.027,112.63,79.03,106.27,81.084,82.13,101.25,73.727,76.366,78.761,112.31,117.9,0,88.737,86.706,107.32,94.686,97.366,94.806,93.056,83.155,117.08,116.64,113.62,113.54,116.67,115.64,114.67,111.02,110.75,107.79,102.74,99.046,106.79,103.01,98.31,96.421,96.58,97.484,103.07,102.72,99.357,99.321,98.919,96.987,94.625,92.416,108.56,93.906,77.855,90.51,92.671,101.69,123.45,124.55,72.157,71.742,79.334,79.665,79.709,84.244,85.014,96.818,97.113,97.749,135.1
105.28,212.45,68.304,88.917,90.05,93.107,98.873,91.491,80.18,74.928,75.793,74.221,89.901,75.421,90.761,71.621,67.568,67.8,67.309,76.811,91.972,78.706,94.406,83.734,83.276,85.797,91.077,82.286,97.801,90.429,97.139,94.117,95.251,93.511,88.294,88.671,91.066,78.04,83.641,88.737,0,80.293,69.715,67.684,66.709,62.65,65.603,69.344,94.318,84.998,81.973,81.892,92.258,78.021,77.056,73.401,73.131,70.176,65.126,63.498,71.243,65.394,66.022,66.104,65.945,69.352,80.244,87.891,90.014,90.194,92.204,89.246,90.444,91.058,107.2,92.548,87.321,89.419,90.958,91.536,90.166,89.797,86.557,86.309,93.117,92.786,92.742,85.352,74.921,75.871,74.986,70.147,112.34
101.89,211.58,66.273,86.886,88.266,91.076,96.842,89.46,78.149,72.897,73.762,72.19,87.87,73.39,88.73,69.59,67.834,64.981,64.172,73.447,89.941,75.342,92.375,80.355,87.135,82.433,95.65,86.145,94.422,92.733,94.283,94.677,95.811,90.469,87.381,85.286,87.681,76.009,81.61,86.706,80.293,0,67.684,65.653,64.678,60.619,65.869,77.107,92.287,82.967,79.942,79.861,90.227,75.99,75.025,71.37,71.1,68.145,63.095,61.467,69.212,63.363,62.658,62.967,63.126,65.988,76.865,84.512,87.158,87.338,89.348,86.204,87.059,87.673,103.81,89.163,83.936,87.794,89.955,90.664,88.135,87.766,86.689,85.396,93.677,93.346,93.302,89.925,78.78,72.507,71.622,66.783,110.31
115.85,215.81,73.515,107.5,96.385,96.554,91.391,101.65,124.88,81.835,82.7,84.384,100.06,85.584,124.27,81.784,71.057,71.268,71.095,71.885,106.31,72.6,107.27,85.734,74.347,87.081,81.752,73.357,93.62,81.241,89.953,88.486,89.796,91.898,87.618,93.103,95.498,122.74,117.15,107.32,69.715,67.684,0,80.293,71.92,67.861,69.092,64.133,85.188,88.607,85.582,85.339,84.776,88.184,87.219,83.564,83.294,80.339,75.289,70.405,78.15,76.093,70.03,69.89,69.413,71.166,82.244,83.71,82.828,83.008,85.018,87.633,90.582,101.63,117.77,103.12,97.451,83.705,85.866,94.89,103.03,104.14,86.088,85.633,88.986,87.331,87.111,76.027,65.992,69.765,70.06,71.431,103.21
113.66,215.54,86.43,94.866,91.042,95.099,88.006,101.5,90.581,84.936,85.801,84.229,99.909,85.429,98.995,81.629,75.335,68.989,68.18,69.854,95.801,70.569,97.497,83.703,72.316,85.05,80.831,71.326,91.589,80.564,87.922,87.809,89.119,89.867,88.237,93.722,96.117,88.441,91.875,94.686,67.684,65.653,80.293,0,84.835,72.658,73.37,62.102,81.803,86.99,83.965,83.884,81.391,88.029,87.064,83.409,83.139,80.184,75.134,73.506,81.251,75.402,66.666,66.975,67.134,69.135,80.213,81.679,80.797,80.977,82.987,85.602,88.395,99.44,115.58,100.93,97.076,84.382,86.543,94.623,93.257,93.626,86.707,86.252,88.309,86.654,86.434,75.106,63.961,67.734,68.029,69.4,99.828
111.46,219.9,0.319,97.546,93.967,96.074,85.081,104.42,82.385,87.861,88.726,87.154,102.83,88.354,95.117,84.554,74.36,69.964,69.155,68.879,98.726,69.594,100.42,84.16,71.341,84.317,79.856,70.351,90.614,81.539,86.947,88.784,90.094,88.897,90.644,96.129,98.524,80.245,87.997,97.366,66.709,64.678,71.92,84.835,0,75.583,72.395,61.127,78.878,87.965,84.94,84.859,78.466,90.954,89.989,86.334,86.064,83.109,78.059,76.431,84.176,78.327,67.641,67.95,68.109,68.932,80.67,80.704,79.822,80.002,82.012,84.632,86.194,97.239,113.38,98.729,101.43,86.126,89.468,98.98,96.182,96.551,89.114,88.659,89.284,87.629,87.409,74.131,62.986,66.759,67.054,68.667,96.903
92.195,220.88,77.178,94.986,94.379,83.089,67.672,101.87,78.326,91.814,92.679,84.595,100.28,85.795,92.089,81.995,70.301,59.717,58.908,64.82,100.16,65.535,103.07,69.533,67.282,77.777,71.811,62.306,77.211,74.776,73.544,82.021,83.331,70.212,81.361,86.846,89.241,76.186,84.969,94.806,62.65,60.619,67.861,72.658,75.583,0,68.336,57.068,61.469,74.98,71.955,71.874,61.057,88.395,87.43,83.775,83.505,80.55,75.5,80.384,88.129,74.696,62.972,57.703,57.862,61.862,66.043,67.301,66.419,66.599,68.609,65.947,66.93,77.975,94.115,79.465,88.126,82.421,90.003,99.962,98.835,97.986,79.831,79.376,82.521,80.866,80.646,66.086,58.927,62.7,62.995,62.127,79.494
96.202,222.63,73.99,93.236,96.129,81.339,72.922,96.021,79.557,80.614,81.479,78.751,94.431,79.951,90.339,76.151,0.393,57.967,57.158,67.315,97.658,68.62,100.09,71.283,72.532,78.766,77.061,67.556,80.252,80.026,78.349,86.97,88.163,74.219,82.684,85.162,87.557,77.417,83.219,93.056,65.603,65.869,69.092,73.37,72.395,68.336,0,62.318,66.719,73.23,70.205,70.124,66.307,82.551,81.586,77.931,77.661,74.706,69.656,69.184,76.929,69.388,61.211,55.953,56.112,62.321,67.793,70.342,71.224,71.404,73.414,69.954,70.937,81.982,98.122,83.472,84.961,86.009,94.443,101.71,95.852,95.483,80.953,80.699,86.029,85.698,85.595,71.336,64.177,65.785,65.49,63.116,84.744
84.138,211.21,62.722,83.335,84.715,77.583,83.276,84.753,74.598,69.346,70.211,67.483,83.163,68.683,85.179,64.883,64.283,54.211,53.402,66.024,86.39,67.919,88.824,69.717,85.706,75.01,85.919,76.414,81.637,87.072,79.662,80.269,81.227,72.93,69.626,67.531,69.926,72.458,78.059,83.155,69.344,77.107,64.133,62.102,61.127,57.068,62.318,0,77.897,69.474,66.449,66.368,76.661,71.283,70.318,66.663,66.393,63.438,58.388,57.916,65.661,58.12,57.455,52.197,52.356,58.565,66.227,71.727,72.609,72.717,73.923,68.665,69.304,69.918,86.058,71.408,66.181,79.852,86.404,90.298,84.584,84.215,68.934,67.641,77.769,78.762,78.894,80.194,77.351,65.084,64.199,59.36,95.922
109.6,251.35,80.473,117.26,121.13,28.492,7.926,30.296,95.653,70.355,71.22,23.872,30.568,25.264,109.94,26.952,68.684,41.27,40.779,56.447,122.43,58.932,125.6,61.492,83.317,62.207,91.832,82.327,80.657,94.797,82.282,102.04,103.35,84.372,107.41,113.37,115.76,93.513,102.82,117.08,94.318,92.287,85.188,81.803,78.878,61.469,66.719,77.897,0,5.28,6.49,19.52,5.28,19.52,20.292,23.216,23.432,25.796,29.836,58.925,66.67,54.845,39.682,39.574,39.415,45.232,58.002,70.747,75.157,75.337,77.347,80.107,84.34,95.385,111.52,96.875,114.07,102.44,113.25,130.43,121.36,120.26,106.35,105.42,102.54,100.89,100.67,86.107,74.962,56.097,54.622,46.557,3.605
100.28,242.03,89.56,116.82,111.81,8.966,7.926,9.868,99.072,87.258,88.123,6.656,10.004,7.352,113.36,8.196,75.195,47.108,46.299,55.574,117.76,57.469,119.45,63.029,74.308,64.56,82.823,73.318,77.096,85.788,76.957,93.033,94.343,76.336,98.089,104.05,106.44,96.932,106.24,116.64,84.998,82.967,88.607,86.99,87.965,74.98,73.23,69.474,5.28,0,0.605,4.48,5.28,4.48,4.866,6.328,6.436,7.618,9.638,75.828,83.573,77.188,44.785,45.094,45.253,48.115,59.539,67.186,69.832,70.012,72.022,72.071,75.02,86.065,102.2,87.555,104.75,93.433,104.24,121.11,115.21,115.58,97.034,96.104,93.533,91.878,91.658,77.098,65.953,54.634,53.749,48.91,12.49
97.26,239,86.535,113.8,108.78,7.756,9.136,8.658,96.047,84.233,85.098,5.446,8.794,6.142,110.33,6.986,72.17,44.083,43.274,52.549,114.73,54.444,116.43,60.004,71.283,61.535,79.798,70.293,74.071,82.763,73.932,90.008,91.318,73.311,95.064,101.02,103.42,93.907,103.21,113.62,81.973,79.942,85.582,83.965,84.94,71.955,70.205,66.449,6.49,0.605,0,3.27,6.49,3.27,3.656,5.118,5.226,6.408,8.428,72.803,80.548,74.163,41.76,42.069,42.228,45.09,56.514,64.161,66.807,66.987,68.997,69.046,71.995,83.04,99.18,84.53,101.72,90.408,101.21,118.09,112.19,112.56,94.009,93.079,90.508,88.853,88.633,74.073,62.928,51.609,50.724,45.885,13.7
97.179,238.92,86.454,113.72,108.7,2.243,24.812,8.658,95.804,84.152,85.017,5.446,8.794,6.142,110.09,6.986,72.089,44.002,43.193,52.468,114.65,54.363,116.35,59.923,71.202,61.454,79.717,70.212,73.99,82.682,73.851,89.927,91.237,73.23,94.983,100.78,103.18,93.664,102.97,113.54,81.892,79.861,85.339,83.884,84.859,71.874,70.124,66.368,19.52,4.48,3.27,0,19.52,3.27,3.656,5.118,5.226,6.408,8.428,72.722,80.467,74.082,41.679,41.988,42.147,45.009,56.433,64.08,66.726,66.906,68.916,68.965,71.914,82.959,99.099,84.449,101.64,90.327,101.13,118.01,112.11,112.48,93.766,92.998,90.427,88.772,88.552,73.992,62.847,51.528,50.643,45.804,33.94
107.54,249.29,80.061,116.84,119.07,28.492,1.323,30.296,95.241,69.943,70.808,23.872,30.568,25.264,109.53,26.952,68.272,40.034,39.543,55.211,122.02,57.696,125.19,60.256,81.568,60.971,90.083,80.578,79.421,93.048,81.046,100.29,101.6,83.136,105.35,111.31,113.7,93.101,102.41,116.66,92.258,90.227,84.776,81.391,78.466,61.057,66.307,76.661,5.28,5.28,6.49,19.52,0,19.52,20.292,23.216,23.432,25.796,29.836,58.513,66.258,54.433,38.446,38.338,38.179,43.996,56.766,69.511,73.921,74.101,76.111,78.871,82.28,93.325,109.46,94.815,112.01,100.69,111.5,128.37,120.95,119.84,104.29,103.36,100.79,99.138,98.918,84.358,73.213,54.861,53.386,45.321,12.49
95.799,234.32,92.549,115.81,105.25,7.756,24.812,2.694,98.649,102.37,103.23,1.088,2.762,1.436,112.93,1.858,84.516,75.088,74.279,72.193,115.17,72.908,116.13,78.29,74.655,87.631,77.278,67.773,82.678,80.243,79.011,87.488,88.798,73.816,90.118,95.001,97.396,96.509,105.81,115.63,78.021,75.99,88.184,88.029,90.954,88.395,82.551,71.283,19.52,4.48,3.27,3.27,19.52,0,0.193,0.924,0.978,1.569,2.579,90.939,98.684,95.019,78.343,73.074,73.233,77.233,74.8,72.768,71.886,72.066,74.076,69.551,70.534,81.579,97.719,83.069,96.156,87.888,98.693,113.41,111.89,113,88.588,88.133,87.988,86.333,86.113,71.553,66.3,70.073,70.368,71.981,33.94
94.834,233.36,91.584,114.85,104.28,8.142,25.584,2.887,97.684,101.4,102.27,0.895,2.569,1.243,111.97,1.665,83.551,74.123,73.314,71.228,114.21,71.943,115.17,77.325,73.69,86.666,76.313,66.808,81.713,79.278,78.046,86.523,87.833,72.851,89.153,94.036,96.431,95.544,104.85,114.67,77.056,75.025,87.219,87.064,89.989,87.43,81.586,70.318,20.292,4.866,3.656,3.656,20.292,0.193,0,0.731,0.785,1.376,2.386,89.974,97.719,94.054,77.378,72.109,72.268,76.268,73.835,71.803,70.921,71.101,73.111,68.586,69.569,80.614,96.754,82.104,95.191,86.923,97.728,112.44,110.93,112.03,87.623,87.168,87.023,85.368,85.148,70.588,65.335,69.108,69.403,71.016,34.712
91.179,229.7,87.929,111.19,100.63,9.604,28.508,3.618,94.029,97.749,98.614,0.164,3.3,0.512,108.31,0.934,79.896,70.468,69.659,67.573,110.55,68.288,111.51,73.67,70.035,83.011,72.658,63.153,78.058,75.623,74.391,82.868,84.178,69.196,85.498,90.381,92.776,91.889,101.19,111.01,73.401,71.37,83.564,83.409,86.334,83.775,77.931,66.663,23.216,6.328,5.118,5.118,23.216,0.924,0.731,0,0.054,0.645,1.655,86.319,94.064,90.399,73.723,68.454,68.613,72.613,70.18,68.148,67.266,67.446,69.456,64.931,65.914,76.959,93.099,78.449,91.536,83.268,94.073,108.79,107.27,108.38,83.968,83.513,83.368,81.713,81.493,66.933,61.68,65.453,65.748,67.361,37.636
90.909,229.43,87.659,110.92,100.36,9.712,28.724,3.672,93.759,97.479,98.344,0.218,3.354,0.458,108.04,0.88,79.626,70.198,69.389,67.303,110.28,68.018,111.24,73.4,69.765,82.741,72.388,62.883,77.788,75.353,74.121,82.598,83.908,68.926,85.228,90.111,92.506,91.619,100.92,110.75,73.131,71.1,83.294,83.139,86.064,83.505,77.661,66.393,23.432,6.436,5.226,5.226,23.432,0.978,0.785,0.054,0,0.591,1.601,86.049,93.794,90.129,73.453,68.184,68.343,72.343,69.91,67.878,66.996,67.176,69.186,64.661,65.644,76.689,92.829,78.179,91.266,82.998,93.803,108.52,107,108.11,83.698,83.243,83.098,81.443,81.223,66.663,61.41,65.183,65.478,67.091,37.852
87.954,226.48,84.704,107.97,97.401,10.894,31.088,4.263,90.804,94.524,95.389,0.809,3.945,1.049,105.09,0.289,76.671,67.243,66.434,64.348,107.33,65.063,108.29,70.445,66.81,79.786,69.433,59.928,74.833,72.398,71.166,79.643,80.953,65.971,82.273,87.156,89.551,88.664,97.969,107.79,70.176,68.145,80.339,80.184,83.109,80.55,74.706,63.438,25.796,7.618,6.408,6.408,25.796,1.569,1.376,0.645,0.591,0,1.01,83.094,90.839,87.174,70.498,65.229,65.388,69.388,66.955,64.923,64.041,64.221,66.231,61.706,62.689,73.734,89.874,75.224,88.311,80.043,90.848,105.56,104.05,105.15,80.743,80.288,80.143,78.488,78.268,63.708,58.455,62.228,62.523,64.136,40.216
82.904,221.43,79.654,102.92,92.351,12.914,35.128,5.273,85.754,89.474,90.339,1.819,4.955,2.059,100.04,1.299,71.621,62.193,61.384,59.298,102.28,60.013,103.24,65.395,61.76,74.736,64.383,54.878,69.783,67.348,66.116,74.593,75.903,60.921,77.223,82.106,84.501,83.614,92.919,102.74,65.126,63.095,75.289,75.134,78.059,75.5,69.656,58.388,29.836,9.638,8.428,8.428,29.836,2.579,2.386,1.655,1.601,1.01,0,78.044,85.789,82.124,65.448,60.179,60.338,64.338,61.905,59.873,58.991,59.171,61.181,56.656,57.639,68.684,84.824,70.174,83.261,74.993,85.798,100.51,98.996,100.1,75.693,75.238,75.093,73.438,73.218,58.658,53.405,57.178,57.473,59.086,44.256
89.651,221.73,78.026,99.226,93.979,83.937,65.128,104.41,80.87,2.286,2.459,87.139,102.82,88.339,95.155,84.539,71.149,60.565,59.756,64.05,102.23,64.765,103.92,68.685,66.512,78.556,69.267,59.762,74.667,72.232,71,79.477,80.787,67.668,80.513,85.998,88.393,78.73,88.035,99.046,63.498,61.467,70.405,73.506,76.431,80.384,69.184,57.916,58.925,75.828,72.803,72.722,58.513,90.939,89.974,86.319,86.049,83.094,78.044,0,1.549,77.24,63.82,58.551,58.71,62.71,65.195,64.757,63.875,64.055,66.065,63.403,64.386,75.431,91.571,76.921,88.974,79.877,89.155,100.81,99.683,100.05,78.983,78.528,79.977,78.322,78.102,63.542,58.157,61.93,62.225,62.906,76.95
97.396,229.47,85.771,106.97,101.72,91.682,72.873,112.15,88.615,0.737,0.91,94.884,110.56,96.084,102.9,92.284,78.894,68.31,67.501,71.795,109.97,72.51,111.67,76.43,74.257,86.301,77.012,67.507,82.412,79.977,78.745,87.222,88.532,75.413,88.258,93.743,96.138,86.475,95.78,106.79,71.243,69.212,78.15,81.251,84.176,88.129,76.929,65.661,66.67,83.573,80.548,80.467,66.258,98.684,97.719,94.064,93.794,90.839,85.789,1.549,0,84.985,71.565,66.296,66.455,70.455,72.94,72.502,71.62,71.8,73.81,71.148,72.131,83.176,99.316,84.666,96.719,87.622,96.9,108.56,107.43,107.8,86.728,86.273,87.722,86.067,85.847,71.287,65.902,69.675,69.97,70.651,84.695
81.564,220.62,79.922,103.19,92.083,85.297,61.048,108.49,86.558,88.67,89.535,91.219,106.9,92.419,100.84,88.619,71.353,68.975,67.848,58.494,102.01,59.209,102.97,64.591,60.956,73.932,63.579,54.074,68.979,66.544,65.312,73.789,75.099,59.581,76.419,80.766,83.161,84.418,93.723,103.01,65.394,63.363,76.093,75.402,78.327,74.696,69.388,58.12,54.845,77.188,74.163,74.082,54.433,95.019,94.054,90.399,90.129,87.174,82.124,77.24,84.985,0,65.716,66.643,67.12,64.606,61.101,59.069,58.187,58.367,60.377,55.316,56.299,67.344,83.484,68.834,81.921,74.189,84.994,99.707,98.728,99.835,74.889,74.434,74.289,72.634,72.414,57.854,52.601,56.374,56.669,58.282,72.87
92.352,222.78,69.236,98.49,94.666,52.894,45.061,91.813,80.495,75.25,76.115,74.543,90.223,75.743,94.78,71.943,63.176,68.732,68.559,73.343,99.425,73.468,101.12,81.734,67.669,91.075,73.238,63.733,86.122,74.83,82.455,79.727,80.949,70.71,79.413,81.745,84.14,78.355,87.66,98.31,66.022,62.658,70.03,66.666,67.641,62.972,61.211,57.455,39.682,44.785,41.76,41.679,38.446,78.343,77.378,73.723,73.453,70.498,65.448,63.82,71.565,65.716,0,67.354,66.877,79.598,78.244,76.212,75.33,75.51,77.52,66.445,67.428,78.132,94.272,79.622,81.072,80.073,90.312,101.86,96.881,97.25,77.883,77.428,79.477,78.484,78.352,67.513,59.314,70.633,71.518,75.425,57.707
