0,215.32,121.35,99.142,88.416,136.13,141.9,133.32,123.25,121.68,122.54,116.05,131.73,117.25,122.62,113.45,104.88,108.39,107.9,97.008,100.22,96.543,101.92,120.83,83.198,118.9,72.447,67.478,85.911,64.984,78.572,67.533,68.667,77.95,69.77,77.169,79.564,121.11,115.5,99.106,99.217,99.188,115.82,115.4,119.75,110.5,102.92,84.138,137.34,128.02,125,124.91,135.28,119.85,118.89,115.23,114.96,112.01,106.96,110.25,117.99,106.15,109.81,106.7,106.54,104.57,117.34,76.001,71.591,71.627,72.029,73.685,89.102,2.844,5.476,2.546,84.518,69.571,80.376,94.401,97.677,98.046,72.96,67.785,66.533,66.202,66.158,66.722,74.843,93.708,95.183,103.25,155.37
215.32,0,191.59,188.43,213.82,242.1,247.87,239.33,189.58,219.31,220.18,222.06,237.74,223.26,196.43,219.46,205.92,216.23,215.74,212.8,201.75,212.93,204.19,230.27,200.92,229.39,194.83,191.1,218.74,183.89,211.4,185.64,186.69,209.28,179.31,180.92,183.32,187.44,189.31,198.52,188.36,186.35,184.45,185.12,190,203.64,203.96,191.04,243.31,233.99,230.97,230.89,241.25,225.86,224.9,221.24,220.97,218.02,212.97,207.88,215.63,213.24,214.26,214.53,214.37,214.01,226.78,208.83,204.42,204.45,204.85,205.01,204.46,201.1,217.24,202.59,182.41,198.4,204.2,24.183,199.95,199.58,176.71,177.33,183.89,184.22,184.26,189.11,192.57,210.09,210.98,213.74,261.34
121.35,191.59,0,52.325,69.927,97.669,86.676,106.02,59.641,88.406,89.271,88.749,104.43,89.949,62.76,86.149,72.178,71.559,70.75,70.474,59.836,71.189,63.746,86.787,72.877,85.912,80.863,71.887,106.77,76.876,99.577,84.121,85.431,99.988,89.491,95.367,97.762,57.501,55.64,52.361,56.071,55.394,61.483,83.684,0.319,74.432,70.213,58.945,80.473,89.56,86.535,86.454,80.061,92.549,91.584,87.929,87.659,84.704,79.654,76.976,84.721,79.922,69.236,69.545,69.704,70.527,83.297,96.862,92.452,92.632,94.642,95.723,96.706,107.13,123.27,108.62,97.154,76.837,70.426,70.679,59.506,57.661,88.352,87.506,84.621,82.966,82.746,75.138,64.522,68.354,68.649,70.262,98.498
99.142,188.43,52.325,0,70.467,93.482,99.248,91.866,61.538,72.734,73.599,74.596,90.276,75.796,68.598,71.996,63.879,68.175,67.684,77.186,70.058,79.081,72.492,85.987,75.902,86.172,76.635,70.154,102.33,68.436,94.993,70.985,72.119,87.498,66.598,68.208,70.603,59.398,61.478,64.757,64.64,51.317,54.403,47.805,50.73,58.76,61.914,61.97,94.693,85.373,82.348,82.267,92.633,78.396,77.431,73.776,73.506,70.551,65.501,61.304,69.049,65.769,66.397,66.479,66.32,69.727,82.497,92.422,88.012,88.048,88.45,83.233,82.25,84.922,101.06,86.412,72.258,70.027,63.544,67.519,68.252,67.883,63.999,64.613,69.985,69.654,69.61,70.91,67.547,76.246,75.361,70.522,112.72
88.416,213.82,69.927,70.467,0,111.88,117.65,109.11,72.797,89.092,89.957,91.842,107.52,93.042,79.638,89.242,77.137,86.009,85.518,87.456,92.84,88.171,96.012,101.42,77.652,101.07,68.335,64.878,92.238,57.396,84.899,59.945,61.079,81.793,55.507,58.146,60.541,70.657,72.518,87.485,70.242,62.213,66.084,65.407,68.332,73.422,75.172,70.43,113.09,103.77,100.75,100.67,111.03,95.642,94.677,91.022,90.752,87.797,82.747,77.662,85.407,83.015,84.045,84.313,84.154,85.155,97.925,82.328,77.918,77.954,78.356,77.528,76.405,74.196,90.336,75.686,59.635,75.541,77.702,92.903,91.772,90.665,53.937,53.522,58.945,58.614,58.57,62.61,69.297,85.336,85.631,85.42,131.12
136.13,242.1,97.669,93.482,111.88,0,33.784,13.144,105.54,95.367,96.232,9.932,13.28,10.628,108.66,11.472,83.304,55.217,54.408,63.683,101.14,65.578,105.05,72.484,82.417,72.669,90.932,81.427,116.31,93.897,109.12,101.14,102.45,111.21,106.2,112,114.39,103.4,101.54,93.662,93.107,91.076,96.554,95.099,96.074,83.089,81.339,77.583,28.492,8.966,7.756,2.243,28.492,7.756,8.142,9.604,9.712,10.894,12.914,83.937,91.682,85.297,52.894,53.203,53.362,56.224,68.994,106.4,101.99,102.17,104.18,106.94,110.86,121.91,138.05,123.4,118.65,101.54,112.35,121.19,100.81,98.962,104.98,104.21,101.64,99.987,99.767,85.207,74.062,62.743,61.858,57.019,42.912
141.89,247.87,86.676,99.248,117.65,33.784,0,35.588,101.42,76.558,77.423,29.164,35.86,30.556,111.98,32.244,74.887,46.649,46.158,61.826,106.9,64.311,110.81,66.871,88.183,67.586,96.698,87.193,122.08,99.663,114.88,106.91,108.22,116.97,111.96,117.92,120.32,99.279,104.86,99.428,98.873,96.842,91.391,88.006,85.081,67.672,72.922,83.276,7.926,7.926,9.136,24.812,1.323,24.812,25.584,28.508,28.724,31.088,35.128,65.128,72.873,61.048,45.061,44.953,44.794,50.611,63.381,112.17,107.76,107.94,109.95,112.71,116.63,127.67,143.81,129.16,124.67,107.31,118.11,126.95,106.57,104.73,110.91,109.98,107.41,105.75,105.53,90.973,79.828,61.476,60.001,51.936,15.136
133.32,239.33,106.02,91.866,109.11,13.144,35.588,0,108.79,118.76,119.63,3.782,5.456,4.13,109.62,4.552,99.142,90.02,89.211,93.661,99.521,94.376,103.43,109.97,96.123,109.1,104.64,95.133,130.02,106.41,122.82,113.52,114.74,111.34,103.59,109.07,111.47,106.65,102.5,92.046,91.491,89.46,101.65,101.5,104.42,104.79,97.177,85.909,30.296,9.868,8.658,8.658,30.296,2.694,2.887,3.618,3.672,4.263,5.273,107.33,115.08,111.41,94.824,88.006,88.165,93.714,106.48,120.11,115.7,115.88,117.89,107.07,108.06,119.1,135.24,120.59,114.62,108.3,110.47,118.42,99.191,97.346,102.06,101.6,112.89,112.27,112.14,98.913,87.768,91.541,91.836,93.449,44.716
123.25,189.58,59.641,61.538,72.797,105.54,101.42,108.79,0,85.713,86.578,91.518,107.2,92.718,78.603,88.918,70.695,80.257,80.084,78.947,67.22,79.662,70.392,95.26,78.119,94.385,82.084,74.402,109.29,78.097,102.09,85.342,86.652,103.11,90.421,95.244,97.639,0.428,71.483,61.646,61.313,51.535,72.071,55.121,58.046,70.043,68.73,62.188,95.216,97.596,94.571,94.328,94.804,95.318,94.353,90.698,90.428,87.473,82.423,74.283,82.028,83.763,79.034,78.879,78.402,79,91.77,99.377,94.967,95.147,97.157,98.843,99.826,109.03,125.17,110.52,95.49,76.726,68.416,68.669,66.152,65.045,89.154,88.436,85.842,84.187,83.967,76.359,69.764,76.827,77.122,78.735,113.24
121.68,219.31,88.406,72.734,89.092,95.367,76.558,118.76,85.713,0,1.647,101.49,117.17,102.69,88.832,98.893,82.579,73.457,72.648,77.098,80.317,77.813,84.227,93.411,79.56,92.536,88.075,78.57,113.46,89.844,106.26,97.089,98.399,99.692,91.943,97.428,99.823,83.573,81.712,72.842,72.509,71.832,79.617,83.886,86.811,94.738,80.614,69.346,70.355,87.258,84.233,84.152,69.943,105.29,104.33,100.67,100.4,97.448,92.398,2.286,0.737,91.594,78.261,71.443,71.602,77.151,89.921,103.55,99.135,99.315,101.33,95.427,96.41,107.46,123.59,108.94,103.24,91.741,92.563,98.397,79.987,78.142,90.413,89.958,97.589,95.934,95.714,82.35,71.205,74.978,75.273,76.886,88.38
122.54,220.18,89.271,73.599,89.957,96.232,77.423,119.63,86.578,1.647,0,102.36,118.04,103.56,89.697,99.758,83.444,74.322,73.513,77.963,81.182,78.678,85.092,94.276,80.425,93.401,88.94,79.435,114.32,90.709,107.13,97.954,99.264,100.56,92.808,98.293,100.69,84.438,82.577,73.707,73.374,72.697,80.482,84.751,87.676,95.603,81.479,70.211,71.22,88.123,85.098,85.017,70.808,106.16,105.19,101.54,101.27,98.313,93.263,2.459,0.91,92.459,79.126,72.308,72.467,78.016,90.786,104.41,100,100.18,102.19,96.292,97.275,108.32,124.46,109.81,104.11,92.606,93.428,99.262,80.852,79.007,91.278,90.823,98.454,96.799,96.579,83.215,72.07,75.843,76.138,77.751,89.245
116.05,222.06,88.749,74.596,91.842,9.932,29.164,3.782,91.518,101.49,102.36,0,3.464,0.676,92.348,1.098,81.872,72.75,71.941,76.391,82.251,77.106,86.161,92.704,78.853,91.829,87.368,77.863,112.75,89.137,105.55,96.247,97.469,94.067,86.318,91.803,94.198,89.378,85.228,74.776,74.221,72.19,84.384,84.229,87.154,87.519,79.907,68.639,23.872,6.656,5.446,5.446,23.872,1.088,0.895,0.164,0.218,0.809,1.819,90.063,97.808,94.143,77.554,70.736,70.895,76.444,89.214,102.84,98.428,98.608,100.62,89.802,90.785,101.83,117.97,103.32,97.346,91.034,93.195,101.15,81.921,80.076,84.788,84.333,95.624,95.004,94.872,81.643,70.498,74.271,74.566,76.179,38.292
131.73,237.74,104.43,90.276,107.52,13.28,35.86,5.456,107.2,117.17,118.04,3.464,0,3.812,108.03,4.234,97.552,88.43,87.621,92.071,97.931,92.786,101.84,108.38,94.533,107.51,103.05,93.543,128.43,104.82,121.23,111.93,113.15,109.75,102,107.48,109.88,105.06,100.91,90.456,89.901,87.87,100.06,99.909,102.83,103.2,95.587,84.319,30.568,10.004,8.794,8.794,30.568,2.762,2.569,3.3,3.354,3.945,4.955,105.74,113.49,109.82,93.234,86.416,86.575,92.124,104.89,118.52,114.11,114.29,116.3,105.48,106.47,117.51,133.65,119,113.03,106.71,108.88,116.83,97.601,95.756,100.47,100.01,111.3,110.68,110.55,97.323,86.178,89.951,90.246,91.859,44.988
117.25,223.26,89.949,75.796,93.042,10.628,30.556,4.13,92.718,102.69,103.56,0.676,3.812,0,93.548,1.338,83.072,73.95,73.141,77.591,83.451,78.306,87.361,93.904,80.053,93.029,88.568,79.063,113.95,90.337,106.75,97.447,98.669,95.267,87.518,93.003,95.398,90.578,86.428,75.976,75.421,73.39,85.584,85.429,88.354,88.719,81.107,69.839,25.264,7.352,6.142,6.142,25.264,1.436,1.243,0.512,0.458,1.049,2.059,91.263,99.008,95.343,78.754,71.936,72.095,77.644,90.414,104.04,99.628,99.808,101.82,91.002,91.985,103.03,119.17,104.52,98.546,92.234,94.395,102.35,83.121,81.276,85.988,85.533,96.824,96.204,96.072,82.843,71.698,75.471,75.766,77.379,39.684
122.62,196.42,62.76,68.598,79.638,108.66,111.98,109.62,78.603,88.832,89.697,92.348,108.03,93.548,0,89.748,76.877,83.376,83.203,89.51,74.061,90.225,77.233,101.74,85.179,101.93,88.925,81.243,116.13,84.696,108.93,91.941,93.251,106.73,90.077,91.687,94.082,76.463,1.424,72.209,68.373,58.376,71.468,58.24,61.165,73.162,74.912,69.029,105.78,100.72,97.69,97.447,105.37,96.148,95.183,91.528,91.258,88.303,83.253,77.402,85.147,84.057,82.153,81.998,81.521,85.483,98.253,106.22,101.81,101.99,104,102.47,105.24,108.4,124.54,109.89,95.737,80.462,73.979,75.51,72.993,71.886,87.478,88.092,92.434,90.786,90.566,83.2,76.824,87.39,87.685,86.278,123.8
113.45,219.46,86.149,71.996,89.242,11.472,32.244,4.552,88.918,98.893,99.758,1.098,4.234,1.338,89.748,0,79.272,70.15,69.341,73.791,79.651,74.506,83.561,90.104,76.253,89.229,84.768,75.263,110.15,86.537,102.95,93.647,94.869,91.467,83.718,89.203,91.598,86.778,82.628,72.176,71.621,69.59,81.784,81.629,84.554,84.919,77.307,66.039,26.952,8.196,6.986,6.986,26.952,1.858,1.665,0.934,0.88,0.289,1.299,87.463,95.208,91.543,74.954,68.136,68.295,73.844,86.614,100.24,95.828,96.008,98.018,87.202,88.185,99.23,115.37,100.72,94.746,88.434,90.595,98.547,79.321,77.476,82.188,81.733,93.024,92.404,92.272,79.043,67.898,71.671,71.966,73.579,41.372
104.88,205.92,72.178,63.879,77.137,83.304,74.887,99.142,70.695,82.579,83.444,81.872,97.552,83.072,76.877,79.272,0,60.648,60.157,72.035,71.462,72.75,74.732,84.418,74.497,84.603,81.807,73.507,107.99,81.296,100.72,87.122,88.344,92.825,84.649,87.127,89.522,68.555,69.757,63.987,63.654,65.073,64.177,69.608,70.583,70.301,0.393,64.283,68.684,75.195,72.17,72.089,68.272,85.672,84.707,81.052,80.782,77.827,72.777,71.149,78.894,73.045,64.828,58.952,58.793,68.158,80.928,98.076,93.666,93.774,94.98,88.56,89.543,90.663,106.8,92.153,86.926,83.178,81.11,85.01,70.492,69.287,82.918,82.664,86.872,85.879,85.747,76.082,66.142,69.915,70.21,68.953,86.709
108.39,216.23,71.559,68.175,86.009,55.217,46.649,90.02,80.257,73.457,74.322,72.75,88.43,73.95,83.376,70.15,60.648,0,73.875,62.679,75.83,63.394,79.74,78.992,65.141,78.117,73.656,64.151,99.036,76.621,91.841,82.975,84.197,86.41,78.661,84.146,86.541,78.117,76.256,68.355,67.8,64.981,71.268,68.989,69.964,61.179,58.683,54.927,41.27,47.108,44.083,44.002,40.034,76.55,75.585,71.93,71.66,68.705,63.655,62.027,69.772,71.986,71.743,72.67,0.371,62.732,75.502,89.126,84.716,84.896,86.906,82.145,83.128,94.173,110.31,95.663,88.58,81.561,87.384,95.314,75.5,73.655,77.131,76.676,82.725,81.732,81.6,67.931,56.786,60.559,60.854,62.467,59.295
107.9,215.74,70.75,67.684,85.518,54.408,46.158,89.211,80.084,72.648,73.513,71.941,87.621,73.141,83.203,69.341,60.157,73.875,0,62.188,75.339,62.903,79.249,78.501,64.65,77.626,73.165,63.66,98.545,76.13,91.35,82.166,83.388,85.899,78.17,83.655,86.05,77.944,76.083,67.864,67.309,64.172,71.095,68.18,69.155,60.37,58.192,54.436,40.779,46.299,43.274,43.193,39.543,75.741,74.776,71.121,70.851,67.896,62.846,61.218,68.963,70.859,71.57,0.241,72.02,62.241,75.011,88.635,84.225,84.405,86.415,81.634,82.637,93.682,109.82,95.172,87.771,81.07,87.211,94.823,75.009,73.164,76.64,76.185,81.916,80.923,80.791,67.44,56.295,60.068,60.363,61.976,58.804
97.008,212.8,70.474,77.186,87.456,63.683,61.826,93.661,78.947,77.098,77.963,76.391,92.071,77.591,89.51,73.791,72.035,62.679,62.188,0,83.281,89.627,86.453,98.303,83.828,98.488,90.021,82.028,107.6,87.708,100.26,87.307,88.441,91.463,81.496,80.401,82.796,76.807,82.39,77.366,76.811,73.447,71.812,69.854,68.879,64.82,70.07,69.896,56.447,55.574,52.549,52.468,55.211,80.191,79.226,75.571,75.301,72.346,67.296,65.668,73.413,67.564,78.713,60.983,60.824,82.043,94.813,97.691,93.281,93.317,93.719,87.198,84.997,82.788,98.928,84.278,79.051,84.518,90.431,91.888,82.213,81.106,81.003,79.511,86.307,85.976,85.932,84.296,75.473,86.792,0.365,82.838,74.472
100.22,201.75,59.836,70.058,92.84,101.14,106.9,99.521,67.22,80.317,81.182,82.251,97.931,83.451,74.061,79.651,71.462,75.83,75.339,83.281,0,84.586,103.72,93.642,80.235,93.827,77.723,72.754,102.17,67.323,94.826,69.872,71.006,88.577,67.677,69.287,71.682,65.08,66.941,97.412,69.833,56.636,60.507,55.316,58.241,66.343,69.497,67.289,102.35,93.028,90.003,89.922,100.29,86.051,85.086,81.431,81.161,78.206,73.156,68.887,76.632,73.424,74.052,74.134,73.975,77.382,90.152,92.255,87.845,87.881,88.283,84.312,83.329,86.001,102.14,87.491,72.753,75.132,77.293,80.84,99.485,0.435,65.078,65.692,68.872,68.541,68.497,71.998,71.88,81.751,81.456,78.177,120.37
96.543,212.93,71.189,79.081,88.171,65.578,64.311,94.376,79.662,77.813,78.678,77.106,92.786,78.306,90.225,74.506,72.75,63.394,62.903,89.627,84.586,0,87.758,98.428,85.723,98.613,91.326,83.333,108.32,88.423,100.98,88.022,89.156,91.613,81.621,79.936,82.331,77.522,83.105,79.231,78.706,75.342,72.527,70.569,69.594,65.535,70.785,71.791,58.932,57.469,54.444,54.363,57.696,80.906,79.941,76.286,76.016,73.061,68.011,66.383,74.128,68.279,78.838,61.698,61.539,82.168,94.938,98.406,93.996,94.032,94.434,87.348,84.532,82.323,98.463,83.813,78.586,84.643,89.966,92.013,83.518,82.411,81.128,79.636,87.022,86.691,86.647,85.601,77.368,0.567,87.802,82.963,76.957
101.92,204.19,63.746,72.492,96.012,105.05,110.81,103.43,70.392,84.227,85.092,86.161,101.84,87.361,77.233,83.561,74.732,79.74,79.249,86.453,103.72,87.758,0,97.552,82.669,97.737,79.22,74.45,103.12,68.281,95.784,70.83,71.964,90.273,69.373,70.983,73.378,68.252,70.113,98.37,72.267,59.808,63.679,59.226,62.151,70.253,72.767,70.461,106.26,96.938,93.913,93.832,104.2,89.961,88.996,85.341,85.071,82.116,77.066,72.797,80.542,77.334,77.962,78.044,77.885,81.292,94.062,93.213,88.803,88.839,89.241,86.008,85.025,87.697,103.84,89.187,73.711,77.566,79.727,83.274,0.848,101.55,66.774,67.388,69.83,69.499,69.455,73.495,74.314,84.923,84.628,82.087,124.28
120.83,230.27,86.787,85.987,101.41,72.484,66.871,109.97,95.26,93.411,94.276,92.704,108.38,93.904,101.74,90.104,84.418,78.992,78.501,98.303,93.642,98.428,97.552,0,92.629,116.97,101.14,91.639,123.91,102.07,116.58,103.62,104.75,106.79,99.04,101.75,104.15,93.12,94.623,86.167,85.612,82.248,87.426,85.395,85.192,81.133,82.453,78.697,61.492,64.375,61.35,61.269,60.256,96.504,95.539,91.884,91.614,88.659,83.609,81.981,89.726,83.877,98.782,77.296,77.137,3.252,0.698,114,109.59,109.63,110.03,102.52,103.51,106.61,122.75,108.1,102.88,102.1,105.98,109.35,93.312,91.467,97.51,97.055,102.62,102.29,102.24,95.419,84.274,95.593,96.478,101.32,79.517
83.198,200.92,72.877,75.902,77.652,82.417,88.183,96.123,78.119,79.56,80.425,78.853,94.533,80.053,85.179,76.253,74.497,65.141,64.65,83.828,80.235,85.723,82.669,92.629,0,92.814,96.021,102.35,99.21,85.082,91.727,77.723,78.769,78.401,68.686,66.591,68.986,75.979,78.059,75.866,75.855,80.842,70.984,70.307,71.282,67.282,72.532,82.151,83.317,74.308,71.283,71.202,81.568,82.653,81.688,78.033,77.763,74.808,69.758,68.13,75.875,70.026,73.039,63.445,63.286,76.369,89.139,89.3,84.89,84.782,83.576,74.136,71.187,68.978,85.118,70.468,65.241,73.591,76.621,80.009,78.429,78.06,67.994,66.701,75.973,76.304,76.348,90.296,1.671,82.888,82.003,77.164,101.34
118.9,229.39,85.912,86.172,101.07,72.669,67.586,109.1,94.385,92.536,93.401,91.829,107.51,93.029,101.93,89.229,84.603,78.117,77.626,98.488,93.827,98.613,97.737,116.97,92.814,0,101.33,91.824,123.04,101.72,115.7,102.75,103.88,106.44,98.4,100.88,103.27,92.245,94.808,86.352,85.797,82.433,87.081,85.05,84.317,80.258,82.638,78.882,62.207,64.56,61.535,61.454,60.971,95.629,94.664,91.009,90.739,87.784,82.734,81.106,88.851,83.002,97.377,76.421,76.262,100.71,113.48,113.13,108.72,108.75,109.16,102.18,103.16,104.68,120.82,106.17,100.94,101.22,105.64,108.48,93.497,91.652,96.669,96.415,101.74,101.41,101.37,95.604,84.459,95.778,96.663,3.13,80.232
72.447,194.83,80.863,76.635,68.335,90.932,96.698,104.64,82.084,88.075,88.94,87.368,103.05,88.568,88.925,84.768,81.807,73.656,73.165,90.021,77.723,91.326,79.22,101.14,96.021,101.33,0,83.247,86.947,80.301,79.464,68.578,69.536,67.65,56.423,55.84,58.235,79.944,81.805,76.599,76.71,79.935,76.099,76.343,79.268,75.797,79.842,81.75,91.832,82.823,79.798,79.717,90.083,91.168,90.203,86.548,86.278,83.323,78.273,76.645,84.39,78.541,81.554,71.96,71.801,84.884,97.654,77.037,72.627,72.519,71.313,63.385,60.436,58.227,74.367,59.717,54.49,65.786,71.762,73.918,74.98,75.548,57.243,54.438,66.078,67.071,67.203,1.145,87.666,88.491,88.196,85.679,109.86
67.478,191.1,71.887,70.154,64.878,81.427,87.193,95.133,74.402,78.57,79.435,77.863,93.543,79.063,81.243,75.263,73.507,64.151,63.66,82.028,72.754,83.333,74.45,91.639,102.35,91.824,83.247,0,83.49,72.308,76.007,63.609,64.567,62.681,52.966,50.871,53.266,72.262,74.123,70.118,70.229,73.96,68.106,68.588,70.292,66.292,71.542,75.269,82.327,73.318,70.293,70.212,80.578,81.663,80.698,77.043,76.773,73.818,68.768,67.14,74.885,69.036,72.049,62.455,62.296,75.379,88.149,73.58,69.17,69.062,67.856,58.416,55.467,53.258,69.398,54.748,49.521,60.817,66.793,70.181,70.21,70.579,52.274,50.981,61.109,62.102,62.234,77.522,93.998,80.498,80.203,76.174,100.35
85.911,218.74,106.77,102.33,92.238,116.31,122.08,130.02,109.29,113.46,114.32,112.75,128.43,113.95,116.13,110.15,107.99,99.036,98.545,107.6,102.16,108.32,103.12,123.91,99.21,123.04,86.947,83.49,0,76.008,102.67,74.234,75.192,81.114,70.947,69.304,71.699,107.15,109.01,102.3,102.41,105.53,102.99,103.47,105.18,101.18,106.02,99.993,117.21,108.2,105.18,105.1,115.46,116.55,115.58,111.93,111.66,108.7,103.65,102.03,109.77,103.92,106.93,97.34,97.181,107.65,120.42,1.982,2.864,95.721,94.515,76.849,73.9,71.691,87.831,73.181,67.954,78.193,88.836,97.821,98.883,99.99,70.707,68.962,71.734,72.727,72.859,81.222,90.855,105.48,105.78,107.39,135.24
64.984,183.89,76.876,68.436,57.396,93.897,99.663,106.41,78.097,89.844,90.709,89.137,104.82,90.337,84.696,86.537,81.296,76.621,76.13,87.708,67.323,88.423,68.281,102.07,85.082,101.72,80.301,72.308,76.008,0,68.525,61.115,62.073,60.187,45.484,48.377,50.772,75.957,77.576,68.328,68.661,70.286,71.737,72.356,75.281,77.566,79.331,77.763,94.797,85.788,82.763,82.682,93.048,92.937,91.972,88.317,88.047,85.092,80.042,78.414,86.159,80.31,84.519,74.925,74.766,85.807,98.577,66.098,61.688,61.58,60.374,55.922,52.973,50.764,66.904,52.254,47.027,58.323,64.299,62.979,64.041,65.148,49.78,43.499,58.615,59.608,59.74,74.576,76.727,85.588,85.883,86.072,112.82
78.572,211.4,99.577,94.993,84.899,109.12,114.88,122.82,102.09,106.26,107.13,105.55,121.23,106.75,108.93,102.95,100.72,91.841,91.35,100.26,94.826,100.98,95.784,116.58,91.727,115.7,79.464,76.007,102.67,68.525,0,66.751,67.709,73.775,63.536,61.965,64.36,99.952,101.81,94.957,95.068,98.195,95.796,96.278,97.982,93.982,98.754,92.582,110.02,101.01,97.983,97.902,108.27,109.35,108.39,104.73,104.46,101.51,96.458,94.83,102.58,96.726,99.739,90.145,89.986,100.31,113.09,92.756,88.346,1.389,87.248,69.51,66.561,64.352,80.492,65.842,60.615,70.71,81.425,90.482,91.544,92.651,63.368,61.551,64.251,65.244,65.376,73.739,83.372,98.142,98.437,100.05,128.04
67.533,185.64,84.121,70.985,59.945,101.14,106.91,113.52,85.342,97.089,97.954,96.247,111.93,97.447,91.941,93.647,87.122,82.975,82.166,87.307,69.872,88.022,70.83,103.62,77.723,102.75,68.578,63.609,74.234,61.115,66.751,0,66.97,61.706,48.033,50.926,53.321,83.202,84.821,70.877,71.21,73.241,78.982,79.601,82.526,84.811,85.157,74.945,102.04,93.033,90.008,89.927,100.29,100.05,99.082,95.427,95.157,92.202,87.152,85.659,93.404,86.725,88.47,80.961,81.12,87.36,100.13,64.324,59.914,59.806,58.6,57.441,55.522,53.313,69.453,54.803,49.576,60.872,66.848,64.725,66.59,67.697,52.329,46.048,63.512,64.505,0.275,62.853,69.368,85.187,85.482,87.095,120.07
68.667,186.69,85.431,72.119,61.079,102.45,108.22,114.74,86.652,98.399,99.264,97.469,113.15,98.669,93.251,94.869,88.344,84.197,83.388,88.441,71.006,89.156,71.964,104.75,78.769,103.88,69.536,64.567,75.192,62.073,67.709,66.97,0,62.752,49.167,52.06,54.455,84.512,86.131,72.011,72.344,74.375,80.292,80.911,83.836,86.121,86.379,75.991,103.35,94.343,91.318,91.237,101.6,101.27,100.3,96.649,96.379,93.424,88.374,86.969,94.714,87.859,89.604,82.183,82.342,88.494,101.26,65.282,60.872,60.764,59.558,58.487,56.656,54.447,70.587,55.937,50.71,61.972,67.982,65.771,67.724,68.831,53.463,47.182,64.734,0.493,65.595,63.811,70.414,86.321,86.616,88.229,121.38
77.95,209.28,99.988,87.498,81.793,111.21,116.97,111.34,103.11,99.692,100.56,94.067,109.75,95.267,106.73,91.467,92.825,86.41,85.899,91.463,88.577,91.613,90.273,106.79,78.401,106.44,67.65,62.681,81.114,60.187,73.775,61.706,62.752,0,61.006,60.823,63.218,100.97,99.614,87.462,87.573,88.25,96.54,95.863,98.393,89.11,90.86,79.341,112.11,103.1,100.07,99.992,110.36,97.867,96.902,93.247,92.977,90.022,84.972,88.262,96.007,84.168,89.419,84.694,84.555,90.529,103.3,71.204,66.794,66.83,67.232,0.853,65.939,63.73,79.87,65.22,59.993,64.187,74.992,88.362,86.033,86.402,59.42,59.021,59.956,60.287,60.331,61.925,70.046,88.778,89.638,90.794,130.13
69.77,179.31,89.491,66.598,55.507,106.2,111.96,103.59,90.421,91.943,92.808,86.318,102,87.518,90.077,83.718,84.649,78.661,78.17,81.496,67.677,81.621,69.373,99.04,68.686,98.4,56.423,52.966,70.947,45.484,63.536,48.033,49.167,61.006,0,45.689,48.084,88.281,82.957,66.562,66.673,67.35,83.41,83.412,87.896,81.361,82.684,66.398,107.41,98.089,95.064,94.983,105.35,90.118,89.153,85.498,85.228,82.273,77.223,80.513,88.258,76.419,81.67,76.965,76.806,82.78,95.55,61.037,56.627,56.591,56.189,56.741,56.143,55.55,71.69,57.04,44.339,47.013,53.874,58.397,65.133,65.502,55.333,0.397,55.156,46.702,46.658,50.698,60.331,78.786,79.671,82.75,125.43
77.169,180.92,95.367,68.208,58.146,112,117.92,109.07,95.244,97.428,98.293,91.803,107.48,93.003,91.687,89.203,87.127,84.146,83.655,80.401,69.287,79.936,70.983,101.75,66.591,100.88,55.84,50.871,69.304,48.377,61.965,50.926,52.06,60.823,45.689,0,0.479,93.104,84.567,68.172,68.283,68.96,88.908,88.897,93.772,86.846,85.162,67.308,113.37,104.05,101.02,100.78,111.31,95.603,94.638,90.983,90.713,87.758,82.708,85.998,93.743,81.904,86.603,82.45,82.291,85.493,98.263,59.394,54.984,55.02,55.422,56.558,59.994,62.949,79.089,64.439,59.212,52.964,62.83,60.007,66.743,67.112,59.053,43.704,49.926,49.595,49.551,50.115,58.236,77.101,78.576,85.228,131.39
79.564,183.32,97.762,70.603,60.541,114.39,120.32,111.47,97.639,99.823,100.69,94.198,109.88,95.398,94.082,91.598,89.522,86.541,86.05,82.796,71.682,82.331,73.378,104.15,68.986,103.27,58.235,53.266,71.699,50.772,64.36,53.321,54.455,63.218,48.084,0.479,0,95.499,86.962,70.567,70.678,71.355,91.303,91.292,96.167,89.241,87.557,69.703,115.76,106.44,103.42,103.18,113.7,97.998,97.033,93.378,93.108,90.153,85.103,88.393,96.138,84.299,88.998,84.845,84.686,87.888,100.66,61.789,57.379,57.415,57.817,58.953,62.389,65.344,81.484,66.834,61.607,55.359,65.225,62.402,69.138,69.507,61.448,46.099,52.321,51.99,51.946,52.51,60.631,79.496,80.971,87.623,133.79
121.11,187.44,57.501,59.398,70.657,103.4,99.279,106.65,0.428,83.573,84.438,89.378,105.06,90.578,76.463,86.778,68.555,78.117,77.944,76.807,65.08,77.522,68.252,93.12,75.979,92.245,79.944,72.262,107.15,75.957,99.952,83.202,84.512,100.97,88.281,93.104,95.499,0,69.343,59.506,59.173,49.395,69.931,52.981,55.906,67.903,66.59,60.048,93.076,95.456,92.431,92.188,92.664,93.178,92.213,88.558,88.288,85.333,80.283,72.143,79.888,81.623,76.894,76.739,76.262,76.86,89.63,97.237,92.827,93.007,95.017,96.703,97.686,106.89,123.03,108.38,93.35,74.586,66.276,66.529,64.012,62.905,87.014,86.296,83.702,82.047,81.827,74.219,67.624,74.687,74.982,76.595,111.1
115.5,189.31,55.64,61.478,72.518,101.54,104.86,102.5,71.483,81.712,82.577,85.228,100.91,86.428,1.424,82.628,69.757,76.256,76.083,82.39,66.941,83.105,70.113,94.623,78.059,94.808,81.805,74.123,109.01,77.576,101.81,84.821,86.131,99.614,82.957,84.567,86.962,69.343,0,65.089,61.253,51.256,64.348,51.12,54.045,66.042,67.792,61.909,98.659,93.595,90.57,90.327,98.247,89.028,88.063,84.408,84.138,81.183,76.133,70.282,78.027,76.937,75.033,74.878,74.401,78.363,91.133,99.098,94.688,94.868,96.878,95.349,98.118,101.28,117.42,102.77,88.617,73.342,66.859,68.39,65.873,64.766,80.358,80.972,85.314,83.666,83.446,76.08,69.704,80.27,80.565,79.158,116.68
99.106,198.52,52.361,64.757,87.485,93.662,99.428,92.046,61.646,72.842,73.707,74.776,90.456,75.976,72.209,72.176,63.987,68.355,67.864,77.366,97.412,79.231,98.37,86.167,75.866,86.352,76.599,70.118,102.3,68.328,94.957,70.877,72.011,87.462,66.562,68.172,70.567,59.506,65.089,0,64.532,51.281,54.511,47.841,50.766,58.868,62.022,61.934,94.873,85.553,82.528,82.447,92.813,78.576,77.611,73.956,73.686,70.731,65.681,61.412,69.157,65.949,66.577,66.659,66.5,69.907,82.677,92.386,87.976,88.012,88.414,83.197,82.214,84.886,101.03,86.376,72.222,71.897,74.058,77.605,94.13,95.237,63.963,64.577,69.877,69.546,69.502,70.874,67.511,76.396,75.541,70.702,112.9
99.217,188.36,56.071,64.64,70.242,93.107,98.873,91.491,61.313,72.509,73.374,74.221,89.901,75.421,68.373,71.621,63.654,67.8,67.309,76.811,69.833,78.706,72.267,85.612,75.855,85.797,76.71,70.229,102.41,68.661,95.068,71.21,72.344,87.573,66.673,68.283,70.678,59.173,61.253,64.532,0,58.567,54.178,53.501,54.476,58.535,61.689,61.923,94.318,84.998,81.973,81.892,92.258,78.021,77.056,73.401,73.131,70.176,65.126,61.079,68.824,65.394,66.022,66.104,65.945,69.352,82.122,92.497,88.087,88.123,88.525,83.308,82.325,84.997,101.14,86.487,72.333,69.952,63.469,67.444,68.027,67.658,64.074,64.688,70.21,69.879,69.835,70.985,67.5,75.871,74.986,70.147,112.34
99.188,186.35,55.394,51.317,62.213,91.076,96.842,89.46,51.535,71.832,72.697,72.19,87.87,73.39,58.376,69.59,65.073,64.981,64.172,73.447,56.636,75.342,59.808,82.248,80.842,82.433,79.935,73.96,105.53,70.286,98.195,73.241,74.375,88.25,67.35,68.96,71.355,49.395,51.256,51.281,58.567,0,53.501,52.824,53.799,57.858,63.108,68.562,92.287,82.967,79.942,79.861,90.227,75.99,75.025,71.37,71.1,68.145,63.095,60.402,68.147,63.363,62.658,62.967,63.126,65.988,78.758,95.624,91.214,91.25,91.652,83.985,83.002,84.968,101.11,86.458,73.01,67.943,61.46,65.435,55.568,54.461,64.751,65.365,72.241,71.91,71.866,74.21,72.487,72.507,71.622,66.783,110.31
115.82,184.45,61.483,54.403,66.084,96.554,91.391,101.65,72.071,79.617,80.482,84.384,100.06,85.584,71.468,81.784,64.177,71.268,71.095,71.812,60.507,72.527,63.679,87.426,70.984,87.081,76.099,68.106,102.99,71.737,95.796,78.982,80.292,96.54,83.41,88.908,91.303,69.931,64.348,54.511,54.178,53.501,0,61.821,59.888,63.947,62.212,57.052,85.188,88.607,85.582,85.339,84.776,88.184,87.219,83.564,83.294,80.339,75.289,68.187,75.932,76.093,70.03,69.89,69.413,71.166,83.936,93.081,88.671,88.851,90.861,92.275,93.308,101.6,117.74,103.09,90.033,70.208,63.279,63.532,59.439,58.332,82.596,81.425,79.482,77.827,77.607,70.374,62.629,69.692,69.987,71.431,103.21
115.4,185.12,83.684,47.805,65.407,95.099,88.006,101.5,55.121,83.886,84.751,84.229,99.909,85.429,58.24,81.629,69.608,68.989,68.18,69.854,55.316,70.569,59.226,85.395,70.307,85.05,76.343,68.588,103.47,72.356,96.278,79.601,80.911,95.863,83.412,88.897,91.292,52.981,51.12,47.841,53.501,52.824,61.821,0,82.089,69.912,67.643,56.375,81.803,86.99,83.965,83.884,81.391,88.029,87.064,83.409,83.139,80.184,75.134,72.456,80.201,75.402,66.666,66.975,67.134,69.135,81.905,93.563,89.153,89.333,91.343,91.598,92.704,101.18,117.32,102.67,90.684,70.885,63.956,64.209,54.986,53.141,81.882,81.427,80.101,78.446,78.226,70.618,61.952,67.734,68.029,69.4,99.828
119.75,190,0.319,50.73,68.332,96.074,85.081,104.42,58.046,86.811,87.676,87.154,102.83,88.354,61.165,84.554,70.583,69.964,69.155,68.879,58.241,69.594,62.151,85.192,71.282,84.317,79.268,70.292,105.18,75.281,97.982,82.526,83.836,98.393,87.896,93.772,96.167,55.906,54.045,50.766,54.476,53.799,59.888,82.089,0,72.837,68.618,57.35,78.878,87.965,84.94,84.859,78.466,90.954,89.989,86.334,86.064,83.109,78.059,75.381,83.126,78.327,67.641,67.95,68.109,68.932,81.702,95.267,90.857,91.037,93.047,94.128,95.111,105.54,121.67,107.03,95.559,75.242,68.831,69.084,57.911,56.066,86.757,85.911,83.026,81.371,81.151,73.543,62.927,66.759,67.054,68.667,96.903
110.5,203.64,74.432,58.76,73.422,83.089,67.672,104.79,70.043,94.738,95.603,87.519,103.2,88.719,73.162,84.919,70.301,61.179,60.37,64.82,66.343,65.535,70.253,81.133,67.282,80.258,75.797,66.292,101.18,77.566,93.982,84.811,86.121,89.11,81.361,86.846,89.241,67.903,66.042,58.868,58.535,57.858,63.947,69.912,72.837,0,68.336,57.068,61.469,74.98,71.955,71.874,61.057,91.319,90.354,86.699,86.429,83.474,78.424,83.308,91.053,77.62,65.983,59.165,59.324,64.873,77.643,91.267,86.857,87.037,89.047,84.845,85.828,96.28,112.42,97.77,90.962,79.463,78.246,82.727,66.013,64.168,79.831,79.376,85.311,83.656,83.436,70.072,58.927,62.7,62.995,64.608,79.494
102.92,203.96,70.213,61.914,75.172,81.339,72.922,97.177,68.73,80.614,81.479,79.907,95.587,81.107,74.912,77.307,0.393,58.683,58.192,70.07,69.497,70.785,72.767,82.453,72.532,82.638,79.842,71.542,106.02,79.331,98.754,85.157,86.379,90.86,82.684,85.162,87.557,66.59,67.792,62.022,61.689,63.108,62.212,67.643,68.618,68.336,0,62.318,66.719,73.23,70.205,70.124,66.307,83.707,82.742,79.087,78.817,75.862,70.812,69.184,76.929,71.08,62.863,56.987,56.828,66.193,78.963,96.111,91.701,91.809,93.015,86.595,87.578,88.698,104.84,90.188,84.961,81.213,79.145,83.045,68.527,67.322,80.953,80.699,84.907,83.914,83.782,74.117,64.177,67.95,68.245,66.988,84.744
84.138,191.04,58.945,61.97,70.43,77.583,83.276,85.909,62.188,69.346,70.211,68.639,84.319,69.839,69.029,66.039,64.283,54.927,54.436,69.896,67.289,71.791,70.461,78.697,82.151,78.882,81.75,75.269,99.993,77.763,92.582,74.945,75.991,79.341,66.398,67.308,69.703,60.048,61.909,61.934,61.923,68.562,57.052,56.375,57.35,57.068,62.318,0,77.897,69.474,66.449,66.368,76.661,72.439,71.474,67.819,67.549,64.594,59.544,57.916,65.661,59.812,59.107,53.231,53.072,62.437,75.207,90.083,85.673,85.637,84.516,75.076,72.127,69.918,86.058,71.408,66.181,67.964,69.794,70.125,66.221,65.114,63.905,64.413,73.195,73.526,73.57,76.025,73.796,68.956,68.071,63.232,95.922
137.34,243.31,80.473,94.693,113.09,28.492,7.926,30.296,95.216,70.355,71.22,23.872,30.568,25.264,105.78,26.952,68.684,41.27,40.779,56.447,102.35,58.932,106.26,61.492,83.317,62.207,91.832,82.327,117.21,94.797,110.02,102.04,103.35,112.11,107.41,113.37,115.76,93.076,98.659,94.873,94.318,92.287,85.188,81.803,78.878,61.469,66.719,77.897,0,5.28,6.49,19.52,5.28,19.52,20.292,23.216,23.432,25.796,29.836,58.925,66.67,54.845,39.682,39.574,39.415,45.232,58.002,107.3,102.89,103.07,105.08,107.84,112.07,123.12,139.26,124.61,120.12,102.44,113.25,122.4,102.02,100.17,106.35,105.42,102.54,100.89,100.67,86.107,74.962,56.097,54.622,46.557,3.605
128.02,233.99,89.56,85.373,103.77,8.966,7.926,9.868,97.596,87.258,88.123,6.656,10.004,7.352,100.72,8.196,75.195,47.108,46.299,55.574,93.028,57.469,96.938,64.375,74.308,64.56,82.823,73.318,108.2,85.788,101.01,93.033,94.343,103.1,98.089,104.05,106.44,95.456,93.595,85.553,84.998,82.967,88.607,86.99,87.965,74.98,73.23,69.474,5.28,0,0.605,4.48,5.28,4.48,4.866,6.328,6.436,7.618,9.638,75.828,83.573,77.188,44.785,45.094,45.253,48.115,60.885,98.293,93.883,94.063,96.073,98.833,102.76,113.8,129.94,115.29,110.8,93.433,104.24,113.08,92.698,90.853,97.034,96.104,93.533,91.878,91.658,77.098,65.953,54.634,53.749,48.91,12.49
125,230.97,86.535,82.348,100.75,7.756,9.136,8.658,94.571,84.233,85.098,5.446,8.794,6.142,97.69,6.986,72.17,44.083,43.274,52.549,90.003,54.444,93.913,61.35,71.283,61.535,79.798,70.293,105.18,82.763,97.983,90.008,91.318,100.07,95.064,101.02,103.42,92.431,90.57,82.528,81.973,79.942,85.582,83.965,84.94,71.955,70.205,66.449,6.49,0.605,0,3.27,6.49,3.27,3.656,5.118,5.226,6.408,8.428,72.803,80.548,74.163,41.76,42.069,42.228,45.09,57.86,95.268,90.858,91.038,93.048,95.808,99.73,110.78,126.91,112.27,107.77,90.408,101.21,110.05,89.673,87.828,94.009,93.079,90.508,88.853,88.633,74.073,62.928,51.609,50.724,45.885,13.7
124.91,230.89,86.454,82.267,100.67,2.243,24.812,8.658,94.328,84.152,85.017,5.446,8.794,6.142,97.447,6.986,72.089,44.002,43.193,52.468,89.922,54.363,93.832,61.269,71.202,61.454,79.717,70.212,105.1,82.682,97.902,89.927,91.237,99.992,94.983,100.78,103.18,92.188,90.327,82.447,81.892,79.861,85.339,83.884,84.859,71.874,70.124,66.368,19.52,4.48,3.27,0,19.52,3.27,3.656,5.118,5.226,6.408,8.428,72.722,80.467,74.082,41.679,41.988,42.147,45.009,57.779,95.187,90.777,90.957,92.967,95.727,99.649,110.69,126.83,112.18,107.43,90.327,101.13,109.97,89.592,87.747,93.766,92.998,90.427,88.772,88.552,73.992,62.847,51.528,50.643,45.804,33.94
135.28,241.25,80.061,92.633,111.03,28.492,1.323,30.296,94.804,69.943,70.808,23.872,30.568,25.264,105.37,26.952,68.272,40.034,39.543,55.211,100.29,57.696,104.2,60.256,81.568,60.971,90.083,80.578,115.46,93.048,108.27,100.29,101.6,110.36,105.35,111.31,113.7,92.664,98.247,92.813,92.258,90.227,84.776,81.391,78.466,61.057,66.307,76.661,5.28,5.28,6.49,19.52,0,19.52,20.292,23.216,23.432,25.796,29.836,58.513,66.258,54.433,38.446,38.338,38.179,43.996,56.766,105.55,101.14,101.32,103.33,106.09,110.02,121.06,137.2,122.55,118.06,100.69,111.5,120.34,99.958,98.113,104.29,103.36,100.79,99.138,98.918,84.358,73.213,54.861,53.386,45.321,12.49
119.85,225.86,92.549,78.396,95.642,7.756,24.812,2.694,95.318,105.29,106.16,1.088,2.762,1.436,96.148,1.858,85.672,76.55,75.741,80.191,86.051,80.906,89.961,96.504,82.653,95.629,91.168,81.663,116.55,92.937,109.35,100.05,101.27,97.867,90.118,95.603,97.998,93.178,89.028,78.576,78.021,75.99,88.184,88.029,90.954,91.319,83.707,72.439,19.52,4.48,3.27,3.27,19.52,0,0.193,0.924,0.978,1.569,2.579,93.863,101.61,97.943,81.354,74.536,74.695,80.244,93.014,106.64,102.23,102.41,104.42,93.602,94.585,105.63,121.77,107.12,101.15,94.834,96.995,104.95,85.721,83.876,88.588,88.133,99.424,98.804,98.672,85.443,74.298,78.071,78.366,79.979,33.94
118.88,224.9,91.584,77.431,94.677,8.142,25.584,2.887,94.353,104.33,105.19,0.895,2.569,1.243,95.183,1.665,84.707,75.585,74.776,79.226,85.086,79.941,88.996,95.539,81.688,94.664,90.203,80.698,115.58,91.972,108.39,99.082,100.3,96.902,89.153,94.638,97.033,92.213,88.063,77.611,77.056,75.025,87.219,87.064,89.989,90.354,82.742,71.474,20.292,4.866,3.656,3.656,20.292,0.193,0,0.731,0.785,1.376,2.386,92.898,100.64,96.978,80.389,73.571,73.73,79.279,92.049,105.67,101.26,101.44,103.45,92.637,93.62,104.66,120.8,106.15,100.18,93.869,96.03,103.98,84.756,82.911,87.623,87.168,98.459,97.839,97.707,84.478,73.333,77.106,77.401,79.014,34.712
115.23,221.24,87.929,73.776,91.022,9.604,28.508,3.618,90.698,100.67,101.54,0.164,3.3,0.512,91.528,0.934,81.052,71.93,71.121,75.571,81.431,76.286,85.341,91.884,78.033,91.009,86.548,77.043,111.93,88.317,104.73,95.427,96.649,93.247,85.498,90.983,93.378,88.558,84.408,73.956,73.401,71.37,83.564,83.409,86.334,86.699,79.087,67.819,23.216,6.328,5.118,5.118,23.216,0.924,0.731,0,0.054,0.645,1.655,89.243,96.988,93.323,76.734,69.916,70.075,75.624,88.394,102.02,97.608,97.788,99.798,88.982,89.965,101.01,117.15,102.5,96.526,90.214,92.375,100.33,81.101,79.256,83.968,83.513,94.804,94.184,94.052,80.823,69.678,73.451,73.746,75.359,37.636
114.96,220.97,87.659,73.506,90.752,9.712,28.724,3.672,90.428,100.4,101.27,0.218,3.354,0.458,91.258,0.88,80.782,71.66,70.851,75.301,81.161,76.016,85.071,91.614,77.763,90.739,86.278,76.773,111.66,88.047,104.46,95.157,96.379,92.977,85.228,90.713,93.108,88.288,84.138,73.686,73.131,71.1,83.294,83.139,86.064,86.429,78.817,67.549,23.432,6.436,5.226,5.226,23.432,0.978,0.785,0.054,0,0.591,1.601,88.973,96.718,93.053,76.464,69.646,69.805,75.354,88.124,101.75,97.338,97.518,99.528,88.712,89.695,100.74,116.88,102.23,96.256,89.944,92.105,100.06,80.831,78.986,83.698,83.243,94.534,93.914,93.782,80.553,69.408,73.181,73.476,75.089,37.852
112,218.02,84.704,70.551,87.797,10.894,31.088,4.263,87.473,97.448,98.313,0.809,3.945,1.049,88.303,0.289,77.827,68.705,67.896,72.346,78.206,73.061,82.116,88.659,74.808,87.784,83.323,73.818,108.7,85.092,101.51,92.202,93.424,90.022,82.273,87.758,90.153,85.333,81.183,70.731,70.176,68.145,80.339,80.184,83.109,83.474,75.862,64.594,25.796,7.618,6.408,6.408,25.796,1.569,1.376,0.645,0.591,0,1.01,86.018,93.763,90.098,73.509,66.691,66.85,72.399,85.169,98.793,94.383,94.563,96.573,85.757,86.74,97.785,113.92,99.275,93.301,86.989,89.15,97.102,77.876,76.031,80.743,80.288,91.579,90.959,90.827,77.598,66.453,70.226,70.521,72.134,40.216
106.95,212.97,79.654,65.501,82.747,12.914,35.128,5.273,82.423,92.398,93.263,1.819,4.955,2.059,83.253,1.299,72.777,63.655,62.846,67.296,73.156,68.011,77.066,83.609,69.758,82.734,78.273,68.768,103.65,80.042,96.458,87.152,88.374,84.972,77.223,82.708,85.103,80.283,76.133,65.681,65.126,63.095,75.289,75.134,78.059,78.424,70.812,59.544,29.836,9.638,8.428,8.428,29.836,2.579,2.386,1.655,1.601,1.01,0,80.968,88.713,85.048,68.459,61.641,61.8,67.349,80.119,93.743,89.333,89.513,91.523,80.707,81.69,92.735,108.88,94.225,88.251,81.939,84.1,92.052,72.826,70.981,75.693,75.238,86.529,85.909,85.777,72.548,61.403,65.176,65.471,67.084,44.256
110.25,207.88,76.976,61.304,77.662,83.937,65.128,107.33,74.283,2.286,2.459,90.063,105.74,91.263,77.402,87.463,71.149,62.027,61.218,65.668,68.887,66.383,72.797,81.981,68.13,81.106,76.645,67.14,102.03,78.414,94.83,85.659,86.969,88.262,80.513,85.998,88.393,72.143,70.282,61.412,61.079,60.402,68.187,72.456,75.381,83.308,69.184,57.916,58.925,75.828,72.803,72.722,58.513,93.863,92.898,89.243,88.973,86.018,80.968,0,1.549,80.164,66.831,60.013,60.172,65.721,78.491,92.115,87.705,87.885,89.895,83.997,84.98,96.025,112.16,97.515,91.81,80.311,81.133,86.967,68.557,66.712,78.983,78.528,86.159,84.504,84.284,70.92,59.775,63.548,63.843,65.456,76.95
117.99,215.63,84.721,69.049,85.407,91.682,72.873,115.08,82.028,0.737,0.91,97.808,113.49,99.008,85.147,95.208,78.894,69.772,68.963,73.413,76.632,74.128,80.542,89.726,75.875,88.851,84.39,74.885,109.77,86.159,102.57,93.404,94.714,96.007,88.258,93.743,96.138,79.888,78.027,69.157,68.824,68.147,75.932,80.201,83.126,91.053,76.929,65.661,66.67,83.573,80.548,80.467,66.258,101.61,100.64,96.988,96.718,93.763,88.713,1.549,0,87.909,74.576,67.758,67.917,73.466,86.236,99.86,95.45,95.63,97.64,91.742,92.725,103.77,119.91,105.26,99.555,88.056,88.878,94.712,76.302,74.457,86.728,86.273,93.904,92.249,92.029,78.665,67.52,71.293,71.588,73.201,84.695
106.15,213.24,79.922,65.769,83.015,85.297,61.048,111.41,83.763,91.594,92.459,94.143,109.82,95.343,84.057,91.543,73.045,71.986,70.859,67.564,73.424,68.279,77.334,83.877,70.026,83.002,78.541,69.036,103.92,80.31,96.726,86.725,87.859,84.168,76.419,81.904,84.299,81.623,76.937,65.949,65.394,63.363,76.093,75.402,78.327,77.62,71.08,59.812,54.845,77.188,74.163,74.082,54.433,97.943,96.978,93.323,93.053,90.098,85.048,80.164,87.909,0,68.727,69.654,70.131,67.617,80.387,94.011,89.601,89.781,91.61,79.903,80.886,91.931,108.07,93.421,86.911,82.207,84.368,92.32,73.094,71.249,74.889,74.434,85.725,85.394,85.35,72.816,61.671,65.444,65.739,67.352,72.87
109.81,214.26,69.236,66.397,84.045,52.894,45.061,94.824,79.034,78.261,79.126,77.554,93.234,78.754,82.153,74.954,64.828,71.743,71.57,78.713,74.052,78.838,77.962,98.782,73.039,97.377,81.554,72.049,106.93,84.519,99.739,88.47,89.604,89.419,81.67,86.603,88.998,76.894,75.033,66.577,66.022,62.658,70.03,66.666,67.641,65.983,62.863,59.107,39.682,44.785,41.76,41.679,38.446,81.354,80.389,76.734,76.464,73.509,68.459,66.831,74.576,68.727,0,70.365,69.888,82.522,95.292,97.024,92.614,92.794,94.663,85.154,86.137,95.588,111.73,97.078,90.653,86.568,88.614,93.35,73.722,71.877,80.14,79.685,87.47,87.139,87.095,75.829,64.684,76.003,76.888,81.727,57.707
