0,215.32,121.35,99.142,88.416,149.28,154.05,150.41,123.25,127.34,128.2,133.14,148.82,134.34,122.62,130.54,104.88,83.233,82.424,86.749,100.22,87.464,101.92,90.417,83.198,102.19,72.447,67.478,85.911,64.984,78.572,67.533,68.667,77.95,69.77,77.169,79.564,121.11,115.5,99.106,99.217,99.188,115.82,115.4,119.75,111.67,102.92,84.138,148.68,141.17,138.14,138.06,147.44,136.94,135.98,132.32,132.05,129.1,124.05,115.91,123.65,81.564,92.352,81.219,81.378,86.802,86.927,76.001,71.591,71.627,72.029,73.685,89.102,2.844,5.476,2.546,84.518,69.571,80.376,94.401,97.677,98.046,72.96,67.785,66.533,66.202,66.158,66.722,74.843,84.629,84.924,86.537,166.7
215.32,0,191.59,188.43,213.82,242.1,247.87,242.39,189.58,219.31,220.18,225.12,240.8,226.32,196.43,222.52,205.92,219.92,219.11,212.71,201.75,212.84,204.19,220.95,200.92,230.79,194.83,191.1,218.74,183.89,211.4,185.64,186.69,209.28,179.31,180.92,183.32,187.44,189.31,198.52,188.36,186.35,184.45,185.12,190,203.64,203.96,191.04,243.31,233.99,230.97,230.89,241.25,228.92,227.95,224.3,224.03,221.07,216.02,207.88,215.63,218.25,220.96,217.9,218.06,215.41,217.46,208.83,204.42,204.45,204.85,205.01,204.46,201.1,217.24,202.59,182.41,198.4,204.2,24.183,199.95,199.58,176.71,177.33,183.89,184.22,184.26,189.11,192.57,210,210.89,215.14,261.34
121.35,191.59,0,52.325,69.927,97.669,86.676,118.38,59.641,95.3,96.165,101.11,116.79,102.31,62.76,98.505,76.345,97.792,96.983,90.854,59.836,90.389,63.746,104.2,77.044,110.61,80.863,73.108,107.23,76.876,100.8,84.121,85.431,99.988,89.491,95.367,97.762,57.501,55.64,52.361,57.475,59.756,61.483,88.882,0.319,79.63,74.38,63.112,80.473,89.56,86.535,86.454,80.061,104.91,103.94,100.28,100.02,97.06,92.01,83.87,91.615,96.123,101.31,95.778,95.937,95.757,100.7,97.323,93.673,93.853,95.863,95.723,96.706,107.13,123.27,108.62,97.154,76.837,70.426,70.679,59.506,57.661,88.352,87.506,84.621,82.966,82.746,75.138,68.689,87.554,89.029,94.962,98.498
99.142,188.43,52.325,0,70.467,93.482,99.248,98.909,61.757,75.834,76.699,81.639,97.319,82.839,68.598,79.039,63.879,89.464,88.655,88.124,70.058,88.249,72.492,96.665,75.902,106.01,76.635,70.154,97.866,68.436,92.363,70.985,72.119,87.17,66.598,68.208,70.603,59.617,61.478,64.757,64.64,51.317,55.116,47.805,50.73,60.164,61.914,61.97,94.693,85.373,82.348,82.267,92.633,85.439,84.474,80.819,80.549,77.594,72.544,64.404,72.149,87.795,96.171,87.45,87.609,90.621,93.175,87.956,85.31,85.418,86.584,82.905,82.25,84.922,101.06,86.412,72.258,70.027,63.544,67.519,68.252,67.883,63.999,64.613,69.985,69.654,69.61,70.91,67.547,85.414,86.299,90.356,112.72
88.416,213.82,69.927,70.467,0,111.88,117.65,112.17,72.797,89.092,89.957,94.897,110.58,96.097,79.638,92.297,77.137,90.779,89.97,89.28,92.84,89.405,96.012,93.468,77.652,106.22,68.335,64.878,92.238,57.396,84.899,59.945,61.079,81.793,55.507,58.146,60.541,70.657,72.518,87.485,70.242,62.213,66.084,65.407,68.332,73.422,75.172,70.43,113.09,103.77,100.75,100.67,111.03,98.697,97.732,94.077,93.807,90.852,85.802,77.662,85.407,89.11,96.383,88.765,88.924,90.833,89.978,82.328,77.918,77.954,78.356,77.528,76.405,74.196,90.336,75.686,59.635,75.541,77.702,92.903,91.772,90.665,53.937,53.522,58.945,58.614,58.57,62.61,69.297,86.57,87.455,90.568,131.12
149.28,242.1,97.669,93.482,111.88,0,33.784,13.144,105.54,20.742,21.088,9.932,13.28,10.628,108.66,11.472,100.35,127.36,126.55,126.09,101.14,125.62,105.05,135.22,112.28,144.56,120.79,111.29,139.61,122.17,135.94,129.42,130.73,130.27,123.27,125.02,127.42,103.4,101.54,93.662,93.107,91.076,96.554,95.099,96.074,17.866,98.383,94.627,28.492,8.966,7.756,2.243,28.492,7.756,8.142,9.604,9.712,10.894,12.914,16.17,19.268,125.69,134.73,125.34,125.5,129.18,131.73,129.7,128.82,129,131.01,126.01,126.99,135.06,151.2,136.55,129.07,121.19,119.03,121.19,100.81,98.962,120.81,121.28,129.92,128.26,128.04,115.07,103.92,122.79,124.26,128.91,42.912
154.05,247.87,86.676,99.248,117.65,33.784,0,35.588,101.42,50.784,51.476,29.164,35.86,30.556,111.98,32.244,80.119,129.88,129.07,120.88,106.9,120.42,110.81,136.28,107.07,141.84,115.59,106.08,138.46,118.55,133.03,125.8,127.11,131.61,124.32,129.81,132.2,99.279,104.86,99.428,98.873,96.842,91.391,88.006,85.081,45.032,78.154,89.422,7.926,7.926,9.136,24.812,1.323,24.812,25.584,28.508,28.724,31.088,35.128,41.64,47.836,128.21,132.53,127.86,128.02,126.99,132.79,128.55,125.91,126.09,128.09,127.35,128.79,139.83,155.97,141.32,134.84,123.49,124.96,126.95,106.57,104.73,122.79,122.34,126.3,124.64,124.42,109.86,98.717,117.58,119.06,126.19,15.136
150.41,242.39,118.38,98.909,112.17,13.144,35.588,0,108.79,9.187,9.36,3.782,5.456,4.13,111.91,4.552,125.67,134.53,133.72,134.19,106.49,134.31,109.76,145.4,126.37,152.85,130.01,122.43,149.47,125.02,144.04,132.27,133.58,137.62,131.33,133.21,135.61,106.65,104.79,99.017,98.684,101.8,102.69,113.86,116.78,7.749,123.71,112.44,30.296,9.868,8.658,8.658,30.296,2.694,2.887,3.618,3.672,4.263,5.273,6.901,8.45,132.86,143.55,132.51,132.67,138,141.91,139.56,136.92,137.1,138.61,133.35,134.88,136.19,152.33,137.68,132.46,123.47,116.99,121.47,105.52,104.32,129.44,129.34,132.77,131.11,130.89,124.28,118.02,131.48,132.36,137.2,44.716
123.25,189.58,59.641,61.757,72.797,105.54,101.42,108.79,0,85.713,86.578,91.518,107.2,92.718,79.244,88.918,70.695,100.91,100.1,92.148,67.22,91.683,70.392,107.31,78.338,113.48,82.084,74.402,109.29,78.097,102.09,85.342,86.652,103.11,90.421,95.244,97.639,0.428,72.124,62.287,61.532,51.535,72.712,55.121,58.046,70.043,68.73,62.188,95.216,97.596,94.571,94.328,94.804,95.318,94.353,90.698,90.428,87.473,82.423,74.283,82.028,99.243,104.18,98.898,99.057,98.627,103.82,99.377,94.967,95.147,97.157,98.843,99.826,109.03,125.17,110.52,95.49,76.726,68.416,68.669,66.152,65.045,89.154,88.436,85.842,84.187,83.967,76.359,69.983,88.848,90.323,97.832,113.24
127.34,219.31,95.3,75.834,89.092,20.742,50.784,9.187,85.713,0,1.647,5.733,8.869,5.973,88.832,5.213,102.6,111.45,110.64,111.11,83.417,111.24,86.687,122.33,103.3,129.78,106.94,99.36,126.4,101.95,120.97,109.19,110.5,114.54,108.25,110.14,112.53,83.573,81.712,75.942,75.609,78.726,79.617,90.78,93.705,3.134,100.63,89.364,45.492,17.466,16.256,16.256,45.492,6.493,6.3,5.569,5.515,4.924,3.914,2.286,0.737,109.78,120.47,109.44,109.6,114.92,118.84,116.49,113.84,114.02,115.54,110.28,111.81,113.12,129.26,114.61,109.38,100.4,93.916,98.397,82.447,81.242,106.37,106.27,109.69,108.04,107.82,101.21,94.941,108.4,109.29,114.13,59.912
128.2,220.18,96.165,76.699,89.957,21.088,51.476,9.36,86.578,1.647,0,5.906,9.042,6.146,89.697,5.386,103.46,112.32,111.51,111.98,84.282,112.1,87.552,123.19,104.16,130.64,107.8,100.22,127.26,102.81,121.83,110.06,111.37,115.41,109.12,111.01,113.4,84.438,82.577,76.807,76.474,79.591,80.482,91.645,94.57,3.307,101.5,90.229,46.184,17.812,16.602,16.602,46.184,6.666,6.473,5.742,5.688,5.097,4.087,2.459,0.91,110.65,121.34,110.3,110.46,115.79,119.7,117.35,114.71,114.89,116.4,111.14,112.67,113.98,130.12,115.47,110.25,101.26,94.781,99.262,83.312,82.107,107.23,107.13,110.56,108.9,108.68,102.07,95.806,109.27,110.15,114.99,60.604
133.14,225.12,101.1,81.639,94.897,9.932,29.164,3.782,91.518,5.733,5.906,0,3.464,0.676,94.637,1.098,108.4,117.26,116.45,116.92,89.222,117.04,92.492,128.13,109.1,135.58,112.74,105.16,132.2,107.75,126.77,115,116.31,120.35,114.06,115.95,118.34,89.378,87.517,81.747,81.414,84.531,85.422,96.585,99.51,4.295,106.44,95.169,23.872,6.656,5.446,5.446,23.872,1.088,0.895,0.164,0.218,0.809,1.819,3.447,4.996,115.59,126.28,115.24,115.4,120.73,124.64,122.29,119.65,119.83,121.34,116.08,117.61,118.92,135.06,120.41,115.19,106.2,99.721,104.2,88.252,87.047,112.17,112.07,115.5,113.84,113.62,107.01,100.75,114.21,115.09,119.93,38.292
148.82,240.8,116.78,97.319,110.58,13.28,35.86,5.456,107.2,8.869,9.042,3.464,0,3.812,110.32,4.234,124.08,132.94,132.13,132.6,104.9,132.72,108.17,143.81,124.78,151.26,128.42,120.84,147.88,123.43,142.45,130.68,131.99,136.03,129.74,131.63,134.02,105.06,103.2,97.427,97.094,100.21,101.1,112.26,115.19,7.431,122.12,110.85,30.568,10.004,8.794,8.794,30.568,2.762,2.569,3.3,3.354,3.945,4.955,6.583,8.132,131.27,141.96,130.92,131.08,136.41,140.32,137.97,135.33,135.51,137.02,131.76,133.29,134.6,150.74,136.09,130.87,121.88,115.4,119.88,103.93,102.73,127.85,127.75,131.18,129.52,129.3,122.69,116.43,129.89,130.77,135.61,44.988
134.34,226.32,102.31,82.839,96.097,10.628,30.556,4.13,92.718,5.973,6.146,0.676,3.812,0,95.837,1.338,109.6,118.46,117.65,118.12,90.422,118.24,93.692,129.33,110.3,136.78,113.94,106.36,133.4,108.95,127.97,116.2,117.51,121.55,115.26,117.14,119.54,90.578,88.717,82.947,82.614,85.731,86.622,97.785,100.71,4.535,107.64,96.369,25.264,7.352,6.142,6.142,25.264,1.436,1.243,0.512,0.458,1.049,2.059,3.687,5.236,116.79,127.48,116.44,116.6,121.93,125.84,123.49,120.85,121.03,122.54,117.28,118.81,120.12,136.26,121.61,116.39,107.4,100.92,105.4,89.452,88.247,113.37,113.27,116.7,115.04,114.82,108.22,101.95,115.41,116.29,121.13,39.684
122.62,196.42,62.76,68.598,79.638,108.66,111.98,111.91,79.244,88.832,89.697,94.637,110.32,95.837,0,92.037,76.877,107.75,106.94,98.989,74.061,98.524,77.233,113.78,85.179,119.91,88.925,81.243,113.58,84.696,108.15,91.941,93.251,106.73,90.077,91.687,94.082,77.104,1.424,72.85,68.373,58.376,72.109,58.24,61.165,73.162,74.912,69.029,105.78,100.72,97.69,97.447,105.37,98.437,97.472,93.817,93.547,90.592,85.542,77.402,85.147,106.08,110.6,105.74,105.9,105.05,110.29,103.67,101.03,101.21,103.22,102.47,105.24,108.4,124.54,109.89,95.737,80.462,73.979,75.51,72.993,71.886,87.478,88.092,92.434,90.786,90.566,83.2,76.824,95.689,97.164,104.26,123.8
130.54,222.52,98.505,79.039,92.297,11.472,32.244,4.552,88.918,5.213,5.386,1.098,4.234,1.338,92.037,0,105.8,114.66,113.85,114.32,86.622,114.44,89.892,125.53,106.5,132.98,110.14,102.56,129.6,105.15,124.17,112.4,113.71,117.75,111.46,113.34,115.74,86.778,84.917,79.147,78.814,81.931,82.822,93.985,96.91,3.775,103.84,92.569,26.952,8.196,6.986,6.986,26.952,1.858,1.665,0.934,0.88,0.289,1.299,2.927,4.476,112.99,123.68,112.64,112.8,118.13,122.04,119.69,117.05,117.23,118.74,113.48,115.01,116.32,132.46,117.81,112.59,103.6,97.121,101.6,85.652,84.447,109.57,109.47,112.9,111.24,111.02,104.42,98.146,111.61,112.49,117.33,41.372
104.88,205.92,76.345,63.879,77.137,100.35,80.119,125.67,70.695,102.6,103.46,108.4,124.08,109.6,76.877,105.8,0,92.498,91.689,99.158,71.462,99.283,74.732,110.37,91.356,117.82,94.98,87.142,111.08,89.992,105.5,93.657,94.791,95.297,87.143,88.053,90.448,68.555,69.757,63.987,63.654,66.771,64.177,71.825,74.75,86.927,0.393,80.909,73.916,92.239,89.214,89.133,73.504,112.2,111.24,107.58,107.31,104.36,99.307,91.167,98.912,90.829,108.52,90.484,90.643,102.97,106.88,101.17,98.521,98.557,98.959,91.032,90.049,90.663,106.8,92.153,86.926,86.334,81.11,85.01,70.492,69.287,84.65,85.158,92.657,92.326,92.282,89.255,83.001,96.448,97.333,102.17,91.941
83.233,219.92,97.792,89.464,90.779,127.36,129.88,134.53,100.91,111.45,112.32,117.26,132.94,118.46,107.75,114.66,92.498,0,2.733,75.119,93.893,75.834,96.327,76.108,77.581,90.557,75.746,67.753,79.979,75.235,76.24,80.132,81.354,61.25,78.368,82.435,84.83,98.772,100.63,89.572,89.239,87.208,94.394,93.79,96.197,95.783,90.533,76.555,124.5,119.25,116.22,116.14,123.26,121.06,120.09,116.44,116.17,113.21,108.16,100.02,107.77,2.251,2.251,2.251,0.371,4.471,72.618,70.069,69.187,69.295,70.501,56.985,57.968,69.013,85.153,70.503,83.59,80.478,88.057,99.003,92.087,91.718,76.838,76.383,79.882,78.889,78.757,70.021,69.226,72.999,73.294,74.907,142.52
82.424,219.11,96.983,88.655,89.97,126.55,129.07,133.72,100.1,110.64,111.51,116.45,132.13,117.65,106.94,113.85,91.689,2.733,0,74.31,93.084,75.025,95.518,75.299,76.772,89.748,74.937,66.944,79.17,74.426,75.431,79.323,80.545,60.441,77.559,81.626,84.021,97.963,99.824,88.763,88.43,86.399,93.585,92.981,95.388,94.974,89.724,75.746,123.69,118.44,115.42,115.33,122.45,120.25,119.28,115.63,115.36,112.4,107.35,99.214,106.96,1.991,1.991,0.241,1.991,4.211,71.809,69.26,68.378,68.486,69.692,56.176,57.159,68.204,84.344,69.694,82.618,79.669,87.248,98.194,91.278,90.909,76.029,75.574,79.073,78.08,77.948,69.212,68.417,72.19,72.485,74.098,141.71
86.749,212.71,90.854,88.124,89.28,126.09,120.88,134.19,92.148,111.11,111.98,116.92,132.6,118.12,98.989,114.32,99.158,75.119,74.31,0,92.724,109.85,95.158,98.092,104.05,118.71,93.584,88.615,96.865,86.121,91.218,85.004,86.05,71.15,77.334,76.819,79.214,90.008,91.869,88.16,88.049,90.426,85.852,86.334,89.259,95.443,97.193,98.05,114.68,117.98,114.95,114.87,114.27,120.72,119.75,116.1,115.83,112.87,107.82,99.683,107.43,73.45,107.81,73.105,73.264,102.26,94.602,86.955,84.309,84.273,83.871,66.885,65.902,72.529,88.669,74.019,75.469,81.27,87.753,91.796,90.918,90.549,74.735,75.349,83.254,83.585,83.629,87.859,95.694,107.01,0.365,103.06,132.7
100.22,201.75,59.836,70.058,92.84,101.14,106.9,106.49,67.22,83.417,84.282,89.222,104.9,90.422,74.061,86.622,71.462,93.893,93.084,92.724,0,92.849,103.72,98.227,80.235,109.28,77.723,72.754,99.781,67.323,94.206,69.872,71.006,88.577,67.677,69.287,71.682,65.08,66.941,97.412,69.833,56.636,60.507,55.316,58.241,67.747,69.497,67.289,102.35,93.028,90.003,89.922,100.29,93.022,92.057,88.402,88.132,85.177,80.127,71.987,79.732,92.224,99.442,91.879,92.038,93.892,94.737,89.871,87.225,87.261,87.663,84.312,83.329,86.001,102.14,87.491,72.753,75.132,77.293,80.84,99.485,0.435,65.078,65.692,68.872,68.541,68.497,71.998,71.88,90.014,90.899,93.627,120.37
87.464,212.84,90.389,88.249,89.405,125.62,120.42,134.31,91.683,111.24,112.1,117.04,132.72,118.24,98.524,114.44,99.283,75.834,75.025,109.85,92.849,0,95.283,98.217,105.94,118.83,94.889,89.92,96.99,87.426,91.343,85.473,86.607,71.865,78.049,77.534,79.929,89.543,91.404,88.285,88.174,90.551,85.387,85.869,88.794,95.568,97.318,98.765,114.21,117.51,114.49,114.41,113.8,120.84,119.88,116.22,115.95,113,107.95,99.808,107.55,74.165,107.94,73.82,73.979,102.39,94.727,87.08,84.434,84.398,83.996,67.6,66.617,73.244,89.384,74.734,76.184,81.395,87.878,91.921,91.043,90.674,75.45,76.064,83.969,84.142,84.098,89.164,97.589,0.567,108.02,103.18,132.24
101.92,204.19,63.746,72.492,96.012,105.05,110.81,109.76,70.392,86.687,87.552,92.492,108.17,93.692,77.233,89.892,74.732,96.327,95.518,95.158,103.72,95.283,0,99.923,82.669,111.71,79.22,74.45,101.48,68.281,95.784,70.83,71.964,90.273,69.373,70.983,73.378,68.252,70.113,98.37,72.267,59.808,63.679,59.226,62.151,71.017,72.767,70.461,106.26,96.938,93.913,93.832,104.2,96.292,95.327,91.672,91.402,88.447,83.397,75.257,83.002,94.658,101.88,94.313,94.472,96.326,96.433,91.567,88.803,88.839,89.241,86.008,85.025,87.697,103.84,89.187,73.711,77.566,79.727,83.274,0.848,101.55,66.774,67.388,69.83,69.499,69.455,73.495,74.314,92.448,93.333,96.061,124.28
90.417,220.95,104.2,96.665,93.468,135.22,136.28,145.4,107.32,122.33,123.19,128.13,143.81,129.33,113.78,125.53,110.37,76.108,75.299,98.092,98.227,98.217,99.923,0,92.418,116.76,84.613,79.644,111.83,77.15,98.892,77.565,78.611,74.818,76.057,74.702,77.097,105.17,106.66,96.701,96.59,97.9,100.8,100.19,102.6,106.66,108.41,93.358,130.9,127.11,124.09,124.01,129.66,131.93,130.97,127.31,127.04,124.09,119.04,110.9,118.64,74.439,107.45,74.094,74.253,101.9,0.698,101.92,99.27,91.947,91.545,70.553,69.57,76.197,92.337,77.687,74.279,80.046,90.331,100.03,95.683,96.052,73.299,74.072,75.815,76.146,76.19,78.888,84.063,95.382,96.267,101.11,148.92
83.198,200.92,77.044,75.902,77.652,112.28,107.07,126.37,78.338,103.3,104.16,109.1,124.78,110.3,85.179,106.5,91.356,77.581,76.772,104.05,80.235,105.94,82.669,92.418,0,113.03,91.492,92.305,91.191,84.029,85.544,77.723,78.769,73.612,68.686,66.591,68.986,76.198,78.059,75.866,75.855,80.842,72.042,72.524,75.449,87.626,89.391,101.19,100.87,104.17,101.14,101.06,100.46,112.9,111.94,108.28,108.01,105.06,100.01,91.866,99.611,75.912,102.14,75.567,75.726,96.59,88.928,81.281,78.635,78.599,78.197,69.347,68.364,68.978,85.118,70.468,65.241,73.591,76.621,80.009,78.429,78.06,67.994,66.701,75.973,76.304,76.348,85.767,1.671,103.11,102.22,97.385,118.89
102.19,230.79,110.61,106.01,106.22,144.56,141.84,152.85,113.48,129.78,130.64,135.58,151.26,136.78,119.91,132.98,117.82,90.557,89.748,118.71,109.28,118.83,111.71,116.76,113.03,0,105.23,100.26,115.53,97.767,109.88,98.182,99.228,86.588,91.207,92.11,94.505,111.34,112.79,106.04,105.93,108.04,106.77,106.09,109.02,114.11,115.86,110.82,135.64,136.46,133.43,133.35,135.23,139.38,138.42,134.76,134.49,131.54,126.49,118.35,126.09,88.888,126.48,88.543,88.702,120.93,113.27,105.62,102.97,102.94,102.53,82.323,81.34,87.967,104.11,89.457,90.907,98.827,105.31,109.88,107.47,107.1,88.608,89.222,96.432,96.763,96.807,99.505,104.68,116,116.88,3.13,153.66
72.447,194.83,80.863,76.635,68.335,120.79,115.59,130.01,82.084,106.94,107.8,112.74,128.42,113.94,88.925,110.14,94.98,75.746,74.937,93.584,77.723,94.889,79.22,84.613,91.492,105.23,0,83.247,83.386,80.301,77.739,68.578,69.536,67.65,56.423,55.84,58.235,79.944,81.805,76.599,76.71,79.935,76.099,76.343,79.268,91.265,93.015,86.362,109.38,112.68,109.66,109.58,108.97,116.54,115.58,111.92,111.65,108.7,103.65,95.505,103.25,74.077,94.335,73.732,73.891,88.785,81.123,73.476,70.83,70.794,70.392,63.385,60.436,58.227,74.367,59.717,54.49,65.786,71.762,73.918,74.98,75.548,57.243,54.438,66.078,67.071,67.203,1.145,83.137,92.054,91.759,89.58,127.41
67.478,191.1,73.108,70.154,64.878,111.29,106.08,122.44,74.402,99.36,100.22,105.17,120.84,106.36,81.243,102.56,87.142,67.753,66.944,88.615,72.754,89.92,74.45,79.644,92.305,100.26,83.247,0,78.417,72.308,72.77,63.609,64.567,61.566,52.966,50.871,53.266,72.262,74.123,70.118,70.229,73.96,68.106,68.588,71.513,83.69,85.177,82.091,99.879,103.18,100.15,100.07,99.467,108.97,108,104.34,104.08,101.12,96.07,87.93,95.675,66.084,89.366,65.739,65.898,83.816,76.154,68.507,65.861,65.825,65.423,57.301,55.467,53.258,69.398,54.748,49.521,60.817,66.793,70.181,70.21,70.579,52.274,50.981,61.109,62.102,62.234,77.522,83.95,87.085,86.79,84.611,117.9
85.911,218.74,107.23,97.866,92.238,139.61,138.46,149.47,109.29,126.4,127.26,132.2,147.88,133.4,113.58,129.6,111.08,79.979,79.17,96.865,99.781,96.99,101.48,111.83,91.191,115.53,83.386,78.417,0,75.923,97.665,74.234,75.192,78.235,70.947,69.304,71.699,107.15,106.46,97.902,97.791,99.454,102.99,102.71,105.64,110.73,109.11,92.131,132.26,131.5,128.48,128.4,131.85,136,135.04,131.38,131.11,128.16,123.11,114.97,122.71,78.31,106.22,77.965,78.124,100.67,108.34,1.982,113.34,90.72,90.318,73.97,72.987,71.691,87.831,73.181,67.954,78.193,88.836,97.821,97.237,97.606,70.707,68.962,71.734,72.727,72.859,77.661,82.836,94.155,95.04,99.879,150.28
64.984,183.89,76.876,68.436,57.396,122.17,118.55,125.02,78.097,101.95,102.81,107.75,123.43,108.95,84.696,105.15,89.992,75.235,74.426,86.121,67.323,87.426,68.281,77.15,84.029,97.767,80.301,72.308,75.923,0,68.525,61.115,62.073,60.187,45.484,48.377,50.772,75.957,77.576,68.328,68.661,70.286,71.737,72.356,75.281,86.277,88.027,78.899,112.35,114.23,111.2,110.96,111.94,111.55,110.59,106.93,106.66,103.71,98.657,90.517,98.262,73.566,86.872,73.221,73.38,81.322,73.66,66.013,61.688,61.58,60.374,55.922,52.973,50.764,66.904,52.254,47.027,58.323,64.299,62.979,64.041,65.148,49.78,43.499,58.615,59.608,59.74,74.576,75.674,84.591,84.296,82.117,130.37
78.572,211.4,100.8,92.363,84.899,135.94,133.03,144.04,102.09,120.97,121.83,126.77,142.45,127.97,108.15,124.17,105.5,76.24,75.431,91.218,94.206,91.343,95.784,98.892,85.544,109.88,77.739,72.77,97.665,68.525,0,66.751,67.709,73.775,63.536,61.965,64.36,99.952,101.03,92.399,92.288,93.879,95.796,96.278,99.203,105.3,103.54,86.484,126.83,127.84,124.81,124.73,126.42,130.57,129.61,125.95,125.68,122.73,117.68,109.54,117.28,74.571,100.58,74.226,74.385,95.027,95.402,87.755,88.346,1.389,87.248,69.51,66.561,64.352,80.492,65.842,60.615,70.71,81.425,90.482,91.544,92.031,63.368,61.551,64.251,65.244,65.376,72.014,77.189,88.508,89.393,94.232,144.85
67.533,185.64,84.121,70.985,59.945,129.42,125.8,132.27,85.342,109.19,110.06,115,130.68,116.2,91.941,112.4,93.657,80.132,79.323,85.004,69.872,85.473,70.83,77.565,77.723,98.182,68.578,63.609,74.234,61.115,66.751,0,66.97,61.706,48.033,50.926,53.321,83.202,84.821,70.877,71.21,73.241,78.982,79.601,82.526,93.522,91.692,74.945,119.59,121.47,118.45,118.2,119.18,118.8,117.83,114.18,113.91,110.95,105.9,97.762,105.51,78.463,87.287,78.118,78.277,81.737,74.075,64.324,59.914,59.806,58.6,57.441,55.522,53.313,69.453,54.803,49.576,60.872,66.848,64.725,66.59,67.697,52.329,46.048,63.512,64.505,0.275,62.853,69.368,82.638,83.179,82.532,137.62
68.667,186.69,85.431,72.119,61.079,130.73,127.11,133.58,86.652,110.5,111.37,116.31,131.99,117.51,93.251,113.71,94.791,81.354,80.545,86.05,71.006,86.607,71.964,78.611,78.769,99.228,69.536,64.567,75.192,62.073,67.709,66.97,0,62.752,49.167,52.06,54.455,84.512,86.131,72.011,72.344,74.375,80.292,80.911,83.836,94.832,92.826,75.991,120.9,122.78,119.76,119.51,120.49,120.11,119.14,115.49,115.22,112.26,107.21,99.072,106.82,79.685,88.333,79.34,79.499,82.783,75.121,65.282,60.872,60.764,59.558,58.487,56.656,54.447,70.587,55.937,50.71,61.972,67.982,65.771,67.724,68.831,53.463,47.182,64.734,0.493,65.595,63.811,70.414,83.772,84.225,83.578,138.93
77.95,209.28,99.988,87.17,81.793,130.27,131.61,137.62,103.11,114.54,115.41,120.35,136.03,121.55,106.73,117.75,95.297,61.25,60.441,71.15,88.577,71.865,90.273,74.818,73.612,86.588,67.65,61.566,78.235,60.187,73.775,61.706,62.752,0,61.006,60.823,63.218,100.97,99.614,87.206,87.095,86.418,96.54,95.863,98.393,98.874,93.332,74.552,125.41,122.17,119.14,119.06,125,124.15,123.18,119.53,119.26,116.3,111.25,103.11,110.86,59.581,76.753,59.236,59.395,71.203,71.328,68.325,66.794,66.83,67.232,0.853,65.939,63.73,79.87,65.22,59.993,64.187,74.992,88.362,86.033,86.402,59.42,59.021,59.956,60.287,60.331,61.925,65.257,69.03,69.325,70.938,143.43
69.77,179.31,89.491,66.598,55.507,123.27,124.32,131.33,90.421,108.25,109.12,114.06,129.74,115.26,90.077,111.46,87.143,78.368,77.559,77.334,67.677,78.049,69.373,76.057,68.686,91.207,56.423,52.966,70.947,45.484,63.536,48.033,49.167,61.006,0,45.689,48.084,88.281,82.957,66.562,66.673,67.35,83.41,83.412,87.896,92.582,85.178,66.398,118.94,115.16,112.13,112.05,117.71,117.86,116.89,113.24,112.97,110.01,104.96,96.822,104.57,76.699,80.842,76.354,76.513,75.292,72.567,61.037,56.627,56.591,56.189,56.741,56.143,55.55,71.69,57.04,44.339,47.013,53.874,58.397,65.133,65.502,55.333,0.397,55.156,46.702,46.658,50.698,60.331,75.214,75.509,75.557,136.97
77.169,180.92,95.367,68.208,58.146,125.02,129.81,133.22,95.244,110.14,111,115.95,131.63,117.14,91.687,113.35,88.053,82.435,81.626,76.819,69.287,77.534,70.983,74.702,66.591,92.11,55.84,50.871,69.304,48.377,61.965,50.926,52.06,60.823,45.689,0,0.479,93.104,84.567,68.172,68.283,68.96,88.908,88.897,93.772,94.47,86.088,67.308,124.43,116.91,113.89,113.81,123.19,119.75,118.78,115.13,114.85,111.9,106.85,98.71,106.45,80.766,81.745,80.421,80.58,76.195,71.212,59.394,54.984,55.02,55.422,56.558,59.994,62.949,79.089,64.439,59.212,52.964,62.83,60.007,66.743,67.112,59.053,43.704,49.926,49.595,49.551,50.115,58.236,74.699,74.994,76.46,142.45
79.564,183.32,97.762,70.603,60.541,127.42,132.2,135.61,97.639,112.53,113.4,118.34,134.02,119.54,94.082,115.74,90.448,84.83,84.021,79.214,71.682,79.929,73.378,77.097,68.986,94.505,58.235,53.266,71.699,50.772,64.36,53.321,54.455,63.218,48.084,0.479,0,95.499,86.962,70.567,70.678,71.355,91.303,91.292,96.167,96.865,88.483,69.703,126.82,119.31,116.28,116.2,125.59,122.14,121.18,117.52,117.25,114.3,109.25,101.1,108.85,83.161,84.14,82.816,82.975,78.59,73.607,61.789,57.379,57.415,57.817,58.953,62.389,65.344,81.484,66.834,61.607,55.359,65.225,62.402,69.138,69.507,61.448,46.099,52.321,51.99,51.946,52.51,60.631,77.094,77.389,78.855,144.85
121.11,187.44,57.501,59.617,70.657,103.4,99.279,106.65,0.428,83.573,84.438,89.378,105.06,90.578,77.104,86.778,68.555,98.772,97.963,90.008,65.08,89.543,68.252,105.17,76.198,111.34,79.944,72.262,107.15,75.957,99.952,83.202,84.512,100.97,88.281,93.104,95.499,0,69.984,60.147,59.392,49.395,70.572,52.981,55.906,67.903,66.59,60.048,93.076,95.456,92.431,92.188,92.664,93.178,92.213,88.558,88.288,85.333,80.283,72.143,79.888,97.103,102.04,96.758,96.917,96.487,101.68,97.237,92.827,93.007,95.017,96.703,97.686,106.89,123.03,108.38,93.35,74.586,66.276,66.529,64.012,62.905,87.014,86.296,83.702,82.047,81.827,74.219,67.843,86.708,88.183,95.692,111.1
115.5,189.31,55.64,61.478,72.518,101.54,104.86,104.79,72.124,81.712,82.577,87.517,103.2,88.717,1.424,84.917,69.757,100.63,99.824,91.869,66.941,91.404,70.113,106.66,78.059,112.79,81.805,74.123,106.46,77.576,101.03,84.821,86.131,99.614,82.957,84.567,86.962,69.984,0,65.73,61.253,51.256,64.989,51.12,54.045,66.042,67.792,61.909,98.659,93.595,90.57,90.327,98.247,91.317,90.352,86.697,86.427,83.472,78.422,70.282,78.027,98.964,103.48,98.619,98.778,97.934,103.17,96.554,93.908,94.088,96.098,95.349,98.118,101.28,117.42,102.77,88.617,73.342,66.859,68.39,65.873,64.766,80.358,80.972,85.314,83.666,83.446,76.08,69.704,88.569,90.044,97.139,116.68
99.106,198.52,52.361,64.757,87.485,93.662,99.428,99.017,62.287,75.942,76.807,81.747,97.427,82.947,72.85,79.147,63.987,89.572,88.763,88.16,97.412,88.285,98.37,96.701,75.866,106.04,76.599,70.118,97.902,68.328,92.399,70.877,72.011,87.206,66.562,68.172,70.567,60.147,65.73,0,64.532,51.281,55.152,47.841,50.766,60.272,62.022,61.934,94.873,85.553,82.528,82.447,92.813,85.547,84.582,80.927,80.657,77.702,72.652,64.512,72.257,87.903,96.207,87.558,87.717,90.657,93.211,87.992,85.346,85.454,86.548,82.941,82.214,84.886,101.03,86.376,72.222,71.897,74.058,77.605,94.13,95.237,63.963,64.577,69.877,69.546,69.502,70.874,67.511,85.45,86.335,90.392,112.9
99.217,188.36,57.475,64.64,70.242,93.107,98.873,98.684,61.532,75.609,76.474,81.414,97.094,82.614,68.373,78.814,63.654,89.239,88.43,88.049,69.833,88.174,72.267,96.59,75.855,105.93,76.71,70.229,97.791,68.661,92.288,71.21,72.344,87.095,66.673,68.283,70.678,59.392,61.253,64.532,0,58.567,55.041,54.364,55.88,59.939,61.689,61.923,94.318,84.998,81.973,81.892,92.258,85.214,84.249,80.594,80.324,77.369,72.319,64.179,71.924,87.57,96.096,87.225,87.384,90.546,93.1,87.881,85.235,85.343,86.549,82.83,82.325,84.997,101.14,86.487,72.333,69.952,63.469,67.444,68.027,67.658,64.074,64.688,70.21,69.879,69.835,70.985,67.5,85.339,86.224,90.281,112.34
99.188,186.35,59.756,51.317,62.213,91.076,96.842,101.8,51.535,78.726,79.591,84.531,100.21,85.731,58.376,81.931,66.771,87.208,86.399,90.426,56.636,90.551,59.808,97.9,80.842,108.04,79.935,73.96,99.454,70.286,93.879,73.241,74.375,86.418,67.35,68.96,71.355,49.395,51.256,51.281,58.567,0,54.559,55.236,58.161,63.056,64.806,68.562,92.287,82.967,79.942,79.861,90.227,88.331,87.366,83.711,83.441,80.486,75.436,67.296,75.041,85.539,98.205,85.194,85.353,92.655,94.41,89.544,86.898,86.934,87.336,82.153,83.002,84.968,101.11,86.458,73.01,67.943,61.46,65.435,55.568,54.461,64.751,65.365,72.241,71.91,71.866,74.21,72.487,87.716,88.601,92.39,110.31
115.82,184.45,61.483,55.116,66.084,96.554,91.391,102.69,72.712,79.617,80.482,85.422,101.1,86.622,72.109,82.822,64.177,94.394,93.585,85.852,60.507,85.387,63.679,100.8,72.042,106.77,76.099,68.106,102.99,71.737,95.796,78.982,80.292,96.54,83.41,88.908,91.303,70.572,64.989,55.152,55.041,54.559,0,61.821,59.888,63.947,62.212,58.11,85.188,88.607,85.582,85.339,84.776,89.222,88.257,84.602,84.332,81.377,76.327,68.187,75.932,92.725,97.464,92.38,92.539,91.914,97.307,93.081,88.671,88.851,90.861,92.275,93.308,101.6,117.74,103.09,90.033,70.208,63.279,63.532,59.439,58.332,82.596,81.425,79.482,77.827,77.607,70.374,63.687,82.552,84.027,91.119,103.21
115.4,185.12,88.882,47.805,65.407,95.099,88.006,113.86,55.121,90.78,91.645,96.585,112.27,97.785,58.24,93.985,71.825,93.79,92.981,86.334,55.316,85.869,59.226,100.19,72.524,106.09,76.343,68.588,102.71,72.356,96.278,79.601,80.911,95.863,83.412,88.897,91.292,52.981,51.12,47.841,54.364,55.236,61.821,0,87.287,75.11,69.86,58.592,81.803,86.99,83.965,83.884,81.391,100.39,99.42,95.765,95.495,92.54,87.49,79.35,87.095,92.121,96.787,91.776,91.935,91.237,96.703,92.803,89.153,89.333,91.343,91.598,92.704,101.18,117.32,102.67,90.684,70.885,63.956,64.209,54.986,53.141,81.882,81.427,80.101,78.446,78.226,70.618,64.169,83.034,84.509,90.442,99.828
119.75,190,0.319,50.73,68.332,96.074,85.081,116.78,58.046,93.705,94.57,99.51,115.19,100.71,61.165,96.91,74.75,96.197,95.388,89.259,58.241,88.794,62.151,102.6,75.449,109.02,79.268,71.513,105.64,75.281,99.203,82.526,83.836,98.393,87.896,93.772,96.167,55.906,54.045,50.766,55.88,58.161,59.888,87.287,0,78.035,72.785,61.517,78.878,87.965,84.94,84.859,78.466,103.31,102.34,98.69,98.42,95.465,90.415,82.275,90.02,94.528,99.712,94.183,94.342,94.162,99.11,95.728,92.078,92.258,94.268,94.128,95.111,105.54,121.67,107.03,95.559,75.242,68.831,69.084,57.911,56.066,86.757,85.911,83.026,81.371,81.151,73.543,67.094,85.959,87.434,93.367,96.903
111.67,203.64,79.63,60.164,73.422,17.866,45.032,7.749,70.043,3.134,3.307,4.295,7.431,4.535,73.162,3.775,86.927,95.783,94.974,95.443,67.747,95.568,71.017,106.66,87.626,114.11,91.265,83.69,110.73,86.277,105.3,93.522,94.832,98.874,92.582,94.47,96.865,67.903,66.042,60.272,59.939,63.056,63.947,75.11,78.035,0,84.962,73.694,39.74,14.59,13.38,13.38,39.74,5.055,4.862,4.131,4.077,3.486,2.476,0.848,2.397,94.114,104.8,93.769,93.928,99.252,103.17,100.82,98.172,98.352,99.867,94.609,96.137,97.448,113.59,98.938,93.711,84.729,78.246,82.727,66.777,65.572,90.699,90.597,94.022,92.367,92.147,85.54,79.271,92.733,93.618,98.457,54.16
102.92,203.96,74.38,61.914,75.172,98.383,78.154,123.71,68.73,100.63,101.5,106.44,122.12,107.64,74.912,103.84,0.393,90.533,89.724,97.193,69.497,97.318,72.767,108.41,89.391,115.86,93.015,85.177,109.11,88.027,103.54,91.692,92.826,93.332,85.178,86.088,88.483,66.59,67.792,62.022,61.689,64.806,62.212,69.86,72.785,84.962,0,78.944,71.951,90.274,87.249,87.168,71.539,110.24,109.27,105.62,105.35,102.39,97.342,89.202,96.947,88.864,106.55,88.519,88.678,101,104.92,99.202,96.556,96.592,96.994,89.067,88.084,88.698,104.84,90.188,84.961,84.369,79.145,83.045,68.527,67.322,82.685,83.193,90.692,90.361,90.317,87.29,81.036,94.483,95.368,100.21,89.976
84.138,191.04,63.112,61.97,70.43,94.627,89.422,112.44,62.188,89.364,90.229,95.169,110.85,96.369,69.029,92.569,80.909,76.555,75.746,98.05,67.289,98.765,70.461,93.358,101.19,110.82,86.362,82.091,92.131,78.899,86.484,74.945,75.991,74.552,66.398,67.308,69.703,60.048,61.909,61.934,61.923,68.562,58.11,58.592,61.517,73.694,78.944,0,83.219,86.518,83.493,83.412,82.807,98.969,98.004,94.349,94.079,91.124,86.074,77.934,85.679,74.886,100.46,74.541,74.7,94.908,89.868,82.221,79.575,79.539,79.137,70.287,69.304,69.918,86.058,71.408,66.181,67.964,69.794,70.125,66.221,65.114,63.905,64.413,73.195,73.526,73.57,80.637,92.84,95.93,96.225,95.173,101.24
148.67,243.31,80.473,94.693,113.09,28.492,7.926,30.296,95.216,45.492,46.184,23.872,30.568,25.264,105.78,26.952,73.916,124.5,123.69,114.68,102.35,114.21,106.26,130.9,100.87,135.64,109.38,99.879,132.26,112.35,126.83,119.59,120.9,125.41,118.94,124.43,126.82,93.076,98.659,94.873,94.318,92.287,85.188,81.803,78.878,39.74,71.951,83.219,0,5.28,6.49,19.52,5.28,19.52,20.292,23.216,23.432,25.796,29.836,36.348,42.544,122.83,126.33,122.48,122.64,120.78,127.41,122.35,119.7,119.88,121.89,121.14,123.41,134.46,150.59,135.94,130.28,117.29,120.4,122.4,102.02,100.17,117.41,116.96,120.09,118.44,118.22,103.66,92.514,111.38,112.85,119.99,3.605
141.17,233.99,89.56,85.373,103.77,8.966,7.926,9.868,97.596,17.466,17.812,6.656,10.004,7.352,100.72,8.196,92.239,119.25,118.44,117.98,93.028,117.51,96.938,127.11,104.17,136.46,112.68,103.18,131.5,114.23,127.83,121.47,122.78,122.17,115.16,116.91,119.31,95.456,93.595,85.553,84.998,82.967,88.607,86.99,87.965,14.59,90.274,86.518,5.28,0,0.605,4.48,5.28,4.48,4.866,6.328,6.436,7.618,9.638,12.894,15.992,117.58,126.62,117.23,117.39,121.07,123.62,121.59,120.71,120.89,122.9,117.9,118.88,126.95,143.09,128.44,120.96,113.25,111.08,113.08,92.698,90.853,112.7,113.17,121.97,120.32,120.1,106.96,95.813,114.68,116.15,120.81,12.49
138.14,230.97,86.535,82.348,100.75,7.756,9.136,8.658,94.571,16.256,16.602,5.446,8.794,6.142,97.69,6.986,89.214,116.22,115.41,114.95,90.003,114.49,93.913,124.09,101.14,133.43,109.66,100.15,128.48,111.2,124.81,118.45,119.76,119.14,112.13,113.89,116.28,92.431,90.57,82.528,81.973,79.942,85.582,83.965,84.94,13.38,87.249,83.493,6.49,0.605,0,3.27,6.49,3.27,3.656,5.118,5.226,6.408,8.428,11.684,14.782,114.56,123.59,114.21,114.37,118.05,120.6,118.57,117.69,117.86,119.88,114.88,115.86,123.92,140.06,125.41,117.94,110.22,108.06,110.05,89.673,87.828,109.68,110.15,118.95,117.29,117.07,103.93,92.788,111.65,113.13,117.78,13.7
138.06,230.89,86.454,82.267,100.67,2.243,24.812,8.658,94.328,16.256,16.602,5.446,8.794,6.142,97.447,6.986,89.133,116.14,115.33,114.87,89.922,114.41,93.832,124.01,101.06,133.35,109.58,100.07,128.4,110.96,124.73,118.2,119.51,119.06,112.05,113.81,116.2,92.188,90.327,82.447,81.892,79.861,85.339,83.884,84.859,13.38,87.168,83.412,19.52,4.48,3.27,0,19.52,3.27,3.656,5.118,5.226,6.408,8.428,11.684,14.782,114.47,123.51,114.13,114.29,117.96,120.52,118.49,117.6,117.78,119.79,114.79,115.78,123.84,139.98,125.33,117.86,109.98,107.82,109.97,89.592,87.747,109.6,110.07,118.7,117.05,116.83,103.85,92.707,111.57,113.05,117.7,33.94
147.44,241.25,80.061,92.633,111.03,28.492,1.323,30.296,94.804,45.492,46.184,23.872,30.568,25.264,105.37,26.952,73.504,123.26,122.45,114.27,100.29,113.8,104.2,129.66,100.46,135.23,108.97,99.467,131.85,111.94,126.41,119.18,120.49,125,117.71,123.19,125.59,92.664,98.247,92.813,92.258,90.227,84.776,81.391,78.466,39.74,71.539,82.807,5.28,5.28,6.49,19.52,0,19.52,20.292,23.216,23.432,25.796,29.836,36.348,42.544,121.59,125.92,121.25,121.41,120.37,126.17,121.94,119.29,119.47,121.48,120.73,122.17,133.22,149.36,134.71,128.22,116.88,118.34,120.34,99.958,98.113,116.18,115.72,119.68,118.03,117.81,103.25,92.102,110.97,112.44,119.58,12.49
136.94,228.92,104.91,85.439,98.697,7.756,24.812,2.694,95.318,6.493,6.666,1.088,2.762,1.436,98.437,1.858,112.2,121.06,120.25,120.72,93.022,120.84,96.292,131.93,112.9,139.38,116.54,108.97,136,111.55,130.57,118.8,120.11,124.15,117.86,119.75,122.14,93.178,91.317,85.547,85.214,88.331,89.222,100.38,103.31,5.055,110.24,98.969,19.52,4.48,3.27,3.27,19.52,0,0.193,0.924,0.978,1.569,2.579,4.207,5.756,119.39,130.08,119.04,119.2,124.53,128.44,126.09,123.45,123.63,125.14,119.88,121.41,122.72,138.86,124.21,118.99,110,103.52,108,92.052,90.847,115.97,115.87,119.3,117.64,117.42,110.82,104.55,118.01,118.89,123.73,33.94
135.98,227.95,103.94,84.474,97.732,8.142,25.584,2.887,94.353,6.3,6.473,0.895,2.569,1.243,97.472,1.665,111.24,120.09,119.28,119.75,92.057,119.88,95.327,130.97,111.94,138.42,115.58,108,135.04,110.59,129.61,117.83,119.14,123.18,116.89,118.78,121.18,92.213,90.352,84.582,84.249,87.366,88.257,99.42,102.34,4.862,109.27,98.004,20.292,4.866,3.656,3.656,20.292,0.193,0,0.731,0.785,1.376,2.386,4.014,5.563,118.42,129.11,118.08,118.24,123.56,127.48,125.13,122.48,122.66,124.18,118.92,120.45,121.76,137.9,123.25,118.02,109.04,102.56,107.04,91.087,89.882,115.01,114.91,118.33,116.68,116.46,109.85,103.58,117.04,117.93,122.77,34.712
132.32,224.3,100.29,80.819,94.077,9.604,28.508,3.618,90.698,5.569,5.742,0.164,3.3,0.512,93.817,0.934,107.58,116.44,115.63,116.1,88.402,116.22,91.672,127.31,108.28,134.76,111.92,104.35,131.38,106.93,125.95,114.18,115.49,119.53,113.24,115.13,117.52,88.558,86.697,80.927,80.594,83.711,84.602,95.765,98.69,4.131,105.62,94.349,23.216,6.328,5.118,5.118,23.216,0.924,0.731,0,0.054,0.645,1.655,3.283,4.832,114.77,125.46,114.42,114.58,119.91,123.82,121.47,118.83,119.01,120.52,115.26,116.79,118.1,134.24,119.59,114.37,105.38,98.901,103.38,87.432,86.227,111.35,111.25,114.68,113.02,112.8,106.2,99.926,113.39,114.27,119.11,37.636
132.05,224.03,100.02,80.549,93.807,9.712,28.724,3.672,90.428,5.515,5.688,0.218,3.354,0.458,93.547,0.88,107.31,116.17,115.36,115.83,88.132,115.95,91.402,127.04,108.01,134.49,111.65,104.08,131.11,106.66,125.68,113.91,115.22,119.26,112.97,114.85,117.25,88.288,86.427,80.657,80.324,83.441,84.332,95.495,98.42,4.077,105.35,94.079,23.432,6.436,5.226,5.226,23.432,0.978,0.785,0.054,0,0.591,1.601,3.229,4.778,114.5,125.19,114.15,114.31,119.64,123.55,121.2,118.56,118.74,120.25,114.99,116.52,117.83,133.97,119.32,114.1,105.11,98.631,103.11,87.162,85.957,111.08,110.98,114.41,112.75,112.53,105.93,99.656,113.12,114,118.84,37.852
129.1,221.07,97.06,77.594,90.852,10.894,31.088,4.263,87.473,4.924,5.097,0.809,3.945,1.049,90.592,0.289,104.36,113.21,112.4,112.87,85.177,113,88.447,124.09,105.06,131.54,108.69,101.12,128.16,103.71,122.73,110.95,112.26,116.3,110.01,111.9,114.3,85.333,83.472,77.702,77.369,80.486,81.377,92.54,95.465,3.486,102.39,91.124,25.796,7.618,6.408,6.408,25.796,1.569,1.376,0.645,0.591,0,1.01,2.638,4.187,111.54,122.23,111.2,111.36,116.68,120.6,118.25,115.6,115.78,117.3,112.04,113.57,114.88,131.02,116.37,111.14,102.16,95.676,100.16,84.207,83.002,108.13,108.03,111.45,109.8,109.58,102.97,96.701,110.16,111.05,115.89,40.216
124.05,216.02,92.01,72.544,85.802,12.914,35.128,5.273,82.423,3.914,4.087,1.819,4.955,2.059,85.542,1.299,99.307,108.16,107.35,107.82,80.127,107.95,83.397,119.04,100.01,126.49,103.64,96.07,123.11,98.657,117.68,105.9,107.21,111.25,104.96,106.85,109.24,80.283,78.422,72.652,72.319,75.436,76.327,87.49,90.415,2.476,97.342,86.074,29.836,9.638,8.428,8.428,29.836,2.579,2.386,1.655,1.601,1.01,0,1.628,3.177,106.49,117.18,106.15,106.31,111.63,115.55,113.2,110.55,110.73,112.25,106.99,108.52,109.83,125.97,111.32,106.09,97.109,90.626,95.107,79.157,77.952,103.08,102.98,106.4,104.75,104.53,97.92,91.651,105.11,106,110.84,44.256
115.91,207.88,83.87,64.404,77.662,16.17,41.64,6.901,74.283,2.286,2.459,3.447,6.583,3.687,77.402,2.927,91.167,100.02,99.214,99.683,71.987,99.808,75.257,110.9,91.866,118.35,95.505,87.93,114.97,90.517,109.54,97.762,99.072,103.11,96.822,98.71,101.1,72.143,70.282,64.512,64.179,67.296,68.187,79.35,82.275,0.848,89.202,77.934,36.348,12.894,11.684,11.684,36.348,4.207,4.014,3.283,3.229,2.638,1.628,0,1.549,98.354,109.04,98.009,98.168,103.49,107.41,105.06,102.41,102.59,104.11,98.849,100.38,101.69,117.83,103.18,97.951,88.969,82.486,86.967,71.017,69.812,94.939,94.837,98.262,96.607,96.387,89.78,83.511,96.973,97.858,102.7,50.768
123.65,215.63,91.615,72.149,85.407,19.268,47.836,8.45,82.028,0.737,0.91,4.996,8.132,5.236,85.147,4.476,98.912,107.77,106.96,107.43,79.732,107.55,83.002,118.64,99.611,126.09,103.25,95.675,122.71,98.262,117.28,105.51,106.82,110.86,104.57,106.45,108.85,79.888,78.027,72.257,71.924,75.041,75.932,87.095,90.02,2.397,96.947,85.679,42.544,15.992,14.782,14.782,42.544,5.756,5.563,4.832,4.778,4.187,3.177,1.549,0,106.1,116.79,105.75,105.91,111.24,115.15,112.8,110.16,110.34,111.85,106.59,108.12,109.43,125.57,110.92,105.7,96.714,90.231,94.712,78.762,77.557,102.68,102.58,106.01,104.35,104.13,97.525,91.256,104.72,105.6,110.44,56.964
81.564,218.25,96.123,87.795,89.11,125.69,128.21,132.86,99.243,109.78,110.65,115.59,131.27,116.79,106.08,112.99,90.829,2.251,1.991,73.45,92.224,74.165,94.658,74.439,75.912,88.888,74.077,66.084,78.31,73.566,74.571,78.463,79.685,59.581,76.699,80.766,83.161,97.103,98.964,87.903,87.57,85.539,92.725,92.121,94.528,94.114,88.864,74.886,122.83,117.58,114.56,114.47,121.59,119.39,118.42,114.77,114.5,111.54,106.49,98.354,106.1,0,1.509,1.509,1.509,3.729,70.949,68.4,67.518,67.626,68.832,55.316,56.299,67.344,83.484,68.834,81.921,78.809,86.388,97.334,90.418,90.049,75.169,74.714,78.213,77.22,77.088,68.352,67.557,71.33,71.625,73.238,140.85
92.352,220.96,101.31,96.171,96.383,134.73,132.54,143.55,104.18,120.47,121.34,126.28,141.96,127.48,110.6,123.68,108.52,2.251,1.991,107.81,99.442,107.94,101.88,107.45,102.14,126.48,94.335,89.366,106.22,86.872,100.58,87.287,88.333,76.753,80.842,81.745,84.14,102.04,103.48,96.207,96.096,98.205,97.464,96.787,99.712,104.8,106.55,100.46,126.33,126.62,123.6,123.51,125.92,130.08,129.11,125.46,125.19,122.23,117.18,109.04,116.79,1.509,0,1.509,1.509,1.11,103.96,96.314,93.668,93.632,93.23,72.488,71.505,78.132,94.272,79.622,81.072,88.462,94.945,100.04,97.636,97.267,78.243,78.857,85.537,85.868,85.912,88.61,93.785,105.1,105.99,110.83,144.36
