0,215.32,113.05,99.142,88.416,0,0,0,123.25,101.08,101.95,0,0,0,122.62,0,98.167,83.233,82.424,86.749,100.22,87.464,101.92,90.417,83.198,102.19,72.447,67.478,85.911,64.984,78.572,67.533,68.667,77.95,69.77,77.169,79.564,121.11,115.5,99.106,99.217,99.188,115.14,113.58,111.46,92.195,96.202,84.138,0,0,0,0,0,0,0,0,0,0,82.904,89.651,97.396,81.564,92.352,81.219,81.378,86.802,86.927,76.001,71.591,71.627,72.029,73.685,89.102,2.844,5.476,2.546,84.518,69.571,80.376,94.401,97.677,98.046,72.96,67.785,66.533,66.202,66.158,66.722,74.843,84.629,84.924,86.537,0
215.32,0,191.59,188.43,213.82,0,0,0,189.58,219.31,220.18,0,0,0,196.43,0,205.92,216.23,215.74,212.71,201.75,212.84,204.19,220.95,200.92,229.29,194.83,191.1,218.74,183.89,211.4,185.64,186.69,209.28,179.31,180.92,183.32,187.44,189.31,198.52,188.36,186.35,184.45,185.12,190,203.64,203.96,191.04,0,0,0,0,0,0,0,0,0,0,212.97,207.88,215.63,213.24,214.26,214.53,214.37,213.9,217.46,208.83,204.42,204.45,204.85,205.01,204.46,201.1,217.24,202.59,182.41,198.4,204.2,24.183,199.95,199.58,176.71,177.33,183.89,184.22,184.26,189.11,192.57,210,210.89,213.64,0
113.05,191.59,0,52.325,69.927,0,0,0,59.641,88.406,89.271,0,0,0,62.76,0,72.178,71.559,70.75,70.474,59.836,71.189,63.746,85.755,72.877,85.912,80.863,71.887,92.209,76.876,88.542,84.121,85.431,90.492,89.491,95.367,97.762,57.501,55.64,52.361,56.071,55.394,61.483,83.684,0.319,74.432,70.213,58.945,0,0,0,0,0,0,0,0,0,0,79.654,76.976,84.721,79.922,69.236,69.545,69.704,70.527,82.265,82.299,81.417,81.597,83.607,86.227,87.789,98.834,114.97,100.32,97.154,76.837,70.426,70.679,59.506,57.661,88.352,87.506,84.621,82.966,82.746,75.138,64.522,68.354,68.649,70.262,0
99.142,188.43,52.325,0,70.467,0,0,0,61.538,72.734,73.599,0,0,0,68.598,0,63.879,68.175,67.684,77.186,70.058,79.081,72.492,84.109,75.902,86.172,76.635,70.154,95.043,68.436,92.363,70.985,72.119,87.17,66.598,68.208,70.603,59.398,61.478,64.757,64.64,51.317,54.403,47.805,50.73,58.76,61.914,61.97,0,0,0,0,0,0,0,0,0,0,65.501,61.304,69.049,65.769,66.397,66.479,66.32,69.727,80.619,85.133,85.31,85.418,86.584,82.905,82.25,84.922,101.06,86.412,72.258,70.027,63.544,67.519,68.252,67.883,63.999,64.613,69.985,69.654,69.61,70.91,67.547,76.246,75.361,70.522,0
88.416,213.82,69.927,70.467,0,0,0,0,72.797,89.092,89.957,0,0,0,79.638,0,77.137,86.009,85.518,87.349,92.84,88.064,96.012,93.468,77.652,100.78,68.335,64.878,92.238,57.396,84.899,59.945,61.079,81.793,55.507,58.146,60.541,70.657,72.518,87.485,70.242,62.213,66.084,65.407,68.332,73.422,75.172,70.43,0,0,0,0,0,0,0,0,0,0,82.747,77.662,85.407,83.015,84.045,84.313,84.154,84.868,89.978,82.328,77.918,77.954,78.356,77.528,76.405,74.196,90.336,75.686,59.635,75.541,77.702,92.903,91.772,90.665,53.937,53.522,58.945,58.614,58.57,62.61,69.297,85.229,85.524,85.133,0
0,0,0,0,0,0,33.784,13.144,0,0,0,9.932,13.28,10.628,0,11.472,0,0,0,0,0,0,0,0,0,0,0,0,0,0,0,0,0,0,0,0,0,0,0,0,0,0,0,0,0,0,0,0,28.492,8.966,7.756,2.243,28.492,7.756,8.142,9.604,9.712,10.894,0,0,0,0,0,0,0,0,0,0,0,0,0,0,0,0,0,0,0,0,0,0,0,0,0,0,0,0,0,0,0,0,0,0,42.912
0,0,0,0,0,33.784,0,35.588,0,0,0,29.164,35.86,30.556,0,32.244,0,0,0,0,0,0,0,0,0,0,0,0,0,0,0,0,0,0,0,0,0,0,0,0,0,0,0,0,0,0,0,0,7.926,7.926,9.136,24.812,1.323,24.812,25.584,28.508,28.724,31.088,0,0,0,0,0,0,0,0,0,0,0,0,0,0,0,0,0,0,0,0,0,0,0,0,0,0,0,0,0,0,0,0,0,0,15.136
0,0,0,0,0,13.144,35.588,0,0,0,0,3.782,5.456,4.13,0,4.552,0,0,0,0,0,0,0,0,0,0,0,0,0,0,0,0,0,0,0,0,0,0,0,0,0,0,0,0,0,0,0,0,30.296,9.868,8.658,8.658,30.296,2.694,2.887,3.618,3.672,4.263,0,0,0,0,0,0,0,0,0,0,0,0,0,0,0,0,0,0,0,0,0,0,0,0,0,0,0,0,0,0,0,0,0,0,44.716
123.25,189.58,59.641,61.538,72.797,0,0,0,0,85.713,86.578,0,0,0,78.603,0,70.695,80.257,80.084,78.947,67.22,79.662,70.392,95.16,78.119,94.385,82.084,74.402,100.68,78.097,97.015,85.342,86.652,99.105,90.421,95.244,97.639,0.428,71.483,61.646,61.313,51.535,72.071,55.121,58.046,70.043,68.73,62.188,0,0,0,0,0,0,0,0,0,0,82.423,74.283,82.028,83.763,79.034,78.879,78.402,79,91.67,90.772,89.89,90.07,92.08,94.84,99.479,109.03,125.17,110.52,95.49,76.726,68.416,68.669,66.152,65.045,89.154,88.436,85.842,84.187,83.967,76.359,69.764,76.827,77.122,78.735,0
101.08,219.31,88.406,72.734,89.092,0,0,0,85.713,0,1.647,0,0,0,88.832,0,82.579,71.995,71.186,75.48,80.317,76.195,84.227,80.115,77.942,89.986,80.697,71.192,86.097,83.662,82.43,90.907,92.217,79.098,91.943,97.428,99.823,83.573,81.712,72.842,72.509,71.832,79.617,83.886,86.811,91.814,80.614,69.346,0,0,0,0,0,0,0,0,0,0,89.474,2.286,0.737,88.67,75.25,69.981,70.14,74.14,76.625,76.187,75.305,75.485,77.495,74.833,75.816,86.861,103,88.351,100.4,91.307,92.563,98.397,79.987,78.142,90.413,89.958,91.407,89.752,89.532,74.972,69.587,73.36,73.655,74.336,0
101.95,220.18,89.271,73.599,89.957,0,0,0,86.578,1.647,0,0,0,0,89.697,0,83.444,72.86,72.051,76.345,81.182,77.06,85.092,80.98,78.807,90.851,81.562,72.057,86.962,84.527,83.295,91.772,93.082,79.963,92.808,98.293,100.69,84.438,82.577,73.707,73.374,72.697,80.482,84.751,87.676,92.679,81.479,70.211,0,0,0,0,0,0,0,0,0,0,90.339,2.459,0.91,89.535,76.115,70.846,71.005,75.005,77.49,77.052,76.17,76.35,78.36,75.698,76.681,87.726,103.87,89.216,101.27,92.172,93.428,99.262,80.852,79.007,91.278,90.823,92.272,90.617,90.397,75.837,70.452,74.225,74.52,75.201,0
0,0,0,0,0,9.932,29.164,3.782,0,0,0,0,3.464,0.676,0,1.098,0,0,0,0,0,0,0,0,0,0,0,0,0,0,0,0,0,0,0,0,0,0,0,0,0,0,0,0,0,0,0,0,23.872,6.656,5.446,5.446,23.872,1.088,0.895,0.164,0.218,0.809,0,0,0,0,0,0,0,0,0,0,0,0,0,0,0,0,0,0,0,0,0,0,0,0,0,0,0,0,0,0,0,0,0,0,38.292
0,0,0,0,0,13.28,35.86,5.456,0,0,0,3.464,0,3.812,0,4.234,0,0,0,0,0,0,0,0,0,0,0,0,0,0,0,0,0,0,0,0,0,0,0,0,0,0,0,0,0,0,0,0,30.568,10.004,8.794,8.794,30.568,2.762,2.569,3.3,3.354,3.945,0,0,0,0,0,0,0,0,0,0,0,0,0,0,0,0,0,0,0,0,0,0,0,0,0,0,0,0,0,0,0,0,0,0,44.988
0,0,0,0,0,10.628,30.556,4.13,0,0,0,0.676,3.812,0,0,1.338,0,0,0,0,0,0,0,0,0,0,0,0,0,0,0,0,0,0,0,0,0,0,0,0,0,0,0,0,0,0,0,0,25.264,7.352,6.142,6.142,25.264,1.436,1.243,0.512,0.458,1.049,0,0,0,0,0,0,0,0,0,0,0,0,0,0,0,0,0,0,0,0,0,0,0,0,0,0,0,0,0,0,0,0,0,0,39.684
122.62,196.42,62.76,68.598,79.638,0,0,0,78.603,88.832,89.697,0,0,0,0,0,76.877,83.376,83.203,89.51,74.061,90.225,77.233,100.05,85.179,101.93,88.925,81.243,110.67,84.696,106.47,91.941,93.251,106.73,90.077,91.687,94.082,76.463,1.424,72.209,68.373,58.376,71.468,58.24,61.165,73.162,74.912,69.029,0,0,0,0,0,0,0,0,0,0,83.253,77.402,85.147,84.057,82.153,81.998,81.521,85.483,96.561,100.76,99.35,99.53,101.54,102.47,105.24,108.4,124.54,109.89,95.737,80.462,73.979,75.51,72.993,71.886,87.478,88.092,92.434,90.786,90.566,83.2,76.824,87.39,87.685,86.278,0
0,0,0,0,0,11.472,32.244,4.552,0,0,0,1.098,4.234,1.338,0,0,0,0,0,0,0,0,0,0,0,0,0,0,0,0,0,0,0,0,0,0,0,0,0,0,0,0,0,0,0,0,0,0,26.952,8.196,6.986,6.986,26.952,1.858,1.665,0.934,0.88,0.289,0,0,0,0,0,0,0,0,0,0,0,0,0,0,0,0,0,0,0,0,0,0,0,0,0,0,0,0,0,0,0,0,0,0,41.372
98.167,205.92,72.178,63.879,77.137,0,0,0,70.695,82.579,83.444,0,0,0,76.877,0,0,59.932,59.123,69.28,71.462,70.585,74.732,73.248,74.497,80.731,79.026,69.521,82.217,79.977,80.314,87.122,88.344,76.184,84.649,87.127,89.522,68.555,69.757,63.987,63.654,65.073,64.177,69.608,70.583,70.301,0.393,64.283,0,0,0,0,0,0,0,0,0,0,71.621,71.149,78.894,71.353,63.176,57.918,58.077,64.286,69.758,72.307,73.189,73.369,75.379,71.919,72.902,83.947,100.09,85.437,86.926,83.178,81.11,85.01,70.492,69.287,82.918,82.664,86.872,85.879,85.747,73.301,66.142,67.75,67.455,65.081,0
83.233,216.23,71.559,68.175,86.009,0,0,0,80.257,71.995,72.86,0,0,0,83.376,0,59.932,0,70.864,58.245,75.83,58.96,79.74,66.833,60.707,73.683,65.821,56.316,71.221,68.786,67.554,76.031,77.341,61.25,78.368,82.435,84.83,78.117,76.256,68.355,67.8,64.981,71.268,68.989,69.964,59.717,57.967,54.211,0,0,0,0,0,0,0,0,0,0,62.193,60.565,68.31,68.975,68.732,69.659,0.371,61.27,63.343,61.311,60.429,60.609,62.619,56.985,57.968,69.013,85.153,70.503,83.59,76.431,87.016,95.314,75.5,73.655,76.838,76.383,76.531,74.876,74.656,60.096,52.352,56.125,56.42,58.033,0
82.424,215.74,70.75,67.684,85.518,0,0,0,80.084,71.186,72.051,0,0,0,83.203,0,59.123,70.864,0,57.436,75.339,58.151,79.249,66.342,59.898,72.874,65.33,55.825,70.73,68.295,67.063,75.54,76.85,60.441,77.559,81.626,84.021,77.944,76.083,67.864,67.309,64.172,71.095,68.18,69.155,58.908,57.158,53.402,0,0,0,0,0,0,0,0,0,0,61.384,59.756,67.501,67.848,68.559,0.241,69.009,60.779,62.852,60.82,59.938,60.118,62.128,56.176,57.159,68.204,84.344,69.694,82.618,75.94,86.525,94.823,75.009,73.164,76.029,75.574,76.04,74.385,74.165,59.605,51.543,55.316,55.611,57.224,0
86.749,212.71,70.474,77.186,87.349,0,0,0,78.947,75.48,76.345,0,0,0,89.51,0,69.28,58.245,57.436,0,83.281,82.037,86.453,82.791,76.238,90.898,79.686,71.693,90.935,79.175,86.654,83.858,84.992,71.083,77.334,76.819,79.214,76.807,82.39,77.366,76.811,73.447,71.812,69.854,68.879,64.82,67.315,66.024,0,0,0,0,0,0,0,0,0,0,59.298,64.05,71.795,58.494,73.343,56.231,56.39,74.453,79.301,81.025,79.601,79.709,80.915,66.818,65.902,72.529,88.669,74.019,75.469,81.27,87.753,91.796,82.213,81.106,74.735,75.349,82.858,82.527,82.483,73.961,67.883,79.202,0.365,75.248,0
100.22,201.75,59.836,70.058,92.84,0,0,0,67.22,80.317,81.182,0,0,0,74.061,0,71.462,75.83,75.339,83.281,0,84.586,103.72,91.537,80.235,93.827,77.723,72.754,99.701,67.323,94.206,69.872,71.006,88.577,67.677,69.287,71.682,65.08,66.941,97.412,69.833,56.636,60.507,55.316,58.241,66.343,69.497,67.289,0,0,0,0,0,0,0,0,0,0,73.156,68.887,76.632,73.424,74.052,74.134,73.975,77.382,88.047,89.791,87.225,87.261,87.663,84.312,83.329,86.001,102.14,87.491,72.753,75.132,77.293,80.84,99.485,0.435,65.078,65.692,68.872,68.541,68.497,71.998,71.88,81.751,81.456,78.177,0
87.464,212.84,71.189,79.081,88.064,0,0,0,79.662,76.195,77.06,0,0,0,90.225,0,70.585,58.96,58.151,82.037,84.586,0,87.758,83.506,78.133,91.023,80.991,72.998,92.24,80.48,87.959,84.573,85.707,71.865,78.049,77.534,79.929,77.522,83.105,79.231,78.706,75.342,72.527,70.569,69.594,65.535,68.62,67.919,0,0,0,0,0,0,0,0,0,0,60.013,64.765,72.51,59.209,73.468,56.946,57.105,74.578,80.016,82.33,80.906,81.014,82.22,67.6,66.617,73.244,89.384,74.734,76.184,81.395,87.878,91.921,83.518,82.411,75.45,76.064,83.573,83.242,83.198,75.266,69.778,0.567,80.212,75.373,0
101.92,204.19,63.746,72.492,96.012,0,0,0,70.392,84.227,85.092,0,0,0,77.233,0,74.732,79.74,79.249,86.453,103.72,87.758,0,94.709,82.669,97.737,79.22,74.45,101.48,68.281,95.784,70.83,71.964,90.273,69.373,70.983,73.378,68.252,70.113,98.37,72.267,59.808,63.679,59.226,62.151,70.253,72.767,70.461,0,0,0,0,0,0,0,0,0,0,77.066,72.797,80.542,77.334,77.962,78.044,77.885,81.292,91.219,91.567,88.803,88.839,89.241,86.008,85.025,87.697,103.84,89.187,73.711,77.566,79.727,83.274,0.848,101.55,66.774,67.388,69.83,69.499,69.455,73.495,74.314,84.923,84.628,82.087,0
90.417,220.95,85.755,84.109,93.468,0,0,0,95.16,80.115,80.98,0,0,0,100.05,0,73.248,66.833,66.342,82.791,91.537,83.506,94.709,0,79.164,98.229,80.275,72.282,99.606,77.15,91.674,77.565,78.611,73.424,76.057,74.702,77.097,93.02,92.931,84.289,83.734,80.355,85.734,83.703,84.16,69.533,71.283,69.717,0,0,0,0,0,0,0,0,0,0,65.395,68.685,76.43,64.591,81.734,65.137,64.978,89.681,0.698,89.696,87.05,84.729,85.935,69.159,69.57,76.197,92.337,77.687,74.279,80.046,90.331,100.03,90.469,89.362,73.299,74.072,75.815,76.146,76.19,74.55,70.809,80.671,80.966,82.579,0
83.198,200.92,72.877,75.902,77.652,0,0,0,78.119,77.942,78.807,0,0,0,85.179,0,74.497,60.707,59.898,76.238,80.235,78.133,82.669,79.164,0,85.224,91.492,87.649,88.133,84.029,85.502,77.723,78.769,73.612,68.686,66.591,68.986,75.979,78.059,75.866,75.855,80.842,70.984,70.307,71.282,67.282,72.532,81.168,0,0,0,0,0,0,0,0,0,0,61.76,66.512,74.257,60.956,67.669,58.693,58.852,68.779,75.674,78.223,78.521,78.557,78.197,69.347,68.364,68.978,85.118,70.468,65.241,73.591,76.621,80.009,78.429,78.06,67.994,66.701,75.973,76.304,76.348,85.767,1.671,75.298,74.413,69.574,0
102.19,229.29,85.912,86.172,100.78,0,0,0,94.385,89.986,90.851,0,0,0,101.93,0,80.731,73.683,72.874,90.898,93.827,91.023,97.737,98.229,85.224,0,90.676,81.288,103.15,90.165,98.866,95.062,96.284,83.295,91.207,92.11,94.505,92.245,94.808,86.352,85.797,82.433,87.081,85.05,84.317,77.777,78.766,75.01,0,0,0,0,0,0,0,0,0,0,74.736,78.556,86.301,73.932,91.075,71.669,71.828,93.117,94.739,93.237,91.813,91.921,93.127,79.03,80.013,87.967,104.11,89.457,90.907,95.408,102.32,108.37,93.497,91.652,88.608,89.222,94.812,93.819,93.687,84.951,76.869,88.188,89.073,3.13,0
72.447,194.83,80.863,76.635,68.335,0,0,0,82.084,80.697,81.562,0,0,0,88.925,0,79.026,65.821,65.33,79.686,77.723,80.991,79.22,80.275,91.492,90.676,0,83.247,83.386,80.301,77.739,68.578,69.536,67.65,56.423,55.84,58.235,79.944,81.805,76.599,76.71,79.935,76.099,76.343,79.268,71.811,77.061,80.07,0,0,0,0,0,0,0,0,0,0,64.383,69.267,77.012,63.579,73.238,64.125,63.966,74.231,76.785,73.476,70.83,70.794,70.392,63.385,60.436,58.227,74.367,59.717,54.49,65.786,71.762,73.918,74.98,75.548,57.243,54.438,66.078,67.071,67.203,1.145,83.137,78.156,77.861,75.026,0
67.478,191.1,71.887,70.154,64.878,0,0,0,74.402,71.192,72.057,0,0,0,81.243,0,69.521,56.316,55.825,71.693,72.754,72.998,74.45,72.282,87.649,81.288,83.247,0,78.417,72.308,72.77,63.609,64.567,61.566,52.966,50.871,53.266,72.262,74.123,70.118,70.229,73.96,68.106,68.588,70.292,62.306,67.556,72.077,0,0,0,0,0,0,0,0,0,0,54.878,59.762,67.507,54.074,63.733,54.62,54.461,64.843,68.792,68.507,65.861,65.825,65.423,57.301,55.467,53.258,69.398,54.748,49.521,60.817,66.793,70.181,70.21,70.579,52.274,50.981,61.109,62.102,62.234,77.522,79.294,70.163,69.868,65.638,0
85.911,218.74,92.209,95.043,92.238,0,0,0,100.68,86.097,86.962,0,0,0,110.67,0,82.217,71.221,70.73,90.935,99.701,92.24,101.48,99.606,88.133,103.15,83.386,78.417,0,75.923,97.665,74.234,75.192,78.235,70.947,69.304,71.699,98.542,103.55,95.151,94.818,92.787,93.547,91.589,90.614,77.211,80.252,81.637,0,0,0,0,0,0,0,0,0,0,69.783,74.667,82.412,68.979,86.122,69.525,69.366,88.454,96.116,1.982,101.12,90.72,90.318,73.97,72.987,71.691,87.831,73.181,67.954,78.193,88.836,97.821,97.237,97.526,70.707,68.962,71.734,72.727,72.859,77.661,79.778,89.405,89.11,87.497,0
64.984,183.89,76.876,68.436,57.396,0,0,0,78.097,83.662,84.527,0,0,0,84.696,0,79.977,68.786,68.295,79.175,67.323,80.48,68.281,77.15,84.029,90.165,80.301,72.308,75.923,0,68.525,61.115,62.073,60.187,45.484,48.377,50.772,75.957,77.576,68.328,68.661,70.286,71.737,72.356,75.281,74.776,78.012,77.763,0,0,0,0,0,0,0,0,0,0,67.348,72.232,79.977,66.544,74.83,67.09,66.931,73.72,73.66,66.013,61.688,61.58,60.374,55.922,52.973,50.764,66.904,52.254,47.027,58.323,64.299,62.979,64.041,65.148,49.78,43.499,58.615,59.608,59.74,74.576,75.674,77.645,77.35,74.515,0
78.572,211.4,88.542,92.363,84.899,0,0,0,97.015,82.43,83.295,0,0,0,106.47,0,80.314,67.554,67.063,86.654,94.206,87.959,95.784,91.674,85.502,98.866,77.739,72.77,97.665,68.525,0,66.751,67.709,73.775,63.536,61.965,64.36,94.875,99.355,92.399,92.288,90.884,89.88,87.922,86.947,73.544,78.349,79.662,0,0,0,0,0,0,0,0,0,0,66.116,71,78.745,65.312,82.455,65.858,65.699,82.951,88.184,87.755,88.346,1.389,87.248,69.51,66.561,64.352,80.492,65.842,60.615,70.71,81.425,90.482,91.544,92.031,63.368,61.551,64.251,65.244,65.376,72.014,77.147,85.124,84.829,83.216,0
67.533,185.64,84.121,70.985,59.945,0,0,0,85.342,90.907,91.772,0,0,0,91.941,0,87.122,76.031,75.54,83.858,69.872,84.573,70.83,77.565,77.723,95.062,68.578,63.609,74.234,61.115,66.751,0,66.97,61.706,48.033,50.926,53.321,83.202,84.821,70.877,71.21,73.241,78.982,79.601,82.526,82.021,85.157,74.945,0,0,0,0,0,0,0,0,0,0,74.593,79.477,87.222,73.789,79.727,74.335,74.176,78.617,74.075,64.324,59.914,59.806,58.6,57.441,55.522,53.313,69.453,54.803,49.576,60.872,66.848,64.725,66.59,67.697,52.329,46.048,63.512,64.505,0.275,62.853,69.368,81.738,82.033,79.412,0
68.667,186.69,85.431,72.119,61.079,0,0,0,86.652,92.217,93.082,0,0,0,93.251,0,88.344,77.341,76.85,84.992,71.006,85.707,71.964,78.611,78.769,96.284,69.536,64.567,75.192,62.073,67.709,66.97,0,62.752,49.167,52.06,54.455,84.512,86.131,72.011,72.344,74.375,80.292,80.911,83.836,83.331,86.379,75.991,0,0,0,0,0,0,0,0,0,0,75.903,80.787,88.532,75.099,80.949,75.645,75.486,79.839,75.121,65.282,60.872,60.764,59.558,58.487,56.656,54.447,70.587,55.937,50.71,61.972,67.982,65.771,67.724,68.831,53.463,47.182,64.734,0.493,65.595,63.811,70.414,82.872,83.167,80.634,0
77.95,209.28,90.492,87.17,81.793,0,0,0,99.105,79.098,79.963,0,0,0,106.73,0,76.184,61.25,60.441,71.083,88.577,71.865,90.273,73.424,73.612,83.295,67.65,61.566,78.235,60.187,73.775,61.706,62.752,0,61.006,60.823,63.218,96.965,99.614,87.206,87.095,86.418,91.898,89.867,88.897,70.212,74.219,72.93,0,0,0,0,0,0,0,0,0,0,60.921,67.668,75.413,59.581,70.71,59.236,59.395,67.38,69.934,68.325,66.794,66.83,67.232,0.853,65.939,63.73,79.87,65.22,59.993,64.187,74.992,88.362,86.033,86.402,59.42,59.021,59.956,60.287,60.331,61.925,65.257,69.03,69.258,67.645,0
69.77,179.31,89.491,66.598,55.507,0,0,0,90.421,91.943,92.808,0,0,0,90.077,0,84.649,78.368,77.559,77.334,67.677,78.049,69.373,76.057,68.686,91.207,56.423,52.966,70.947,45.484,63.536,48.033,49.167,61.006,0,45.689,48.084,88.281,82.957,66.562,66.673,67.35,83.41,83.412,87.896,81.361,82.684,66.398,0,0,0,0,0,0,0,0,0,0,77.223,80.513,88.258,76.419,79.413,76.354,76.513,75.292,72.567,61.037,56.627,56.591,56.189,56.741,56.143,55.55,71.69,57.04,44.339,47.013,53.874,58.397,65.133,65.502,55.333,0.397,55.156,46.702,46.658,50.698,60.331,75.214,75.509,75.557,0
77.169,180.92,95.367,68.208,58.146,0,0,0,95.244,97.428,98.293,0,0,0,91.687,0,87.127,82.435,81.626,76.819,69.287,77.534,70.983,74.702,66.591,92.11,55.84,50.871,69.304,48.377,61.965,50.926,52.06,60.823,45.689,0,0.479,93.104,84.567,68.172,68.283,68.96,88.908,88.897,93.772,86.846,85.162,67.308,0,0,0,0,0,0,0,0,0,0,82.106,85.998,93.743,80.766,81.745,80.421,80.58,76.195,71.212,59.394,54.984,55.02,55.422,56.558,59.994,62.949,79.089,64.439,59.212,52.964,62.83,60.007,66.743,67.112,59.053,43.704,49.926,49.595,49.551,50.115,58.236,74.699,74.994,76.46,0
79.564,183.32,97.762,70.603,60.541,0,0,0,97.639,99.823,100.69,0,0,0,94.082,0,89.522,84.83,84.021,79.214,71.682,79.929,73.378,77.097,68.986,94.505,58.235,53.266,71.699,50.772,64.36,53.321,54.455,63.218,48.084,0.479,0,95.499,86.962,70.567,70.678,71.355,91.303,91.292,96.167,89.241,87.557,69.703,0,0,0,0,0,0,0,0,0,0,84.501,88.393,96.138,83.161,84.14,82.816,82.975,78.59,73.607,61.789,57.379,57.415,57.817,58.953,62.389,65.344,81.484,66.834,61.607,55.359,65.225,62.402,69.138,69.507,61.448,46.099,52.321,51.99,51.946,52.51,60.631,77.094,77.389,78.855,0
121.11,187.44,57.501,59.398,70.657,0,0,0,0.428,83.573,84.438,0,0,0,76.463,0,68.555,78.117,77.944,76.807,65.08,77.522,68.252,93.02,75.979,92.245,79.944,72.262,98.542,75.957,94.875,83.202,84.512,96.965,88.281,93.104,95.499,0,69.343,59.506,59.173,49.395,69.931,52.981,55.906,67.903,66.59,60.048,0,0,0,0,0,0,0,0,0,0,80.283,72.143,79.888,81.623,76.894,76.739,76.262,76.86,89.53,88.632,87.75,87.93,89.94,92.7,97.339,106.89,123.03,108.38,93.35,74.586,66.276,66.529,64.012,62.905,87.014,86.296,83.702,82.047,81.827,74.219,67.624,74.687,74.982,76.595,0
115.5,189.31,55.64,61.478,72.518,0,0,0,71.483,81.712,82.577,0,0,0,1.424,0,69.757,76.256,76.083,82.39,66.941,83.105,70.113,92.931,78.059,94.808,81.805,74.123,103.55,77.576,99.355,84.821,86.131,99.614,82.957,84.567,86.962,69.343,0,65.089,61.253,51.256,64.348,51.12,54.045,66.042,67.792,61.909,0,0,0,0,0,0,0,0,0,0,76.133,70.282,78.027,76.937,75.033,74.878,74.401,78.363,89.441,93.641,92.23,92.41,94.42,95.349,98.118,101.28,117.42,102.77,88.617,73.342,66.859,68.39,65.873,64.766,80.358,80.972,85.314,83.666,83.446,76.08,69.704,80.27,80.565,79.158,0
99.106,198.52,52.361,64.757,87.485,0,0,0,61.646,72.842,73.707,0,0,0,72.209,0,63.987,68.355,67.864,77.366,97.412,79.231,98.37,84.289,75.866,86.352,76.599,70.118,95.151,68.328,92.399,70.877,72.011,87.206,66.562,68.172,70.567,59.506,65.089,0,64.532,51.281,54.511,47.841,50.766,58.868,62.022,61.934,0,0,0,0,0,0,0,0,0,0,65.681,61.412,69.157,65.949,66.577,66.659,66.5,69.907,80.799,85.241,85.346,85.454,86.548,82.941,82.214,84.886,101.03,86.376,72.222,71.897,74.058,77.605,94.13,95.237,63.963,64.577,69.877,69.546,69.502,70.874,67.511,76.396,75.541,70.702,0
99.217,188.36,56.071,64.64,70.242,0,0,0,61.313,72.509,73.374,0,0,0,68.373,0,63.654,67.8,67.309,76.811,69.833,78.706,72.267,83.734,75.855,85.797,76.71,70.229,94.818,68.661,92.288,71.21,72.344,87.095,66.673,68.283,70.678,59.173,61.253,64.532,0,58.567,54.178,53.501,54.476,58.535,61.689,61.923,0,0,0,0,0,0,0,0,0,0,65.126,61.079,68.824,65.394,66.022,66.104,65.945,69.352,80.244,84.908,85.235,85.343,86.549,82.83,82.325,84.997,101.14,86.487,72.333,69.952,63.469,67.444,68.027,67.658,64.074,64.688,70.21,69.879,69.835,70.985,67.5,75.871,74.986,70.147,0
99.188,186.35,55.394,51.317,62.213,0,0,0,51.535,71.832,72.697,0,0,0,58.376,0,65.073,64.981,64.172,73.447,56.636,75.342,59.808,80.355,80.842,82.433,79.935,73.96,92.787,70.286,90.884,73.241,74.375,86.418,67.35,68.96,71.355,49.395,51.256,51.281,58.567,0,53.501,52.824,53.799,57.858,63.108,68.562,0,0,0,0,0,0,0,0,0,0,63.095,60.402,68.147,63.363,62.658,62.967,63.126,65.988,76.865,82.877,83.759,83.939,85.949,82.153,83.002,84.968,101.11,86.458,73.01,67.943,61.46,65.435,55.568,54.461,64.751,65.365,72.241,71.91,71.866,74.21,72.487,72.507,71.622,66.783,0
115.13,184.45,61.483,54.403,66.084,0,0,0,72.071,79.617,80.482,0,0,0,71.468,0,64.177,71.268,71.095,71.812,60.507,72.527,63.679,85.734,70.984,87.081,76.099,68.106,93.547,71.737,89.88,78.982,80.292,91.898,83.41,88.908,91.303,69.931,64.348,54.511,54.178,53.501,0,61.821,59.888,63.947,62.212,57.052,0,0,0,0,0,0,0,0,0,0,75.289,68.187,75.932,76.093,70.03,69.89,69.413,71.166,82.244,83.637,82.755,82.935,84.945,87.633,90.582,100.91,117.05,102.41,90.033,70.208,63.279,63.532,59.439,58.332,82.596,81.425,79.482,77.827,77.607,70.374,62.629,69.692,69.987,71.431,0
113.58,185.12,83.684,47.805,65.407,0,0,0,55.121,83.886,84.751,0,0,0,58.24,0,69.608,68.989,68.18,69.854,55.316,70.569,59.226,83.703,70.307,85.05,76.343,68.588,91.589,72.356,87.922,79.601,80.911,89.867,83.412,88.897,91.292,52.981,51.12,47.841,53.501,52.824,61.821,0,82.089,69.912,67.643,56.375,0,0,0,0,0,0,0,0,0,0,75.134,72.456,80.201,75.402,66.666,66.975,67.134,69.135,80.213,81.679,80.797,80.977,82.987,85.602,88.395,99.364,115.5,100.85,90.684,70.885,63.956,64.209,54.986,53.141,81.882,81.427,80.101,78.446,78.226,70.618,61.952,67.734,68.029,69.4,0
111.46,190,0.319,50.73,68.332,0,0,0,58.046,86.811,87.676,0,0,0,61.165,0,70.583,69.964,69.155,68.879,58.241,69.594,62.151,84.16,71.282,84.317,79.268,70.292,90.614,75.281,86.947,82.526,83.836,88.897,87.896,93.772,96.167,55.906,54.045,50.766,54.476,53.799,59.888,82.089,0,72.837,68.618,57.35,0,0,0,0,0,0,0,0,0,0,78.059,75.381,83.126,78.327,67.641,67.95,68.109,68.932,80.67,80.704,79.822,80.002,82.012,84.632,86.194,97.239,113.38,98.729,95.559,75.242,68.831,69.084,57.911,56.066,86.757,85.911,83.026,81.371,81.151,73.543,62.927,66.759,67.054,68.667,0
92.195,203.64,74.432,58.76,73.422,0,0,0,70.043,91.814,92.679,0,0,0,73.162,0,70.301,59.717,58.908,64.82,66.343,65.535,70.253,69.533,67.282,77.777,71.811,62.306,77.211,74.776,73.544,82.021,83.331,70.212,81.361,86.846,89.241,67.903,66.042,58.868,58.535,57.858,63.947,69.912,72.837,0,68.336,57.068,0,0,0,0,0,0,0,0,0,0,75.5,80.384,88.129,74.696,62.972,57.703,57.862,61.862,66.043,67.301,66.419,66.599,68.609,65.947,66.93,77.975,94.115,79.465,88.126,79.463,78.246,82.727,66.013,64.168,79.831,79.376,82.521,80.866,80.646,66.086,58.927,62.7,62.995,62.127,0
96.202,203.96,70.213,61.914,75.172,0,0,0,68.73,80.614,81.479,0,0,0,74.912,0,0.393,57.967,57.158,67.315,69.497,68.62,72.767,71.283,72.532,78.766,77.061,67.556,80.252,78.012,78.349,85.157,86.379,74.219,82.684,85.162,87.557,66.59,67.792,62.022,61.689,63.108,62.212,67.643,68.618,68.336,0,62.318,0,0,0,0,0,0,0,0,0,0,69.656,69.184,76.929,69.388,61.211,55.953,56.112,62.321,67.793,70.342,71.224,71.404,73.414,69.954,70.937,81.982,98.122,83.472,84.961,81.213,79.145,83.045,68.527,67.322,80.953,80.699,84.907,83.914,83.782,71.336,64.177,65.785,65.49,63.116,0
84.138,191.04,58.945,61.97,70.43,0,0,0,62.188,69.346,70.211,0,0,0,69.029,0,64.283,54.211,53.402,66.024,67.289,67.919,70.461,69.717,81.168,75.01,80.07,72.077,81.637,77.763,79.662,74.945,75.991,72.93,66.398,67.308,69.703,60.048,61.909,61.934,61.923,68.562,57.052,56.375,57.35,57.068,62.318,0,0,0,0,0,0,0,0,0,0,0,58.388,57.916,65.661,58.12,57.455,52.197,52.356,58.565,66.227,71.727,72.609,72.717,73.923,68.665,69.304,69.918,86.058,71.408,66.181,67.964,69.794,70.125,66.221,65.114,63.905,64.413,73.195,73.526,73.57,74.345,72.813,65.084,64.199,59.36,0
0,0,0,0,0,28.492,7.926,30.296,0,0,0,23.872,30.568,25.264,0,26.952,0,0,0,0,0,0,0,0,0,0,0,0,0,0,0,0,0,0,0,0,0,0,0,0,0,0,0,0,0,0,0,0,0,5.28,6.49,19.52,5.28,19.52,20.292,23.216,23.432,25.796,0,0,0,0,0,0,0,0,0,0,0,0,0,0,0,0,0,0,0,0,0,0,0,0,0,0,0,0,0,0,0,0,0,0,3.605
0,0,0,0,0,8.966,7.926,9.868,0,0,0,6.656,10.004,7.352,0,8.196,0,0,0,0,0,0,0,0,0,0,0,0,0,0,0,0,0,0,0,0,0,0,0,0,0,0,0,0,0,0,0,0,5.28,0,0.605,4.48,5.28,4.48,4.866,6.328,6.436,7.618,0,0,0,0,0,0,0,0,0,0,0,0,0,0,0,0,0,0,0,0,0,0,0,0,0,0,0,0,0,0,0,0,0,0,12.49
0,0,0,0,0,7.756,9.136,8.658,0,0,0,5.446,8.794,6.142,0,6.986,0,0,0,0,0,0,0,0,0,0,0,0,0,0,0,0,0,0,0,0,0,0,0,0,0,0,0,0,0,0,0,0,6.49,0.605,0,3.27,6.49,3.27,3.656,5.118,5.226,6.408,0,0,0,0,0,0,0,0,0,0,0,0,0,0,0,0,0,0,0,0,0,0,0,0,0,0,0,0,0,0,0,0,0,0,13.7
0,0,0,0,0,2.243,24.812,8.658,0,0,0,5.446,8.794,6.142,0,6.986,0,0,0,0,0,0,0,0,0,0,0,0,0,0,0,0,0,0,0,0,0,0,0,0,0,0,0,0,0,0,0,0,19.52,4.48,3.27,0,19.52,3.27,3.656,5.118,5.226,6.408,0,0,0,0,0,0,0,0,0,0,0,0,0,0,0,0,0,0,0,0,0,0,0,0,0,0,0,0,0,0,0,0,0,0,33.94
0,0,0,0,0,28.492,1.323,30.296,0,0,0,23.872,30.568,25.264,0,26.952,0,0,0,0,0,0,0,0,0,0,0,0,0,0,0,0,0,0,0,0,0,0,0,0,0,0,0,0,0,0,0,0,5.28,5.28,6.49,19.52,0,19.52,20.292,23.216,23.432,25.796,0,0,0,0,0,0,0,0,0,0,0,0,0,0,0,0,0,0,0,0,0,0,0,0,0,0,0,0,0,0,0,0,0,0,12.49
0,0,0,0,0,7.756,24.812,2.694,0,0,0,1.088,2.762,1.436,0,1.858,0,0,0,0,0,0,0,0,0,0,0,0,0,0,0,0,0,0,0,0,0,0,0,0,0,0,0,0,0,0,0,0,19.52,4.48,3.27,3.27,19.52,0,0.193,0.924,0.978,1.569,0,0,0,0,0,0,0,0,0,0,0,0,0,0,0,0,0,0,0,0,0,0,0,0,0,0,0,0,0,0,0,0,0,0,33.94
0,0,0,0,0,8.142,25.584,2.887,0,0,0,0.895,2.569,1.243,0,1.665,0,0,0,0,0,0,0,0,0,0,0,0,0,0,0,0,0,0,0,0,0,0,0,0,0,0,0,0,0,0,0,0,20.292,4.866,3.656,3.656,20.292,0.193,0,0.731,0.785,1.376,0,0,0,0,0,0,0,0,0,0,0,0,0,0,0,0,0,0,0,0,0,0,0,0,0,0,0,0,0,0,0,0,0,0,34.712
0,0,0,0,0,9.604,28.508,3.618,0,0,0,0.164,3.3,0.512,0,0.934,0,0,0,0,0,0,0,0,0,0,0,0,0,0,0,0,0,0,0,0,0,0,0,0,0,0,0,0,0,0,0,0,23.216,6.328,5.118,5.118,23.216,0.924,0.731,0,0.054,0.645,0,0,0,0,0,0,0,0,0,0,0,0,0,0,0,0,0,0,0,0,0,0,0,0,0,0,0,0,0,0,0,0,0,0,37.636
0,0,0,0,0,9.712,28.724,3.672,0,0,0,0.218,3.354,0.458,0,0.88,0,0,0,0,0,0,0,0,0,0,0,0,0,0,0,0,0,0,0,0,0,0,0,0,0,0,0,0,0,0,0,0,23.432,6.436,5.226,5.226,23.432,0.978,0.785,0.054,0,0.591,0,0,0,0,0,0,0,0,0,0,0,0,0,0,0,0,0,0,0,0,0,0,0,0,0,0,0,0,0,0,0,0,0,0,37.852
0,0,0,0,0,10.894,31.088,4.263,0,0,0,0.809,3.945,1.049,0,0.289,0,0,0,0,0,0,0,0,0,0,0,0,0,0,0,0,0,0,0,0,0,0,0,0,0,0,0,0,0,0,0,0,25.796,7.618,6.408,6.408,25.796,1.569,1.376,0.645,0.591,0,0,0,0,0,0,0,0,0,0,0,0,0,0,0,0,0,0,0,0,0,0,0,0,0,0,0,0,0,0,0,0,0,0,0,40.216
82.904,212.97,79.654,65.501,82.747,0,0,0,82.423,89.474,90.339,0,0,0,83.253,0,71.621,62.193,61.384,59.298,73.156,60.013,77.066,65.395,61.76,74.736,64.383,54.878,69.783,67.348,66.116,74.593,75.903,60.921,77.223,82.106,84.501,80.283,76.133,65.681,65.126,63.095,75.289,75.134,78.059,75.5,69.656,58.388,0,0,0,0,0,0,0,0,0,0,0,78.044,85.789,82.124,65.448,60.179,60.338,64.338,61.905,59.873,58.991,59.171,61.181,56.656,57.639,68.684,84.824,70.174,83.261,74.993,84.1,92.052,72.826,70.981,75.693,75.238,75.093,73.438,73.218,58.658,53.405,57.178,57.473,59.086,0
89.651,207.88,76.976,61.304,77.662,0,0,0,74.283,2.286,2.459,0,0,0,77.402,0,71.149,60.565,59.756,64.05,68.887,64.765,72.797,68.685,66.512,78.556,69.267,59.762,74.667,72.232,71,79.477,80.787,67.668,80.513,85.998,88.393,72.143,70.282,61.412,61.079,60.402,68.187,72.456,75.381,80.384,69.184,57.916,0,0,0,0,0,0,0,0,0,0,78.044,0,1.549,77.24,63.82,58.551,58.71,62.71,65.195,64.757,63.875,64.055,66.065,63.403,64.386,75.431,91.571,76.921,88.974,79.877,81.133,86.967,68.557,66.712,78.983,78.528,79.977,78.322,78.102,63.542,58.157,61.93,62.225,62.906,0
97.396,215.63,84.721,69.049,85.407,0,0,0,82.028,0.737,0.91,0,0,0,85.147,0,78.894,68.31,67.501,71.795,76.632,72.51,80.542,76.43,74.257,86.301,77.012,67.507,82.412,79.977,78.745,87.222,88.532,75.413,88.258,93.743,96.138,79.888,78.027,69.157,68.824,68.147,75.932,80.201,83.126,88.129,76.929,65.661,0,0,0,0,0,0,0,0,0,0,85.789,1.549,0,84.985,71.565,66.296,66.455,70.455,72.94,72.502,71.62,71.8,73.81,71.148,72.131,83.176,99.316,84.666,96.719,87.622,88.878,94.712,76.302,74.457,86.728,86.273,87.722,86.067,85.847,71.287,65.902,69.675,69.97,70.651,0
81.564,213.24,79.922,65.769,83.015,0,0,0,83.763,88.67,89.535,0,0,0,84.057,0,71.353,68.975,67.848,58.494,73.424,59.209,77.334,64.591,60.956,73.932,63.579,54.074,68.979,66.544,65.312,73.789,75.099,59.581,76.419,80.766,83.161,81.623,76.937,65.949,65.394,63.363,76.093,75.402,78.327,74.696,69.388,58.12,0,0,0,0,0,0,0,0,0,0,82.124,77.24,84.985,0,65.716,66.643,67.12,64.606,61.101,59.069,58.187,58.367,60.377,55.316,56.299,67.344,83.484,68.834,81.921,74.189,84.368,92.32,73.094,71.249,74.889,74.434,74.289,72.634,72.414,57.854,52.601,56.374,56.669,58.282,0
92.352,214.26,69.236,66.397,84.045,0,0,0,79.034,75.25,76.115,0,0,0,82.153,0,63.176,68.732,68.559,73.343,74.052,73.468,77.962,81.734,67.669,91.075,73.238,63.733,86.122,74.83,82.455,79.727,80.949,70.71,79.413,81.745,84.14,76.894,75.033,66.577,66.022,62.658,70.03,66.666,67.641,62.972,61.211,57.455,0,0,0,0,0,0,0,0,0,0,65.448,63.82,71.565,65.716,0,67.354,66.877,79.598,78.244,76.212,75.33,75.51,77.52,66.445,67.428,78.132,94.272,79.622,81.072,80.073,87.5,93.35,73.722,71.877,77.883,77.428,79.477,78.484,78.352,67.513,59.314,70.633,71.518,75.425,0
81.219,214.53,69.545,66.479,84.313,0,0,0,78.879,69.981,70.846,0,0,0,81.998,0,57.918,69.659,0.241,56.231,74.134,56.946,78.044,65.137,58.693,71.669,64.125,54.62,69.525,67.09,65.858,74.335,75.645,59.236,76.354,80.421,82.816,76.739,74.878,66.659,66.104,62.967,69.89,66.975,67.95,57.703,55.953,52.197,0,0,0,0,0,0,0,0,0,0,60.179,58.551,66.296,66.643,67.354,0,67.804,59.574,61.647,59.615,58.733,58.913,60.923,54.971,55.954,66.999,83.139,68.489,81.413,74.735,85.32,93.618,73.804,71.959,74.824,74.369,74.835,73.18,72.96,58.4,50.338,54.111,54.406,56.019,0
81.378,214.37,69.704,66.32,84.154,0,0,0,78.402,70.14,71.005,0,0,0,81.521,0,58.077,0.371,69.009,56.39,73.975,57.105,77.885,64.978,58.852,71.828,63.966,54.461,69.366,66.931,65.699,74.176,75.486,59.395,76.513,80.58,82.975,76.262,74.401,66.5,65.945,63.126,69.413,67.134,68.109,57.862,56.112,52.356,0,0,0,0,0,0,0,0,0,0,60.338,58.71,66.455,67.12,66.877,67.804,0,59.415,61.488,59.456,58.574,58.754,60.764,55.13,56.113,67.158,83.298,68.648,81.735,74.576,85.161,93.459,73.645,71.8,74.983,74.528,74.676,73.021,72.801,58.241,50.497,54.27,54.565,56.178,0
86.802,213.9,70.527,69.727,84.868,0,0,0,79,74.14,75.005,0,0,0,85.483,0,64.286,61.27,60.779,74.453,77.382,74.578,81.292,89.681,68.779,93.117,74.231,64.843,88.454,73.72,82.951,78.617,79.839,67.38,75.292,76.195,78.59,76.86,78.363,69.907,69.352,65.988,71.166,69.135,68.932,61.862,62.321,58.565,0,0,0,0,0,0,0,0,0,0,64.338,62.71,70.455,64.606,79.598,59.574,59.415,0,86.191,78.544,75.898,76.006,77.212,63.115,64.098,72.582,88.722,74.072,75.522,78.963,86.401,92.985,77.052,75.207,72.693,73.307,78.367,77.374,77.242,68.506,60.424,71.743,72.628,77.467,0
86.927,217.46,82.265,80.619,89.978,0,0,0,91.67,76.625,77.49,0,0,0,96.561,0,69.758,63.343,62.852,79.301,88.047,80.016,91.219,0.698,75.674,94.739,76.785,68.792,96.116,73.66,88.184,74.075,75.121,69.934,72.567,71.212,73.607,89.53,89.441,80.799,80.244,76.865,82.244,80.213,80.67,66.043,67.793,66.227,0,0,0,0,0,0,0,0,0,0,61.905,65.195,72.94,61.101,78.244,61.647,61.488,86.191,0,86.206,83.56,81.239,82.445,65.669,66.08,72.707,88.847,74.197,70.789,76.556,86.841,96.541,86.979,85.872,69.809,70.582,72.325,72.656,72.7,71.06,67.319,77.181,77.476,79.089,0
76.001,208.83,82.299,85.133,82.328,0,0,0,90.772,76.187,77.052,0,0,0,100.76,0,72.307,61.311,60.82,81.025,89.791,82.33,91.567,89.696,78.223,93.237,73.476,68.507,1.982,66.013,87.755,64.324,65.282,68.325,61.037,59.394,61.789,88.632,93.641,85.241,84.908,82.877,83.637,81.679,80.704,67.301,70.342,71.727,0,0,0,0,0,0,0,0,0,0,59.873,64.757,72.502,59.069,76.212,59.615,59.456,78.544,86.206,0,91.207,80.81,80.408,64.06,63.077,61.781,77.921,63.271,58.044,68.283,78.926,87.911,87.327,87.616,60.797,59.052,61.824,62.817,62.949,67.751,69.868,79.495,79.2,77.587,0
71.591,204.42,81.417,85.31,77.918,0,0,0,89.89,75.305,76.17,0,0,0,99.35,0,73.189,60.429,59.938,79.601,87.225,80.906,88.803,87.05,78.521,91.813,70.83,65.861,101.12,61.688,88.346,59.914,60.872,66.794,56.627,54.984,57.379,87.75,92.23,85.346,85.235,83.759,82.755,80.797,79.822,66.419,71.224,72.609,0,0,0,0,0,0,0,0,0,0,58.991,63.875,71.62,58.187,75.33,58.733,58.574,75.898,83.56,91.207,0,81.401,80.195,62.529,59.58,57.371,73.511,58.861,53.634,63.873,74.516,83.501,84.563,85.05,56.387,54.642,57.414,58.407,58.539,65.105,70.166,78.071,77.776,76.163,0
71.627,204.45,81.597,85.418,77.954,0,0,0,90.07,75.485,76.35,0,0,0,99.53,0,73.369,60.609,60.118,79.709,87.261,81.014,88.839,84.729,78.557,91.921,70.794,65.825,90.72,61.58,1.389,59.806,60.764,66.83,56.591,55.02,57.415,87.93,92.41,85.454,85.343,83.939,82.935,80.977,80.002,66.599,71.404,72.717,0,0,0,0,0,0,0,0,0,0,59.171,64.055,71.8,58.367,75.51,58.913,58.754,76.006,81.239,80.81,81.401,0,80.303,62.565,59.616,57.407,73.547,58.897,53.67,63.765,74.48,83.537,84.599,85.086,56.423,54.606,57.306,58.299,58.431,65.069,70.202,78.179,77.884,76.271,0
72.029,204.85,83.607,86.584,78.356,0,0,0,92.08,77.495,78.36,0,0,0,101.54,0,75.379,62.619,62.128,80.915,87.663,82.22,89.241,85.935,78.197,93.127,70.392,65.423,90.318,60.374,87.248,58.6,59.558,67.232,56.189,55.422,57.817,89.94,94.42,86.548,86.549,85.949,84.945,82.987,82.012,68.609,73.414,73.923,0,0,0,0,0,0,0,0,0,0,61.181,66.065,73.81,60.377,77.52,60.923,60.764,77.212,82.445,80.408,80.195,80.303,0,62.967,60.018,57.809,73.949,59.299,54.072,62.559,73.364,83.939,85.001,85.488,56.825,54.204,56.1,57.093,57.225,64.667,69.842,79.385,79.09,77.477,0
73.685,205.01,86.227,82.905,77.528,0,0,0,94.84,74.833,75.698,0,0,0,102.47,0,71.919,56.985,56.176,66.818,84.312,67.6,86.008,69.159,69.347,79.03,63.385,57.301,73.97,55.922,69.51,57.441,58.487,0.853,56.741,56.558,58.953,92.7,95.349,82.941,82.83,82.153,87.633,85.602,84.632,65.947,69.954,68.665,0,0,0,0,0,0,0,0,0,0,56.656,63.403,71.148,55.316,66.445,54.971,55.13,63.115,65.669,64.06,62.529,62.565,62.967,0,61.674,59.465,75.605,60.955,55.728,59.922,70.727,84.097,81.768,82.137,55.155,54.756,55.691,56.022,56.066,57.66,60.992,64.765,64.993,63.38,0
89.102,204.46,87.789,82.25,76.405,0,0,0,99.479,75.816,76.681,0,0,0,105.24,0,72.902,57.968,57.159,65.902,83.329,66.617,85.025,69.57,68.364,80.013,60.436,55.467,72.987,52.973,66.561,55.522,56.656,65.939,56.143,59.994,62.389,97.339,98.118,82.214,82.325,83.002,90.582,88.395,86.194,66.93,70.937,69.304,0,0,0,0,0,0,0,0,0,0,57.639,64.386,72.131,56.299,67.428,55.954,56.113,64.098,66.08,63.077,59.58,59.616,60.018,61.674,0,74.882,91.022,76.372,63.671,57.56,68.365,83.549,80.785,81.154,55.785,54.158,54.522,54.191,54.147,54.711,60.009,63.782,64.077,64.363,0
2.844,201.1,98.834,84.922,74.196,0,0,0,109.03,86.861,87.726,0,0,0,108.4,0,83.947,69.013,68.204,72.529,86.001,73.244,87.697,76.197,68.978,87.967,58.227,53.258,71.691,50.764,64.352,53.313,54.447,63.73,55.55,62.949,65.344,106.89,101.28,84.886,84.997,84.968,100.91,99.364,97.239,77.975,81.982,69.918,0,0,0,0,0,0,0,0,0,0,68.684,75.431,83.176,67.344,78.132,66.999,67.158,72.582,72.707,61.781,57.371,57.407,57.809,59.465,74.882,0,3.228,0.298,70.298,55.351,66.156,80.181,83.457,83.826,58.74,53.565,52.313,51.982,51.938,52.502,60.623,70.409,70.704,72.317,0
5.476,217.24,114.97,101.06,90.336,0,0,0,125.17,103,103.87,0,0,0,124.54,0,100.09,85.153,84.344,88.669,102.14,89.384,103.84,92.337,85.118,104.11,74.367,69.398,87.831,66.904,80.492,69.453,70.587,79.87,71.69,79.089,81.484,123.03,117.42,101.03,101.14,101.11,117.06,115.5,113.38,94.115,98.122,86.058,0,0,0,0,0,0,0,0,0,0,84.824,91.571,99.316,83.484,94.272,83.139,83.298,88.722,88.847,77.921,73.511,73.547,73.949,75.605,91.022,3.228,0,2.93,86.438,71.491,82.296,96.321,99.597,99.966,74.88,69.705,68.453,68.122,68.078,68.642,76.763,86.549,86.844,88.457,0
2.546,202.59,100.32,86.412,75.686,0,0,0,110.52,88.351,89.216,0,0,0,109.89,0,85.437,70.503,69.694,74.019,87.491,74.734,89.187,77.687,70.468,89.457,59.717,54.748,73.181,52.254,65.842,54.803,55.937,65.22,57.04,64.439,66.834,108.38,102.77,86.376,86.487,86.458,102.41,100.85,98.729,79.465,83.472,71.408,0,0,0,0,0,0,0,0,0,0,70.174,76.921,84.666,68.834,79.622,68.489,68.648,74.072,74.197,63.271,58.861,58.897,59.299,60.955,76.372,0.298,2.93,0,71.788,56.841,67.646,81.671,84.947,85.316,60.23,55.055,53.803,53.472,53.428,53.992,62.113,71.899,72.194,73.807,0
84.518,182.41,97.154,72.258,59.635,0,0,0,95.49,100.4,101.27,0,0,0,95.737,0,86.926,83.59,82.618,75.469,72.753,76.184,73.711,74.279,65.241,90.907,54.49,49.521,67.954,47.027,60.615,49.576,50.71,59.993,44.339,59.212,61.607,93.35,88.617,72.222,72.333,73.01,90.033,90.684,95.559,88.126,84.961,66.181,0,0,0,0,0,0,0,0,0,0,83.261,88.974,96.719,81.921,81.072,81.413,81.735,75.522,70.789,58.044,53.634,53.67,54.072,55.728,63.671,70.298,86.438,71.788,0,51.614,62.419,61.496,69.471,70.578,55.003,42.354,48.576,48.245,48.201,48.765,56.886,73.349,73.644,75.257,0
69.571,198.39,76.837,70.027,75.541,0,0,0,76.726,91.307,92.172,0,0,0,80.462,0,83.178,76.431,75.94,81.27,75.132,81.395,77.566,80.046,73.591,95.408,65.786,60.817,78.193,58.323,70.71,60.872,61.972,64.187,47.013,52.964,55.359,74.586,73.342,71.897,69.952,67.943,70.208,70.885,75.242,79.463,81.213,67.964,0,0,0,0,0,0,0,0,0,0,74.993,79.877,87.622,74.189,80.073,74.735,74.576,78.963,76.556,68.283,63.873,63.765,62.559,59.922,57.56,55.351,71.491,56.841,51.614,0,91.934,77.48,73.326,72.957,54.367,45.028,59.176,59.507,59.497,60.061,65.236,78.56,79.445,79.758,0
80.376,204.2,70.426,63.544,77.702,0,0,0,68.416,92.563,93.428,0,0,0,73.979,0,81.11,87.016,86.525,87.753,77.293,87.878,79.727,90.331,76.621,102.32,71.762,66.793,88.836,64.299,81.425,66.848,67.982,74.992,53.874,62.83,65.225,66.276,66.859,74.058,63.469,61.46,63.279,63.956,68.831,78.246,79.145,69.794,0,0,0,0,0,0,0,0,0,0,84.1,81.133,88.878,84.368,87.5,85.32,85.161,86.401,86.841,78.926,74.516,74.48,73.364,70.727,68.365,66.156,82.296,67.646,62.419,91.934,0,83.285,75.487,75.118,58.711,51.889,65.659,65.517,65.473,66.037,68.266,85.043,85.928,86.666,0
94.401,24.183,70.679,67.519,92.903,0,0,0,68.669,98.397,99.262,0,0,0,75.51,0,85.01,95.314,94.823,91.796,80.84,91.921,83.274,100.03,80.009,108.37,73.918,70.181,97.821,62.979,90.482,64.725,65.771,88.362,58.397,60.007,62.402,66.529,68.39,77.605,67.444,65.435,63.532,64.209,69.084,82.727,83.045,70.125,0,0,0,0,0,0,0,0,0,0,92.052,86.967,94.712,92.32,93.35,93.618,93.459,92.985,96.541,87.911,83.501,83.537,83.939,84.097,83.549,80.181,96.321,81.671,61.496,77.48,83.285,0,79.034,78.665,55.798,56.412,62.975,63.306,63.35,68.193,71.654,89.086,89.971,92.72,0
97.677,199.95,59.506,68.252,91.772,0,0,0,66.152,79.987,80.852,0,0,0,72.993,0,70.492,75.5,75.009,82.213,99.485,83.518,0.848,90.469,78.429,93.497,74.98,70.21,97.237,64.041,91.544,66.59,67.724,86.033,65.133,66.743,69.138,64.012,65.873,94.13,68.027,55.568,59.439,54.986,57.911,66.013,68.527,66.221,0,0,0,0,0,0,0,0,0,0,72.826,68.557,76.302,73.094,73.722,73.804,73.645,77.052,86.979,87.327,84.563,84.599,85.001,81.768,80.785,83.457,99.597,84.947,69.471,73.326,75.487,79.034,0,97.31,62.534,63.148,65.59,65.259,65.215,69.255,70.074,80.683,80.388,77.847,0
98.046,199.58,57.661,67.883,90.665,0,0,0,65.045,78.142,79.007,0,0,0,71.886,0,69.287,73.655,73.164,81.106,0.435,82.411,101.55,89.362,78.06,91.652,75.548,70.579,97.526,65.148,92.031,67.697,68.831,86.402,65.502,67.112,69.507,62.905,64.766,95.237,67.658,54.461,58.332,53.141,56.066,64.168,67.322,65.114,0,0,0,0,0,0,0,0,0,0,70.981,66.712,74.457,71.249,71.877,71.959,71.8,75.207,85.872,87.616,85.05,85.086,85.488,82.137,81.154,83.826,99.966,85.316,70.578,72.957,75.118,78.665,97.31,0,62.903,63.517,66.697,66.366,66.322,69.823,69.705,79.576,79.281,76.002,0
