0,215.32,116.94,99.142,88.416,115.41,118.01,122.63,123.25,110.98,111.85,105.36,121.04,106.56,122.62,102.76,100.69,96.153,95.026,86.749,100.22,87.464,101.92,90.417,83.198,102.19,72.447,67.478,85.911,64.984,78.572,67.533,68.667,77.95,69.77,77.169,79.564,121.11,115.5,99.106,99.217,99.188,115.48,114.57,115.34,100.4,98.727,84.138,112.63,107.31,104.28,104.2,111.39,109.16,108.19,104.54,104.27,101.31,96.263,99.553,107.3,95.459,92.352,93.821,94.298,86.802,86.927,76.001,71.591,71.627,72.029,73.685,89.102,2.844,5.476,2.546,84.518,69.571,80.376,94.401,97.677,98.046,72.96,67.785,66.533,66.202,66.158,66.722,74.843,84.629,84.924,86.537,130.66
215.32,0,191.59,188.43,213.82,242.1,247.87,240.11,189.58,219.31,220.18,222.84,238.52,224.04,196.43,220.24,205.92,216.26,215.76,212.71,201.75,212.84,204.19,220.95,200.92,229.49,194.83,191.1,218.74,183.89,211.4,185.64,186.69,209.28,179.31,180.92,183.32,187.44,189.31,198.52,188.36,186.35,184.45,185.12,190,203.64,203.96,191.04,243.31,233.99,230.97,230.89,241.25,226.64,225.68,222.02,221.75,218.79,213.75,207.88,215.63,214.01,214.87,214.56,214.4,214.1,217.46,208.83,204.42,204.45,204.85,205.01,204.46,201.1,217.24,202.59,182.41,198.4,204.2,24.183,199.95,199.58,176.71,177.33,183.89,184.22,184.26,189.11,192.57,210,210.89,213.84,261.34
116.94,191.59,0,52.325,69.927,97.669,86.676,107.25,59.641,88.607,89.472,89.981,105.66,91.181,62.76,87.381,72.379,83.396,82.905,78.752,59.836,78.877,63.746,95.075,73.078,96.094,80.863,72.088,99.662,76.876,94.231,84.121,85.431,93.669,89.491,95.367,97.762,57.501,55.64,52.361,56.272,55.595,61.483,83.885,0.319,74.633,70.414,59.146,80.473,89.56,86.535,86.454,80.061,93.781,92.816,89.161,88.891,85.936,80.886,77.177,84.922,81.154,81.819,81.7,81.541,80.709,91.585,89.752,87.106,87.286,89.296,89.404,91.674,102.72,118.86,104.21,97.154,76.837,70.426,70.679,59.506,57.661,88.352,87.506,84.621,82.966,82.746,75.138,64.723,76.042,76.927,80.444,98.498
99.142,188.43,52.325,0,70.467,93.482,99.248,92.754,61.739,72.935,73.8,75.484,91.164,76.684,68.598,72.884,63.879,70.209,70.036,78.421,70.058,79.726,72.492,84.712,75.902,89.533,76.635,70.154,95.445,68.436,92.363,70.985,72.119,87.17,66.598,68.208,70.603,59.599,61.478,64.757,64.64,51.317,54.604,47.805,50.73,58.961,61.914,61.97,94.693,85.373,82.348,82.267,92.633,79.284,78.319,74.664,74.394,71.439,66.389,61.505,69.25,67.193,69.758,68.831,68.354,73.088,81.222,85.535,85.31,85.418,86.584,82.905,82.25,84.922,101.06,86.412,72.258,70.027,63.544,67.519,68.252,67.883,63.999,64.613,69.985,69.654,69.61,70.91,67.547,76.891,76.596,73.883,112.72
88.416,213.82,69.927,70.467,0,111.88,117.65,109.89,72.797,89.092,89.957,92.62,108.3,93.82,79.638,90.02,77.137,86.035,85.544,87.55,92.84,88.265,96.012,93.468,77.652,101.19,68.335,64.878,92.238,57.396,84.899,59.945,61.079,81.793,55.507,58.146,60.541,70.657,72.518,87.485,70.242,62.213,66.084,65.407,68.332,73.422,75.172,70.43,113.09,103.77,100.75,100.67,111.03,96.42,95.455,91.8,91.53,88.575,83.525,77.662,85.407,83.793,84.648,84.339,84.18,85.27,89.978,82.328,77.918,77.954,78.356,77.528,76.405,74.196,90.336,75.686,59.635,75.541,77.702,92.903,91.772,90.665,53.937,53.522,58.945,58.614,58.57,62.61,69.297,85.43,85.725,85.535,131.12
115.41,242.1,97.669,93.482,111.88,0,33.784,13.144,105.54,101.39,102.26,9.932,13.28,10.628,108.66,11.472,88.737,92.792,91.983,87.644,101.14,88.359,105.05,97.704,90.106,103.08,95.675,86.17,102.09,98.64,98.425,105.88,107.19,93.431,109.53,114.62,117.01,103.4,101.54,93.662,93.107,91.076,96.554,95.099,96.074,89.116,86.772,83.016,28.492,8.966,7.756,2.243,28.492,7.756,8.142,9.604,9.712,10.894,12.914,89.964,97.709,91.324,90.469,90.778,90.937,89.359,94.214,92.182,91.3,91.48,93.49,89.166,90.149,101.19,117.33,102.68,115.74,106.28,115.45,121.19,100.81,98.962,108,107.55,106.38,104.73,104.51,89.95,81.751,85.524,85.819,87.432,42.912
118.01,247.87,86.676,99.248,117.65,33.784,0,35.588,101.42,76.759,77.624,29.164,35.86,30.556,111.98,32.244,75.088,64.265,64.092,74.603,106.9,76.498,110.81,82.259,92.623,83.589,101.14,91.633,96.326,104.1,96.187,111.35,112.66,95.566,115.3,120.38,122.78,99.279,104.86,99.428,98.873,96.842,91.391,88.006,85.081,67.873,73.123,84.071,7.926,7.926,9.136,24.812,1.323,24.812,25.584,28.508,28.724,31.088,35.128,65.329,73.074,61.249,63.814,62.887,62.41,67.144,78.769,86.416,89.062,89.242,91.252,91.301,92.744,103.79,119.93,105.28,121.54,111.75,121.38,126.95,106.57,104.73,113.77,113.31,111.85,110.19,109.97,95.413,84.268,73.663,72.778,67.939,15.136
122.63,240.11,107.25,92.754,109.89,13.144,35.588,0,108.79,126.34,127.2,3.782,5.456,4.13,109.82,4.552,104.97,119.68,118.56,107.62,100.34,107.75,104.25,114.47,101.95,123.81,107.52,98.013,118.85,109.29,115.19,112.99,114.12,100.64,108.33,112.4,114.79,106.65,102.7,92.862,92.529,91.852,101.85,103.25,105.66,112.36,103,91.735,30.296,9.868,8.658,8.658,30.296,2.694,2.887,3.618,3.672,4.263,5.273,114.91,122.65,118.99,116.42,117.35,117.83,113.09,110.97,108.94,108.06,108.24,110.25,96.38,97.363,108.41,124.55,109.9,113.05,111.18,112.58,119.2,100.01,98.162,106.8,106.35,111.99,111.65,111.61,101.79,93.594,104.91,105.8,108.16,44.716
123.25,189.58,59.641,61.739,72.797,105.54,101.42,108.79,0,85.713,86.578,91.518,107.2,92.718,78.804,88.918,70.695,87.553,87.698,83.994,67.22,84.119,70.392,101.18,78.32,102.18,82.084,74.402,104.9,78.097,99.473,85.342,86.652,101,90.421,95.244,97.639,0.428,71.684,61.847,61.514,51.535,72.272,55.121,58.046,70.043,68.73,62.188,95.216,97.596,94.571,94.328,94.804,95.318,94.353,90.698,90.428,87.473,82.423,74.283,82.028,83.763,87.426,86.493,85.698,86.795,97.687,94.994,92.348,92.528,94.538,96.731,99.68,109.03,125.17,110.52,95.49,76.726,68.416,68.669,66.152,65.045,89.154,88.436,85.842,84.187,83.967,76.359,69.965,81.284,82.169,86.53,113.24
110.98,219.31,88.607,72.935,89.092,101.39,76.759,126.34,85.713,0,1.647,109.07,124.75,110.27,88.832,106.47,88.405,99.864,98.737,91.06,80.518,91.185,84.428,97.902,85.386,107.24,90.955,81.45,102.29,92.724,98.623,99.969,101.28,89,95.024,99.091,101.49,83.573,81.712,73.043,72.71,72.033,79.617,84.087,87.012,102.31,86.44,75.172,70.556,93.285,90.26,90.179,70.144,112.87,111.9,108.25,107.98,105.02,99.974,2.286,0.737,99.17,96.605,97.532,98.009,93.275,94.412,92.38,91.498,91.678,93.688,84.735,85.718,96.763,112.9,98.253,101.47,94.621,92.764,98.397,80.188,78.343,93.494,93.039,100.47,98.814,98.594,85.23,77.031,88.35,89.235,91.593,88.581
111.85,220.18,89.472,73.8,89.957,102.26,77.624,127.2,86.578,1.647,0,109.93,125.61,111.13,89.697,107.33,89.27,100.73,99.602,91.925,81.383,92.05,85.293,98.767,86.251,108.11,91.82,82.315,103.16,93.589,99.488,100.83,102.14,89.865,95.889,99.956,102.35,84.438,82.577,73.908,73.575,72.898,80.482,84.952,87.877,103.18,87.305,76.037,71.421,94.15,91.125,91.044,71.009,113.73,112.77,109.11,108.84,105.89,100.84,2.459,0.91,100.03,97.47,98.397,98.874,94.14,95.277,93.245,92.363,92.543,94.553,85.6,86.583,97.628,113.77,99.118,102.34,95.486,93.629,99.262,81.053,79.208,94.359,93.904,101.33,99.679,99.459,86.095,77.896,89.215,90.1,92.458,89.446
105.36,222.84,89.981,75.484,92.62,9.932,29.164,3.782,91.518,109.07,109.93,0,3.464,0.676,92.549,1.098,87.698,102.41,101.29,90.353,83.067,90.478,86.977,97.195,84.679,106.54,90.248,80.743,101.58,92.017,97.916,95.716,96.85,83.375,91.061,95.128,97.523,89.378,85.429,75.592,75.259,74.582,84.585,85.979,88.386,95.095,85.733,74.465,23.872,6.656,5.446,5.446,23.872,1.088,0.895,0.164,0.218,0.809,1.819,97.639,105.38,101.72,99.154,100.08,100.56,95.824,93.705,91.673,90.791,90.971,92.981,79.11,80.093,91.138,107.28,92.628,95.782,93.914,95.313,101.92,82.737,80.892,89.531,89.076,94.716,94.385,94.341,84.523,76.324,87.643,88.528,90.886,38.292
121.04,238.52,105.66,91.164,108.3,13.28,35.86,5.456,107.2,124.75,125.61,3.464,0,3.812,108.23,4.234,103.38,118.09,116.97,106.03,98.747,106.16,102.66,112.88,100.36,122.22,105.93,96.423,117.26,107.7,113.6,111.4,112.53,99.055,106.74,110.81,113.2,105.06,101.11,91.272,90.939,90.262,100.27,101.66,104.07,110.78,101.41,90.145,30.568,10.004,8.794,8.794,30.568,2.762,2.569,3.3,3.354,3.945,4.955,113.32,121.06,117.4,114.83,115.76,116.24,111.5,109.38,107.35,106.47,106.65,108.66,94.79,95.773,106.82,122.96,108.31,111.46,109.59,110.99,117.6,98.417,96.572,105.21,104.76,110.4,110.06,110.02,100.2,92.004,103.32,104.21,106.57,44.988
106.56,224.04,91.181,76.684,93.82,10.628,30.556,4.13,92.718,110.27,111.13,0.676,3.812,0,93.749,1.338,88.898,103.61,102.49,91.553,84.267,91.678,88.177,98.395,85.879,107.74,91.448,81.943,102.78,93.217,99.116,96.916,98.05,84.575,92.261,96.328,98.723,90.578,86.629,76.792,76.459,75.782,85.785,87.179,89.586,96.295,86.933,75.665,25.264,7.352,6.142,6.142,25.264,1.436,1.243,0.512,0.458,1.049,2.059,98.839,106.58,102.92,100.35,101.28,101.76,97.024,94.905,92.873,91.991,92.171,94.181,80.31,81.293,92.338,108.48,93.828,96.982,95.114,96.513,103.13,83.937,82.092,90.731,90.276,95.916,95.585,95.541,85.723,77.524,88.843,89.728,92.086,39.684
122.62,196.42,62.76,68.598,79.638,108.66,111.98,109.82,78.804,88.832,89.697,92.549,108.23,93.749,0,89.949,76.877,87.274,87.101,93.583,74.061,94.268,77.233,104.34,85.179,106.6,88.925,81.243,112.11,84.696,106.68,91.941,93.251,106.73,90.077,91.687,94.082,76.664,1.424,72.41,68.373,58.376,71.669,58.24,61.165,73.162,74.912,69.029,105.78,100.72,97.69,97.447,105.37,96.349,95.384,91.729,91.459,88.504,83.454,77.402,85.147,84.258,86.823,85.896,85.419,90.153,100.85,102.2,99.551,99.731,101.74,102.47,105.24,108.4,124.54,109.89,95.737,80.462,73.979,75.51,72.993,71.886,87.478,88.092,92.434,90.786,90.566,83.2,76.824,91.433,91.758,90.948,123.8
102.76,220.24,87.381,72.884,90.02,11.472,32.244,4.552,88.918,106.47,107.33,1.098,4.234,1.338,89.949,0,85.098,99.813,98.686,87.753,80.467,87.878,84.377,94.595,82.079,103.94,87.648,78.143,98.983,89.417,95.316,93.116,94.25,80.775,88.461,92.528,94.923,86.778,82.829,72.992,72.659,71.982,81.985,83.379,85.786,92.495,83.133,71.865,26.952,8.196,6.986,6.986,26.952,1.858,1.665,0.934,0.88,0.289,1.299,95.039,102.78,99.119,96.554,97.481,97.958,93.224,91.105,89.073,88.191,88.371,90.381,76.51,77.493,88.538,104.68,90.028,93.182,91.314,92.713,99.325,80.137,78.292,86.931,86.476,92.116,91.785,91.741,81.923,73.724,85.043,85.928,88.286,41.372
100.69,205.92,72.379,63.879,77.137,88.737,75.088,104.97,70.695,88.405,89.27,87.698,103.38,88.898,76.877,85.098,0,81.113,80.622,82.963,71.462,83.678,74.732,88.249,80.323,96.292,84.687,76.387,93.727,84.176,90.06,89.86,90.994,81.688,85.515,87.388,89.783,68.555,69.757,63.987,63.654,65.274,64.177,69.809,70.784,74.843,0.393,68.825,68.885,80.628,77.603,77.522,68.473,91.498,90.533,86.878,86.608,83.653,78.603,76.975,84.72,78.871,79.726,79.417,79.258,80.377,84.759,83.817,82.935,83.115,85.125,77.423,78.406,86.472,102.61,87.962,86.926,84.666,81.11,85.01,70.492,69.287,83.32,83.53,88.86,88.529,88.485,78.962,71.968,80.843,81.138,80.642,86.91
96.153,216.25,83.396,70.209,86.035,92.792,64.265,119.68,87.553,99.864,100.73,102.41,118.09,103.61,87.274,99.813,81.113,0,96.011,83.768,77.792,83.893,81.702,90.61,78.094,99.951,83.663,74.158,94.998,83.962,91.331,86.511,87.645,74.17,82.873,85.94,88.335,85.413,80.154,70.317,69.984,69.307,79.31,79.394,81.801,85.89,79.148,67.88,58.062,84.683,81.658,81.577,57.65,106.21,105.25,101.59,101.32,98.368,93.318,88.434,96.179,94.122,93.879,94.806,0.371,90.549,87.12,85.088,84.206,84.386,86.396,69.905,70.888,81.933,98.073,83.423,85.267,86.979,89.49,95.34,77.462,75.617,81.343,80.888,85.511,85.18,85.136,77.938,69.739,81.058,81.943,84.301,76.087
95.026,215.76,82.905,70.036,85.544,91.983,64.092,118.56,87.698,98.737,99.602,101.29,116.97,102.49,87.101,98.686,80.622,96.011,0,83.277,77.619,83.402,81.529,90.119,77.603,99.46,83.172,73.667,94.507,82.835,90.84,85.384,86.518,73.043,81.746,84.495,86.89,85.558,79.981,70.144,69.811,69.134,79.137,78.903,81.31,84.763,78.657,67.389,57.889,83.874,80.849,80.768,57.477,105.09,104.12,100.47,100.2,97.241,92.191,87.307,95.052,92.995,93.706,0.241,94.156,90.376,86.629,84.597,83.715,83.895,85.905,68.778,69.761,80.806,96.946,82.296,83.822,86.17,88.999,94.849,77.289,75.444,80.216,79.761,84.384,84.053,84.009,77.447,69.248,80.567,81.452,83.81,75.914
86.749,212.71,78.752,78.421,87.55,87.644,74.603,107.62,83.994,91.06,91.925,90.353,106.03,91.553,93.583,87.753,82.963,83.768,83.277,0,83.884,91.075,87.056,89.312,85.276,99.936,86.656,78.981,93.183,82.669,88.788,84.059,85.193,71.15,77.334,76.819,79.214,81.854,86.463,78.529,78.196,77.519,76.859,76.182,77.157,78.782,80.998,75.062,68.4,79.535,76.51,76.429,67.988,94.153,93.188,89.533,89.263,86.308,81.258,79.63,87.375,81.526,82.381,82.072,81.913,83.491,85.822,83.273,81.807,81.843,82.245,66.885,65.902,72.529,88.669,74.019,75.469,81.27,87.753,91.796,82.816,81.709,74.735,75.349,83.059,82.728,82.684,80.931,76.921,88.24,0.365,84.286,86.425
100.22,201.75,59.836,70.058,92.84,101.14,106.9,100.34,67.22,80.518,81.383,83.067,98.747,84.267,74.061,80.467,71.462,77.792,77.619,83.884,0,85.189,103.72,91.939,80.235,96.096,77.723,72.754,99.781,67.323,94.206,69.872,71.006,88.577,67.677,69.287,71.682,65.08,66.941,97.412,69.833,56.636,60.507,55.316,58.241,66.544,69.497,67.289,102.35,93.028,90.003,89.922,100.29,86.867,85.902,82.247,81.977,79.022,73.972,69.088,76.833,74.776,77.341,76.414,75.937,80.181,88.449,89.871,87.225,87.261,87.663,84.312,83.329,86.001,102.14,87.491,72.753,75.132,77.293,80.84,99.485,0.435,65.078,65.692,68.872,68.541,68.497,71.998,71.88,82.354,82.059,80.446,120.37
87.464,212.84,78.877,79.726,88.265,88.359,76.498,107.75,84.119,91.185,92.05,90.478,106.16,91.678,94.268,87.878,83.678,83.893,83.402,91.075,85.189,0,88.361,90.027,87.171,100.06,87.961,80.286,93.898,83.974,89.503,84.774,85.908,71.865,78.049,77.534,79.929,81.979,87.148,79.834,79.501,78.824,76.984,76.307,77.282,78.907,81.713,76.954,70.295,80.25,77.225,77.144,69.883,94.278,93.313,89.658,89.388,86.433,81.383,79.755,87.5,81.651,82.506,82.197,82.038,83.616,86.537,83.988,82.522,82.558,82.96,67.6,66.617,73.244,89.384,74.734,76.184,81.395,87.878,91.921,84.121,83.014,75.45,76.064,83.774,83.443,83.399,82.236,78.816,0.567,89.25,84.411,88.32
101.92,204.19,63.746,72.492,96.012,105.05,110.81,104.25,70.392,84.428,85.293,86.977,102.66,88.177,77.233,84.377,74.732,81.702,81.529,87.056,103.72,88.361,0,95.111,82.669,99.268,79.22,74.45,101.48,68.281,95.784,70.83,71.964,90.273,69.373,70.983,73.378,68.252,70.113,98.37,72.267,59.808,63.679,59.226,62.151,70.454,72.767,70.461,106.26,96.938,93.913,93.832,104.2,90.777,89.812,86.157,85.887,82.932,77.882,72.998,80.743,78.686,81.251,80.324,79.847,83.353,91.621,91.567,88.803,88.839,89.241,86.008,85.025,87.697,103.84,89.187,73.711,77.566,79.727,83.274,0.848,101.55,66.774,67.388,69.83,69.499,69.455,73.495,74.314,85.526,85.231,83.618,124.28
90.417,220.95,95.075,84.712,93.468,97.704,82.259,114.47,101.18,97.902,98.767,97.195,112.88,98.395,104.34,94.595,88.249,90.61,90.119,89.312,91.939,90.027,95.111,0,85.643,104.75,82.296,75.815,105.57,77.15,95.135,77.565,78.611,73.625,76.057,74.702,77.097,99.037,97.22,84.892,84.337,82.306,92.268,91.591,93.48,85.624,86.284,78.755,76.056,89.595,86.57,86.489,75.644,101,100.03,96.375,96.105,93.15,88.1,86.472,94.217,88.368,89.223,88.914,88.755,95.643,0.698,95.658,93.012,88.19,88.592,69.36,69.57,76.197,92.337,77.687,74.279,80.046,90.331,100.03,90.871,89.764,73.299,74.072,75.815,76.146,76.19,76.571,77.288,87.192,87.487,89.1,94.081
83.198,200.92,73.078,75.902,77.652,90.106,92.623,101.95,78.32,85.386,86.251,84.679,100.36,85.879,85.179,82.079,80.323,78.094,77.603,85.276,80.235,87.171,82.669,85.643,0,94.262,91.492,88.632,89.514,84.029,85.544,77.723,78.769,73.612,68.686,66.591,68.986,76.18,78.059,75.866,75.855,80.842,71.185,70.508,71.483,73.108,78.358,87.977,87.134,81.997,78.972,78.891,86.008,88.479,87.514,83.859,83.589,80.634,75.584,73.956,81.701,75.852,76.707,76.398,76.239,77.817,82.153,79.604,78.635,78.599,78.197,69.347,68.364,68.978,85.118,70.468,65.241,73.591,76.621,80.009,78.429,78.06,67.994,66.701,75.973,76.304,76.348,85.767,1.671,84.336,83.451,78.612,105.16
102.19,229.49,96.094,89.533,101.19,103.08,83.589,123.81,102.18,107.24,108.11,106.54,122.22,107.74,106.6,103.94,96.292,99.951,99.46,99.936,96.096,100.06,99.268,104.75,94.262,0,97.805,89.971,108.62,93.818,104.23,96.367,97.501,83.496,91.207,92.11,94.505,100.04,99.478,89.641,89.308,87.599,95.482,93.524,94.499,94.686,94.327,84.048,77.386,94.973,91.948,91.867,76.974,110.34,109.37,105.72,105.45,102.49,97.441,95.813,103.56,97.709,98.564,98.255,98.096,102.16,101.26,98.711,97.245,97.281,97.683,79.231,80.214,87.967,104.11,89.457,90.907,97.066,102.72,108.57,95.028,93.921,88.608,89.222,95.367,95.036,94.992,92.08,85.907,97.226,98.111,3.13,95.411
72.447,194.83,80.863,76.635,68.335,95.675,101.14,107.52,82.084,90.955,91.82,90.248,105.93,91.448,88.925,87.648,84.687,83.663,83.172,86.656,77.723,87.961,79.22,82.296,91.492,97.805,0,83.247,83.386,80.301,77.739,68.578,69.536,67.65,56.423,55.84,58.235,79.944,81.805,76.599,76.71,79.935,76.099,76.343,79.268,78.677,82.722,82.22,95.649,87.566,84.541,84.46,94.523,94.048,93.083,89.428,89.158,86.203,81.153,79.525,87.27,81.421,82.276,81.967,81.808,81.36,78.806,73.476,70.83,70.794,70.392,63.385,60.436,58.227,74.367,59.717,54.49,65.786,71.762,73.918,74.98,75.548,57.243,54.438,66.078,67.071,67.203,1.145,83.137,85.126,84.831,82.155,113.67
67.478,191.1,72.088,70.154,64.878,86.17,91.633,98.013,74.402,81.45,82.315,80.743,96.423,81.943,81.243,78.143,76.387,74.158,73.667,78.981,72.754,80.286,74.45,75.815,88.632,89.971,83.247,0,78.417,72.308,72.77,63.609,64.567,61.566,52.966,50.871,53.266,72.262,74.123,70.118,70.229,73.96,68.106,68.588,70.493,69.172,74.422,74.957,86.144,78.061,75.036,74.955,85.018,84.543,83.578,79.923,79.653,76.698,71.648,70.02,77.765,71.916,72.771,72.462,72.303,73.526,72.325,68.507,65.861,65.825,65.423,57.301,55.467,53.258,69.398,54.748,49.521,60.817,66.793,70.181,70.21,70.579,52.274,50.981,61.109,62.102,62.234,77.522,80.277,77.451,77.156,74.321,104.17
85.911,218.74,99.662,95.445,92.238,102.09,96.326,118.85,104.9,102.29,103.16,101.58,117.26,102.78,112.11,98.983,93.727,94.998,94.507,93.183,99.781,93.898,101.48,105.57,89.514,108.62,83.386,78.417,0,75.923,97.665,74.234,75.192,78.235,70.947,69.304,71.699,102.76,104.99,95.553,95.22,93.189,97.769,97.092,98.067,90.012,91.762,86.736,90.123,93.983,90.958,90.877,89.711,105.38,104.42,100.76,100.49,97.538,92.488,90.86,98.605,92.756,93.611,93.302,93.143,94.416,102.08,1.982,107.08,90.72,90.318,73.97,72.987,71.691,87.831,73.181,67.954,78.193,88.836,97.821,97.237,97.606,70.707,68.962,71.734,72.727,72.859,77.661,81.159,91.063,91.358,92.971,108.15
64.984,183.89,76.876,68.436,57.396,98.64,104.1,109.29,78.097,92.724,93.589,92.017,107.7,93.217,84.696,89.417,84.176,83.962,82.835,82.669,67.323,83.974,68.281,77.15,84.029,93.818,80.301,72.308,75.923,0,68.525,61.115,62.073,60.187,45.484,48.377,50.772,75.957,77.576,68.328,68.661,70.286,71.737,72.356,75.281,80.446,82.211,78.233,98.614,90.531,87.506,87.425,97.488,95.817,94.852,91.197,90.927,87.972,82.922,81.294,89.039,82.973,80.703,81.63,82.107,77.373,73.66,66.013,61.688,61.58,60.374,55.922,52.973,50.764,66.904,52.254,47.027,58.323,64.299,62.979,64.041,65.148,49.78,43.499,58.615,59.608,59.74,74.576,75.674,81.139,80.844,78.168,116.64
78.572,211.4,94.231,92.363,84.899,98.425,96.187,115.19,99.473,98.623,99.488,97.916,113.6,99.116,106.68,95.316,90.06,91.331,90.84,88.788,94.206,89.503,95.784,95.135,85.544,104.23,77.739,72.77,97.665,68.525,0,66.751,67.709,73.775,63.536,61.965,64.36,97.333,99.556,92.399,92.288,91.286,92.338,91.661,92.636,86.345,88.095,82.925,89.984,90.316,87.291,87.21,89.572,101.72,100.75,97.096,96.826,93.871,88.821,87.193,94.938,89.089,89.944,89.635,89.476,88.841,91.645,87.755,88.346,1.389,87.248,69.51,66.561,64.352,80.492,65.842,60.615,70.71,81.425,90.482,91.544,92.031,63.368,61.551,64.251,65.244,65.376,72.014,77.189,86.668,86.963,88.576,108.01
67.533,185.64,84.121,70.985,59.945,105.88,111.35,112.99,85.342,99.969,100.83,95.716,111.4,96.916,91.941,93.116,89.86,86.511,85.384,84.059,69.872,84.774,70.83,77.565,77.723,96.367,68.578,63.609,74.234,61.115,66.751,0,66.97,61.706,48.033,50.926,53.321,83.202,84.821,70.877,71.21,73.241,78.982,79.601,82.526,87.691,87.895,74.945,105.86,97.776,94.751,94.67,104.73,99.516,98.551,94.896,94.626,91.671,86.621,88.539,96.284,85.817,83.252,84.179,84.656,79.922,74.075,64.324,59.914,59.806,58.6,57.441,55.522,53.313,69.453,54.803,49.576,60.872,66.848,64.725,66.59,67.697,52.329,46.048,63.512,64.505,0.275,62.853,69.368,81.939,82.234,80.717,123.88
68.667,186.69,85.431,72.119,61.079,107.2,112.66,114.12,86.652,101.28,102.14,96.85,112.53,98.05,93.251,94.25,90.994,87.645,86.518,85.193,71.006,85.908,71.964,78.611,78.769,97.501,69.536,64.567,75.192,62.073,67.709,66.97,0,62.752,49.167,52.06,54.455,84.512,86.131,72.011,72.344,74.375,80.292,80.911,83.836,89.001,89.029,75.991,107.17,99.086,96.061,95.98,106.04,100.65,99.685,96.03,95.76,92.805,87.755,89.849,97.594,86.951,84.386,85.313,85.79,81.056,75.121,65.282,60.872,60.764,59.558,58.487,56.656,54.447,70.587,55.937,50.71,61.972,67.982,65.771,67.724,68.831,53.463,47.182,64.734,0.493,65.595,63.811,70.414,83.073,83.368,81.851,125.19
77.95,209.28,93.669,87.17,81.793,93.431,95.566,100.64,101,89,89.865,83.375,99.055,84.575,106.73,80.775,81.688,74.17,73.043,71.15,88.577,71.865,90.273,73.625,73.612,83.496,67.65,61.566,78.235,60.187,73.775,61.706,62.752,0,61.006,60.823,63.218,98.856,99.614,87.206,87.095,86.418,94.283,92.325,92.074,78.418,79.723,73.557,89.363,85.322,82.297,82.216,88.951,87.175,86.21,82.555,82.285,79.33,74.28,77.57,85.315,73.476,70.911,71.838,72.315,67.581,70.135,68.325,66.794,66.83,67.232,0.853,65.939,63.73,79.87,65.22,59.993,64.187,74.992,88.362,86.033,86.402,59.42,59.021,59.956,60.287,60.331,61.925,65.257,69.03,69.325,67.846,107.39
69.77,179.31,89.491,66.598,55.507,109.53,115.3,108.33,90.421,95.024,95.889,91.061,106.74,92.261,90.077,88.461,85.515,82.873,81.746,77.334,67.677,78.049,69.373,76.057,68.686,91.207,56.423,52.966,70.947,45.484,63.536,48.033,49.167,61.006,0,45.689,48.084,88.281,82.957,66.562,66.673,67.35,83.41,83.412,87.896,84.442,83.55,66.398,110.63,101.42,98.398,98.317,108.68,94.861,93.896,90.241,89.971,87.016,81.966,83.594,91.339,81.698,79.614,80.541,81.018,75.292,72.567,61.037,56.627,56.591,56.189,56.741,56.143,55.55,71.69,57.04,44.339,47.013,53.874,58.397,65.133,65.502,55.333,0.397,55.156,46.702,46.658,50.698,60.331,75.214,75.509,75.557,128.66
77.169,180.92,95.367,68.208,58.146,114.62,120.38,112.4,95.244,99.091,99.956,95.128,110.81,96.328,91.687,92.528,87.388,85.94,84.495,76.819,69.287,77.534,70.983,74.702,66.591,92.11,55.84,50.871,69.304,48.377,61.965,50.926,52.06,60.823,45.689,0,0.479,93.104,84.567,68.172,68.283,68.96,88.908,88.897,93.772,87.314,85.423,67.308,115.83,106.51,103.48,103.4,113.77,98.928,97.963,94.308,94.038,91.083,86.033,87.661,95.406,85.539,81.745,83.29,84.085,76.195,71.212,59.394,54.984,55.02,55.422,56.558,59.994,62.949,79.089,64.439,59.212,52.964,62.83,60.007,66.743,67.112,59.053,43.704,49.926,49.595,49.551,50.115,58.236,74.699,74.994,76.46,133.85
79.564,183.32,97.762,70.603,60.541,117.01,122.78,114.79,97.639,101.49,102.35,97.523,113.2,98.723,94.082,94.923,89.783,88.335,86.89,79.214,71.682,79.929,73.378,77.097,68.986,94.505,58.235,53.266,71.699,50.772,64.36,53.321,54.455,63.218,48.084,0.479,0,95.499,86.962,70.567,70.678,71.355,91.303,91.292,96.167,89.709,87.818,69.703,118.22,108.9,105.88,105.8,116.16,101.32,100.36,96.703,96.433,93.478,88.428,90.056,97.801,87.934,84.14,85.685,86.48,78.59,73.607,61.789,57.379,57.415,57.817,58.953,62.389,65.344,81.484,66.834,61.607,55.359,65.225,62.402,69.138,69.507,61.448,46.099,52.321,51.99,51.946,52.51,60.631,77.094,77.389,78.855,136.25
121.11,187.44,57.501,59.599,70.657,103.4,99.279,106.65,0.428,83.573,84.438,89.378,105.06,90.578,76.664,86.778,68.555,85.413,85.558,81.854,65.08,81.979,68.252,99.037,76.18,100.04,79.944,72.262,102.76,75.957,97.333,83.202,84.512,98.856,88.281,93.104,95.499,0,69.544,59.707,59.374,49.395,70.132,52.981,55.906,67.903,66.59,60.048,93.076,95.456,92.431,92.188,92.664,93.178,92.213,88.558,88.288,85.333,80.283,72.143,79.888,81.623,85.286,84.353,83.558,84.655,95.547,92.854,90.208,90.388,92.398,94.591,97.54,106.89,123.03,108.38,93.35,74.586,66.276,66.529,64.012,62.905,87.014,86.296,83.702,82.047,81.827,74.219,67.825,79.144,80.029,84.39,111.1
115.5,189.31,55.64,61.478,72.518,101.54,104.86,102.7,71.684,81.712,82.577,85.429,101.11,86.629,1.424,82.829,69.757,80.154,79.981,86.463,66.941,87.148,70.113,97.22,78.059,99.478,81.805,74.123,104.99,77.576,99.556,84.821,86.131,99.614,82.957,84.567,86.962,69.544,0,65.29,61.253,51.256,64.549,51.12,54.045,66.042,67.792,61.909,98.659,93.595,90.57,90.327,98.247,89.229,88.264,84.609,84.339,81.384,76.334,70.282,78.027,77.138,79.703,78.776,78.299,83.033,93.73,95.077,92.431,92.611,94.621,95.349,98.118,101.28,117.42,102.77,88.617,73.342,66.859,68.39,65.873,64.766,80.358,80.972,85.314,83.666,83.446,76.08,69.704,84.313,84.638,83.828,116.68
99.106,198.52,52.361,64.757,87.485,93.662,99.428,92.862,61.847,73.043,73.908,75.592,91.272,76.792,72.41,72.992,63.987,70.317,70.144,78.529,97.412,79.834,98.37,84.892,75.866,89.641,76.599,70.118,95.553,68.328,92.399,70.877,72.011,87.206,66.562,68.172,70.567,59.707,65.29,0,64.532,51.281,54.712,47.841,50.766,59.069,62.022,61.934,94.873,85.553,82.528,82.447,92.813,79.392,78.427,74.772,74.502,71.547,66.497,61.613,69.358,67.301,69.866,68.939,68.462,73.196,81.402,85.643,85.346,85.454,86.548,82.941,82.214,84.886,101.03,86.376,72.222,71.897,74.058,77.605,94.13,95.237,63.963,64.577,69.877,69.546,69.502,70.874,67.511,76.999,76.704,73.991,112.9
99.217,188.36,56.272,64.64,70.242,93.107,98.873,92.529,61.514,72.71,73.575,75.259,90.939,76.459,68.373,72.659,63.654,69.984,69.811,78.196,69.833,79.501,72.267,84.337,75.855,89.308,76.71,70.229,95.22,68.661,92.288,71.21,72.344,87.095,66.673,68.283,70.678,59.374,61.253,64.532,0,58.567,54.379,53.702,54.677,58.736,61.689,61.923,94.318,84.998,81.973,81.892,92.258,79.059,78.094,74.439,74.169,71.214,66.164,61.28,69.025,66.968,69.533,68.606,68.129,72.863,80.847,85.31,85.235,85.343,86.549,82.83,82.325,84.997,101.14,86.487,72.333,69.952,63.469,67.444,68.027,67.658,64.074,64.688,70.21,69.879,69.835,70.985,67.5,76.666,76.371,73.658,112.34
99.188,186.35,55.595,51.317,62.213,91.076,96.842,91.852,51.535,72.033,72.898,74.582,90.262,75.782,58.376,71.982,65.274,69.307,69.134,77.519,56.636,78.824,59.808,82.306,80.842,87.599,79.935,73.96,93.189,70.286,91.286,73.241,74.375,86.418,67.35,68.96,71.355,49.395,51.256,51.281,58.567,0,53.702,53.025,54,58.059,63.309,68.562,92.287,82.967,79.942,79.861,90.227,78.382,77.417,73.762,73.492,70.537,65.487,60.603,68.348,66.291,68.856,67.929,67.452,71.154,78.816,83.279,84.161,84.341,86.351,82.153,83.002,84.968,101.11,86.458,73.01,67.943,61.46,65.435,55.568,54.461,64.751,65.365,72.241,71.91,71.866,74.21,72.487,75.989,75.694,71.949,110.31
115.48,184.45,61.483,54.604,66.084,96.554,91.391,101.85,72.272,79.617,80.482,84.585,100.27,85.785,71.669,81.985,64.177,79.31,79.137,76.859,60.507,76.984,63.679,92.268,71.185,95.482,76.099,68.106,97.769,71.737,92.338,78.982,80.292,94.283,83.41,88.908,91.303,70.132,64.549,54.712,54.379,53.702,0,61.821,59.888,63.947,62.212,57.253,85.188,88.607,85.582,85.339,84.776,88.385,87.42,83.765,83.495,80.54,75.49,68.187,75.932,76.294,78.669,77.932,77.455,79.779,88.778,87.859,85.213,85.393,87.403,90.018,91.124,101.26,117.4,102.75,90.033,70.208,63.279,63.532,59.439,58.332,82.596,81.425,79.482,77.827,77.607,70.374,62.83,74.149,75.034,79.832,103.21
114.57,185.12,83.885,47.805,65.407,95.099,88.006,103.25,55.121,84.087,84.952,85.979,101.66,87.179,58.24,83.379,69.809,79.394,78.903,76.182,55.316,76.307,59.226,91.591,70.508,93.524,76.343,68.588,97.092,72.356,91.661,79.601,80.911,92.325,83.412,88.897,91.292,52.981,51.12,47.841,53.702,53.025,61.821,0,82.29,70.113,67.844,56.576,81.803,86.99,83.965,83.884,81.391,89.779,88.814,85.159,84.889,81.934,76.884,72.657,80.402,77.152,78.007,77.698,77.539,78.139,88.101,87.182,84.536,84.716,86.726,88.06,89.622,100.35,116.49,101.84,90.684,70.885,63.956,64.209,54.986,53.141,81.882,81.427,80.101,78.446,78.226,70.618,62.153,73.472,74.357,77.874,99.828
115.34,190,0.319,50.73,68.332,96.074,85.081,105.66,58.046,87.012,87.877,88.386,104.07,89.586,61.165,85.786,70.784,81.801,81.31,77.157,58.241,77.282,62.151,93.48,71.483,94.499,79.268,70.493,98.067,75.281,92.636,82.526,83.836,92.074,87.896,93.772,96.167,55.906,54.045,50.766,54.677,54,59.888,82.29,0,73.038,68.819,57.551,78.878,87.965,84.94,84.859,78.466,92.186,91.221,87.566,87.296,84.341,79.291,75.582,83.327,79.559,80.224,80.105,79.946,79.114,89.99,88.157,85.511,85.691,87.701,87.809,90.079,101.12,117.26,102.61,95.559,75.242,68.831,69.084,57.911,56.066,86.757,85.911,83.026,81.371,81.151,73.543,63.128,74.447,75.332,78.849,96.903
100.4,203.64,74.633,58.961,73.422,89.116,67.873,112.37,70.043,102.31,103.18,95.095,110.78,96.295,73.162,92.495,74.843,85.89,84.763,78.782,66.544,78.907,70.454,85.624,73.108,94.686,78.677,69.172,90.012,80.446,86.345,87.691,89.001,78.418,84.442,87.314,89.709,67.903,66.042,59.069,58.736,58.059,63.947,70.113,73.038,0,72.878,61.61,61.67,81.007,77.982,77.901,61.258,98.895,97.93,94.275,94.005,91.05,86,90.884,98.629,85.196,82.631,83.558,84.035,79.301,82.134,80.102,79.22,79.4,81.41,74.153,75.136,86.181,102.32,87.671,89.197,80.951,78.246,82.727,66.214,64.369,82.912,82.457,88.191,86.536,86.316,72.952,64.753,76.072,76.957,79.036,79.695
98.727,203.96,70.414,61.914,75.172,86.772,73.123,103,68.73,86.44,87.305,85.733,101.41,86.933,74.912,83.133,0.393,79.148,78.657,80.998,69.497,81.713,72.767,86.284,78.358,94.327,82.722,74.422,91.762,82.211,88.095,87.895,89.029,79.723,83.55,85.423,87.818,66.59,67.792,62.022,61.689,63.309,62.212,67.844,68.819,72.878,0,66.86,66.92,78.663,75.638,75.557,66.508,89.533,88.568,84.913,84.643,81.688,76.638,75.01,82.755,76.906,77.761,77.452,77.293,78.412,82.794,81.852,80.97,81.15,83.16,75.458,76.441,84.507,100.65,85.997,84.961,82.701,79.145,83.045,68.527,67.322,81.355,81.565,86.895,86.564,86.52,76.997,70.003,78.878,79.173,78.677,84.945
84.138,191.04,59.146,61.97,70.43,83.016,84.071,91.735,62.188,75.172,76.037,74.465,90.145,75.665,69.029,71.865,68.825,67.88,67.389,75.062,67.289,76.954,70.461,78.755,87.977,84.048,82.22,74.957,86.736,78.233,82.925,74.945,75.991,73.557,66.398,67.308,69.703,60.048,61.909,61.934,61.923,68.562,57.253,56.576,57.551,61.61,66.86,0,78.188,74.907,71.882,71.801,77.456,78.265,77.3,73.645,73.375,70.42,65.37,63.742,71.487,65.638,66.493,66.184,66.025,67.603,75.265,76.826,75.944,75.98,76.382,69.292,69.304,69.918,86.058,71.408,66.181,67.964,69.794,70.125,66.221,65.114,63.905,64.413,73.195,73.526,73.57,76.495,79.622,74.119,73.237,68.398,96.213
112.63,243.31,80.473,94.693,113.09,28.492,7.926,30.296,95.216,70.556,71.421,23.872,30.568,25.264,105.78,26.952,68.885,58.062,57.889,68.4,102.35,70.295,106.26,76.056,87.134,77.386,95.649,86.144,90.123,98.614,89.984,105.86,107.17,89.363,110.63,115.83,118.22,93.076,98.659,94.873,94.318,92.287,85.188,81.803,78.878,61.67,66.92,78.188,0,5.28,6.49,19.52,5.28,19.52,20.292,23.216,23.432,25.796,29.836,59.126,66.871,55.046,57.611,56.684,56.207,60.941,72.566,80.213,82.859,83.039,85.049,85.098,87.365,98.41,114.55,99.9,116.98,106.26,116.64,122.4,102.02,100.17,109.1,108.65,106.36,104.7,104.48,89.924,78.779,67.46,66.575,61.736,3.605
107.3,233.99,89.56,85.373,103.77,8.966,7.926,9.868,97.596,93.285,94.15,6.656,10.004,7.352,100.72,8.196,80.628,84.683,83.874,79.535,93.028,80.25,96.938,89.595,81.997,94.973,87.566,78.061,93.983,90.531,90.316,97.776,99.086,85.322,101.42,106.51,108.9,95.456,93.595,85.553,84.998,82.967,88.607,86.99,87.965,81.007,78.663,74.907,5.28,0,0.605,4.48,5.28,4.48,4.866,6.328,6.436,7.618,9.638,81.855,89.6,83.215,82.36,82.669,82.828,81.25,86.105,84.073,83.191,83.371,85.381,81.057,82.04,93.085,109.22,94.575,107.66,98.176,107.5,113.08,92.698,90.853,99.893,99.438,98.276,96.621,96.401,81.841,73.642,77.415,77.71,79.323,12.49
104.28,230.97,86.535,82.348,100.75,7.756,9.136,8.658,94.571,90.26,91.125,5.446,8.794,6.142,97.69,6.986,77.603,81.658,80.849,76.51,90.003,77.225,93.913,86.57,78.972,91.948,84.541,75.036,90.958,87.506,87.291,94.751,96.061,82.297,98.398,103.48,105.88,92.431,90.57,82.528,81.973,79.942,85.582,83.965,84.94,77.982,75.638,71.882,6.49,0.605,0,3.27,6.49,3.27,3.656,5.118,5.226,6.408,8.428,78.83,86.575,80.19,79.335,79.644,79.803,78.225,83.08,81.048,80.166,80.346,82.356,78.032,79.015,90.06,106.2,91.55,104.64,95.151,104.48,110.05,89.673,87.828,96.868,96.413,95.251,93.596,93.376,78.816,70.617,74.39,74.685,76.298,13.7
104.2,230.89,86.454,82.267,100.67,2.243,24.812,8.658,94.328,90.179,91.044,5.446,8.794,6.142,97.447,6.986,77.522,81.577,80.768,76.429,89.922,77.144,93.832,86.489,78.891,91.867,84.46,74.955,90.877,87.425,87.21,94.67,95.98,82.216,98.317,103.4,105.8,92.188,90.327,82.447,81.892,79.861,85.339,83.884,84.859,77.901,75.557,71.801,19.52,4.48,3.27,0,19.52,3.27,3.656,5.118,5.226,6.408,8.428,78.749,86.494,80.109,79.254,79.563,79.722,78.144,82.999,80.967,80.085,80.265,82.275,77.951,78.934,89.979,106.12,91.469,104.53,95.07,104.24,109.97,89.592,87.747,96.787,96.332,95.17,93.515,93.295,78.735,70.536,74.309,74.604,76.217,33.94
111.39,241.25,80.061,92.633,111.03,28.492,1.323,30.296,94.804,70.144,71.009,23.872,30.568,25.264,105.37,26.952,68.473,57.65,57.477,67.988,100.29,69.883,104.2,75.644,86.008,76.974,94.523,85.018,89.711,97.488,89.572,104.73,106.04,88.951,108.68,113.77,116.16,92.664,98.247,92.813,92.258,90.227,84.776,81.391,78.466,61.258,66.508,77.456,5.28,5.28,6.49,19.52,0,19.52,20.292,23.216,23.432,25.796,29.836,58.714,66.459,54.634,57.199,56.272,55.795,60.529,72.154,79.801,82.447,82.627,84.637,84.686,86.129,97.174,113.31,98.664,114.92,105.13,114.77,120.34,99.958,98.113,107.15,106.7,105.23,103.58,103.36,88.798,77.653,67.048,66.163,61.324,12.49
109.16,226.64,93.781,79.284,96.42,7.756,24.812,2.694,95.318,112.87,113.73,1.088,2.762,1.436,96.349,1.858,91.498,106.21,105.09,94.153,86.867,94.278,90.777,100.99,88.479,110.34,94.048,84.543,105.38,95.817,101.72,99.516,100.65,87.175,94.861,98.928,101.32,93.178,89.229,79.392,79.059,78.382,88.385,89.779,92.186,98.895,89.533,78.265,19.52,4.48,3.27,3.27,19.52,0,0.193,0.924,0.978,1.569,2.579,101.44,109.18,105.52,102.95,103.88,104.36,99.624,97.505,95.473,94.591,94.771,96.781,82.91,83.893,94.938,111.08,96.428,99.582,97.714,99.113,105.73,86.537,84.692,93.331,92.876,98.516,98.185,98.141,88.323,80.124,91.443,92.328,94.686,33.94
108.19,225.68,92.816,78.319,95.455,8.142,25.584,2.887,94.353,111.9,112.77,0.895,2.569,1.243,95.384,1.665,90.533,105.25,104.12,93.188,85.902,93.313,89.812,100.03,87.514,109.37,93.083,83.578,104.42,94.852,100.75,98.551,99.685,86.21,93.896,97.963,100.36,92.213,88.264,78.427,78.094,77.417,87.42,88.814,91.221,97.93,88.568,77.3,20.292,4.866,3.656,3.656,20.292,0.193,0,0.731,0.785,1.376,2.386,100.47,108.22,104.55,101.99,102.92,103.39,98.659,96.54,94.508,93.626,93.806,95.816,81.945,82.928,93.973,110.11,95.463,98.617,96.749,98.148,104.76,85.572,83.727,92.366,91.911,97.551,97.22,97.176,87.358,79.159,90.478,91.363,93.721,34.712
104.54,222.02,89.161,74.664,91.8,9.604,28.508,3.618,90.698,108.25,109.11,0.164,3.3,0.512,91.729,0.934,86.878,101.59,100.47,89.533,82.247,89.658,86.157,96.375,83.859,105.72,89.428,79.923,100.76,91.197,97.096,94.896,96.03,82.555,90.241,94.308,96.703,88.558,84.609,74.772,74.439,73.762,83.765,85.159,87.566,94.275,84.913,73.645,23.216,6.328,5.118,5.118,23.216,0.924,0.731,0,0.054,0.645,1.655,96.819,104.56,100.9,98.334,99.261,99.738,95.004,92.885,90.853,89.971,90.151,92.161,78.29,79.273,90.318,106.46,91.808,94.962,93.094,94.493,101.11,81.917,80.072,88.711,88.256,93.896,93.565,93.521,83.703,75.504,86.823,87.708,90.066,37.636
104.27,221.75,88.891,74.394,91.53,9.712,28.724,3.672,90.428,107.98,108.84,0.218,3.354,0.458,91.459,0.88,86.608,101.32,100.2,89.263,81.977,89.388,85.887,96.105,83.589,105.45,89.158,79.653,100.49,90.927,96.826,94.626,95.76,82.285,89.971,94.038,96.433,88.288,84.339,74.502,74.169,73.492,83.495,84.889,87.296,94.005,84.643,73.375,23.432,6.436,5.226,5.226,23.432,0.978,0.785,0.054,0,0.591,1.601,96.549,104.29,100.63,98.064,98.991,99.468,94.734,92.615,90.583,89.701,89.881,91.891,78.02,79.003,90.048,106.19,91.538,94.692,92.824,94.223,100.84,81.647,79.802,88.441,87.986,93.626,93.295,93.251,83.433,75.234,86.553,87.438,89.796,37.852
101.31,218.79,85.936,71.439,88.575,10.894,31.088,4.263,87.473,105.02,105.89,0.809,3.945,1.049,88.504,0.289,83.653,98.368,97.241,86.308,79.022,86.433,82.932,93.15,80.634,102.49,86.203,76.698,97.538,87.972,93.871,91.671,92.805,79.33,87.016,91.083,93.478,85.333,81.384,71.547,71.214,70.537,80.54,81.934,84.341,91.05,81.688,70.42,25.796,7.618,6.408,6.408,25.796,1.569,1.376,0.645,0.591,0,1.01,93.594,101.34,97.674,95.109,96.036,96.513,91.779,89.66,87.628,86.746,86.926,88.936,75.065,76.048,87.093,103.23,88.583,91.737,89.869,91.268,97.88,78.692,76.847,85.486,85.031,90.671,90.34,90.296,80.478,72.279,83.598,84.483,86.841,40.216
96.263,213.75,80.886,66.389,83.525,12.914,35.128,5.273,82.423,99.974,100.84,1.819,4.955,2.059,83.454,1.299,78.603,93.318,92.191,81.258,73.972,81.383,77.882,88.1,75.584,97.441,81.153,71.648,92.488,82.922,88.821,86.621,87.755,74.28,81.966,86.033,88.428,80.283,76.334,66.497,66.164,65.487,75.49,76.884,79.291,86,76.638,65.37,29.836,9.638,8.428,8.428,29.836,2.579,2.386,1.655,1.601,1.01,0,88.544,96.289,92.624,90.059,90.986,91.463,86.729,84.61,82.578,81.696,81.876,83.886,70.015,70.998,82.043,98.183,83.533,86.687,84.819,86.218,92.83,73.642,71.797,80.436,79.981,85.621,85.29,85.246,75.428,67.229,78.548,79.433,81.791,44.256
99.553,207.88,77.177,61.505,77.662,89.964,65.329,114.91,74.283,2.286,2.459,97.639,113.32,98.839,77.402,95.039,76.975,88.434,87.307,79.63,69.088,79.755,72.998,86.472,73.956,95.813,79.525,70.02,90.86,81.294,87.193,88.539,89.849,77.57,83.594,87.661,90.056,72.143,70.282,61.613,61.28,60.603,68.187,72.657,75.582,90.884,75.01,63.742,59.126,81.855,78.83,78.749,58.714,101.44,100.47,96.819,96.549,93.594,88.544,0,1.549,87.74,85.175,86.102,86.579,81.845,82.982,80.95,80.068,80.248,82.258,73.305,74.288,85.333,101.47,86.823,90.045,83.191,81.334,86.967,68.758,66.913,82.064,81.609,89.039,87.384,87.164,73.8,65.601,76.92,77.805,80.163,77.151
107.3,215.63,84.922,69.25,85.407,97.709,73.074,122.65,82.028,0.737,0.91,105.38,121.06,106.58,85.147,102.78,84.72,96.179,95.052,87.375,76.833,87.5,80.743,94.217,81.701,103.56,87.27,77.765,98.605,89.039,94.938,96.284,97.594,85.315,91.339,95.406,97.801,79.888,78.027,69.358,69.025,68.348,75.932,80.402,83.327,98.629,82.755,71.487,66.871,89.6,86.575,86.494,66.459,109.18,108.22,104.56,104.29,101.34,96.289,1.549,0,95.485,92.92,93.847,94.324,89.59,90.727,88.695,87.813,87.993,90.003,81.05,82.033,93.078,109.22,94.568,97.79,90.936,89.079,94.712,76.503,74.658,89.809,89.354,96.784,95.129,94.909,81.545,73.346,84.665,85.55,87.908,84.896
95.459,214.01,81.154,67.193,83.793,91.324,61.249,118.99,83.763,99.17,100.03,101.72,117.4,102.92,84.258,99.119,78.871,94.122,92.995,81.526,74.776,81.651,78.686,88.368,75.852,97.709,81.421,71.916,92.756,82.973,89.089,85.817,86.951,73.476,81.698,85.539,87.934,81.623,77.138,67.301,66.968,66.291,76.294,77.152,79.559,85.196,76.906,65.638,55.046,83.215,80.19,80.109,54.634,105.52,104.55,100.9,100.63,97.674,92.624,87.74,95.485,0,90.863,91.79,92.267,87.533,84.878,82.846,81.964,82.144,84.154,69.211,70.194,81.239,97.379,82.729,85.347,85.087,87.022,93.098,74.446,72.601,80.168,79.713,84.817,84.486,84.442,75.696,67.497,78.816,79.701,82.059,73.071
92.352,214.87,81.819,69.758,84.648,90.469,63.814,116.42,87.426,96.605,97.47,99.154,114.83,100.35,86.823,96.554,79.726,93.879,93.706,82.381,77.341,82.506,81.251,89.223,76.707,98.564,82.276,72.771,93.611,80.703,89.944,83.252,84.386,70.911,79.614,81.745,84.14,85.286,79.703,69.866,69.533,68.856,78.669,78.007,80.224,82.631,77.761,66.493,57.611,82.36,79.335,79.254,57.199,102.95,101.99,98.334,98.064,95.109,90.059,85.175,92.92,90.863,0,92.501,92.024,90.098,85.733,83.701,82.819,82.999,84.868,66.646,67.629,78.132,94.272,79.622,81.072,84.255,87.913,93.953,77.011,75.166,78.084,77.629,82.252,81.921,81.877,76.551,68.352,79.671,80.556,82.914,75.636
