0,215.32,113.05,99.142,88.416,108.39,114.16,109.27,123.87,101.08,101.95,91.999,107.68,93.199,122.62,89.399,98.167,83.233,82.424,86.749,100.22,87.464,101.92,90.417,83.198,102.19,72.447,67.478,85.911,64.984,78.572,67.533,68.667,77.95,69.77,77.169,79.564,121.73,115.5,99.106,99.217,99.188,116.97,113.58,111.46,92.195,96.202,84.138,109.61,100.29,97.26,97.179,107.55,95.799,94.834,91.179,90.909,87.954,82.904,89.651,97.396,81.564,92.352,81.219,81.378,86.802,86.927,76.001,71.591,71.627,72.029,73.685,89.102,2.844,5.476,2.546,84.518,69.571,80.376,94.401,97.677,98.046,72.96,67.785,66.533,66.202,66.158,66.722,74.843,84.629,84.924,86.537,127.63
215.32,0,202.02,190.73,214.22,243.2,248.97,241.01,201.72,223.67,224.53,223.74,239.42,224.94,204.84,221.14,207.06,216.78,215.97,212.71,202,212.84,204.44,220.95,200.92,229.29,194.83,191.1,218.74,183.89,211.4,185.64,186.69,209.28,179.31,180.92,183.32,199.58,197.72,198.77,190.66,189.98,198.18,197.5,200.43,208.2,205.09,193.53,244.41,235.09,232.07,231.99,242.35,227.54,226.57,222.92,222.65,219.69,214.64,212.24,219.98,214.37,214.27,214.77,214.93,213.9,217.46,208.83,204.42,204.45,204.85,205.01,204.46,201.1,217.24,202.59,182.41,198.64,204.61,24.183,200.2,199.83,176.71,177.33,183.89,184.22,184.26,189.11,192.57,210,210.89,213.64,262.44
113.05,202.02,0,71.242,81.006,97.975,86.676,107.36,82.324,92.169,93.034,90.086,105.77,91.286,85.443,87.486,78.668,71.559,70.75,73.187,78.825,73.902,82.267,85.755,75.649,87.102,83.672,74.659,94.78,81.938,91.113,89.183,90.493,90.492,90.365,95.47,97.865,80.184,78.323,71.35,71.017,68.986,78.941,89.143,0.319,79.891,76.703,65.435,80.473,89.866,86.841,86.76,80.061,93.886,92.921,89.266,88.996,86.041,80.991,80.739,88.484,80.723,69.236,69.545,69.704,71.187,82.265,84.87,83.988,84.168,86.178,86.227,87.789,98.834,114.97,100.32,99.52,81.962,79.749,81.108,78.027,76.65,88.835,88.38,89.683,88.028,87.808,77.947,67.294,71.067,71.362,71.452,98.498
99.142,190.73,71.242,0,79.625,95.157,100.92,94.429,79.788,77.866,78.731,77.159,92.839,78.359,86.647,74.559,72.796,68.741,67.932,77.207,81.3,79.102,83.734,84.115,79.822,86.193,79.207,72.94,95.043,68.436,92.691,70.985,72.119,87.17,66.598,68.208,70.603,77.648,79.527,78.065,77.948,75.917,72.653,70.622,69.647,65.588,70.831,67.542,96.05,87.048,84.023,83.942,94.308,80.959,79.994,76.339,76.069,73.114,68.064,66.436,74.181,68.332,66.418,66.727,66.886,69.748,80.625,85.133,85.638,85.746,86.584,82.905,82.25,84.922,101.06,86.412,72.258,71.647,69.486,69.817,79.494,79.125,63.999,64.613,69.985,69.654,69.61,73.482,71.467,76.267,75.382,70.543,114.08
88.416,214.22,81.006,79.625,0,112.98,118.75,110.79,84.199,93.446,94.311,93.517,109.2,94.717,91.04,90.917,81.918,86.564,85.755,87.349,93.246,88.064,96.418,93.468,77.652,100.78,68.335,64.878,92.238,57.396,84.899,59.945,61.079,81.793,55.507,58.146,60.541,82.059,83.92,87.891,79.4,77.369,80.394,78.436,79.411,79.472,79.953,73.216,114.19,104.87,101.85,101.77,112.13,97.317,96.352,92.697,92.427,89.472,84.422,82.016,89.761,84.154,84.051,84.55,84.709,84.868,89.978,82.328,77.918,77.954,78.356,77.528,76.405,74.196,90.336,75.686,59.635,75.947,78.108,93.309,92.178,91.071,53.937,53.522,58.945,58.614,58.57,62.61,69.297,85.229,85.524,85.133,132.22
108.39,243.2,97.975,95.157,112.98,0,33.784,13.144,105.79,95.367,96.232,9.932,13.28,10.628,109.22,11.472,83.304,55.217,54.408,63.683,102.81,65.578,106.72,71.138,82.417,72.669,90.932,81.427,85.205,93.897,85.066,101.14,102.45,84.445,106.2,112,114.39,103.64,102.1,95.337,94.782,91.397,98.79,95.405,96.38,83.089,81.339,77.583,28.492,8.966,7.756,2.243,28.492,7.756,8.142,9.604,9.712,10.894,12.914,83.937,91.682,85.297,52.894,53.203,53.362,56.224,67.648,75.295,77.941,78.121,80.131,80.18,83.129,94.174,110.31,95.664,112.86,101.54,112.35,122.28,102.48,100.64,104.98,104.21,101.64,99.987,99.767,85.207,74.062,62.743,61.858,57.019,42.912
114.16,248.97,86.676,100.92,118.75,33.784,0,35.588,101.42,76.558,77.423,29.164,35.86,30.556,111.98,32.244,74.887,46.649,46.158,61.826,108.58,64.311,112.49,66.871,88.183,67.586,96.698,87.193,86.036,99.663,87.661,106.91,108.22,89.751,111.96,117.92,120.32,99.279,104.86,101.1,100.55,97.163,91.391,88.006,85.081,67.672,72.922,83.276,7.926,7.926,9.136,24.812,1.323,24.812,25.584,28.508,28.724,31.088,35.128,65.128,72.873,61.048,45.061,44.953,44.794,50.611,63.381,76.126,80.536,80.716,82.726,85.486,88.895,99.94,116.08,101.43,118.62,107.31,118.11,128.05,108.25,106.4,110.91,109.98,107.41,105.75,105.53,90.973,79.828,61.476,60.001,51.936,15.136
109.27,241.01,107.36,94.429,110.79,13.144,35.588,0,110.46,115.84,116.7,3.782,5.456,4.13,111.49,4.552,97.986,88.558,87.749,85.663,102.01,86.378,105.92,91.76,88.125,101.1,90.748,81.243,96.148,93.713,92.481,100.96,102.27,87.286,103.59,108.47,110.87,108.32,104.37,94.537,94.204,92.173,106.23,104.21,105.76,101.87,96.021,84.753,30.296,9.868,8.658,8.658,30.296,2.694,2.887,3.618,3.672,4.263,5.273,104.41,112.15,108.49,91.813,86.544,86.703,90.703,88.27,86.238,85.356,85.536,87.546,83.021,84.004,95.049,111.19,96.539,109.63,101.36,110.47,120.09,101.68,99.837,102.06,101.6,101.46,99.803,99.583,85.023,79.77,83.543,83.838,85.451,44.716
123.87,201.72,82.324,79.788,84.199,105.79,101.42,110.46,0,90.644,91.509,93.193,108.87,94.393,96.853,90.593,80.288,80.499,80.306,81.733,83.79,82.448,86.224,95.16,84.195,96.492,86.029,79.548,103.47,82.042,99.801,89.287,90.597,101.32,91.58,96.012,98.407,0.428,89.733,79.896,79.563,77.532,90.321,88.29,80.729,76.67,78.323,73.981,95.216,97.838,94.813,94.57,94.804,96.993,96.028,92.373,92.103,89.148,84.098,79.214,86.959,84.902,79.034,79.101,78.644,80.577,91.67,93.558,92.676,92.856,94.866,97.059,100.01,109.65,125.79,111.14,98.276,81.207,77.339,80.808,81.984,81.615,90.344,89.595,89.787,88.132,87.912,80.304,75.84,79.613,79.908,80.842,113.24
101.08,223.67,92.169,77.866,93.446,95.367,76.558,115.84,90.644,0,1.647,98.569,114.25,99.769,93.763,95.969,84.679,71.995,71.186,75.48,85.449,76.195,89.359,80.115,77.942,89.986,80.697,71.192,86.097,83.662,82.43,90.907,92.217,79.098,91.943,97.428,99.823,88.504,86.643,77.974,77.641,75.61,87.261,87.649,90.574,91.814,82.714,71.446,70.355,87.258,84.233,84.152,69.943,102.37,101.4,97.749,97.479,94.524,89.474,2.286,0.737,88.67,75.25,69.981,70.14,74.14,76.625,76.187,75.305,75.485,77.495,74.833,75.816,86.861,103,88.351,100.4,91.307,93.902,102.75,85.119,83.274,90.413,89.958,91.407,89.752,89.532,74.972,69.587,73.36,73.655,74.336,88.38
101.95,224.53,93.034,78.731,94.311,96.232,77.423,116.7,91.509,1.647,0,99.434,115.11,100.63,94.628,96.834,85.544,72.86,72.051,76.345,86.314,77.06,90.224,80.98,78.807,90.851,81.562,72.057,86.962,84.527,83.295,91.772,93.082,79.963,92.808,98.293,100.69,89.369,87.508,78.839,78.506,76.475,88.126,88.514,91.439,92.679,83.579,72.311,71.22,88.123,85.098,85.017,70.808,103.23,102.27,98.614,98.344,95.389,90.339,2.459,0.91,89.535,76.115,70.846,71.005,75.005,77.49,77.052,76.17,76.35,78.36,75.698,76.681,87.726,103.87,89.216,101.27,92.172,94.767,103.62,85.984,84.139,91.278,90.823,92.272,90.617,90.397,75.837,70.452,74.225,74.52,75.201,89.245
91.999,223.74,90.086,77.159,93.517,9.932,29.164,3.782,93.193,98.569,99.434,0,3.464,0.676,94.224,1.098,80.716,71.288,70.479,68.393,84.742,69.108,88.652,74.49,70.855,83.831,73.478,63.973,78.878,76.443,75.211,83.688,84.998,70.016,86.318,91.201,93.596,91.053,87.104,77.267,76.934,74.903,88.958,86.942,88.491,84.595,78.751,67.483,23.872,6.656,5.446,5.446,23.872,1.088,0.895,0.164,0.218,0.809,1.819,87.139,94.884,91.219,74.543,69.274,69.433,73.433,71,68.968,68.086,68.266,70.276,65.751,66.734,77.779,93.919,79.269,92.356,84.088,93.195,102.82,84.412,82.567,84.788,84.333,84.188,82.533,82.313,67.753,62.5,66.273,66.568,68.181,38.292
107.68,239.42,105.77,92.839,109.2,13.28,35.86,5.456,108.87,114.25,115.11,3.464,0,3.812,109.9,4.234,96.396,86.968,86.159,84.073,100.42,84.788,104.33,90.17,86.535,99.511,89.158,79.653,94.558,92.123,90.891,99.368,100.68,85.696,102,106.88,109.28,106.73,102.78,92.947,92.614,90.583,104.64,102.62,104.17,100.27,94.431,83.163,30.568,10.004,8.794,8.794,30.568,2.762,2.569,3.3,3.354,3.945,4.955,102.82,110.56,106.9,90.223,84.954,85.113,89.113,86.68,84.648,83.766,83.946,85.956,81.431,82.414,93.459,109.6,94.949,108.04,99.768,108.88,118.5,100.09,98.247,100.47,100.01,99.868,98.213,97.993,83.433,78.18,81.953,82.248,83.861,44.988
93.199,224.94,91.286,78.359,94.717,10.628,30.556,4.13,94.393,99.769,100.63,0.676,3.812,0,95.424,1.338,81.916,72.488,71.679,69.593,85.942,70.308,89.852,75.69,72.055,85.031,74.678,65.173,80.078,77.643,76.411,84.888,86.198,71.216,87.518,92.401,94.796,92.253,88.304,78.467,78.134,76.103,90.158,88.142,89.691,85.795,79.951,68.683,25.264,7.352,6.142,6.142,25.264,1.436,1.243,0.512,0.458,1.049,2.059,88.339,96.084,92.419,75.743,70.474,70.633,74.633,72.2,70.168,69.286,69.466,71.476,66.951,67.934,78.979,95.119,80.469,93.556,85.288,94.395,104.02,85.612,83.767,85.988,85.533,85.388,83.733,83.513,68.953,63.7,67.473,67.768,69.381,39.684
122.62,204.84,85.443,86.647,91.04,109.22,111.98,111.49,96.853,93.763,94.628,94.224,109.9,95.424,0,91.624,83.504,83.916,83.425,91.121,90.631,92.426,93.065,100.05,91.054,101.93,92.47,85.989,110.67,85.855,107,93.1,94.41,107.06,90.077,91.687,94.082,94.713,1.424,90.459,86.422,84.391,89.718,87.687,83.848,79.789,81.539,77.905,105.78,101.11,98.089,98.008,105.37,98.024,97.059,93.404,93.134,90.179,85.129,82.333,90.078,85.397,82.153,82.22,82.061,85.483,96.561,100.76,99.879,100.06,102.07,102.8,105.24,108.4,124.54,109.89,95.737,84.326,80.458,83.927,88.825,88.456,87.478,88.092,93.24,91.945,91.725,86.745,82.699,89.591,89.296,86.278,123.8
89.399,221.14,87.486,74.559,90.917,11.472,32.244,4.552,90.593,95.969,96.834,1.098,4.234,1.338,91.624,0,78.116,68.688,67.879,65.793,82.142,66.508,86.052,71.89,68.255,81.231,70.878,61.373,76.278,73.843,72.611,81.088,82.398,67.416,83.718,88.601,90.996,88.453,84.504,74.667,74.334,72.303,86.358,84.342,85.891,81.995,76.151,64.883,26.952,8.196,6.986,6.986,26.952,1.858,1.665,0.934,0.88,0.289,1.299,84.539,92.284,88.619,71.943,66.674,66.833,70.833,68.4,66.368,65.486,65.666,67.676,63.151,64.134,75.179,91.319,76.669,89.756,81.488,90.595,100.22,81.812,79.967,82.188,81.733,81.588,79.933,79.713,65.153,59.9,63.673,63.968,65.581,41.372
98.167,207.06,78.668,72.796,81.918,83.304,74.887,97.986,80.288,84.679,85.544,80.716,96.396,81.916,83.504,78.116,0,59.932,59.123,69.28,78.187,70.585,81.359,73.248,74.575,80.731,79.026,69.521,82.217,79.977,80.314,87.122,88.344,76.184,84.649,87.127,89.522,78.148,76.384,72.832,72.578,70.547,76.483,78.048,77.073,73.014,0.393,66.996,68.684,75.195,72.17,72.089,68.272,84.516,83.551,79.896,79.626,76.671,71.621,73.249,80.994,71.353,63.176,57.918,58.077,64.286,69.758,72.307,73.189,73.369,75.379,71.919,72.902,83.947,100.09,85.437,86.926,83.178,83.601,86.144,77.119,76.012,82.918,82.664,86.872,85.879,85.747,73.301,66.22,67.75,67.455,65.081,86.709
83.233,216.78,71.559,68.741,86.564,55.217,46.649,88.558,80.499,71.995,72.86,71.288,86.968,72.488,83.916,68.688,59.932,0,70.864,58.245,76.396,58.96,80.306,66.833,60.707,73.683,65.821,56.316,71.221,68.786,67.554,76.031,77.341,61.25,78.368,82.435,84.83,78.359,76.796,68.921,68.366,64.981,72.374,68.989,69.964,59.717,57.967,54.211,41.27,47.108,44.083,44.002,40.034,75.088,74.123,70.468,70.198,67.243,62.193,60.565,68.31,68.975,68.732,69.659,0.371,61.27,63.343,61.311,60.429,60.609,62.619,56.985,57.968,69.013,85.153,70.503,83.59,76.431,87.016,95.869,76.066,74.221,76.838,76.383,76.531,74.876,74.656,60.096,52.352,56.125,56.42,58.033,59.295
82.424,215.97,70.75,67.932,85.755,54.408,46.158,87.749,80.306,71.186,72.051,70.479,86.159,71.679,83.425,67.879,59.123,70.864,0,57.436,75.587,58.151,79.497,66.342,59.898,72.874,65.33,55.825,70.73,68.295,67.063,75.54,76.85,60.441,77.559,81.626,84.021,78.166,76.305,68.112,67.557,64.172,71.565,68.18,69.155,58.908,57.158,53.402,40.779,46.299,43.274,43.193,39.543,74.279,73.314,69.659,69.389,66.434,61.384,59.756,67.501,67.848,68.559,0.241,69.009,60.779,62.852,60.82,59.938,60.118,62.128,56.176,57.159,68.204,84.344,69.694,82.618,75.94,86.525,95.06,75.257,73.412,76.029,75.574,76.04,74.385,74.165,59.605,51.543,55.316,55.611,57.224,58.804
86.749,212.71,73.187,77.207,87.349,63.683,61.826,85.663,81.733,75.48,76.345,68.393,84.073,69.593,91.121,65.793,69.28,58.245,57.436,0,83.287,82.037,86.459,82.791,76.238,90.898,79.686,71.693,90.935,79.175,86.654,83.858,84.992,71.083,77.334,76.819,79.214,79.593,84.001,77.387,76.832,73.447,74.598,72.567,71.592,64.898,67.315,66.024,56.447,55.574,52.549,52.468,55.211,72.193,71.228,67.573,67.303,64.348,59.298,64.05,71.795,58.494,73.343,56.231,56.39,74.453,79.301,81.025,79.601,79.709,80.915,66.818,65.902,72.529,88.669,74.019,75.469,81.27,87.753,91.796,82.219,81.112,74.735,75.349,82.858,82.527,82.483,73.961,67.883,79.202,0.365,75.248,74.472
100.22,202,78.825,81.3,93.246,102.81,108.58,102.01,83.79,85.449,86.314,84.742,100.42,85.942,90.631,82.142,78.187,76.396,75.587,83.287,0,84.592,104.13,91.537,83.021,93.848,78.262,74.805,99.701,67.323,94.206,69.872,71.006,88.577,67.677,69.287,71.682,81.65,83.511,97.818,81.075,79.044,78.556,76.525,77.23,73.171,76.222,72.807,103.71,94.703,91.678,91.597,101.96,88.542,87.577,83.922,83.652,80.697,75.647,74.019,81.764,75.915,74.073,74.382,74.541,77.403,88.047,89.791,87.225,87.261,87.663,84.312,83.329,86.001,102.14,87.491,72.753,75.538,77.699,81.087,99.891,0.435,65.078,65.692,68.872,68.541,68.497,72.537,74.666,81.757,81.462,78.198,121.73
87.464,212.84,73.902,79.102,88.064,65.578,64.311,86.378,82.448,76.195,77.06,69.108,84.788,70.308,92.426,66.508,70.585,58.96,58.151,82.037,84.592,0,87.764,83.506,78.133,91.023,80.991,72.998,92.24,80.48,87.959,84.573,85.707,71.865,78.049,77.534,79.929,80.308,85.306,79.237,78.727,75.342,75.313,73.282,72.307,65.613,68.62,67.919,58.932,57.469,54.444,54.363,57.696,72.908,71.943,68.288,68.018,65.063,60.013,64.765,72.51,59.209,73.468,56.946,57.105,74.578,80.016,82.33,80.906,81.014,82.22,67.6,66.617,73.244,89.384,74.734,76.184,81.395,87.878,91.921,83.524,82.417,75.45,76.064,83.573,83.242,83.198,75.266,69.778,0.567,80.212,75.373,76.957
101.92,204.44,82.267,83.734,96.418,106.72,112.49,105.92,86.224,89.359,90.224,88.652,104.33,89.852,93.065,86.052,81.359,80.306,79.497,86.459,104.13,87.764,0,94.709,85.455,97.758,79.22,75.763,101.48,68.281,95.784,70.83,71.964,90.273,69.373,70.983,73.378,84.084,85.945,98.776,83.509,81.478,81.728,79.697,80.672,77.081,79.394,75.241,107.62,98.613,95.588,95.507,105.87,92.452,91.487,87.832,87.562,84.607,79.557,77.929,85.674,79.825,77.983,78.292,78.451,81.313,91.219,91.567,88.803,88.839,89.241,86.008,85.025,87.697,103.84,89.187,73.711,77.972,80.133,83.521,0.848,101.96,66.774,67.388,69.83,69.499,69.455,73.495,77.1,84.929,84.634,82.108,125.64
90.417,220.95,85.755,84.115,93.468,71.138,66.871,91.76,95.16,80.115,80.98,74.49,90.17,75.69,100.05,71.89,73.248,66.833,66.342,82.791,91.537,83.506,94.709,0,79.164,98.229,80.275,72.282,99.606,77.15,91.674,77.565,78.611,73.424,76.057,74.702,77.097,93.02,92.931,84.295,83.74,80.355,87.748,84.363,84.16,69.533,71.283,69.717,61.492,63.029,60.004,59.923,60.256,78.29,77.325,73.67,73.4,70.445,65.395,68.685,76.43,64.591,81.734,65.137,64.978,89.681,0.698,89.696,87.05,84.729,85.935,69.159,69.57,76.197,92.337,77.687,74.279,80.046,90.331,100.03,90.469,89.362,73.299,74.072,75.815,76.146,76.19,74.55,70.809,80.671,80.966,82.579,79.517
83.198,200.92,75.649,79.822,77.652,82.417,88.183,88.125,84.195,77.942,78.807,70.855,86.535,72.055,91.054,68.255,74.575,60.707,59.898,76.238,83.021,78.133,85.455,79.164,0,85.224,91.492,87.649,88.133,84.029,85.502,77.723,78.769,73.612,68.686,66.591,68.986,82.055,83.934,79.786,79.897,82.382,77.06,75.029,74.054,67.36,72.61,81.168,83.317,74.308,71.283,71.202,81.568,74.655,73.69,70.035,69.765,66.81,61.76,66.512,74.257,60.956,67.669,58.693,58.852,68.779,75.674,78.223,78.521,78.557,78.197,69.347,68.364,68.978,85.118,70.468,65.241,73.591,76.621,80.009,81.215,80.846,67.994,66.701,75.973,76.304,76.348,85.767,1.671,75.298,74.413,69.574,101.34
102.19,229.29,87.102,86.193,100.78,72.669,67.586,101.1,96.492,89.986,90.851,83.831,99.511,85.031,101.93,81.231,80.731,73.683,72.874,90.898,93.848,91.023,97.758,98.229,85.224,0,90.676,81.288,103.15,90.165,98.866,95.062,96.284,83.295,91.207,92.11,94.505,94.352,94.808,86.373,85.818,82.433,89.794,86.441,85.507,77.777,78.766,75.01,62.207,64.56,61.535,61.454,60.971,87.631,86.666,83.011,82.741,79.786,74.736,78.556,86.301,73.932,91.075,71.669,71.828,93.117,94.739,93.237,91.813,91.921,93.127,79.03,80.013,87.967,104.11,89.457,90.907,95.408,102.32,108.37,93.518,91.673,88.608,89.222,94.812,93.819,93.687,84.951,76.869,88.188,89.073,3.13,80.232
72.447,194.83,83.672,79.207,68.335,90.932,96.698,90.748,86.029,80.697,81.562,73.478,89.158,74.678,92.47,70.878,79.026,65.821,65.33,79.686,78.262,80.991,79.22,80.275,91.492,90.676,0,83.247,83.386,80.301,77.739,68.578,69.536,67.65,56.423,55.84,58.235,83.889,85.35,79.099,79.432,80.182,82.224,81.102,82.077,71.811,77.061,80.07,91.832,82.823,79.798,79.717,90.083,77.278,76.313,72.658,72.388,69.433,64.383,69.267,77.012,63.579,73.238,64.125,63.966,74.231,76.785,73.476,70.83,70.794,70.392,63.385,60.436,58.227,74.367,59.717,54.49,65.786,71.762,73.918,74.98,76.087,57.243,54.438,66.078,67.071,67.203,1.145,83.137,78.156,77.861,75.026,109.86
67.478,191.1,74.659,72.94,64.878,81.427,87.193,81.243,79.548,71.192,72.057,63.973,79.653,65.173,85.989,61.373,69.521,56.316,55.825,71.693,74.805,72.998,75.763,72.282,87.649,81.288,83.247,0,78.417,72.308,72.77,63.609,64.567,61.566,52.966,50.871,53.266,77.408,78.869,72.904,73.015,75.213,75.14,73.109,73.064,62.306,67.556,72.077,82.327,73.318,70.293,70.212,80.578,67.773,66.808,63.153,62.883,59.928,54.878,59.762,67.507,54.074,63.733,54.62,54.461,64.843,68.792,68.507,65.861,65.825,65.423,57.301,55.467,53.258,69.398,54.748,49.521,60.817,66.793,70.181,71.523,72.63,52.274,50.981,61.109,62.102,62.234,77.522,79.294,70.163,69.868,65.638,100.35
85.911,218.74,94.78,95.043,92.238,85.205,86.036,96.148,103.47,86.097,86.962,78.878,94.558,80.078,110.67,76.278,82.217,71.221,70.73,90.935,99.701,92.24,101.48,99.606,88.133,103.15,83.386,78.417,0,75.923,97.665,74.234,75.192,78.235,70.947,69.304,71.699,101.33,103.55,95.151,94.818,92.787,96.333,94.302,93.185,77.211,80.252,81.637,80.657,77.096,74.071,73.99,79.421,82.678,81.713,78.058,77.788,74.833,69.783,74.667,82.412,68.979,86.122,69.525,69.366,88.454,96.116,1.982,101.12,90.72,90.318,73.97,72.987,71.691,87.831,73.181,67.954,78.193,88.836,97.821,97.237,97.526,70.707,68.962,71.734,72.727,72.859,77.661,79.778,89.405,89.11,87.497,98.682
64.984,183.89,81.938,68.436,57.396,93.897,99.663,93.713,82.042,83.662,84.527,76.443,92.123,77.643,85.855,73.843,79.977,68.786,68.295,79.175,67.323,80.48,68.281,77.15,84.029,90.165,80.301,72.308,75.923,0,68.525,61.115,62.073,60.187,45.484,48.377,50.772,79.902,78.735,68.328,68.661,70.692,78.237,77.56,80.343,74.776,78.012,77.763,94.797,85.788,82.763,82.682,93.048,80.243,79.278,75.623,75.353,72.398,67.348,72.232,79.977,66.544,74.83,67.09,66.931,73.72,73.66,66.013,61.688,61.58,60.374,55.922,52.973,50.764,66.904,52.254,47.027,58.323,64.299,62.979,64.041,65.148,49.78,43.499,58.615,59.608,59.74,74.576,75.674,77.645,77.35,74.515,112.82
78.572,211.4,91.113,92.691,84.899,85.066,87.661,92.481,99.801,82.43,83.295,75.211,90.891,76.411,107,72.611,80.314,67.554,67.063,86.654,94.206,87.959,95.784,91.674,85.502,98.866,77.739,72.77,97.665,68.525,0,66.751,67.709,73.775,63.536,61.965,64.36,97.661,99.884,92.727,92.616,90.884,92.666,90.635,89.518,73.544,78.349,79.662,82.282,76.957,73.932,73.851,81.046,79.011,78.046,74.391,74.121,71.166,66.116,71,78.745,65.312,82.455,65.858,65.699,82.951,88.184,87.755,88.346,1.389,87.248,69.51,66.561,64.352,80.492,65.842,60.615,70.71,81.425,90.482,91.544,92.031,63.368,61.551,64.251,65.244,65.376,72.014,77.147,85.124,84.829,83.216,100.31
67.533,185.64,89.183,70.985,59.945,101.14,106.91,100.96,89.287,90.907,91.772,83.688,99.368,84.888,93.1,81.088,87.122,76.031,75.54,83.858,69.872,84.573,70.83,77.565,77.723,95.062,68.578,63.609,74.234,61.115,66.751,0,66.97,61.706,48.033,50.926,53.321,87.147,85.98,70.877,71.21,73.241,85.482,84.805,87.588,82.021,85.157,74.945,102.04,93.033,90.008,89.927,100.29,87.488,86.523,82.868,82.598,79.643,74.593,79.477,87.222,73.789,79.727,74.335,74.176,78.617,74.075,64.324,59.914,59.806,58.6,57.441,55.522,53.313,69.453,54.803,49.576,60.872,66.848,64.725,66.59,67.697,52.329,46.048,63.512,64.505,0.275,62.853,69.368,81.738,82.033,79.412,120.07
68.667,186.69,90.493,72.119,61.079,102.45,108.22,102.27,90.597,92.217,93.082,84.998,100.68,86.198,94.41,82.398,88.344,77.341,76.85,84.992,71.006,85.707,71.964,78.611,78.769,96.284,69.536,64.567,75.192,62.073,67.709,66.97,0,62.752,49.167,52.06,54.455,88.457,87.29,72.011,72.344,74.375,86.792,86.115,88.898,83.331,86.379,75.991,103.35,94.343,91.318,91.237,101.6,88.798,87.833,84.178,83.908,80.953,75.903,80.787,88.532,75.099,80.949,75.645,75.486,79.839,75.121,65.282,60.872,60.764,59.558,58.487,56.656,54.447,70.587,55.937,50.71,61.972,67.982,65.771,67.724,68.831,53.463,47.182,64.734,0.493,65.595,63.811,70.414,82.872,83.167,80.634,121.38
77.95,209.28,90.492,87.17,81.793,84.445,89.751,87.286,101.32,79.098,79.963,70.016,85.696,71.216,107.06,67.416,76.184,61.25,60.441,71.083,88.577,71.865,90.273,73.424,73.612,83.295,67.65,61.566,78.235,60.187,73.775,61.706,62.752,0,61.006,60.823,63.218,99.184,99.942,87.206,87.095,86.418,94.611,91.299,88.897,70.212,74.219,72.93,84.372,76.336,73.311,73.23,83.136,73.816,72.851,69.196,68.926,65.971,60.921,67.668,75.413,59.581,70.71,59.236,59.395,67.38,69.934,68.325,66.794,66.83,67.232,0.853,65.939,63.73,79.87,65.22,59.993,64.187,74.992,88.362,86.033,86.402,59.42,59.021,59.956,60.287,60.331,61.925,65.257,69.03,69.258,67.645,102.4
69.77,179.31,90.365,66.598,55.507,106.2,111.96,103.59,91.58,91.943,92.808,86.318,102,87.518,90.077,83.718,84.649,78.368,77.559,77.334,67.677,78.049,69.373,76.057,68.686,91.207,56.423,52.966,70.947,45.484,63.536,48.033,49.167,61.006,0,45.689,48.084,89.44,82.957,66.562,66.673,67.35,87.934,85.845,88.77,81.361,82.684,66.398,107.41,98.089,95.064,94.983,105.35,90.118,89.153,85.498,85.228,82.273,77.223,80.513,88.258,76.419,79.413,76.354,76.513,75.292,72.567,61.037,56.627,56.591,56.189,56.741,56.143,55.55,71.69,57.04,44.339,47.013,53.874,58.397,65.133,65.502,55.333,0.397,55.156,46.702,46.658,50.698,60.331,75.214,75.509,75.557,125.43
77.169,180.92,95.47,68.208,58.146,112,117.92,108.47,96.012,97.428,98.293,91.201,106.88,92.401,91.687,88.601,87.127,82.435,81.626,76.819,69.287,77.534,70.983,74.702,66.591,92.11,55.84,50.871,69.304,48.377,61.965,50.926,52.06,60.823,45.689,0,0.479,93.872,84.567,68.172,68.283,68.96,92.385,89,93.875,86.846,85.162,67.308,113.37,104.05,101.02,100.78,111.31,95.001,94.036,90.381,90.111,87.156,82.106,85.998,93.743,80.766,81.745,80.421,80.58,76.195,71.212,59.394,54.984,55.02,55.422,56.558,59.994,62.949,79.089,64.439,59.212,52.964,62.83,60.007,66.743,67.112,59.053,43.704,49.926,49.595,49.551,50.115,58.236,74.699,74.994,76.46,131.39
79.564,183.32,97.865,70.603,60.541,114.39,120.32,110.87,98.407,99.823,100.69,93.596,109.28,94.796,94.082,90.996,89.522,84.83,84.021,79.214,71.682,79.929,73.378,77.097,68.986,94.505,58.235,53.266,71.699,50.772,64.36,53.321,54.455,63.218,48.084,0.479,0,96.267,86.962,70.567,70.678,71.355,94.78,91.395,96.27,89.241,87.557,69.703,115.76,106.44,103.42,103.18,113.7,97.396,96.431,92.776,92.506,89.551,84.501,88.393,96.138,83.161,84.14,82.816,82.975,78.59,73.607,61.789,57.379,57.415,57.817,58.953,62.389,65.344,81.484,66.834,61.607,55.359,65.225,62.402,69.138,69.507,61.448,46.099,52.321,51.99,51.946,52.51,60.631,77.094,77.389,78.855,133.79
121.73,199.58,80.184,77.648,82.059,103.64,99.279,108.32,0.428,88.504,89.369,91.053,106.73,92.253,94.713,88.453,78.148,78.359,78.166,79.593,81.65,80.308,84.084,93.02,82.055,94.352,83.889,77.408,101.33,79.902,97.661,87.147,88.457,99.184,89.44,93.872,96.267,0,87.593,77.756,77.423,75.392,88.181,86.15,78.589,74.53,76.183,71.841,93.076,95.698,92.673,92.43,92.664,94.853,93.888,90.233,89.963,87.008,81.958,77.074,84.819,82.762,76.894,76.961,76.504,78.437,89.53,91.418,90.536,90.716,92.726,94.919,97.868,107.51,123.65,109,96.136,79.067,75.199,78.668,79.844,79.475,88.204,87.455,87.647,85.992,85.772,78.164,73.7,77.473,77.768,78.702,111.1
115.5,197.72,78.323,79.527,83.92,102.1,104.86,104.37,89.733,86.643,87.508,87.104,102.78,88.304,1.424,84.504,76.384,76.796,76.305,84.001,83.511,85.306,85.945,92.931,83.934,94.808,85.35,78.869,103.55,78.735,99.884,85.98,87.29,99.942,82.957,84.567,86.962,87.593,0,83.339,79.302,77.271,82.598,80.567,76.728,72.669,74.419,70.785,98.659,93.994,90.969,90.888,98.247,90.904,89.939,86.284,86.014,83.059,78.009,75.213,82.958,78.277,75.033,75.1,74.941,78.363,89.441,93.641,92.759,92.939,94.949,95.677,98.118,101.28,117.42,102.77,88.617,77.206,73.338,76.807,81.705,81.336,80.358,80.972,86.12,84.825,84.605,79.625,75.579,82.471,82.176,79.158,116.68
99.106,198.77,71.35,78.065,87.891,95.337,101.1,94.537,79.896,77.974,78.839,77.267,92.947,78.467,90.459,74.667,72.832,68.921,68.112,77.387,97.818,79.237,98.776,84.295,79.786,86.373,79.099,72.904,95.151,68.328,92.727,70.877,72.011,87.206,66.562,68.172,70.567,77.756,83.339,0,77.84,75.809,72.761,70.73,69.755,65.696,70.867,67.506,96.23,87.228,84.203,84.122,94.488,81.067,80.102,76.447,76.177,73.222,68.172,66.544,74.289,68.44,66.598,66.907,67.066,69.928,80.805,85.241,85.674,85.782,86.548,82.941,82.214,84.886,101.03,86.376,72.222,72.303,74.464,77.852,94.536,95.643,63.963,64.577,69.877,69.546,69.502,73.374,71.431,76.402,75.562,70.723,114.26
99.217,190.66,71.017,77.948,79.4,94.782,100.55,94.204,79.563,77.641,78.506,76.934,92.614,78.134,86.422,74.334,72.578,68.366,67.557,76.832,81.075,78.727,83.509,83.74,79.897,85.818,79.432,73.015,94.818,68.661,92.616,71.21,72.344,87.095,66.673,68.283,70.678,77.423,79.302,77.84,0,76.142,72.428,70.397,69.422,65.363,70.613,67.617,95.675,86.673,83.648,83.567,93.933,80.734,79.769,76.114,75.844,72.889,67.839,66.211,73.956,68.107,66.043,66.352,66.511,69.373,80.25,84.908,85.563,85.671,86.659,82.83,82.325,84.997,101.14,86.487,72.333,71.572,69.411,69.742,79.269,78.9,64.074,64.688,70.21,69.879,69.835,73.707,71.542,75.892,75.007,70.168,113.7
99.188,189.98,68.986,75.917,77.369,91.397,97.163,92.173,77.532,75.61,76.475,74.903,90.583,76.103,84.391,72.303,70.547,64.981,64.172,73.447,79.044,75.342,81.478,80.355,82.382,82.433,80.182,75.213,92.787,70.692,90.884,73.241,74.375,86.418,67.35,68.96,71.355,75.392,77.271,75.809,76.142,0,70.397,68.366,67.391,63.332,68.582,73.341,92.29,83.288,80.263,80.182,90.548,78.703,77.738,74.083,73.813,70.858,65.808,64.18,71.925,66.076,62.658,62.967,63.126,65.988,76.865,82.877,83.759,83.939,85.949,82.153,83.002,84.968,101.11,86.458,73.01,70.895,68.734,69.065,77.238,76.869,64.751,65.365,72.241,71.91,71.866,74.457,74.027,72.507,71.622,66.783,110.31
116.97,198.18,78.941,72.653,80.394,98.79,91.391,106.23,90.321,87.261,88.126,88.958,104.64,90.158,89.718,86.358,76.483,72.374,71.565,74.598,78.556,75.313,81.728,87.748,77.06,89.794,82.224,75.14,96.333,78.237,92.666,85.482,86.792,94.611,87.934,92.385,94.78,88.181,82.598,72.761,72.428,70.397,0,91.145,77.346,73.287,74.518,66.846,85.188,90.681,87.656,87.575,84.776,92.758,91.793,88.138,87.868,84.913,79.863,75.831,83.576,80.131,70.051,70.36,70.519,73.381,84.258,86.423,85.541,85.721,87.731,90.346,91.78,102.75,118.89,104.24,95.206,79.4,73.956,77.265,77.488,76.381,86.404,85.949,85.982,84.327,84.107,76.499,68.705,72.478,72.773,74.144,103.21
113.58,197.5,89.143,70.622,78.436,95.405,88.006,104.21,88.29,87.649,88.514,86.942,102.62,88.142,87.687,84.342,78.048,68.989,68.18,72.567,76.525,73.282,79.697,84.363,75.029,86.441,81.102,73.109,94.302,77.56,90.635,84.805,86.115,91.299,85.845,89,91.395,86.15,80.567,70.73,70.397,68.366,91.145,0,87.548,75.371,76.083,64.815,81.803,87.296,84.271,84.19,81.391,90.742,89.777,86.122,85.852,82.897,77.847,76.219,83.964,78.115,66.666,66.975,67.134,69.996,80.873,84.392,83.51,83.69,85.7,87.034,88.395,99.364,115.5,100.85,93.05,77.442,73.279,76.588,75.457,74.35,84.315,83.86,85.305,83.65,83.43,75.377,66.674,70.447,70.742,70.791,99.828
111.46,200.43,0.319,69.647,79.411,96.38,85.081,105.76,80.729,90.574,91.439,88.491,104.17,89.691,83.848,85.891,77.073,69.964,69.155,71.592,77.23,72.307,80.672,84.16,74.054,85.507,82.077,73.064,93.185,80.343,89.518,87.588,88.898,88.897,88.77,93.875,96.27,78.589,76.728,69.755,69.422,67.391,77.346,87.548,0,78.296,75.108,63.84,78.878,88.271,85.246,85.165,78.466,92.291,91.326,87.671,87.401,84.446,79.396,79.144,86.889,79.128,67.641,67.95,68.109,69.592,80.67,83.275,82.393,82.573,84.583,84.632,86.194,97.239,113.38,98.729,97.925,80.367,78.154,79.513,76.432,75.055,87.24,86.785,88.088,86.433,86.213,76.352,65.699,69.472,69.767,69.857,96.903
92.195,208.2,79.891,65.588,79.472,83.089,67.672,101.87,76.67,91.814,92.679,84.595,100.28,85.795,79.789,81.995,73.014,59.717,58.908,64.898,73.171,65.613,77.081,69.533,67.36,77.777,71.811,62.306,77.211,74.776,73.544,82.021,83.331,70.212,81.361,86.846,89.241,74.53,72.669,65.696,65.363,63.332,73.287,75.371,78.296,0,71.049,59.781,61.469,74.98,71.955,71.874,61.057,88.395,87.43,83.775,83.505,80.55,75.5,80.384,88.129,74.696,62.972,57.703,57.862,61.862,66.043,67.301,66.419,66.599,68.609,65.947,66.93,77.975,94.115,79.465,88.126,79.463,81.08,87.286,72.841,70.996,79.831,79.376,82.521,80.866,80.646,66.086,59.005,62.778,63.073,62.127,79.494
96.202,205.09,76.703,70.831,79.953,81.339,72.922,96.021,78.323,82.714,83.579,78.751,94.431,79.951,81.539,76.151,0.393,57.967,57.158,67.315,76.222,68.62,79.394,71.283,72.61,78.766,77.061,67.556,80.252,78.012,78.349,85.157,86.379,74.219,82.684,85.162,87.557,76.183,74.419,70.867,70.613,68.582,74.518,76.083,75.108,71.049,0,65.031,66.719,73.23,70.205,70.124,66.307,82.551,81.586,77.931,77.661,74.706,69.656,71.284,79.029,69.388,61.211,55.953,56.112,62.321,67.793,70.342,71.224,71.404,73.414,69.954,70.937,81.982,98.122,83.472,84.961,81.213,81.636,84.179,75.154,74.047,80.953,80.699,84.907,83.914,83.782,71.336,64.255,65.785,65.49,63.116,84.744
84.138,193.53,65.435,67.542,73.216,77.583,83.276,84.753,73.981,71.446,72.311,67.483,83.163,68.683,77.905,64.883,66.996,54.211,53.402,66.024,72.807,67.919,75.241,69.717,81.168,75.01,80.07,72.077,81.637,77.763,79.662,74.945,75.991,72.93,66.398,67.308,69.703,71.841,70.785,67.506,67.617,73.341,66.846,64.815,63.84,59.781,65.031,0,77.897,69.474,66.449,66.368,76.661,71.283,70.318,66.663,66.393,63.438,58.388,60.016,67.761,58.12,57.455,52.197,52.356,58.565,66.227,71.727,72.609,72.717,73.923,68.665,69.304,69.918,86.058,71.408,66.181,67.964,70.125,72.616,71.001,70.632,63.905,64.413,73.195,73.526,73.57,74.345,72.813,65.084,64.199,59.36,95.922
109.6,244.41,80.473,96.05,114.19,28.492,7.926,30.296,95.216,70.355,71.22,23.872,30.568,25.264,105.78,26.952,68.684,41.27,40.779,56.447,103.7,58.932,107.62,61.492,83.317,62.207,91.832,82.327,80.657,94.797,82.282,102.04,103.35,84.372,107.41,113.37,115.76,93.076,98.659,96.23,95.675,92.29,85.188,81.803,78.878,61.469,66.719,77.897,0,5.28,6.49,19.52,5.28,19.52,20.292,23.216,23.432,25.796,29.836,58.925,66.67,54.845,39.682,39.574,39.415,45.232,58.002,70.747,75.157,75.337,77.347,80.107,84.34,95.385,111.52,96.875,114.07,102.44,113.25,123.5,103.38,101.53,106.35,105.42,102.54,100.89,100.67,86.107,74.962,56.097,54.622,46.557,3.605
100.28,235.09,89.866,87.048,104.87,8.966,7.926,9.868,97.838,87.258,88.123,6.656,10.004,7.352,101.11,8.196,75.195,47.108,46.299,55.574,94.703,57.469,98.613,63.029,74.308,64.56,82.823,73.318,77.096,85.788,76.957,93.033,94.343,76.336,98.089,104.05,106.44,95.698,93.994,87.228,86.673,83.288,90.681,87.296,88.271,74.98,73.23,69.474,5.28,0,0.605,4.48,5.28,4.48,4.866,6.328,6.436,7.618,9.638,75.828,83.573,77.188,44.785,45.094,45.253,48.115,59.539,67.186,69.832,70.012,72.022,72.071,75.02,86.065,102.2,87.555,104.75,93.433,104.24,114.18,94.373,92.528,97.034,96.104,93.533,91.878,91.658,77.098,65.953,54.634,53.749,48.91,12.49
97.26,232.07,86.841,84.023,101.85,7.756,9.136,8.658,94.813,84.233,85.098,5.446,8.794,6.142,98.089,6.986,72.17,44.083,43.274,52.549,91.678,54.444,95.588,60.004,71.283,61.535,79.798,70.293,74.071,82.763,73.932,90.008,91.318,73.311,95.064,101.02,103.42,92.673,90.969,84.203,83.648,80.263,87.656,84.271,85.246,71.955,70.205,66.449,6.49,0.605,0,3.27,6.49,3.27,3.656,5.118,5.226,6.408,8.428,72.803,80.548,74.163,41.76,42.069,42.228,45.09,56.514,64.161,66.807,66.987,68.997,69.046,71.995,83.04,99.18,84.53,101.72,90.408,101.21,111.15,91.348,89.503,94.009,93.079,90.508,88.853,88.633,74.073,62.928,51.609,50.724,45.885,13.7
97.179,231.98,86.76,83.942,101.76,2.243,24.812,8.658,94.57,84.152,85.017,5.446,8.794,6.142,98.008,6.986,72.089,44.002,43.193,52.468,91.597,54.363,95.507,59.923,71.202,61.454,79.717,70.212,73.99,82.682,73.851,89.927,91.237,73.23,94.983,100.78,103.18,92.43,90.888,84.122,83.567,80.182,87.575,84.19,85.165,71.874,70.124,66.368,19.52,4.48,3.27,0,19.52,3.27,3.656,5.118,5.226,6.408,8.428,72.722,80.467,74.082,41.679,41.988,42.147,45.009,56.433,64.08,66.726,66.906,68.916,68.965,71.914,82.959,99.099,84.449,101.64,90.327,101.13,111.07,91.267,89.422,93.766,92.998,90.427,88.772,88.552,73.992,62.847,51.528,50.643,45.804,33.94
107.54,242.35,80.061,94.308,112.13,28.492,1.323,30.296,94.804,69.943,70.808,23.872,30.568,25.264,105.37,26.952,68.272,40.034,39.543,55.211,101.96,57.696,105.87,60.256,81.568,60.971,90.083,80.578,79.421,93.048,81.046,100.29,101.6,83.136,105.35,111.31,113.7,92.664,98.247,94.488,93.933,90.548,84.776,81.391,78.466,61.057,66.307,76.661,5.28,5.28,6.49,19.52,0,19.52,20.292,23.216,23.432,25.796,29.836,58.513,66.258,54.433,38.446,38.338,38.179,43.996,56.766,69.511,73.921,74.101,76.111,78.871,82.28,93.325,109.46,94.815,112.01,100.69,111.5,121.44,101.63,99.788,104.29,103.36,100.79,99.138,98.918,84.358,73.213,54.861,53.386,45.321,12.49
95.799,227.54,93.886,80.959,97.317,7.756,24.812,2.694,96.993,102.37,103.23,1.088,2.762,1.436,98.024,1.858,84.516,75.088,74.279,72.193,88.542,72.908,92.452,78.29,74.655,87.631,77.278,67.773,82.678,80.243,79.011,87.488,88.798,73.816,90.118,95.001,97.396,94.853,90.904,81.067,80.734,78.703,92.758,90.742,92.291,88.395,82.551,71.283,19.52,4.48,3.27,3.27,19.52,0,0.193,0.924,0.978,1.569,2.579,90.939,98.684,95.019,78.343,73.074,73.233,77.233,74.8,72.768,71.886,72.066,74.076,69.551,70.534,81.579,97.719,83.069,96.156,87.888,96.995,106.62,88.212,86.367,88.588,88.133,87.988,86.333,86.113,71.553,66.3,70.073,70.368,71.981,33.94
94.834,226.57,92.921,79.994,96.352,8.142,25.584,2.887,96.028,101.4,102.27,0.895,2.569,1.243,97.059,1.665,83.551,74.123,73.314,71.228,87.577,71.943,91.487,77.325,73.69,86.666,76.313,66.808,81.713,79.278,78.046,86.523,87.833,72.851,89.153,94.036,96.431,93.888,89.939,80.102,79.769,77.738,91.793,89.777,91.326,87.43,81.586,70.318,20.292,4.866,3.656,3.656,20.292,0.193,0,0.731,0.785,1.376,2.386,89.974,97.719,94.054,77.378,72.109,72.268,76.268,73.835,71.803,70.921,71.101,73.111,68.586,69.569,80.614,96.754,82.104,95.191,86.923,96.03,105.66,87.247,85.402,87.623,87.168,87.023,85.368,85.148,70.588,65.335,69.108,69.403,71.016,34.712
91.179,222.92,89.266,76.339,92.697,9.604,28.508,3.618,92.373,97.749,98.614,0.164,3.3,0.512,93.404,0.934,79.896,70.468,69.659,67.573,83.922,68.288,87.832,73.67,70.035,83.011,72.658,63.153,78.058,75.623,74.391,82.868,84.178,69.196,85.498,90.381,92.776,90.233,86.284,76.447,76.114,74.083,88.138,86.122,87.671,83.775,77.931,66.663,23.216,6.328,5.118,5.118,23.216,0.924,0.731,0,0.054,0.645,1.655,86.319,94.064,90.399,73.723,68.454,68.613,72.613,70.18,68.148,67.266,67.446,69.456,64.931,65.914,76.959,93.099,78.449,91.536,83.268,92.375,102,83.592,81.747,83.968,83.513,83.368,81.713,81.493,66.933,61.68,65.453,65.748,67.361,37.636
90.909,222.65,88.996,76.069,92.427,9.712,28.724,3.672,92.103,97.479,98.344,0.218,3.354,0.458,93.134,0.88,79.626,70.198,69.389,67.303,83.652,68.018,87.562,73.4,69.765,82.741,72.388,62.883,77.788,75.353,74.121,82.598,83.908,68.926,85.228,90.111,92.506,89.963,86.014,76.177,75.844,73.813,87.868,85.852,87.401,83.505,77.661,66.393,23.432,6.436,5.226,5.226,23.432,0.978,0.785,0.054,0,0.591,1.601,86.049,93.794,90.129,73.453,68.184,68.343,72.343,69.91,67.878,66.996,67.176,69.186,64.661,65.644,76.689,92.829,78.179,91.266,82.998,92.105,101.73,83.322,81.477,83.698,83.243,83.098,81.443,81.223,66.663,61.41,65.183,65.478,67.091,37.852
87.954,219.69,86.041,73.114,89.472,10.894,31.088,4.263,89.148,94.524,95.389,0.809,3.945,1.049,90.179,0.289,76.671,67.243,66.434,64.348,80.697,65.063,84.607,70.445,66.81,79.786,69.433,59.928,74.833,72.398,71.166,79.643,80.953,65.971,82.273,87.156,89.551,87.008,83.059,73.222,72.889,70.858,84.913,82.897,84.446,80.55,74.706,63.438,25.796,7.618,6.408,6.408,25.796,1.569,1.376,0.645,0.591,0,1.01,83.094,90.839,87.174,70.498,65.229,65.388,69.388,66.955,64.923,64.041,64.221,66.231,61.706,62.689,73.734,89.874,75.224,88.311,80.043,89.15,98.777,80.367,78.522,80.743,80.288,80.143,78.488,78.268,63.708,58.455,62.228,62.523,64.136,40.216
82.904,214.64,80.991,68.064,84.422,12.914,35.128,5.273,84.098,89.474,90.339,1.819,4.955,2.059,85.129,1.299,71.621,62.193,61.384,59.298,75.647,60.013,79.557,65.395,61.76,74.736,64.383,54.878,69.783,67.348,66.116,74.593,75.903,60.921,77.223,82.106,84.501,81.958,78.009,68.172,67.839,65.808,79.863,77.847,79.396,75.5,69.656,58.388,29.836,9.638,8.428,8.428,29.836,2.579,2.386,1.655,1.601,1.01,0,78.044,85.789,82.124,65.448,60.179,60.338,64.338,61.905,59.873,58.991,59.171,61.181,56.656,57.639,68.684,84.824,70.174,83.261,74.993,84.1,93.727,75.317,73.472,75.693,75.238,75.093,73.438,73.218,58.658,53.405,57.178,57.473,59.086,44.256
89.651,212.24,80.739,66.436,82.016,83.937,65.128,104.41,79.214,2.286,2.459,87.139,102.82,88.339,82.333,84.539,73.249,60.565,59.756,64.05,74.019,64.765,77.929,68.685,66.512,78.556,69.267,59.762,74.667,72.232,71,79.477,80.787,67.668,80.513,85.998,88.393,77.074,75.213,66.544,66.211,64.18,75.831,76.219,79.144,80.384,71.284,60.016,58.925,75.828,72.803,72.722,58.513,90.939,89.974,86.319,86.049,83.094,78.044,0,1.549,77.24,63.82,58.551,58.71,62.71,65.195,64.757,63.875,64.055,66.065,63.403,64.386,75.431,91.571,76.921,88.974,79.877,82.472,91.321,73.689,71.844,78.983,78.528,79.977,78.322,78.102,63.542,58.157,61.93,62.225,62.906,76.95
97.396,219.98,88.484,74.181,89.761,91.682,72.873,112.15,86.959,0.737,0.91,94.884,110.56,96.084,90.078,92.284,80.994,68.31,67.501,71.795,81.764,72.51,85.674,76.43,74.257,86.301,77.012,67.507,82.412,79.977,78.745,87.222,88.532,75.413,88.258,93.743,96.138,84.819,82.958,74.289,73.956,71.925,83.576,83.964,86.889,88.129,79.029,67.761,66.67,83.573,80.548,80.467,66.258,98.684,97.719,94.064,93.794,90.839,85.789,1.549,0,84.985,71.565,66.296,66.455,70.455,72.94,72.502,71.62,71.8,73.81,71.148,72.131,83.176,99.316,84.666,96.719,87.622,90.217,99.066,81.434,79.589,86.728,86.273,87.722,86.067,85.847,71.287,65.902,69.675,69.97,70.651,84.695
81.564,214.37,80.723,68.332,84.154,85.297,61.048,108.49,84.902,88.67,89.535,91.219,106.9,92.419,85.397,88.619,71.353,68.975,67.848,58.494,75.915,59.209,79.825,64.591,60.956,73.932,63.579,54.074,68.979,66.544,65.312,73.789,75.099,59.581,76.419,80.766,83.161,82.762,78.277,68.44,68.107,66.076,80.131,78.115,79.128,74.696,69.388,58.12,54.845,77.188,74.163,74.082,54.433,95.019,94.054,90.399,90.129,87.174,82.124,77.24,84.985,0,65.716,66.643,67.12,64.606,61.101,59.069,58.187,58.367,60.377,55.316,56.299,67.344,83.484,68.834,81.921,74.189,84.368,93.459,75.585,73.74,74.889,74.434,74.289,72.634,72.414,57.854,52.601,56.374,56.669,58.282,72.87
92.352,214.27,69.236,66.418,84.051,52.894,45.061,91.813,79.034,75.25,76.115,74.543,90.223,75.743,82.153,71.943,63.176,68.732,68.559,73.343,74.073,73.468,77.983,81.734,67.669,91.075,73.238,63.733,86.122,74.83,82.455,79.727,80.949,70.71,79.413,81.745,84.14,76.894,75.033,66.598,66.043,62.658,70.051,66.666,67.641,62.972,61.211,57.455,39.682,44.785,41.76,41.679,38.446,78.343,77.378,73.723,73.453,70.498,65.448,63.82,71.565,65.716,0,67.354,66.877,79.598,78.244,76.212,75.33,75.51,77.52,66.445,67.428,78.132,94.272,79.622,81.072,80.073,87.5,93.356,73.743,71.898,77.883,77.428,79.477,78.484,78.352,67.513,59.314,70.633,71.518,75.425,57.707
