0,215.32,113.05,105.65,88.416,108.39,114.16,109.27,124.74,101.08,101.95,91.999,107.68,93.199,129.35,89.399,98.167,83.233,82.424,86.749,103.51,87.464,103.73,90.417,83.198,102.19,72.447,67.478,85.911,64.984,78.572,67.533,68.667,77.95,69.77,77.169,79.564,122.6,122.23,105.83,105.28,101.89,115.85,113.66,111.46,92.195,96.202,84.138,109.61,100.29,97.26,97.179,107.55,95.799,94.834,91.179,90.909,87.954,82.904,89.651,97.396,81.564,92.352,81.219,81.378,86.802,86.927,76.001,71.591,71.627,72.029,73.685,89.102,2.844,5.476,2.546,84.518,69.571,80.376,94.401,99.491,101.34,72.96,67.785,66.533,66.202,66.158,66.722,74.843,84.629,84.924,86.537,127.63
215.32,0,236.91,234.24,56.902,250.34,256.11,248.26,240.03,236.62,237.48,230.99,246.67,232.19,246.87,228.39,229.75,223.04,222.23,223.23,62.94,223.94,63.028,222.78,213.63,236.67,199.85,197.91,221.15,185.44,213.74,185.64,186.69,209.71,179.31,180.92,183.32,237.89,239.75,234.42,233.86,232.32,233.51,232.91,235.32,226.03,227.78,214.57,251.51,242.23,239.21,239.13,249.49,234.79,233.83,230.17,229.9,226.95,221.9,225.19,232.93,221.09,223.72,221.03,221.19,220.76,219.29,211.24,206.83,206.8,206.39,205.45,204.46,201.1,217.24,202.59,182.41,61.224,56.902,24.183,61.332,62.07,176.71,177.33,183.89,184.22,184.26,194.13,205.27,221.11,221.41,221.02,269.53
113.05,236.91,0,52.325,110.85,97.669,86.676,106.02,59.641,88.406,89.271,88.749,104.43,89.949,62.76,86.149,72.178,71.559,70.75,70.474,125.94,71.189,126.16,85.755,72.877,85.912,81.392,71.887,92.209,84.357,88.542,91.602,92.912,90.492,92.239,97.724,100.12,57.501,55.64,52.361,56.071,55.394,61.483,83.684,0.319,74.432,70.213,58.945,80.473,89.56,86.535,86.454,80.061,92.549,91.584,87.929,87.659,84.704,79.654,76.976,84.721,79.922,69.236,69.545,69.704,70.527,82.265,82.299,81.417,81.597,83.607,86.227,87.789,98.834,114.97,100.32,103.58,92.002,102.81,116,121.92,123.77,90.709,90.254,92.102,90.447,90.227,75.667,64.522,68.354,68.649,70.262,98.498
105.65,234.24,52.325,0,107.74,93.482,99.248,91.866,61.538,72.734,73.599,74.596,90.276,75.796,72.101,71.996,63.879,68.175,67.684,77.186,122.84,79.081,123.06,84.109,80.116,86.172,88.631,79.126,98.176,91.596,97.514,95.37,96.504,93.886,88.669,89.046,91.441,59.398,64.981,74.818,74.701,52.008,54.403,47.805,50.73,58.76,61.914,62.466,94.693,85.373,82.348,82.267,92.633,78.396,77.431,73.776,73.506,70.551,65.501,61.304,69.049,65.769,66.397,66.479,66.32,69.727,80.619,88.266,90.389,90.569,92.579,89.621,90.819,91.433,107.57,92.923,87.696,94.35,105.16,113.32,118.82,120.66,86.932,86.684,94.37,94.039,93.995,82.906,71.761,76.246,75.361,70.522,112.72
88.416,56.902,110.85,107.74,0,120.39,126.15,120.2,114.92,110.15,111.02,102.93,118.61,104.13,121.76,100.33,103.52,95.276,94.785,97.32,3.019,97.445,3.063,97.469,89.641,112.02,77.078,73.921,95.457,62.663,88.046,62.864,63.91,83.032,55.507,58.146,60.541,112.78,114.64,107.92,107.37,106.77,108.2,107.53,109.25,100.62,101.56,90.581,121.29,112.28,109.25,109.17,119.54,106.73,105.77,102.11,101.84,98.888,93.838,98.722,106.47,93.034,97.219,93.58,93.421,96.109,93.979,85.547,81.137,81.101,80.699,78.767,76.405,74.196,90.336,75.686,59.635,12.858,8.536,8.536,2.215,2.584,53.937,53.522,61.114,61.445,61.489,71.353,81.286,94.61,95.495,96.374,139.31
108.39,250.34,97.669,93.482,120.39,0,33.784,13.144,105.54,95.367,96.232,9.932,13.28,10.628,108.66,11.472,83.304,55.217,54.408,63.683,135.48,65.578,135.7,71.138,82.417,72.669,90.932,81.427,85.205,93.897,85.066,101.14,102.45,84.445,106.2,112,114.39,103.4,101.54,93.662,93.107,91.076,96.554,95.099,96.074,83.089,81.339,77.583,28.492,8.966,7.756,2.243,28.492,7.756,8.142,9.604,9.712,10.894,12.914,83.937,91.682,85.297,52.894,53.203,53.362,56.224,67.648,75.295,77.941,78.121,80.131,80.18,83.129,94.174,110.31,95.664,112.86,101.54,112.35,129.43,131.46,133.31,104.98,104.21,101.64,99.987,99.767,85.207,74.062,62.743,61.858,57.019,42.912
114.16,256.11,86.676,99.248,126.15,33.784,0,35.588,101.42,76.558,77.423,29.164,35.86,30.556,111.98,32.244,74.887,46.649,46.158,61.826,141.25,64.311,141.47,66.871,88.183,67.586,96.698,87.193,86.036,99.663,87.661,106.91,108.22,89.751,111.96,117.92,120.32,99.279,104.86,99.428,98.873,96.842,91.391,88.006,85.081,67.672,72.922,83.276,7.926,7.926,9.136,24.812,1.323,24.812,25.584,28.508,28.724,31.088,35.128,65.128,72.873,61.048,45.061,44.953,44.794,50.611,63.381,76.126,80.536,80.716,82.726,85.486,88.895,99.94,116.08,101.43,118.62,107.31,118.11,135.19,137.23,139.07,110.91,109.98,107.41,105.75,105.53,90.973,79.828,61.476,60.001,51.936,15.136
109.27,248.26,106.02,91.866,120.2,13.144,35.588,0,108.79,115.84,116.7,3.782,5.456,4.13,109.62,4.552,97.986,88.558,87.749,85.663,135.3,86.378,135.52,91.76,88.125,101.1,90.748,81.243,96.148,93.713,92.481,100.96,102.27,87.286,103.59,108.47,110.87,106.65,102.5,92.046,91.491,89.46,101.65,101.5,104.42,101.87,96.021,84.753,30.296,9.868,8.658,8.658,30.296,2.694,2.887,3.618,3.672,4.263,5.273,104.41,112.15,108.49,91.813,86.544,86.703,90.703,88.27,86.238,85.356,85.536,87.546,83.021,84.004,95.049,111.19,96.539,109.63,101.36,112.16,127.35,131.28,133.12,102.06,101.6,101.46,99.803,99.583,85.023,79.77,83.543,83.838,85.451,44.716
124.74,240.03,59.641,61.538,114.92,105.54,101.42,108.79,0,85.713,86.578,91.518,107.2,92.718,78.603,88.918,70.695,80.257,80.084,78.947,130.01,79.662,130.23,95.16,78.119,94.385,86.634,77.129,100.68,89.599,97.015,96.844,98.154,99.105,95.359,100.84,103.24,0.428,71.483,61.646,61.313,51.535,72.071,55.121,58.046,70.043,68.73,62.188,95.216,97.596,94.571,94.328,94.804,95.318,94.353,90.698,90.428,87.473,82.423,74.283,82.028,83.763,79.034,78.879,78.402,79,91.67,90.772,89.89,90.07,92.08,94.84,99.479,110.52,126.66,112.01,107.59,97.244,108.05,119.12,125.99,127.84,93.829,93.374,97.344,95.689,95.469,80.909,69.764,76.827,77.122,78.735,113.24
101.08,236.62,88.406,72.734,110.15,95.367,76.558,115.84,85.713,0,1.647,98.569,114.25,99.769,88.832,95.969,82.579,71.995,71.186,75.48,125.25,76.195,125.47,80.115,77.942,89.986,80.697,71.192,86.097,83.662,82.43,90.907,92.217,79.098,91.943,97.428,99.823,83.573,81.712,72.842,72.509,71.832,79.617,83.886,86.811,91.814,80.614,69.346,70.355,87.258,84.233,84.152,69.943,102.37,101.4,97.749,97.479,94.524,89.474,2.286,0.737,88.67,75.25,69.981,70.14,74.14,76.625,76.187,75.305,75.485,77.495,74.833,75.816,86.861,103,88.351,100.4,91.307,102.11,115.7,121.23,123.07,90.413,89.958,91.407,89.752,89.532,74.972,69.587,73.36,73.655,74.336,88.38
101.95,237.48,89.271,73.599,111.02,96.232,77.423,116.7,86.578,1.647,0,99.434,115.11,100.63,89.697,96.834,83.444,72.86,72.051,76.345,126.11,77.06,126.33,80.98,78.807,90.851,81.562,72.057,86.962,84.527,83.295,91.772,93.082,79.963,92.808,98.293,100.69,84.438,82.577,73.707,73.374,72.697,80.482,84.751,87.676,92.679,81.479,70.211,71.22,88.123,85.098,85.017,70.808,103.23,102.27,98.614,98.344,95.389,90.339,2.459,0.91,89.535,76.115,70.846,71.005,75.005,77.49,77.052,76.17,76.35,78.36,75.698,76.681,87.726,103.87,89.216,101.27,92.172,102.98,116.57,122.09,123.94,91.278,90.823,92.272,90.617,90.397,75.837,70.452,74.225,74.52,75.201,89.245
91.999,230.99,88.749,74.596,102.93,9.932,29.164,3.782,91.518,98.569,99.434,0,3.464,0.676,92.348,1.098,80.716,71.288,70.479,68.393,118.03,69.108,118.25,74.49,70.855,83.831,73.478,63.973,78.878,76.443,75.211,83.688,84.998,70.016,86.318,91.201,93.596,89.378,85.228,74.776,74.221,72.19,84.384,84.229,87.154,84.595,78.751,67.483,23.872,6.656,5.446,5.446,23.872,1.088,0.895,0.164,0.218,0.809,1.819,87.139,94.884,91.219,74.543,69.274,69.433,73.433,71,68.968,68.086,68.266,70.276,65.751,66.734,77.779,93.919,79.269,92.356,84.088,94.893,110.08,114.01,115.85,84.788,84.333,84.188,82.533,82.313,67.753,62.5,66.273,66.568,68.181,38.292
107.68,246.67,104.43,90.276,118.61,13.28,35.86,5.456,107.2,114.25,115.11,3.464,0,3.812,108.03,4.234,96.396,86.968,86.159,84.073,133.71,84.788,133.93,90.17,86.535,99.511,89.158,79.653,94.558,92.123,90.891,99.368,100.68,85.696,102,106.88,109.28,105.06,100.91,90.456,89.901,87.87,100.06,99.909,102.83,100.27,94.431,83.163,30.568,10.004,8.794,8.794,30.568,2.762,2.569,3.3,3.354,3.945,4.955,102.82,110.56,106.9,90.223,84.954,85.113,89.113,86.68,84.648,83.766,83.946,85.956,81.431,82.414,93.459,109.6,94.949,108.04,99.768,110.57,125.76,129.69,131.53,100.47,100.01,99.868,98.213,97.993,83.433,78.18,81.953,82.248,83.861,44.988
93.199,232.19,89.949,75.796,104.13,10.628,30.556,4.13,92.718,99.769,100.63,0.676,3.812,0,93.548,1.338,81.916,72.488,71.679,69.593,119.23,70.308,119.45,75.69,72.055,85.031,74.678,65.173,80.078,77.643,76.411,84.888,86.198,71.216,87.518,92.401,94.796,90.578,86.428,75.976,75.421,73.39,85.584,85.429,88.354,85.795,79.951,68.683,25.264,7.352,6.142,6.142,25.264,1.436,1.243,0.512,0.458,1.049,2.059,88.339,96.084,92.419,75.743,70.474,70.633,74.633,72.2,70.168,69.286,69.466,71.476,66.951,67.934,78.979,95.119,80.469,93.556,85.288,96.093,111.28,115.21,117.05,85.988,85.533,85.388,83.733,83.513,68.953,63.7,67.473,67.768,69.381,39.684
129.35,246.87,62.76,72.101,121.76,108.66,111.98,109.62,78.603,88.832,89.697,92.348,108.03,93.548,0,89.748,76.877,83.376,83.203,89.51,136.85,90.225,137.07,100.05,86.679,101.93,95.194,85.689,111.25,98.159,107.58,105.4,106.71,107.64,102.2,106.7,109.1,76.463,1.424,72.209,71.876,58.376,71.468,58.24,61.165,73.162,74.912,69.029,105.78,100.72,97.69,97.447,105.37,96.148,95.183,91.528,91.258,88.303,83.253,77.402,85.147,84.057,82.153,81.998,81.521,85.483,96.561,101.34,100.45,100.63,102.64,103.37,106.32,115.13,131.27,116.62,110.56,105.8,116.61,125.96,132.83,134.68,100.67,100.22,105.9,104.25,104.03,89.469,78.324,87.39,87.685,86.278,123.8
89.399,228.39,86.149,71.996,100.33,11.472,32.244,4.552,88.918,95.969,96.834,1.098,4.234,1.338,89.748,0,78.116,68.688,67.879,65.793,115.43,66.508,115.65,71.89,68.255,81.231,70.878,61.373,76.278,73.843,72.611,81.088,82.398,67.416,83.718,88.601,90.996,86.778,82.628,72.176,71.621,69.59,81.784,81.629,84.554,81.995,76.151,64.883,26.952,8.196,6.986,6.986,26.952,1.858,1.665,0.934,0.88,0.289,1.299,84.539,92.284,88.619,71.943,66.674,66.833,70.833,68.4,66.368,65.486,65.666,67.676,63.151,64.134,75.179,91.319,76.669,89.756,81.488,92.293,107.48,111.41,113.25,82.188,81.733,81.588,79.933,79.713,65.153,59.9,63.673,63.968,65.581,41.372
98.167,229.75,72.178,63.879,103.52,83.304,74.887,97.986,70.695,82.579,83.444,80.716,96.396,81.916,76.877,78.116,0,59.932,59.123,69.28,118.62,70.585,118.84,73.248,74.497,80.731,79.026,69.521,82.217,81.991,80.314,88.935,90.128,76.184,84.649,87.127,89.522,68.555,69.757,63.987,63.654,65.073,64.177,69.608,70.583,70.301,0.393,64.283,68.684,75.195,72.17,72.089,68.272,84.516,83.551,79.896,79.626,76.671,71.621,71.149,78.894,71.353,63.176,57.918,58.077,64.286,69.758,72.307,73.189,73.369,75.379,71.919,72.902,83.947,100.09,85.437,86.926,87.974,98.779,108.83,114.6,116.44,82.918,82.664,87.994,87.663,87.56,73.301,66.142,67.75,67.455,65.081,86.709
83.233,223.04,71.559,68.175,95.276,55.217,46.649,88.558,80.257,71.995,72.86,71.288,86.968,72.488,83.376,68.688,59.932,0,70.864,58.245,110.37,58.96,110.59,66.833,60.707,73.683,65.821,56.316,71.221,68.786,67.554,76.031,77.341,61.25,78.368,82.435,84.83,78.117,76.256,68.355,67.8,64.981,71.268,68.989,69.964,59.717,57.967,54.211,41.27,47.108,44.083,44.002,40.034,75.088,74.123,70.468,70.198,67.243,62.193,60.565,68.31,68.975,68.732,69.659,0.371,61.27,63.343,61.311,60.429,60.609,62.619,56.985,57.968,69.013,85.153,70.503,83.59,76.431,87.236,102.13,106.35,108.2,76.838,76.383,76.531,74.876,74.656,60.096,52.352,56.125,56.42,58.033,59.295
82.424,222.23,70.75,67.684,94.785,54.408,46.158,87.749,80.084,71.186,72.051,70.479,86.159,71.679,83.203,67.879,59.123,70.864,0,57.436,109.88,58.151,110.1,66.342,59.898,72.874,65.33,55.825,70.73,68.295,67.063,75.54,76.85,60.441,77.559,81.626,84.021,77.944,76.083,67.864,67.309,64.172,71.095,68.18,69.155,58.908,57.158,53.402,40.779,46.299,43.274,43.193,39.543,74.279,73.314,69.659,69.389,66.434,61.384,59.756,67.501,67.848,68.559,0.241,69.009,60.779,62.852,60.82,59.938,60.118,62.128,56.176,57.159,68.204,84.344,69.694,82.618,75.94,86.745,101.32,105.86,107.71,76.029,75.574,76.04,74.385,74.165,59.605,51.543,55.316,55.611,57.224,58.804
86.749,223.23,70.474,77.186,97.32,63.683,61.826,85.663,78.947,75.48,76.345,68.393,84.073,69.593,89.51,65.793,69.28,58.245,57.436,0,112.41,82.037,112.64,82.791,76.238,90.898,81.69,72.302,90.935,81.179,86.654,83.858,84.992,71.083,77.334,76.819,79.214,76.807,82.39,77.366,76.811,73.447,71.812,69.854,68.879,64.82,67.315,66.024,56.447,55.574,52.549,52.468,55.211,72.193,71.228,67.573,67.303,64.348,59.298,64.05,71.795,58.494,73.343,56.231,56.39,74.453,79.301,81.025,79.601,79.709,80.915,66.818,65.902,72.529,88.669,74.019,75.469,82.838,93.643,102.32,108.4,110.24,74.735,75.349,82.858,82.527,82.483,75.965,67.883,79.202,0.365,75.248,74.472
103.51,62.94,125.94,122.84,3.019,135.48,141.25,135.3,130.01,125.25,126.11,118.03,133.71,119.23,136.85,115.43,118.62,110.37,109.88,112.42,0,112.54,1.652,112.56,104.74,127.12,92.173,89.016,110.55,77.758,103.14,77.959,79.005,98.127,70.602,73.241,75.636,127.87,129.73,123.02,122.46,121.86,123.3,122.62,124.35,115.71,116.65,105.68,136.38,127.37,124.35,124.27,134.63,121.83,120.86,117.21,116.94,113.98,108.93,113.82,121.56,108.13,112.31,108.68,108.52,111.2,109.07,100.64,96.232,96.196,95.794,93.862,91.5,89.291,105.43,90.781,74.73,18.896,14.574,14.574,0.804,0.435,69.032,68.617,76.209,76.54,76.584,86.448,96.381,109.71,110.59,111.47,154.41
87.464,223.94,71.189,79.081,97.445,65.578,64.311,86.378,79.662,76.195,77.06,69.108,84.788,70.308,90.225,66.508,70.585,58.96,58.151,82.037,112.54,0,112.76,83.506,78.133,91.023,83.585,74.197,92.24,83.074,87.959,84.573,85.707,71.865,78.049,77.534,79.929,77.522,83.105,79.261,78.706,75.342,72.527,70.569,69.594,65.535,68.62,67.919,58.932,57.469,54.444,54.363,57.696,72.908,71.943,68.288,68.018,65.063,60.013,64.765,72.51,59.209,73.468,56.946,57.105,74.578,80.016,82.33,80.906,81.014,82.22,67.6,66.617,73.244,89.384,74.734,76.184,83.553,94.358,103.03,108.52,110.36,75.45,76.064,83.573,83.242,83.198,77.86,69.778,0.567,80.212,75.373,76.957
103.73,63.028,126.16,123.06,3.063,135.7,141.47,135.52,130.23,125.47,126.33,118.25,133.93,119.45,137.07,115.65,118.84,110.59,110.1,112.64,1.652,112.76,0,112.78,104.96,127.34,92.393,89.236,110.77,77.978,103.36,78.179,79.225,98.347,70.822,73.461,75.856,128.09,129.95,123.24,122.68,122.08,123.52,122.84,124.57,115.93,116.87,105.9,136.6,127.59,124.57,124.49,134.85,122.05,121.08,117.43,117.16,114.2,109.15,114.04,121.78,108.35,112.53,108.9,108.74,111.42,109.29,100.86,96.452,96.416,96.014,94.082,91.72,89.511,105.65,91.001,74.95,18.984,14.662,14.662,0.848,1.217,69.252,68.837,76.429,76.76,76.804,86.668,96.601,109.92,110.81,111.69,154.63
90.417,222.78,85.755,84.109,97.469,71.138,66.871,91.76,95.16,80.115,80.98,74.49,90.17,75.69,100.05,71.89,73.248,66.833,66.342,82.791,112.56,83.506,112.78,0,79.164,98.229,80.275,72.282,99.606,77.15,91.674,77.565,78.611,73.424,76.057,74.702,77.097,93.02,92.931,84.289,83.734,80.355,85.734,83.703,84.16,69.533,71.283,69.717,61.492,63.029,60.004,59.923,60.256,78.29,77.325,73.67,73.4,70.445,65.395,68.685,76.43,64.591,81.734,65.137,64.978,89.681,0.698,89.696,87.05,84.729,85.935,69.159,69.57,76.197,92.337,77.687,74.279,80.046,90.851,101.87,108.54,110.39,73.299,74.072,75.815,76.146,76.19,74.55,70.809,80.671,80.966,82.579,79.517
83.198,213.63,72.877,80.116,89.641,82.417,88.183,88.125,78.119,77.942,78.807,70.855,86.535,72.055,86.679,68.255,74.497,60.707,59.898,76.238,104.74,78.133,104.96,79.164,0,85.224,95.943,97.789,88.133,88.48,85.502,79.329,80.287,73.612,68.686,66.591,68.986,75.979,79.559,80.152,80.114,87.135,70.984,70.307,71.282,67.282,72.532,85.706,83.317,74.308,71.283,71.202,81.568,74.655,73.69,70.035,69.765,66.81,61.76,66.512,74.257,60.956,67.669,58.693,58.852,68.779,75.674,78.223,78.521,78.557,78.197,69.347,68.364,68.978,85.118,70.468,65.241,78.912,89.717,92.714,100.72,102.56,67.994,66.701,76.829,77.822,77.954,90.218,1.671,75.298,74.413,69.574,101.34
102.19,236.67,85.912,86.172,112.02,72.669,67.586,101.1,94.385,89.986,90.851,83.831,99.511,85.031,101.93,81.231,80.731,73.683,72.874,90.898,127.12,91.023,127.34,98.229,85.224,0,90.676,81.288,103.15,90.165,98.866,95.062,96.284,83.295,91.207,92.11,94.505,92.245,94.808,86.352,85.797,82.433,87.081,85.05,84.317,77.777,78.766,75.01,62.207,64.56,61.535,61.454,60.971,87.631,86.666,83.011,82.741,79.786,74.736,78.556,86.301,73.932,91.075,71.669,71.828,93.117,94.739,93.237,91.813,91.921,93.127,79.03,80.013,87.967,104.11,89.457,90.907,95.408,106.21,115.76,123.1,124.94,88.608,89.222,94.812,93.819,93.687,84.951,76.869,88.188,89.073,3.13,80.232
72.447,199.85,81.392,88.631,77.078,90.932,96.698,90.748,86.634,80.697,81.562,73.478,89.158,74.678,95.194,70.878,79.026,65.821,65.33,81.69,92.173,83.585,92.393,80.275,95.943,90.676,0,84.966,83.386,82.02,77.739,68.578,69.536,67.65,56.423,55.84,58.235,84.494,88.074,88.667,88.629,95.65,79.499,78.822,79.797,71.811,77.061,85.919,91.832,82.823,79.798,79.717,90.083,77.278,76.313,72.658,72.388,69.433,64.383,69.267,77.012,63.579,73.238,64.125,63.966,74.231,76.785,73.476,70.83,70.794,70.392,63.385,60.436,58.227,74.367,59.717,54.49,68.161,78.966,78.939,88.153,89.998,57.243,54.438,66.078,67.071,67.203,1.145,87.588,80.75,79.865,75.026,109.86
67.478,197.91,71.887,79.126,73.921,81.427,87.193,81.243,77.129,71.192,72.057,63.973,79.653,65.173,85.689,61.373,69.521,56.316,55.825,72.302,89.016,74.197,89.236,72.282,97.789,81.288,84.966,0,78.417,74.027,72.77,63.609,64.567,61.566,52.966,50.871,53.266,74.989,78.569,79.162,79.124,86.145,69.994,69.317,70.292,62.306,67.556,76.414,82.327,73.318,70.293,70.212,80.578,67.773,66.808,63.153,62.883,59.928,54.878,59.762,67.507,54.074,63.733,54.62,54.461,64.843,68.792,68.507,65.861,65.825,65.423,57.301,55.467,53.258,69.398,54.748,49.521,63.192,73.997,76.994,84.996,86.841,52.274,50.981,61.109,62.102,62.234,79.241,89.434,71.362,70.477,65.638,100.35
85.911,221.15,92.209,98.176,95.457,85.205,86.036,96.148,100.68,86.097,86.962,78.878,94.558,80.078,111.25,76.278,82.217,71.221,70.73,90.935,110.55,92.24,110.77,99.606,88.133,103.15,83.386,78.417,0,75.923,97.665,74.234,75.192,78.235,70.947,69.304,71.699,98.542,104.13,98.356,97.801,94.422,93.547,91.589,90.614,77.211,80.252,81.637,80.657,77.096,74.071,73.99,79.421,82.678,81.713,78.058,77.788,74.833,69.783,74.667,82.412,68.979,86.122,69.525,69.366,88.454,96.116,1.982,101.12,90.72,90.318,73.97,72.987,71.691,87.831,73.181,67.954,78.193,88.998,100.24,106.53,108.38,70.707,68.962,71.734,72.727,72.859,77.661,79.778,89.405,89.11,87.497,98.682
64.984,185.44,84.357,91.596,62.663,93.897,99.663,93.713,89.599,83.662,84.527,76.443,92.123,77.643,98.159,73.843,81.991,68.786,68.295,81.179,77.758,83.074,77.978,77.15,88.48,90.165,82.02,74.027,75.923,0,68.525,61.115,62.073,60.187,45.484,48.377,50.772,87.459,91.039,91.632,91.594,98.615,82.464,81.787,82.762,74.776,80.026,87.072,94.797,85.788,82.763,82.682,93.048,80.243,79.278,75.623,75.353,72.398,67.348,72.232,79.977,66.544,74.83,67.09,66.931,73.72,73.66,66.013,61.688,61.58,60.374,55.922,52.973,50.764,66.904,52.254,47.027,60.698,71.503,64.524,73.738,75.583,49.78,43.499,58.615,59.608,59.74,76.295,80.125,80.239,79.354,74.515,112.82
78.572,213.74,88.542,97.514,88.046,85.066,87.661,92.481,97.015,82.43,83.295,75.211,90.891,76.411,107.58,72.611,80.314,67.554,67.063,86.654,103.14,87.959,103.36,91.674,85.502,98.866,77.739,72.77,97.665,68.525,0,66.751,67.709,73.775,63.536,61.965,64.36,94.875,100.46,97.694,97.139,94.283,89.88,87.922,86.947,73.544,78.349,79.662,82.282,76.957,73.932,73.851,81.046,79.011,78.046,74.391,74.121,71.166,66.116,71,78.745,65.312,82.455,65.858,65.699,82.951,88.184,87.755,88.346,1.389,87.248,69.51,66.561,64.352,80.492,65.842,60.615,70.71,81.515,92.825,99.121,100.97,63.368,61.551,64.251,65.244,65.376,72.014,77.147,85.124,84.829,83.216,100.31
67.533,185.64,91.602,95.37,62.864,101.14,106.91,100.96,96.844,90.907,91.772,83.688,99.368,84.888,105.4,81.088,88.935,76.031,75.54,83.858,77.959,84.573,78.179,77.565,79.329,95.062,68.578,63.609,74.234,61.115,66.751,0,66.97,61.706,48.033,50.926,53.321,94.704,98.284,95.478,95.145,96.168,89.709,89.032,90.007,82.021,86.97,80.269,102.04,93.033,90.008,89.927,100.29,87.488,86.523,82.868,82.598,79.643,74.593,79.477,87.222,73.789,79.727,74.335,74.176,78.617,74.075,64.324,59.914,59.806,58.6,57.441,55.522,53.313,69.453,54.803,49.576,62.431,73.236,64.725,73.939,75.784,52.329,46.048,63.512,64.505,0.275,62.853,70.974,81.738,82.033,79.412,120.07
68.667,186.69,92.912,96.504,63.91,102.45,108.22,102.27,98.154,92.217,93.082,84.998,100.68,86.198,106.71,82.398,90.128,77.341,76.85,84.992,79.005,85.707,79.225,78.611,80.287,96.284,69.536,64.567,75.192,62.073,67.709,66.97,0,62.752,49.167,52.06,54.455,96.014,99.594,96.612,96.279,97.288,91.019,90.342,91.317,83.331,88.163,81.227,103.35,94.343,91.318,91.237,101.6,88.798,87.833,84.178,83.908,80.953,75.903,80.787,88.532,75.099,80.949,75.645,75.486,79.839,75.121,65.282,60.872,60.764,59.558,58.487,56.656,54.447,70.587,55.937,50.71,63.477,74.282,65.771,74.985,76.83,53.463,47.182,64.734,0.493,65.595,63.811,71.932,82.872,83.167,80.634,121.38
77.95,209.71,90.492,93.886,83.032,84.445,89.751,87.286,99.105,79.098,79.963,70.016,85.696,71.216,107.64,67.416,76.184,61.25,60.441,71.083,98.127,71.865,98.347,73.424,73.612,83.295,67.65,61.566,78.235,60.187,73.775,61.706,62.752,0,61.006,60.823,63.218,96.965,100.52,94.066,93.511,90.469,91.898,89.867,88.897,70.212,74.219,72.93,84.372,76.336,73.311,73.23,83.136,73.816,72.851,69.196,68.926,65.971,60.921,67.668,75.413,59.581,70.71,59.236,59.395,67.38,69.934,68.325,66.794,66.83,67.232,0.853,65.939,63.73,79.87,65.22,59.993,64.187,74.992,88.797,94.107,95.952,59.42,59.021,59.956,60.287,60.331,61.925,65.257,69.03,69.258,67.645,102.4
69.77,179.31,92.239,88.669,55.507,106.2,111.96,103.59,95.359,91.943,92.808,86.318,102,87.518,102.2,83.718,84.649,78.368,77.559,77.334,70.602,78.049,70.822,76.057,68.686,91.207,56.423,52.966,70.947,45.484,63.536,48.033,49.167,61.006,0,45.689,48.084,93.219,95.08,88.849,88.294,87.381,88.841,88.237,90.644,81.361,82.684,69.626,107.41,98.089,95.064,94.983,105.35,90.118,89.153,85.498,85.228,82.273,77.223,80.513,88.258,76.419,79.413,76.354,76.513,75.292,72.567,61.037,56.627,56.591,56.189,56.741,56.143,55.55,71.69,57.04,44.339,47.013,57.818,58.397,66.582,68.427,55.333,0.397,55.156,46.702,46.658,50.698,60.331,75.214,75.509,75.557,125.43
77.169,180.92,97.724,89.046,58.146,112,117.92,108.47,100.84,97.428,98.293,91.201,106.88,92.401,106.7,88.601,87.127,82.435,81.626,76.819,73.241,77.534,73.461,74.702,66.591,92.11,55.84,50.871,69.304,48.377,61.965,50.926,52.06,60.823,45.689,0,0.479,98.704,99.582,89.226,88.671,85.286,94.326,93.722,96.129,86.846,85.162,67.531,113.37,104.05,101.02,100.78,111.31,95.001,94.036,90.381,90.111,87.156,82.106,85.998,93.743,80.766,81.745,80.421,80.58,76.195,71.212,59.394,54.984,55.02,55.422,56.558,59.994,62.949,79.089,64.439,59.212,52.964,63.769,60.007,69.221,71.066,59.053,43.704,49.926,49.595,49.551,50.115,58.236,74.699,74.994,76.46,131.39
79.564,183.32,100.12,91.441,60.541,114.39,120.32,110.87,103.24,99.823,100.69,93.596,109.28,94.796,109.1,90.996,89.522,84.83,84.021,79.214,75.636,79.929,75.856,77.097,68.986,94.505,58.235,53.266,71.699,50.772,64.36,53.321,54.455,63.218,48.084,0.479,0,101.1,101.98,91.621,91.066,87.681,96.721,96.117,98.524,89.241,87.557,69.926,115.76,106.44,103.42,103.18,113.7,97.396,96.431,92.776,92.506,89.551,84.501,88.393,96.138,83.161,84.14,82.816,82.975,78.59,73.607,61.789,57.379,57.415,57.817,58.953,62.389,65.344,81.484,66.834,61.607,55.359,66.164,62.402,71.616,73.461,61.448,46.099,52.321,51.99,51.946,52.51,60.631,77.094,77.389,78.855,133.79
122.6,237.89,57.501,59.398,112.78,103.4,99.279,106.65,0.428,83.573,84.438,89.378,105.06,90.578,76.463,86.778,68.555,78.117,77.944,76.807,127.87,77.522,128.09,93.02,75.979,92.245,84.494,74.989,98.542,87.459,94.875,94.704,96.014,96.965,93.219,98.704,101.1,0,69.343,59.506,59.173,49.395,69.931,52.981,55.906,67.903,66.59,60.048,93.076,95.456,92.431,92.188,92.664,93.178,92.213,88.558,88.288,85.333,80.283,72.143,79.888,81.623,76.894,76.739,76.262,76.86,89.53,88.632,87.75,87.93,89.94,92.7,97.339,108.38,124.52,109.87,105.45,95.104,105.91,116.98,123.85,125.7,91.689,91.234,95.204,93.549,93.329,78.769,67.624,74.687,74.982,76.595,111.1
122.23,239.75,55.64,64.981,114.64,101.54,104.86,102.5,71.483,81.712,82.577,85.228,100.91,86.428,1.424,82.628,69.757,76.256,76.083,82.39,129.73,83.105,129.95,92.931,79.559,94.808,88.074,78.569,104.13,91.039,100.46,98.284,99.594,100.52,95.08,99.582,101.98,69.343,0,65.089,64.756,51.256,64.348,51.12,54.045,66.042,67.792,61.909,98.659,93.595,90.57,90.327,98.247,89.028,88.063,84.408,84.138,81.183,76.133,70.282,78.027,76.937,75.033,74.878,74.401,78.363,89.441,94.215,93.333,93.513,95.523,96.251,99.2,108.01,124.15,109.5,103.44,98.684,109.49,118.84,125.71,127.56,93.55,93.095,98.784,97.129,96.909,82.349,71.204,80.27,80.565,79.158,116.68
105.83,234.42,52.361,74.818,107.92,93.662,99.428,92.046,61.646,72.842,73.707,74.776,90.456,75.976,72.209,72.176,63.987,68.355,67.864,77.366,123.02,79.261,123.24,84.289,80.152,86.352,88.667,79.162,98.356,91.632,97.694,95.478,96.612,94.066,88.849,89.226,91.621,59.506,65.089,0,74.593,52.044,54.511,47.841,50.766,58.868,62.022,62.502,94.873,85.553,82.528,82.447,92.813,78.576,77.611,73.956,73.686,70.731,65.681,61.412,69.157,65.949,66.577,66.659,66.5,69.907,80.799,88.446,90.569,90.749,92.759,89.801,90.999,91.613,107.75,93.103,87.876,94.458,105.26,113.5,119,120.84,87.112,86.864,94.478,94.147,94.103,82.942,71.797,76.426,75.541,70.702,112.9
105.28,233.86,56.071,74.701,107.37,93.107,98.873,91.491,61.313,72.509,73.374,74.221,89.901,75.421,71.876,71.621,63.654,67.8,67.309,76.811,122.46,78.706,122.68,83.734,80.114,85.797,88.629,79.124,97.801,91.594,97.139,95.145,96.279,93.511,88.294,88.671,91.066,59.173,64.756,74.593,0,61.821,54.178,53.501,54.476,58.535,61.689,62.464,94.318,84.998,81.973,81.892,92.258,78.021,77.056,73.401,73.131,70.176,65.126,61.079,68.824,65.394,66.022,66.104,65.945,69.352,80.244,87.891,90.014,90.194,92.204,89.246,90.444,91.058,107.2,92.548,87.321,94.125,104.93,112.95,118.44,120.29,86.557,86.309,94.145,93.814,93.77,82.904,71.759,75.871,74.986,70.147,112.34
101.89,232.32,55.394,52.008,106.77,91.076,96.842,89.46,51.535,71.832,72.697,72.19,87.87,73.39,58.376,69.59,65.073,64.981,64.172,73.447,121.86,75.342,122.08,80.355,87.135,82.433,95.65,86.145,94.422,98.615,94.283,96.168,97.288,90.469,87.381,85.286,87.681,49.395,51.256,52.044,61.821,0,53.501,52.824,53.799,57.858,63.108,74.361,92.287,82.967,79.942,79.861,90.227,75.99,75.025,71.37,71.1,68.145,63.095,60.402,68.147,63.363,62.658,62.967,63.126,65.988,76.865,84.512,87.158,87.338,89.348,86.204,87.059,87.673,103.81,89.163,83.936,95.148,105.95,111.41,117.84,119.69,86.689,85.396,94.492,94.823,94.793,89.925,78.78,72.507,71.622,66.783,110.31
115.85,233.51,61.483,54.403,108.2,96.554,91.391,101.65,72.071,79.617,80.482,84.384,100.06,85.584,71.468,81.784,64.177,71.268,71.095,71.812,123.3,72.527,123.52,85.734,70.984,87.081,79.499,69.994,93.547,82.464,89.88,89.709,91.019,91.898,88.841,94.326,96.721,69.931,64.348,54.511,54.178,53.501,0,61.821,59.888,63.947,62.212,57.052,85.188,88.607,85.582,85.339,84.776,88.184,87.219,83.564,83.294,80.339,75.289,68.187,75.932,76.093,70.03,69.89,69.413,71.166,82.244,83.637,82.755,82.935,84.945,87.633,90.582,101.63,117.77,103.12,98.824,90.109,100.91,112.6,119.28,121.12,87.311,86.856,90.209,88.554,88.334,73.774,62.629,69.692,69.987,71.431,103.21
113.66,232.91,83.684,47.805,107.53,95.099,88.006,101.5,55.121,83.886,84.751,84.229,99.909,85.429,58.24,81.629,69.608,68.989,68.18,69.854,122.62,70.569,122.84,83.703,70.307,85.05,78.822,69.317,91.589,81.787,87.922,89.032,90.342,89.867,88.237,93.722,96.117,52.981,51.12,47.841,53.501,52.824,61.821,0,82.089,69.912,67.643,56.375,81.803,86.99,83.965,83.884,81.391,88.029,87.064,83.409,83.139,80.184,75.134,72.456,80.201,75.402,66.666,66.975,67.134,69.135,80.213,81.679,80.797,80.977,82.987,85.602,88.395,99.44,115.58,100.93,98.147,89.432,100.24,112,118.6,120.45,86.707,86.252,89.532,87.877,87.657,73.097,61.952,67.734,68.029,69.4,99.828
111.46,235.32,0.319,50.73,109.25,96.074,85.081,104.42,58.046,86.811,87.676,87.154,102.83,88.354,61.165,84.554,70.583,69.964,69.155,68.879,124.35,69.594,124.57,84.16,71.282,84.317,79.797,70.292,90.614,82.762,86.947,90.007,91.317,88.897,90.644,96.129,98.524,55.906,54.045,50.766,54.476,53.799,59.888,82.089,0,72.837,68.618,57.35,78.878,87.965,84.94,84.859,78.466,90.954,89.989,86.334,86.064,83.109,78.059,75.381,83.126,78.327,67.641,67.95,68.109,68.932,80.67,80.704,79.822,80.002,82.012,84.632,86.194,97.239,113.38,98.729,101.99,90.407,101.21,114.4,120.33,122.17,89.114,88.659,90.507,88.852,88.632,74.072,62.927,66.759,67.054,68.667,96.903
92.195,226.03,74.432,58.76,100.62,83.089,67.672,101.87,70.043,91.814,92.679,84.595,100.28,85.795,73.162,81.995,70.301,59.717,58.908,64.82,115.71,65.535,115.93,69.533,67.282,77.777,71.811,62.306,77.211,74.776,73.544,82.021,83.331,70.212,81.361,86.846,89.241,67.903,66.042,58.868,58.535,57.858,63.947,69.912,72.837,0,68.336,57.068,61.469,74.98,71.955,71.874,61.057,88.395,87.43,83.775,83.505,80.55,75.5,80.384,88.129,74.696,62.972,57.703,57.862,61.862,66.043,67.301,66.419,66.599,68.609,65.947,66.93,77.975,94.115,79.465,88.126,82.421,93.226,105.12,111.69,113.54,79.831,79.376,82.521,80.866,80.646,66.086,58.927,62.7,62.995,62.127,79.494
96.202,227.78,70.213,61.914,101.56,81.339,72.922,96.021,68.73,80.614,81.479,78.751,94.431,79.951,74.912,76.151,0.393,57.967,57.158,67.315,116.65,68.62,116.87,71.283,72.532,78.766,77.061,67.556,80.252,80.026,78.349,86.97,88.163,74.219,82.684,85.162,87.557,66.59,67.792,62.022,61.689,63.108,62.212,67.643,68.618,68.336,0,62.318,66.719,73.23,70.205,70.124,66.307,82.551,81.586,77.931,77.661,74.706,69.656,69.184,76.929,69.388,61.211,55.953,56.112,62.321,67.793,70.342,71.224,71.404,73.414,69.954,70.937,81.982,98.122,83.472,84.961,86.009,96.814,106.87,112.63,114.48,80.953,80.699,86.029,85.698,85.595,71.336,64.177,65.785,65.49,63.116,84.744
84.138,214.57,58.945,62.466,90.581,77.583,83.276,84.753,62.188,69.346,70.211,67.483,83.163,68.683,69.029,64.883,64.283,54.211,53.402,66.024,105.68,67.919,105.9,69.717,85.706,75.01,85.919,76.414,81.637,87.072,79.662,80.269,81.227,72.93,69.626,67.531,69.926,60.048,61.909,62.502,62.464,74.361,57.052,56.375,57.35,57.068,62.318,0,77.897,69.474,66.449,66.368,76.661,71.283,70.318,66.663,66.393,63.438,58.388,57.916,65.661,58.12,57.455,52.197,52.356,58.565,66.227,71.727,72.609,72.717,73.923,68.665,69.304,69.918,86.058,71.408,66.181,79.852,90.657,93.654,101.66,103.5,68.934,67.641,77.769,78.762,78.894,80.194,77.351,65.084,64.199,59.36,95.922
109.6,251.51,80.473,94.693,121.29,28.492,7.926,30.296,95.216,70.355,71.22,23.872,30.568,25.264,105.78,26.952,68.684,41.27,40.779,56.447,136.38,58.932,136.6,61.492,83.317,62.207,91.832,82.327,80.657,94.797,82.282,102.04,103.35,84.372,107.41,113.37,115.76,93.076,98.659,94.873,94.318,92.287,85.188,81.803,78.878,61.469,66.719,77.897,0,5.28,6.49,19.52,5.28,19.52,20.292,23.216,23.432,25.796,29.836,58.925,66.67,54.845,39.682,39.574,39.415,45.232,58.002,70.747,75.157,75.337,77.347,80.107,84.34,95.385,111.52,96.875,114.07,102.44,113.25,130.59,132.36,134.21,106.35,105.42,102.54,100.89,100.67,86.107,74.962,56.097,54.622,46.557,3.605
100.28,242.23,89.56,85.373,112.28,8.966,7.926,9.868,97.596,87.258,88.123,6.656,10.004,7.352,100.72,8.196,75.195,47.108,46.299,55.574,127.37,57.469,127.59,63.029,74.308,64.56,82.823,73.318,77.096,85.788,76.957,93.033,94.343,76.336,98.089,104.05,106.44,95.456,93.595,85.553,84.998,82.967,88.607,86.99,87.965,74.98,73.23,69.474,5.28,0,0.605,4.48,5.28,4.48,4.866,6.328,6.436,7.618,9.638,75.828,83.573,77.188,44.785,45.094,45.253,48.115,59.539,67.186,69.832,70.012,72.022,72.071,75.02,86.065,102.2,87.555,104.75,93.433,104.24,121.32,123.35,125.2,97.034,96.104,93.533,91.878,91.658,77.098,65.953,54.634,53.749,48.91,12.49
97.26,239.21,86.535,82.348,109.25,7.756,9.136,8.658,94.571,84.233,85.098,5.446,8.794,6.142,97.69,6.986,72.17,44.083,43.274,52.549,124.35,54.444,124.57,60.004,71.283,61.535,79.798,70.293,74.071,82.763,73.932,90.008,91.318,73.311,95.064,101.02,103.42,92.431,90.57,82.528,81.973,79.942,85.582,83.965,84.94,71.955,70.205,66.449,6.49,0.605,0,3.27,6.49,3.27,3.656,5.118,5.226,6.408,8.428,72.803,80.548,74.163,41.76,42.069,42.228,45.09,56.514,64.161,66.807,66.987,68.997,69.046,71.995,83.04,99.18,84.53,101.72,90.408,101.21,118.29,120.33,122.17,94.009,93.079,90.508,88.853,88.633,74.073,62.928,51.609,50.724,45.885,13.7
97.179,239.13,86.454,82.267,109.17,2.243,24.812,8.658,94.328,84.152,85.017,5.446,8.794,6.142,97.447,6.986,72.089,44.002,43.193,52.468,124.27,54.363,124.49,59.923,71.202,61.454,79.717,70.212,73.99,82.682,73.851,89.927,91.237,73.23,94.983,100.78,103.18,92.188,90.327,82.447,81.892,79.861,85.339,83.884,84.859,71.874,70.124,66.368,19.52,4.48,3.27,0,19.52,3.27,3.656,5.118,5.226,6.408,8.428,72.722,80.467,74.082,41.679,41.988,42.147,45.009,56.433,64.08,66.726,66.906,68.916,68.965,71.914,82.959,99.099,84.449,101.64,90.327,101.13,118.21,120.25,122.09,93.766,92.998,90.427,88.772,88.552,73.992,62.847,51.528,50.643,45.804,33.94
107.54,249.49,80.061,92.633,119.54,28.492,1.323,30.296,94.804,69.943,70.808,23.872,30.568,25.264,105.37,26.952,68.272,40.034,39.543,55.211,134.63,57.696,134.85,60.256,81.568,60.971,90.083,80.578,79.421,93.048,81.046,100.29,101.6,83.136,105.35,111.31,113.7,92.664,98.247,92.813,92.258,90.227,84.776,81.391,78.466,61.057,66.307,76.661,5.28,5.28,6.49,19.52,0,19.52,20.292,23.216,23.432,25.796,29.836,58.513,66.258,54.433,38.446,38.338,38.179,43.996,56.766,69.511,73.921,74.101,76.111,78.871,82.28,93.325,109.46,94.815,112.01,100.69,111.5,128.58,130.61,132.46,104.29,103.36,100.79,99.138,98.918,84.358,73.213,54.861,53.386,45.321,12.49
95.799,234.79,92.549,78.396,106.73,7.756,24.812,2.694,95.318,102.37,103.23,1.088,2.762,1.436,96.148,1.858,84.516,75.088,74.279,72.193,121.83,72.908,122.05,78.29,74.655,87.631,77.278,67.773,82.678,80.243,79.011,87.488,88.798,73.816,90.118,95.001,97.396,93.178,89.028,78.576,78.021,75.99,88.184,88.029,90.954,88.395,82.551,71.283,19.52,4.48,3.27,3.27,19.52,0,0.193,0.924,0.978,1.569,2.579,90.939,98.684,95.019,78.343,73.074,73.233,77.233,74.8,72.768,71.886,72.066,74.076,69.551,70.534,81.579,97.719,83.069,96.156,87.888,98.693,113.88,117.81,119.65,88.588,88.133,87.988,86.333,86.113,71.553,66.3,70.073,70.368,71.981,33.94
94.834,233.83,91.584,77.431,105.77,8.142,25.584,2.887,94.353,101.4,102.27,0.895,2.569,1.243,95.183,1.665,83.551,74.123,73.314,71.228,120.86,71.943,121.08,77.325,73.69,86.666,76.313,66.808,81.713,79.278,78.046,86.523,87.833,72.851,89.153,94.036,96.431,92.213,88.063,77.611,77.056,75.025,87.219,87.064,89.989,87.43,81.586,70.318,20.292,4.866,3.656,3.656,20.292,0.193,0,0.731,0.785,1.376,2.386,89.974,97.719,94.054,77.378,72.109,72.268,76.268,73.835,71.803,70.921,71.101,73.111,68.586,69.569,80.614,96.754,82.104,95.191,86.923,97.728,112.91,116.84,118.69,87.623,87.168,87.023,85.368,85.148,70.588,65.335,69.108,69.403,71.016,34.712
91.179,230.17,87.929,73.776,102.11,9.604,28.508,3.618,90.698,97.749,98.614,0.164,3.3,0.512,91.528,0.934,79.896,70.468,69.659,67.573,117.21,68.288,117.43,73.67,70.035,83.011,72.658,63.153,78.058,75.623,74.391,82.868,84.178,69.196,85.498,90.381,92.776,88.558,84.408,73.956,73.401,71.37,83.564,83.409,86.334,83.775,77.931,66.663,23.216,6.328,5.118,5.118,23.216,0.924,0.731,0,0.054,0.645,1.655,86.319,94.064,90.399,73.723,68.454,68.613,72.613,70.18,68.148,67.266,67.446,69.456,64.931,65.914,76.959,93.099,78.449,91.536,83.268,94.073,109.26,113.19,115.03,83.968,83.513,83.368,81.713,81.493,66.933,61.68,65.453,65.748,67.361,37.636
90.909,229.9,87.659,73.506,101.84,9.712,28.724,3.672,90.428,97.479,98.344,0.218,3.354,0.458,91.258,0.88,79.626,70.198,69.389,67.303,116.94,68.018,117.16,73.4,69.765,82.741,72.388,62.883,77.788,75.353,74.121,82.598,83.908,68.926,85.228,90.111,92.506,88.288,84.138,73.686,73.131,71.1,83.294,83.139,86.064,83.505,77.661,66.393,23.432,6.436,5.226,5.226,23.432,0.978,0.785,0.054,0,0.591,1.601,86.049,93.794,90.129,73.453,68.184,68.343,72.343,69.91,67.878,66.996,67.176,69.186,64.661,65.644,76.689,92.829,78.179,91.266,82.998,93.803,108.99,112.92,114.76,83.698,83.243,83.098,81.443,81.223,66.663,61.41,65.183,65.478,67.091,37.852
87.954,226.95,84.704,70.551,98.888,10.894,31.088,4.263,87.473,94.524,95.389,0.809,3.945,1.049,88.303,0.289,76.671,67.243,66.434,64.348,113.98,65.063,114.2,70.445,66.81,79.786,69.433,59.928,74.833,72.398,71.166,79.643,80.953,65.971,82.273,87.156,89.551,85.333,81.183,70.731,70.176,68.145,80.339,80.184,83.109,80.55,74.706,63.438,25.796,7.618,6.408,6.408,25.796,1.569,1.376,0.645,0.591,0,1.01,83.094,90.839,87.174,70.498,65.229,65.388,69.388,66.955,64.923,64.041,64.221,66.231,61.706,62.689,73.734,89.874,75.224,88.311,80.043,90.848,106.03,109.96,111.81,80.743,80.288,80.143,78.488,78.268,63.708,58.455,62.228,62.523,64.136,40.216
82.904,221.9,79.654,65.501,93.838,12.914,35.128,5.273,82.423,89.474,90.339,1.819,4.955,2.059,83.253,1.299,71.621,62.193,61.384,59.298,108.93,60.013,109.15,65.395,61.76,74.736,64.383,54.878,69.783,67.348,66.116,74.593,75.903,60.921,77.223,82.106,84.501,80.283,76.133,65.681,65.126,63.095,75.289,75.134,78.059,75.5,69.656,58.388,29.836,9.638,8.428,8.428,29.836,2.579,2.386,1.655,1.601,1.01,0,78.044,85.789,82.124,65.448,60.179,60.338,64.338,61.905,59.873,58.991,59.171,61.181,56.656,57.639,68.684,84.824,70.174,83.261,74.993,85.798,100.98,104.91,106.76,75.693,75.238,75.093,73.438,73.218,58.658,53.405,57.178,57.473,59.086,44.256
89.651,225.19,76.976,61.304,98.722,83.937,65.128,104.41,74.283,2.286,2.459,87.139,102.82,88.339,77.402,84.539,71.149,60.565,59.756,64.05,113.82,64.765,114.04,68.685,66.512,78.556,69.267,59.762,74.667,72.232,71,79.477,80.787,67.668,80.513,85.998,88.393,72.143,70.282,61.412,61.079,60.402,68.187,72.456,75.381,80.384,69.184,57.916,58.925,75.828,72.803,72.722,58.513,90.939,89.974,86.319,86.049,83.094,78.044,0,1.549,77.24,63.82,58.551,58.71,62.71,65.195,64.757,63.875,64.055,66.065,63.403,64.386,75.431,91.571,76.921,88.974,79.877,90.682,104.27,109.8,111.64,78.983,78.528,79.977,78.322,78.102,63.542,58.157,61.93,62.225,62.906,76.95
97.396,232.93,84.721,69.049,106.47,91.682,72.873,112.15,82.028,0.737,0.91,94.884,110.56,96.084,85.147,92.284,78.894,68.31,67.501,71.795,121.56,72.51,121.78,76.43,74.257,86.301,77.012,67.507,82.412,79.977,78.745,87.222,88.532,75.413,88.258,93.743,96.138,79.888,78.027,69.157,68.824,68.147,75.932,80.201,83.126,88.129,76.929,65.661,66.67,83.573,80.548,80.467,66.258,98.684,97.719,94.064,93.794,90.839,85.789,1.549,0,84.985,71.565,66.296,66.455,70.455,72.94,72.502,71.62,71.8,73.81,71.148,72.131,83.176,99.316,84.666,96.719,87.622,98.427,112.02,117.54,119.39,86.728,86.273,87.722,86.067,85.847,71.287,65.902,69.675,69.97,70.651,84.695
81.564,221.09,79.922,65.769,93.034,85.297,61.048,108.49,83.763,88.67,89.535,91.219,106.9,92.419,84.057,88.619,71.353,68.975,67.848,58.494,108.13,59.209,108.35,64.591,60.956,73.932,63.579,54.074,68.979,66.544,65.312,73.789,75.099,59.581,76.419,80.766,83.161,81.623,76.937,65.949,65.394,63.363,76.093,75.402,78.327,74.696,69.388,58.12,54.845,77.188,74.163,74.082,54.433,95.019,94.054,90.399,90.129,87.174,82.124,77.24,84.985,0,65.716,66.643,67.12,64.606,61.101,59.069,58.187,58.367,60.377,55.316,56.299,67.344,83.484,68.834,81.921,74.189,84.994,100.18,104.11,105.95,74.889,74.434,74.289,72.634,72.414,57.854,52.601,56.374,56.669,58.282,72.87
92.352,223.72,69.236,66.397,97.219,52.894,45.061,91.813,79.034,75.25,76.115,74.543,90.223,75.743,82.153,71.943,63.176,68.732,68.559,73.343,112.31,73.468,112.53,81.734,67.669,91.075,73.238,63.733,86.122,74.83,82.455,79.727,80.949,70.71,79.413,81.745,84.14,76.894,75.033,66.577,66.022,62.658,70.03,66.666,67.641,62.972,61.211,57.455,39.682,44.785,41.76,41.679,38.446,78.343,77.378,73.723,73.453,70.498,65.448,63.82,71.565,65.716,0,67.354,66.877,79.598,78.244,76.212,75.33,75.51,77.52,66.445,67.428,78.132,94.272,79.622,81.072,80.073,90.878,102.8,108.29,110.14,77.883,77.428,79.477,78.484,78.352,67.513,59.314,70.633,71.518,75.425,57.707
