0,220.89,113.05,102.41,96.32,108.39,114.16,109.27,123.25,101.08,101.95,91.999,107.68,93.199,125.96,89.399,98.167,83.233,82.424,87.405,104.18,88.12,105.87,91.073,89.867,102.84,88.032,80.039,94.944,87.521,100.08,94.766,96.076,91.23,94.383,112.53,114.92,121.11,118.84,102.45,102.34,101.66,115.14,113.58,111.46,92.195,96.202,90.807,109.61,100.29,97.26,97.179,107.55,95.799,94.834,91.179,90.909,87.954,82.904,89.651,97.396,81.564,92.693,81.219,81.378,87.458,87.583,85.034,93.096,93.132,93.534,86.965,110.36,2.844,5.476,2.546,105.78,92.108,97.809,99.978,101.63,102,119.54,92.398,92.912,93.611,93.391,82.307,81.512,85.285,85.58,87.193,127.63
220.89,0,191.59,188.43,216.06,242.1,247.87,239.33,189.58,219.31,220.18,222.06,237.74,223.26,196.43,219.46,205.92,216.23,215.74,212.71,201.75,212.84,204.19,220.95,201.25,229.29,200.85,194.37,218.74,196.87,211.4,204.11,205.42,209.28,207.74,215.63,218.03,187.44,189.31,198.52,188.36,186.35,184.45,185.12,190,203.64,203.96,191.04,243.31,233.99,230.97,230.89,241.25,225.86,224.9,221.24,220.97,218.02,212.97,207.88,215.63,213.24,214.26,214.53,214.37,213.9,217.46,208.83,204.42,204.45,204.85,205.01,204.46,206.67,222.81,208.16,208.88,198.4,206.44,24.183,199.95,199.58,222.65,205.75,206.27,202.96,202.74,195.13,192.9,210,210.89,213.64,261.34
113.05,191.59,0,52.325,69.927,97.669,86.676,106.02,59.641,88.406,89.271,88.749,104.43,89.949,62.76,86.149,72.178,71.559,70.75,70.474,59.836,71.189,63.746,85.755,72.877,85.912,80.863,71.887,92.209,76.876,88.542,84.121,85.431,90.492,114.57,106.37,108.77,57.501,55.64,52.361,56.071,55.394,61.483,83.684,0.319,74.432,70.213,58.945,80.473,89.56,86.535,86.454,80.061,92.549,91.584,87.929,87.659,84.704,79.654,76.976,84.721,79.922,69.236,69.545,69.704,70.527,82.265,82.299,81.417,81.597,83.607,86.227,87.789,98.834,114.97,100.32,99.622,76.837,70.426,70.679,59.506,57.661,113.39,112.58,113.1,82.966,82.746,75.138,64.522,68.354,68.649,70.262,98.498
102.41,188.43,52.325,0,70.467,93.482,99.248,91.866,61.538,72.734,73.599,74.596,90.276,75.796,68.598,71.996,63.879,68.175,67.684,77.186,70.058,79.081,72.492,84.109,75.902,86.172,76.635,70.154,95.043,71.77,92.363,79.015,80.325,87.17,94.962,92.501,94.896,59.398,61.478,64.757,64.64,51.317,54.403,47.805,50.73,58.76,61.914,61.97,94.693,85.373,82.348,82.267,92.633,78.396,77.431,73.776,73.506,70.551,65.501,61.304,69.049,65.769,66.397,66.479,66.32,69.727,80.619,85.133,85.31,85.418,86.584,82.905,82.25,88.192,104.33,89.682,85.751,70.027,63.544,67.519,68.252,67.883,99.516,92.977,93.491,77.86,77.64,70.91,67.547,76.246,75.361,70.522,112.72
96.32,216.06,69.927,70.467,0,111.88,117.65,109.11,72.797,89.092,89.957,91.842,107.52,93.042,79.638,89.242,77.137,86.009,85.518,87.349,95.084,88.064,98.256,93.468,80.644,100.78,78.584,72.103,92.238,74.597,84.899,81.842,83.152,81.793,84.962,89.135,91.53,70.657,72.518,89.729,70.242,62.213,66.084,65.407,68.332,73.422,75.172,70.43,113.09,103.77,100.75,100.67,111.03,95.642,94.677,91.022,90.752,87.797,82.747,77.662,85.407,83.015,84.045,84.313,84.154,84.868,89.978,82.328,77.918,77.954,78.356,77.528,78.57,82.1,98.24,83.59,82.385,77.785,79.946,95.147,94.016,92.909,96.15,82.977,83.491,80.687,80.467,72.859,72.289,85.229,85.524,85.133,131.12
108.39,242.1,97.669,93.482,111.88,0,33.784,13.144,105.54,95.367,96.232,9.932,13.28,10.628,108.66,11.472,83.304,55.217,54.408,63.683,101.14,65.578,105.05,71.138,82.417,72.669,90.932,81.427,85.205,93.897,85.066,101.14,102.45,84.445,131.68,119.61,122,103.4,101.54,93.662,93.107,91.076,96.554,95.099,96.074,83.089,81.339,77.583,28.492,8.966,7.756,2.243,28.492,7.756,8.142,9.604,9.712,10.894,12.914,83.937,91.682,85.297,52.894,53.203,53.362,56.224,67.648,75.295,77.941,78.121,80.131,80.18,83.129,94.174,110.31,95.664,112.86,101.54,112.35,121.19,100.81,98.962,126.62,129.69,130.96,99.987,99.767,85.207,74.062,62.743,61.858,57.019,42.912
114.16,247.87,86.676,99.248,117.65,33.784,0,35.588,101.42,76.558,77.423,29.164,35.86,30.556,111.98,32.244,74.887,46.649,46.158,61.826,106.9,64.311,110.81,66.871,88.183,67.586,96.698,87.193,86.036,99.663,87.661,106.91,108.22,89.751,137.44,125.38,127.77,99.279,104.86,99.428,98.873,96.842,91.391,88.006,85.081,67.672,72.922,83.276,7.926,7.926,9.136,24.812,1.323,24.812,25.584,28.508,28.724,31.088,35.128,65.128,72.873,61.048,45.061,44.953,44.794,50.611,63.381,76.126,80.536,80.716,82.726,85.486,88.895,99.94,116.08,101.43,118.62,107.31,118.11,126.95,106.57,104.73,132.39,135.46,136.88,105.75,105.53,90.973,79.828,61.476,60.001,51.936,15.136
109.27,239.33,106.02,91.866,109.11,13.144,35.588,0,108.79,115.84,116.7,3.782,5.456,4.13,109.62,4.552,97.986,88.558,87.749,85.663,99.521,86.378,103.43,91.76,88.125,101.1,90.748,81.243,96.148,93.713,92.481,100.96,102.27,87.286,128.19,117.03,119.43,106.65,102.5,92.046,91.491,89.46,101.65,101.5,104.42,101.87,96.021,84.753,30.296,9.868,8.658,8.658,30.296,2.694,2.887,3.618,3.672,4.263,5.273,104.41,112.15,108.49,91.813,86.544,86.703,90.703,88.27,86.238,85.356,85.536,87.546,83.021,84.004,95.049,111.19,96.539,110.28,101.36,110.47,118.42,99.191,97.346,124.05,126.21,127.04,99.803,99.583,85.023,79.77,83.543,83.838,85.451,44.716
123.25,189.58,59.641,61.538,72.797,105.54,101.42,108.79,0,85.713,86.578,91.518,107.2,92.718,78.603,88.918,70.695,80.257,80.084,78.947,67.22,79.662,70.392,95.16,78.119,94.385,82.084,74.402,100.68,78.097,97.015,85.342,86.652,99.105,112.56,106.26,108.66,0.428,71.483,61.646,61.313,51.535,72.071,55.121,58.046,70.043,68.73,62.188,95.216,97.596,94.571,94.328,94.804,95.318,94.353,90.698,90.428,87.473,82.423,74.283,82.028,83.763,79.034,78.879,78.402,79,91.67,90.772,89.89,90.07,92.08,94.84,99.479,109.03,125.17,110.52,99.511,76.726,68.416,68.669,66.152,65.045,113.28,110.58,111.09,84.187,83.967,76.359,69.764,76.827,77.122,78.735,113.24
101.08,219.31,88.406,72.734,89.092,95.367,76.558,115.84,85.713,0,1.647,98.569,114.25,99.769,88.832,95.969,82.579,71.995,71.186,75.48,80.317,76.195,84.227,80.115,77.942,89.986,80.697,71.192,86.097,83.662,82.43,90.907,92.217,79.098,120.91,108.84,111.24,83.573,81.712,72.842,72.509,71.832,79.617,83.886,86.811,91.814,80.614,69.346,70.355,87.258,84.233,84.152,69.943,102.37,101.4,97.749,97.479,94.524,89.474,2.286,0.737,88.67,75.25,69.981,70.14,74.14,76.625,76.187,75.305,75.485,77.495,74.833,75.816,86.861,103,88.351,102.09,91.307,92.563,98.397,79.987,78.142,115.86,118.93,120.08,89.752,89.532,74.972,69.587,73.36,73.655,74.336,88.38
101.95,220.18,89.271,73.599,89.957,96.232,77.423,116.7,86.578,1.647,0,99.434,115.11,100.63,89.697,96.834,83.444,72.86,72.051,76.345,81.182,77.06,85.092,80.98,78.807,90.851,81.562,72.057,86.962,84.527,83.295,91.772,93.082,79.963,121.78,109.71,112.1,84.438,82.577,73.707,73.374,72.697,80.482,84.751,87.676,92.679,81.479,70.211,71.22,88.123,85.098,85.017,70.808,103.23,102.27,98.614,98.344,95.389,90.339,2.459,0.91,89.535,76.115,70.846,71.005,75.005,77.49,77.052,76.17,76.35,78.36,75.698,76.681,87.726,103.87,89.216,102.96,92.172,93.428,99.262,80.852,79.007,116.72,119.79,120.94,90.617,90.397,75.837,70.452,74.225,74.52,75.201,89.245
91.999,222.06,88.749,74.596,91.842,9.932,29.164,3.782,91.518,98.569,99.434,0,3.464,0.676,92.348,1.098,80.716,71.288,70.479,68.393,82.251,69.108,86.161,74.49,70.855,83.831,73.478,63.973,78.878,76.443,75.211,83.688,84.998,70.016,110.92,99.762,102.16,89.378,85.228,74.776,74.221,72.19,84.384,84.229,87.154,84.595,78.751,67.483,23.872,6.656,5.446,5.446,23.872,1.088,0.895,0.164,0.218,0.809,1.819,87.139,94.884,91.219,74.543,69.274,69.433,73.433,71,68.968,68.086,68.266,70.276,65.751,66.734,77.779,93.919,79.269,93.012,84.088,93.195,101.15,81.921,80.076,106.78,108.94,109.77,82.533,82.313,67.753,62.5,66.273,66.568,68.181,38.292
107.68,237.74,104.43,90.276,107.52,13.28,35.86,5.456,107.2,114.25,115.11,3.464,0,3.812,108.03,4.234,96.396,86.968,86.159,84.073,97.931,84.788,101.84,90.17,86.535,99.511,89.158,79.653,94.558,92.123,90.891,99.368,100.68,85.696,126.6,115.44,117.84,105.06,100.91,90.456,89.901,87.87,100.06,99.909,102.83,100.27,94.431,83.163,30.568,10.004,8.794,8.794,30.568,2.762,2.569,3.3,3.354,3.945,4.955,102.82,110.56,106.9,90.223,84.954,85.113,89.113,86.68,84.648,83.766,83.946,85.956,81.431,82.414,93.459,109.6,94.949,108.69,99.768,108.88,116.83,97.601,95.756,122.46,124.62,125.45,98.213,97.993,83.433,78.18,81.953,82.248,83.861,44.988
93.199,223.26,89.949,75.796,93.042,10.628,30.556,4.13,92.718,99.769,100.63,0.676,3.812,0,93.548,1.338,81.916,72.488,71.679,69.593,83.451,70.308,87.361,75.69,72.055,85.031,74.678,65.173,80.078,77.643,76.411,84.888,86.198,71.216,112.12,100.96,103.36,90.578,86.428,75.976,75.421,73.39,85.584,85.429,88.354,85.795,79.951,68.683,25.264,7.352,6.142,6.142,25.264,1.436,1.243,0.512,0.458,1.049,2.059,88.339,96.084,92.419,75.743,70.474,70.633,74.633,72.2,70.168,69.286,69.466,71.476,66.951,67.934,78.979,95.119,80.469,94.212,85.288,94.395,102.35,83.121,81.276,107.98,110.14,110.97,83.733,83.513,68.953,63.7,67.473,67.768,69.381,39.684
125.96,196.42,62.76,68.598,79.638,108.66,111.98,109.62,78.603,88.832,89.697,92.348,108.03,93.548,0,89.748,76.877,83.376,83.203,89.51,74.061,90.225,77.233,100.05,85.179,101.93,88.925,81.243,110.67,84.696,106.47,91.941,93.251,106.73,117.53,110,112.39,76.463,1.424,72.209,68.373,58.376,71.468,58.24,61.165,73.162,74.912,69.029,105.78,100.72,97.69,97.447,105.37,96.148,95.183,91.528,91.258,88.303,83.253,77.402,85.147,84.057,82.153,81.998,81.521,85.483,96.561,100.76,99.35,99.53,101.54,102.47,105.24,111.74,127.88,113.23,103.25,80.462,73.979,75.51,72.993,71.886,117.01,115.55,116.21,90.786,90.566,83.2,76.824,87.39,87.685,86.278,123.8
89.399,219.46,86.149,71.996,89.242,11.472,32.244,4.552,88.918,95.969,96.834,1.098,4.234,1.338,89.748,0,78.116,68.688,67.879,65.793,79.651,66.508,83.561,71.89,68.255,81.231,70.878,61.373,76.278,73.843,72.611,81.088,82.398,67.416,108.32,97.162,99.557,86.778,82.628,72.176,71.621,69.59,81.784,81.629,84.554,81.995,76.151,64.883,26.952,8.196,6.986,6.986,26.952,1.858,1.665,0.934,0.88,0.289,1.299,84.539,92.284,88.619,71.943,66.674,66.833,70.833,68.4,66.368,65.486,65.666,67.676,63.151,64.134,75.179,91.319,76.669,90.412,81.488,90.595,98.547,79.321,77.476,104.18,106.34,107.17,79.933,79.713,65.153,59.9,63.673,63.968,65.581,41.372
98.167,205.92,72.178,63.879,77.137,83.304,74.887,97.986,70.695,82.579,83.444,80.716,96.396,81.916,76.877,78.116,0,59.932,59.123,69.28,71.462,70.585,74.732,73.248,74.497,80.731,79.026,69.521,82.217,79.977,80.314,87.222,88.532,76.184,112.48,103.72,106.11,68.555,69.757,63.987,63.654,65.073,64.177,69.608,70.583,70.301,0.393,64.283,68.684,75.195,72.17,72.089,68.272,84.516,83.551,79.896,79.626,76.671,71.621,71.149,78.894,71.353,63.176,57.918,58.077,64.286,69.758,72.307,73.189,73.369,75.379,71.919,72.902,83.947,100.09,85.437,96.97,83.178,81.11,85.01,70.492,69.287,110.73,110.5,111.25,86.067,85.847,73.301,66.142,67.75,67.455,65.081,86.709
83.233,216.23,71.559,68.175,86.009,55.217,46.649,88.558,80.257,71.995,72.86,71.288,86.968,72.488,83.376,68.688,59.932,0,70.864,58.245,75.83,58.96,79.74,66.833,60.707,73.683,65.821,56.316,71.221,68.786,67.554,76.031,77.341,61.25,102.16,90.996,93.391,78.117,76.256,68.355,67.8,64.981,71.268,68.989,69.964,59.717,57.967,54.211,41.27,47.108,44.083,44.002,40.034,75.088,74.123,70.468,70.198,67.243,62.193,60.565,68.31,68.975,68.732,69.659,0.371,61.27,63.343,61.311,60.429,60.609,62.619,56.985,57.968,69.013,85.153,70.503,84.246,76.431,87.016,95.314,75.5,73.655,98.011,100.17,101,74.876,74.656,60.096,52.352,56.125,56.42,58.033,59.295
82.424,215.74,70.75,67.684,85.518,54.408,46.158,87.749,80.084,71.186,72.051,70.479,86.159,71.679,83.203,67.879,59.123,70.864,0,57.436,75.339,58.151,79.249,66.342,59.898,72.874,65.33,55.825,70.73,68.295,67.063,75.54,76.85,60.441,101.35,90.187,92.582,77.944,76.083,67.864,67.309,64.172,71.095,68.18,69.155,58.908,57.158,53.402,40.779,46.299,43.274,43.193,39.543,74.279,73.314,69.659,69.389,66.434,61.384,59.756,67.501,67.848,68.559,0.241,69.009,60.779,62.852,60.82,59.938,60.118,62.128,56.176,57.159,68.204,84.344,69.694,83.437,75.94,86.525,94.823,75.009,73.164,97.202,99.364,100.17,74.385,74.165,59.605,51.543,55.316,55.611,57.224,58.804
87.405,212.71,70.474,77.186,87.349,63.683,61.826,85.663,78.947,75.48,76.345,68.393,84.073,69.593,89.51,65.793,69.28,58.245,57.436,0,83.281,82.037,86.453,82.791,76.238,90.898,79.686,71.693,90.935,79.175,87.268,86.42,87.73,71.083,99.477,91.146,93.541,76.807,82.39,77.366,76.811,73.447,71.812,69.854,68.879,64.82,67.315,66.024,56.447,55.574,52.549,52.468,55.211,72.193,71.228,67.573,67.303,64.348,59.298,64.05,71.795,58.494,73.343,56.231,56.39,74.453,79.301,81.025,80.143,80.323,81.571,66.818,66.558,73.185,89.325,74.675,84.396,83.762,89.474,91.796,82.213,81.106,98.161,97.492,98.006,85.265,85.045,73.961,67.883,79.202,0.365,75.248,74.472
104.18,201.75,59.836,70.058,95.084,101.14,106.9,99.521,67.22,80.317,81.182,82.251,97.931,83.451,74.061,79.651,71.462,75.83,75.339,83.281,0,84.586,105.97,91.537,80.235,93.827,79.834,73.353,99.701,75.847,94.206,83.092,84.402,88.577,94.96,95.772,98.167,65.08,66.941,99.656,69.833,56.636,60.507,55.316,58.241,66.343,69.497,67.289,102.35,93.028,90.003,89.922,100.29,86.051,85.086,81.431,81.161,78.206,73.156,68.887,76.632,73.424,74.052,74.134,73.975,77.382,88.047,89.791,87.225,87.261,87.663,84.312,83.329,89.956,106.1,91.446,89.022,77.376,79.537,80.84,101.73,0.435,102.79,92.975,93.489,81.937,81.717,74.109,71.88,81.751,81.456,78.177,120.37
88.12,212.84,71.189,79.081,88.064,65.578,64.311,86.378,79.662,76.195,77.06,69.108,84.788,70.308,90.225,66.508,70.585,58.96,58.151,82.037,84.586,0,87.758,83.506,78.133,91.023,80.991,72.998,92.24,80.48,88.573,87.725,89.035,72.388,100.78,91.861,94.256,77.522,83.105,79.231,78.706,75.342,72.527,70.569,69.594,65.535,68.62,67.919,58.932,57.469,54.444,54.363,57.696,72.908,71.943,68.288,68.018,65.063,60.013,64.765,72.51,59.209,73.468,56.946,57.105,74.578,80.016,82.33,81.448,81.628,82.876,68.123,67.273,73.9,90.04,75.39,85.111,85.067,90.189,91.921,83.518,82.411,98.876,98.797,99.311,86.57,86.35,75.266,69.778,0.567,80.212,75.373,76.957
105.87,204.19,63.746,72.492,98.256,105.05,110.81,103.43,70.392,84.227,85.092,86.161,101.84,87.361,77.233,83.561,74.732,79.74,79.249,86.453,105.97,87.758,0,94.709,82.669,97.737,82.268,75.787,101.48,78.281,95.784,85.526,86.836,90.273,95.918,98.206,100.6,68.252,70.113,100.61,72.267,59.808,63.679,59.226,62.151,70.253,72.767,70.461,106.26,96.938,93.913,93.832,104.2,89.961,88.996,85.341,85.071,82.116,77.066,72.797,80.542,77.334,77.962,78.044,77.885,81.292,91.219,91.567,88.803,88.839,89.241,86.008,85.025,91.652,107.79,93.142,91.456,79.81,81.971,83.274,0.848,103.79,105.22,93.933,94.447,84.371,84.151,76.543,74.314,84.923,84.628,82.087,124.28
91.073,220.95,85.755,84.109,93.468,71.138,66.871,91.76,95.16,80.115,80.98,74.49,90.17,75.69,100.05,71.89,73.248,66.833,66.342,82.791,91.537,83.506,94.709,0,79.82,98.229,80.931,72.938,100.26,80.131,92.33,87.376,88.686,73.424,87.948,90.492,92.887,93.02,92.931,84.289,83.734,80.355,85.734,83.703,84.16,69.533,71.283,69.717,61.492,63.029,60.004,59.923,60.256,78.29,77.325,73.67,73.4,70.445,65.395,68.685,76.43,64.591,81.734,65.137,64.978,90.337,0.698,90.352,87.706,85.385,86.591,69.159,70.142,76.853,92.993,78.343,83.742,81.66,90.331,100.03,90.469,89.362,97.507,85.963,86.477,86.221,86.001,75.206,71.465,80.671,80.966,82.579,79.517
89.867,201.25,72.877,75.902,80.644,82.417,88.183,88.125,78.119,77.942,78.807,70.855,86.535,72.055,85.179,68.255,74.497,60.707,59.898,76.238,80.235,78.133,82.669,79.82,0,85.224,93.514,87.649,88.789,86.051,86.814,93.296,94.606,74.268,91.04,91.056,93.451,75.979,78.059,75.866,75.855,80.842,70.984,70.307,71.282,67.282,72.532,81.168,83.317,74.308,71.283,71.202,81.568,74.655,73.69,70.035,69.765,66.81,61.76,66.512,74.257,60.956,67.669,58.693,58.852,68.779,76.33,78.879,79.761,79.869,80.982,70.003,69.02,75.647,91.787,77.137,84.306,83.387,84.116,80.339,78.429,78.06,98.071,89.055,89.569,92.141,91.921,87.789,1.671,75.298,74.413,69.574,101.34
102.84,229.29,85.912,86.172,100.78,72.669,67.586,101.1,94.385,89.986,90.851,83.831,99.511,85.031,101.93,81.231,80.731,73.683,72.874,90.898,93.827,91.023,97.737,98.229,85.224,0,90.793,81.288,103.15,90.821,99.48,98.066,99.376,83.295,110.99,105.47,107.87,92.245,94.808,86.352,85.797,82.433,87.081,85.05,84.317,77.777,78.766,75.01,62.207,64.56,61.535,61.454,60.971,87.631,86.666,83.011,82.741,79.786,74.736,78.556,86.301,73.932,91.075,71.669,71.828,93.117,94.739,93.237,92.355,92.535,93.783,79.03,80.013,88.623,104.76,90.113,98.721,95.408,102.32,108.37,93.497,91.652,112.49,109.01,109.52,96.911,96.691,85.068,76.869,88.188,89.073,3.13,80.232
88.032,200.85,80.863,76.635,78.584,90.932,96.698,90.748,82.084,80.697,81.562,73.478,89.158,74.678,88.925,70.878,79.026,65.821,65.33,79.686,79.834,80.991,82.268,80.931,93.514,90.793,0,89.085,87.989,86.139,84.178,93.384,94.694,71.174,81.801,89.221,91.616,79.944,81.805,76.599,76.71,79.935,76.099,76.343,79.268,71.811,77.061,80.07,91.832,82.823,79.798,79.717,90.083,77.278,76.313,72.658,72.388,69.433,64.383,69.267,77.012,63.579,73.238,64.125,63.966,74.348,77.441,78.079,77.197,77.233,77.635,66.909,67.185,73.812,89.952,75.302,82.471,81.552,83.713,79.938,78.028,77.659,96.236,79.816,80.33,92.229,92.009,1.145,85.159,78.156,77.861,75.143,109.86
80.039,194.37,71.887,70.154,72.103,81.427,87.193,81.243,74.402,71.192,72.057,63.973,79.653,65.173,81.243,61.373,69.521,56.316,55.825,71.693,73.353,72.998,75.787,72.938,87.649,81.288,89.085,0,81.508,78.146,77.697,85.391,86.701,64.44,75.32,81.228,83.623,72.262,74.123,70.118,70.229,73.96,68.106,68.588,70.292,62.306,67.556,72.077,82.327,73.318,70.293,70.212,80.578,67.773,66.808,63.153,62.883,59.928,54.878,59.762,67.507,54.074,63.733,54.62,54.461,64.843,69.448,71.598,70.716,70.752,71.154,60.175,59.192,65.819,81.959,67.309,74.478,73.559,75.72,73.457,71.547,71.178,88.243,73.335,73.849,84.236,84.016,83.36,79.294,70.163,69.868,65.638,100.35
94.944,218.74,92.209,95.043,92.238,85.205,86.036,96.148,100.68,86.097,86.962,78.878,94.558,80.078,110.67,76.278,82.217,71.221,70.73,90.935,99.701,92.24,101.48,100.26,88.789,103.15,87.989,81.508,0,84.002,100.83,91.247,92.557,79.345,81.623,94.363,96.758,98.542,103.55,95.151,94.818,92.787,93.547,91.589,90.614,77.211,80.252,82.293,80.657,77.096,74.071,73.99,79.421,82.678,81.713,78.058,77.788,74.833,69.783,74.667,82.412,68.979,86.122,69.525,69.366,89.11,96.772,1.982,101.77,93.883,94.285,75.08,74.097,80.724,96.864,82.214,87.613,83.138,89.621,97.821,97.237,97.526,101.38,79.638,80.152,90.092,89.872,82.264,80.434,89.405,89.11,87.497,98.682
87.521,196.87,76.876,71.77,74.597,93.897,99.663,93.713,78.097,83.662,84.527,76.443,92.123,77.643,84.696,73.843,79.977,68.786,68.295,79.175,75.847,80.48,78.281,80.131,86.051,90.821,86.139,78.146,84.002,0,79.092,1.449,1.711,67.187,77.814,88.71,91.105,75.957,77.576,72.612,71.695,72.472,71.737,72.356,75.281,74.776,78.012,77.763,94.797,85.788,82.763,82.682,93.048,80.243,79.278,75.623,75.353,72.398,67.348,72.232,79.977,66.544,75.486,67.09,66.931,74.376,76.641,74.092,72.111,72.147,72.549,62.922,66.674,73.301,89.441,74.791,81.96,81.041,83.202,75.951,74.041,73.672,95.725,75.829,76.343,1.218,1.174,80.414,77.696,77.645,77.35,75.171,112.82
100.08,211.4,88.542,92.363,84.899,85.066,87.661,92.481,97.015,82.43,83.295,75.211,90.891,76.411,106.47,72.611,80.314,67.554,67.063,87.268,94.206,88.573,95.784,92.33,86.814,99.48,84.178,77.697,100.83,79.092,0,86.337,87.647,86.193,74.14,88.87,91.265,94.875,99.355,92.399,92.288,90.884,89.88,87.922,86.947,73.544,78.349,80.318,82.282,76.957,73.932,73.851,81.046,79.011,78.046,74.391,74.121,71.166,66.116,71,78.745,65.312,82.455,65.858,65.699,83.607,88.84,90.918,109.61,1.389,108.51,81.928,88.066,85.857,102,87.347,82.12,77.563,84.046,90.482,91.544,92.031,95.885,72.155,72.669,85.182,84.962,78.453,78.459,85.738,85.443,83.83,100.31
94.766,204.11,84.121,79.015,81.842,101.14,106.91,100.96,85.342,90.907,91.772,83.688,99.368,84.888,91.941,81.088,87.222,76.031,75.54,86.42,83.092,87.725,85.526,87.376,93.296,98.066,93.384,85.391,91.247,1.449,86.337,0,0.812,74.432,85.059,95.955,98.35,83.202,84.821,79.857,78.94,79.717,78.982,79.601,82.526,82.021,85.257,85.008,102.04,93.033,90.008,89.927,100.29,87.488,86.523,82.868,82.598,79.643,74.593,79.477,87.222,73.789,82.731,74.335,74.176,81.621,83.886,81.337,79.356,79.392,79.794,70.167,73.919,80.546,96.686,82.036,89.205,88.286,90.447,83.196,81.286,80.917,102.97,83.074,83.588,0.319,0.275,87.659,84.941,84.89,84.595,82.416,120.07
96.076,205.42,85.431,80.325,83.152,102.45,108.22,102.27,86.652,92.217,93.082,84.998,100.68,86.198,93.251,82.398,88.532,77.341,76.85,87.73,84.402,89.035,86.836,88.686,94.606,99.376,94.694,86.701,92.557,1.711,87.647,0.812,0,75.742,86.369,97.265,99.66,84.512,86.131,81.167,80.25,81.027,80.292,80.911,83.836,83.331,86.567,86.318,103.35,94.343,91.318,91.237,101.6,88.798,87.833,84.178,83.908,80.953,75.903,80.787,88.532,75.099,84.041,75.645,75.486,82.931,85.196,82.647,80.666,80.702,81.104,71.477,75.229,81.856,97.996,83.346,90.515,89.596,91.757,84.506,82.596,82.227,104.28,84.384,84.898,0.493,0.537,88.969,86.251,86.2,85.905,83.726,121.38
91.23,209.28,90.492,87.17,81.793,84.445,89.751,87.286,99.105,79.098,79.963,70.016,85.696,71.216,106.73,67.416,76.184,61.25,60.441,71.083,88.577,72.388,90.273,73.424,74.268,83.295,71.174,64.44,79.345,67.187,86.193,74.432,75.742,0,70.806,80.023,82.418,96.965,99.614,87.206,87.095,86.418,91.898,89.867,88.897,70.212,74.219,72.93,84.372,76.336,73.311,73.23,83.136,73.816,72.851,69.196,68.926,65.971,60.921,67.668,75.413,59.581,70.71,59.236,59.395,67.38,69.934,69.435,79.212,79.248,88.737,0.853,87.444,77.01,93.15,78.5,73.273,68.716,76.969,88.362,86.033,86.402,87.038,68.821,69.335,73.277,73.057,65.449,65.913,69.553,69.258,67.645,102.4
94.383,207.74,114.57,94.962,84.962,131.68,137.44,128.19,112.56,120.91,121.78,110.92,126.6,112.12,117.53,108.32,112.48,102.16,101.35,99.477,94.96,100.78,95.918,87.948,91.04,110.99,81.801,75.32,81.623,77.814,74.14,85.059,86.369,70.806,0,6.015,6.973,110.42,110.41,94.926,95.037,95.714,107.42,108.1,112.98,111.15,110.52,91.738,132.89,123.57,120.55,120.46,130.83,114.72,113.76,110.1,109.83,106.88,101.83,109.48,117.23,100.49,100.1,100.14,100.3,94.549,84.458,71.713,67.303,67.195,65.989,66.541,77.954,80.163,96.303,81.653,8.715,79.343,90.148,86.823,91.678,92.785,3.209,0.397,3.209,83.904,83.684,76.076,82.685,97.947,97.652,95.344,150.91
112.53,215.63,106.37,92.501,89.135,119.61,125.38,117.03,106.26,108.84,109.71,99.762,115.44,100.96,110,97.162,103.72,90.996,90.187,91.146,95.772,91.861,98.206,90.492,91.056,105.47,89.221,81.228,94.363,88.71,88.87,95.955,97.265,80.023,6.015,0,0.479,104.12,102.88,92.537,92.426,91.749,99.743,100.42,104.78,99.958,101.75,88.198,120.82,111.5,108.47,108.39,118.76,103.56,102.6,98.942,98.672,95.717,90.667,97.414,105.16,89.327,95.106,88.982,89.141,89.556,87.002,84.453,81.889,81.925,82.327,75.758,91.682,98.309,114.45,99.799,1.35,95.849,97.228,94.718,93.966,93.597,1.403,5.221,5.221,94.8,94.58,83.496,82.701,89.026,89.321,89.821,138.84
114.92,218.03,108.77,94.896,91.53,122,127.77,119.43,108.66,111.24,112.1,102.16,117.84,103.36,112.39,99.557,106.12,93.391,92.582,93.541,98.167,94.256,100.6,92.887,93.451,107.87,91.616,83.623,96.758,91.105,91.265,98.35,99.66,82.418,6.973,0.479,0,106.52,105.27,94.932,94.821,94.144,102.14,102.81,107.17,102.35,104.15,90.593,123.22,113.9,110.87,110.79,121.16,105.96,104.99,101.34,101.07,98.112,93.062,99.809,107.55,91.722,97.501,91.377,91.536,91.951,89.397,86.848,84.284,84.32,84.722,78.153,94.077,100.7,116.84,102.19,1.829,98.244,99.623,97.113,96.361,95.992,1.882,6.179,6.179,97.195,96.975,85.891,85.096,91.421,91.716,92.216,141.24
121.11,187.44,57.501,59.398,70.657,103.4,99.279,106.65,0.428,83.573,84.438,89.378,105.06,90.578,76.463,86.778,68.555,78.117,77.944,76.807,65.08,77.522,68.252,93.02,75.979,92.245,79.944,72.262,98.542,75.957,94.875,83.202,84.512,96.965,110.42,104.12,106.52,0,69.343,59.506,59.173,49.395,69.931,52.981,55.906,67.903,66.59,60.048,93.076,95.456,92.431,92.188,92.664,93.178,92.213,88.558,88.288,85.333,80.283,72.143,79.888,81.623,76.894,76.739,76.262,76.86,89.53,88.632,87.75,87.93,89.94,92.7,97.339,106.89,123.03,108.38,97.371,74.586,66.276,66.529,64.012,62.905,111.14,108.43,108.95,82.047,81.827,74.219,67.624,74.687,74.982,76.595,111.1
118.84,189.31,55.64,61.478,72.518,101.54,104.86,102.5,71.483,81.712,82.577,85.228,100.91,86.428,1.424,82.628,69.757,76.256,76.083,82.39,66.941,83.105,70.113,92.931,78.059,94.808,81.805,74.123,103.55,77.576,99.355,84.821,86.131,99.614,110.41,102.88,105.27,69.343,0,65.089,61.253,51.256,64.348,51.12,54.045,66.042,67.792,61.909,98.659,93.595,90.57,90.327,98.247,89.028,88.063,84.408,84.138,81.183,76.133,70.282,78.027,76.937,75.033,74.878,74.401,78.363,89.441,93.641,92.23,92.41,94.42,95.349,98.118,104.62,120.76,106.11,96.127,73.342,66.859,68.39,65.873,64.766,109.89,108.43,109.09,83.666,83.446,76.08,69.704,80.27,80.565,79.158,116.68
102.45,198.52,52.361,64.757,89.729,93.662,99.428,92.046,61.646,72.842,73.707,74.776,90.456,75.976,72.209,72.176,63.987,68.355,67.864,77.366,99.656,79.231,100.61,84.289,75.866,86.352,76.599,70.118,95.151,72.612,92.399,79.857,81.167,87.206,94.926,92.537,94.932,59.506,65.089,0,64.532,51.281,54.511,47.841,50.766,58.868,62.022,61.934,94.873,85.553,82.528,82.447,92.813,78.576,77.611,73.956,73.686,70.731,65.681,61.412,69.157,65.949,66.577,66.659,66.5,69.907,80.799,85.241,85.346,85.454,86.548,82.941,82.214,88.228,104.37,89.718,85.787,74.141,76.302,77.605,96.374,97.481,99.552,92.941,93.455,78.702,78.482,70.874,67.511,76.396,75.541,70.702,112.9
102.34,188.36,56.071,64.64,70.242,93.107,98.873,91.491,61.313,72.509,73.374,74.221,89.901,75.421,68.373,71.621,63.654,67.8,67.309,76.811,69.833,78.706,72.267,83.734,75.855,85.797,76.71,70.229,94.818,71.695,92.288,78.94,80.25,87.095,95.037,92.426,94.821,59.173,61.253,64.532,0,58.567,54.178,53.501,54.476,58.535,61.689,61.923,94.318,84.998,81.973,81.892,92.258,78.021,77.056,73.401,73.131,70.176,65.126,61.079,68.824,65.394,66.022,66.104,65.945,69.352,80.244,84.908,85.235,85.343,86.549,82.83,82.325,88.117,104.26,89.607,85.676,69.952,63.469,67.444,68.027,67.658,99.441,93.052,93.566,77.785,77.565,70.985,67.5,75.871,74.986,70.147,112.34
101.66,186.35,55.394,51.317,62.213,91.076,96.842,89.46,51.535,71.832,72.697,72.19,87.87,73.39,58.376,69.59,65.073,64.981,64.172,73.447,56.636,75.342,59.808,80.355,80.842,82.433,79.935,73.96,92.787,72.472,90.884,79.717,81.027,86.418,95.714,91.749,94.144,49.395,51.256,51.281,58.567,0,53.501,52.824,53.799,57.858,63.108,68.562,92.287,82.967,79.942,79.861,90.227,75.99,75.025,71.37,71.1,68.145,63.095,60.402,68.147,63.363,62.658,62.967,63.126,65.988,76.865,82.877,83.759,83.939,85.949,82.153,83.002,87.44,103.58,88.93,84.999,67.943,61.46,65.435,55.568,54.461,98.764,93.729,94.243,78.562,78.342,74.21,72.487,72.507,71.622,66.783,110.31
115.13,184.45,61.483,54.403,66.084,96.554,91.391,101.65,72.071,79.617,80.482,84.384,100.06,85.584,71.468,81.784,64.177,71.268,71.095,71.812,60.507,72.527,63.679,85.734,70.984,87.081,76.099,68.106,93.547,71.737,89.88,78.982,80.292,91.898,107.42,99.743,102.14,69.931,64.348,54.511,54.178,53.501,0,61.821,59.888,63.947,62.212,57.052,85.188,88.607,85.582,85.339,84.776,88.184,87.219,83.564,83.294,80.339,75.289,68.187,75.932,76.093,70.03,69.89,69.413,71.166,82.244,83.637,82.755,82.935,84.945,87.633,90.582,100.91,117.05,102.41,92.993,70.208,63.279,63.532,59.439,58.332,106.76,105.44,105.95,77.827,77.607,70.374,62.629,69.692,69.987,71.431,103.21
113.58,185.12,83.684,47.805,65.407,95.099,88.006,101.5,55.121,83.886,84.751,84.229,99.909,85.429,58.24,81.629,69.608,68.989,68.18,69.854,55.316,70.569,59.226,83.703,70.307,85.05,76.343,68.588,91.589,72.356,87.922,79.601,80.911,89.867,108.1,100.42,102.81,52.981,51.12,47.841,53.501,52.824,61.821,0,82.089,69.912,67.643,56.375,81.803,86.99,83.965,83.884,81.391,88.029,87.064,83.409,83.139,80.184,75.134,72.456,80.201,75.402,66.666,66.975,67.134,69.135,80.213,81.679,80.797,80.977,82.987,85.602,88.395,99.364,115.5,100.85,93.67,70.885,63.956,64.209,54.986,53.141,107.44,106.11,106.63,78.446,78.226,70.618,61.952,67.734,68.029,69.4,99.828
111.46,190,0.319,50.73,68.332,96.074,85.081,104.42,58.046,86.811,87.676,87.154,102.83,88.354,61.165,84.554,70.583,69.964,69.155,68.879,58.241,69.594,62.151,84.16,71.282,84.317,79.268,70.292,90.614,75.281,86.947,82.526,83.836,88.897,112.97,104.78,107.17,55.906,54.045,50.766,54.476,53.799,59.888,82.089,0,72.837,68.618,57.35,78.878,87.965,84.94,84.859,78.466,90.954,89.989,86.334,86.064,83.109,78.059,75.381,83.126,78.327,67.641,67.95,68.109,68.932,80.67,80.704,79.822,80.002,82.012,84.632,86.194,97.239,113.38,98.729,98.027,75.242,68.831,69.084,57.911,56.066,111.79,110.99,111.5,81.371,81.151,73.543,62.927,66.759,67.054,68.667,96.903
92.195,203.64,74.432,58.76,73.422,83.089,67.672,101.87,70.043,91.814,92.679,84.595,100.28,85.795,73.162,81.995,70.301,59.717,58.908,64.82,66.343,65.535,70.253,69.533,67.282,77.777,71.811,62.306,77.211,74.776,73.544,82.021,83.331,70.212,111.15,99.958,102.35,67.903,66.042,58.868,58.535,57.858,63.947,69.912,72.837,0,68.336,57.068,61.469,74.98,71.955,71.874,61.057,88.395,87.43,83.775,83.505,80.55,75.5,80.384,88.129,74.696,62.972,57.703,57.862,61.862,66.043,67.301,66.419,66.599,68.609,65.947,66.93,77.975,94.115,79.465,93.208,79.463,78.246,82.727,66.013,64.168,106.97,109.16,110,80.866,80.646,66.086,58.927,62.7,62.995,62.127,79.494
96.202,203.96,70.213,61.914,75.172,81.339,72.922,96.021,68.73,80.614,81.479,78.751,94.431,79.951,74.912,76.151,0.393,57.967,57.158,67.315,69.497,68.62,72.767,71.283,72.532,78.766,77.061,67.556,80.252,78.012,78.349,85.257,86.567,74.219,110.52,101.75,104.15,66.59,67.792,62.022,61.689,63.108,62.212,67.643,68.618,68.336,0,62.318,66.719,73.23,70.205,70.124,66.307,82.551,81.586,77.931,77.661,74.706,69.656,69.184,76.929,69.388,61.211,55.953,56.112,62.321,67.793,70.342,71.224,71.404,73.414,69.954,70.937,81.982,98.122,83.472,95.005,81.213,79.145,83.045,68.527,67.322,108.77,108.53,109.29,84.102,83.882,71.336,64.177,65.785,65.49,63.116,84.744
90.807,191.04,58.945,61.97,70.43,77.583,83.276,84.753,62.188,69.346,70.211,67.483,83.163,68.683,69.029,64.883,64.283,54.211,53.402,66.024,67.289,67.919,70.461,69.717,81.168,75.01,80.07,72.077,82.293,77.763,80.318,85.008,86.318,72.93,91.738,88.198,90.593,60.048,61.909,61.934,61.923,68.562,57.052,56.375,57.35,57.068,62.318,0,77.897,69.474,66.449,66.368,76.661,71.283,70.318,66.663,66.393,63.438,58.388,57.916,65.661,58.12,57.455,52.197,52.356,58.565,66.227,72.383,73.265,73.373,74.579,68.665,69.96,76.587,92.727,78.077,81.448,76.063,72.113,70.125,66.221,65.114,95.213,89.753,90.509,83.853,83.633,74.345,72.813,65.084,64.199,59.36,95.922
109.6,243.31,80.473,94.693,113.09,28.492,7.926,30.296,95.216,70.355,71.22,23.872,30.568,25.264,105.78,26.952,68.684,41.27,40.779,56.447,102.35,58.932,106.26,61.492,83.317,62.207,91.832,82.327,80.657,94.797,82.282,102.04,103.35,84.372,132.89,120.82,123.21,93.076,98.659,94.873,94.318,92.287,85.188,81.803,78.878,61.469,66.719,77.897,0,5.28,6.49,19.52,5.28,19.52,20.292,23.216,23.432,25.796,29.836,58.925,66.67,54.845,39.682,39.574,39.415,45.232,58.002,70.747,75.157,75.337,77.347,80.107,84.34,95.385,111.52,96.875,114.07,102.44,113.25,122.4,102.02,100.17,127.83,130.9,132.33,100.89,100.67,86.107,74.962,56.097,54.622,46.557,3.605
100.28,233.99,89.56,85.373,103.77,8.966,7.926,9.868,97.596,87.258,88.123,6.656,10.004,7.352,100.72,8.196,75.195,47.108,46.299,55.574,93.028,57.469,96.938,63.029,74.308,64.56,82.823,73.318,77.096,85.788,76.957,93.033,94.343,76.336,123.57,111.5,113.89,95.456,93.595,85.553,84.998,82.967,88.607,86.99,87.965,74.98,73.23,69.474,5.28,0,0.605,4.48,5.28,4.48,4.866,6.328,6.436,7.618,9.638,75.828,83.573,77.188,44.785,45.094,45.253,48.115,59.539,67.186,69.832,70.012,72.022,72.071,75.02,86.065,102.2,87.555,104.75,93.433,104.24,113.08,92.698,90.853,118.51,121.58,123.01,91.878,91.658,77.098,65.953,54.634,53.749,48.91,12.49
97.26,230.97,86.535,82.348,100.75,7.756,9.136,8.658,94.571,84.233,85.098,5.446,8.794,6.142,97.69,6.986,72.17,44.083,43.274,52.549,90.003,54.444,93.913,60.004,71.283,61.535,79.798,70.293,74.071,82.763,73.932,90.008,91.318,73.311,120.54,108.47,110.87,92.431,90.57,82.528,81.973,79.942,85.582,83.965,84.94,71.955,70.205,66.449,6.49,0.605,0,3.27,6.49,3.27,3.656,5.118,5.226,6.408,8.428,72.803,80.548,74.163,41.76,42.069,42.228,45.09,56.514,64.161,66.807,66.987,68.997,69.046,71.995,83.04,99.18,84.53,101.72,90.408,101.21,110.05,89.673,87.828,115.49,118.56,119.98,88.853,88.633,74.073,62.928,51.609,50.724,45.885,13.7
97.179,230.89,86.454,82.267,100.67,2.243,24.812,8.658,94.328,84.152,85.017,5.446,8.794,6.142,97.447,6.986,72.089,44.002,43.193,52.468,89.922,54.363,93.832,59.923,71.202,61.454,79.717,70.212,73.99,82.682,73.851,89.927,91.237,73.23,120.46,108.39,110.79,92.188,90.327,82.447,81.892,79.861,85.339,83.884,84.859,71.874,70.124,66.368,19.52,4.48,3.27,0,19.52,3.27,3.656,5.118,5.226,6.408,8.428,72.722,80.467,74.082,41.679,41.988,42.147,45.009,56.433,64.08,66.726,66.906,68.916,68.965,71.914,82.959,99.099,84.449,101.64,90.327,101.13,109.97,89.592,87.747,115.41,118.48,119.74,88.772,88.552,73.992,62.847,51.528,50.643,45.804,33.94
107.54,241.25,80.061,92.633,111.03,28.492,1.323,30.296,94.804,69.943,70.808,23.872,30.568,25.264,105.37,26.952,68.272,40.034,39.543,55.211,100.29,57.696,104.2,60.256,81.568,60.971,90.083,80.578,79.421,93.048,81.046,100.29,101.6,83.136,130.83,118.76,121.15,92.664,98.247,92.813,92.258,90.227,84.776,81.391,78.466,61.057,66.307,76.661,5.28,5.28,6.49,19.52,0,19.52,20.292,23.216,23.432,25.796,29.836,58.513,66.258,54.433,38.446,38.338,38.179,43.996,56.766,69.511,73.921,74.101,76.111,78.871,82.28,93.325,109.46,94.815,112.01,100.69,111.5,120.34,99.958,98.113,125.77,128.84,130.27,99.138,98.918,84.358,73.213,54.861,53.386,45.321,12.49
95.799,225.86,92.549,78.396,95.642,7.756,24.812,2.694,95.318,102.37,103.23,1.088,2.762,1.436,96.148,1.858,84.516,75.088,74.279,72.193,86.051,72.908,89.961,78.29,74.655,87.631,77.278,67.773,82.678,80.243,79.011,87.488,88.798,73.816,114.72,103.56,105.96,93.178,89.028,78.576,78.021,75.99,88.184,88.029,90.954,88.395,82.551,71.283,19.52,4.48,3.27,3.27,19.52,0,0.193,0.924,0.978,1.569,2.579,90.939,98.684,95.019,78.343,73.074,73.233,77.233,74.8,72.768,71.886,72.066,74.076,69.551,70.534,81.579,97.719,83.069,96.812,87.888,96.995,104.95,85.721,83.876,110.58,112.74,113.57,86.333,86.113,71.553,66.3,70.073,70.368,71.981,33.94
94.834,224.9,91.584,77.431,94.677,8.142,25.584,2.887,94.353,101.4,102.27,0.895,2.569,1.243,95.183,1.665,83.551,74.123,73.314,71.228,85.086,71.943,88.996,77.325,73.69,86.666,76.313,66.808,81.713,79.278,78.046,86.523,87.833,72.851,113.76,102.6,104.99,92.213,88.063,77.611,77.056,75.025,87.219,87.064,89.989,87.43,81.586,70.318,20.292,4.866,3.656,3.656,20.292,0.193,0,0.731,0.785,1.376,2.386,89.974,97.719,94.054,77.378,72.109,72.268,76.268,73.835,71.803,70.921,71.101,73.111,68.586,69.569,80.614,96.754,82.104,95.847,86.923,96.03,103.98,84.756,82.911,109.61,111.77,112.6,85.368,85.148,70.588,65.335,69.108,69.403,71.016,34.712
91.179,221.24,87.929,73.776,91.022,9.604,28.508,3.618,90.698,97.749,98.614,0.164,3.3,0.512,91.528,0.934,79.896,70.468,69.659,67.573,81.431,68.288,85.341,73.67,70.035,83.011,72.658,63.153,78.058,75.623,74.391,82.868,84.178,69.196,110.1,98.942,101.34,88.558,84.408,73.956,73.401,71.37,83.564,83.409,86.334,83.775,77.931,66.663,23.216,6.328,5.118,5.118,23.216,0.924,0.731,0,0.054,0.645,1.655,86.319,94.064,90.399,73.723,68.454,68.613,72.613,70.18,68.148,67.266,67.446,69.456,64.931,65.914,76.959,93.099,78.449,92.192,83.268,92.375,100.33,81.101,79.256,105.96,108.12,108.95,81.713,81.493,66.933,61.68,65.453,65.748,67.361,37.636
90.909,220.97,87.659,73.506,90.752,9.712,28.724,3.672,90.428,97.479,98.344,0.218,3.354,0.458,91.258,0.88,79.626,70.198,69.389,67.303,81.161,68.018,85.071,73.4,69.765,82.741,72.388,62.883,77.788,75.353,74.121,82.598,83.908,68.926,109.83,98.672,101.07,88.288,84.138,73.686,73.131,71.1,83.294,83.139,86.064,83.505,77.661,66.393,23.432,6.436,5.226,5.226,23.432,0.978,0.785,0.054,0,0.591,1.601,86.049,93.794,90.129,73.453,68.184,68.343,72.343,69.91,67.878,66.996,67.176,69.186,64.661,65.644,76.689,92.829,78.179,91.922,82.998,92.105,100.06,80.831,78.986,105.69,107.85,108.68,81.443,81.223,66.663,61.41,65.183,65.478,67.091,37.852
87.954,218.02,84.704,70.551,87.797,10.894,31.088,4.263,87.473,94.524,95.389,0.809,3.945,1.049,88.303,0.289,76.671,67.243,66.434,64.348,78.206,65.063,82.116,70.445,66.81,79.786,69.433,59.928,74.833,72.398,71.166,79.643,80.953,65.971,106.88,95.717,98.112,85.333,81.183,70.731,70.176,68.145,80.339,80.184,83.109,80.55,74.706,63.438,25.796,7.618,6.408,6.408,25.796,1.569,1.376,0.645,0.591,0,1.01,83.094,90.839,87.174,70.498,65.229,65.388,69.388,66.955,64.923,64.041,64.221,66.231,61.706,62.689,73.734,89.874,75.224,88.967,80.043,89.15,97.102,77.876,76.031,102.73,104.89,105.72,78.488,78.268,63.708,58.455,62.228,62.523,64.136,40.216
82.904,212.97,79.654,65.501,82.747,12.914,35.128,5.273,82.423,89.474,90.339,1.819,4.955,2.059,83.253,1.299,71.621,62.193,61.384,59.298,73.156,60.013,77.066,65.395,61.76,74.736,64.383,54.878,69.783,67.348,66.116,74.593,75.903,60.921,101.83,90.667,93.062,80.283,76.133,65.681,65.126,63.095,75.289,75.134,78.059,75.5,69.656,58.388,29.836,9.638,8.428,8.428,29.836,2.579,2.386,1.655,1.601,1.01,0,78.044,85.789,82.124,65.448,60.179,60.338,64.338,61.905,59.873,58.991,59.171,61.181,56.656,57.639,68.684,84.824,70.174,83.917,74.993,84.1,92.052,72.826,70.981,97.682,99.844,100.67,73.438,73.218,58.658,53.405,57.178,57.473,59.086,44.256
89.651,207.88,76.976,61.304,77.662,83.937,65.128,104.41,74.283,2.286,2.459,87.139,102.82,88.339,77.402,84.539,71.149,60.565,59.756,64.05,68.887,64.765,72.797,68.685,66.512,78.556,69.267,59.762,74.667,72.232,71,79.477,80.787,67.668,109.48,97.414,99.809,72.143,70.282,61.412,61.079,60.402,68.187,72.456,75.381,80.384,69.184,57.916,58.925,75.828,72.803,72.722,58.513,90.939,89.974,86.319,86.049,83.094,78.044,0,1.549,77.24,63.82,58.551,58.71,62.71,65.195,64.757,63.875,64.055,66.065,63.403,64.386,75.431,91.571,76.921,90.664,79.877,81.133,86.967,68.557,66.712,104.43,107.5,108.65,78.322,78.102,63.542,58.157,61.93,62.225,62.906,76.95
97.396,215.63,84.721,69.049,85.407,91.682,72.873,112.15,82.028,0.737,0.91,94.884,110.56,96.084,85.147,92.284,78.894,68.31,67.501,71.795,76.632,72.51,80.542,76.43,74.257,86.301,77.012,67.507,82.412,79.977,78.745,87.222,88.532,75.413,117.23,105.16,107.55,79.888,78.027,69.157,68.824,68.147,75.932,80.201,83.126,88.129,76.929,65.661,66.67,83.573,80.548,80.467,66.258,98.684,97.719,94.064,93.794,90.839,85.789,1.549,0,84.985,71.565,66.296,66.455,70.455,72.94,72.502,71.62,71.8,73.81,71.148,72.131,83.176,99.316,84.666,98.409,87.622,88.878,94.712,76.302,74.457,112.17,115.24,116.39,86.067,85.847,71.287,65.902,69.675,69.97,70.651,84.695
81.564,213.24,79.922,65.769,83.015,85.297,61.048,108.49,83.763,88.67,89.535,91.219,106.9,92.419,84.057,88.619,71.353,68.975,67.848,58.494,73.424,59.209,77.334,64.591,60.956,73.932,63.579,54.074,68.979,66.544,65.312,73.789,75.099,59.581,100.49,89.327,91.722,81.623,76.937,65.949,65.394,63.363,76.093,75.402,78.327,74.696,69.388,58.12,54.845,77.188,74.163,74.082,54.433,95.019,94.054,90.399,90.129,87.174,82.124,77.24,84.985,0,65.716,66.643,67.12,64.606,61.101,59.069,58.187,58.367,60.377,55.316,56.299,67.344,83.484,68.834,82.577,74.189,84.368,92.32,73.094,71.249,96.342,98.504,99.335,72.634,72.414,57.854,52.601,56.374,56.669,58.282,72.87
92.693,214.26,69.236,66.397,84.045,52.894,45.061,91.813,79.034,75.25,76.115,74.543,90.223,75.743,82.153,71.943,63.176,68.732,68.559,73.343,74.052,73.468,77.962,81.734,67.669,91.075,73.238,63.733,86.122,75.486,82.455,82.731,84.041,70.71,100.1,95.106,97.501,76.894,75.033,66.577,66.022,62.658,70.03,66.666,67.641,62.972,61.211,57.455,39.682,44.785,41.76,41.679,38.446,78.343,77.378,73.723,73.453,70.498,65.448,63.82,71.565,65.716,0,67.354,66.877,79.598,78.244,76.212,75.33,75.51,77.52,66.445,67.428,78.473,94.613,79.963,88.356,80.073,87.5,93.35,73.722,71.877,102.12,98.114,98.628,81.576,81.356,67.513,59.314,70.633,71.518,75.425,57.707
