0,215.32,114.37,106.82,88.416,108.39,114.16,115.31,126.04,107.43,108.29,98.044,113.72,99.244,129.82,95.444,105.76,89.278,88.469,112.73,103.51,115.22,103.73,92.236,121.86,118.49,72.447,67.478,85.911,64.984,78.572,67.533,68.667,77.95,69.77,77.169,79.564,123.9,122.7,106.64,107.19,110.58,117.65,115.62,112.78,98.54,103.79,111.64,109.61,100.29,97.26,97.179,107.55,101.84,100.88,97.224,96.954,93.999,88.949,95.996,103.74,87.609,107.07,87.264,87.423,101.52,88.746,76.001,71.591,71.627,72.029,73.685,89.102,2.844,5.476,2.546,84.518,69.571,80.376,94.401,99.491,101.34,72.96,67.785,66.533,66.202,66.158,66.722,113.5,112.38,110.91,102.84,127.63
215.32,0,191.59,192.55,245.26,242.1,247.87,240.49,189.58,220.97,221.83,223.22,238.9,224.42,196.43,220.62,209.03,216.8,216.3,224.18,239.45,225.49,241.89,224.53,222.41,234.5,199.85,197.91,221.15,185.44,213.74,185.64,186.69,209.71,179.31,180.92,183.32,187.44,189.31,236.22,192.47,187,184.45,185.12,190,205.3,207.06,204.76,243.31,233.99,230.97,230.89,241.25,227.02,226.05,222.4,222.13,219.17,214.12,209.54,217.28,214.39,215.02,215.1,214.94,218.05,221.04,211.24,206.83,206.8,206.39,205.45,204.46,201.1,217.24,202.59,182.41,233.49,235.65,24.183,237.65,237.28,176.71,177.33,183.89,184.22,184.26,194.13,214.05,222.65,222.36,218.85,261.34
114.37,191.59,0,52.325,70.581,97.669,86.676,106.02,59.641,88.406,89.271,88.749,104.43,89.949,62.76,86.149,72.178,71.559,70.75,70.474,59.836,71.189,63.746,86.787,72.877,85.912,98.597,93.628,105.09,88.876,103.18,96.121,97.431,96.412,93.469,96.566,98.961,57.501,55.64,52.361,56.071,55.394,61.483,83.684,0.319,74.432,70.213,58.945,80.473,89.56,86.535,86.454,80.061,92.549,91.584,87.929,87.659,84.704,79.654,76.976,84.721,79.922,69.236,69.545,69.704,70.527,83.297,95.177,96.059,96.239,98.249,92.147,93.13,100.15,116.29,101.64,98.055,81.231,70.426,70.679,59.506,57.661,91.939,91.484,96.466,94.966,94.746,92.872,64.522,68.354,68.649,70.262,98.498
106.82,192.55,52.325,0,90.26,93.482,99.248,91.866,61.538,72.734,73.599,74.596,90.276,75.796,72.101,71.996,63.879,68.175,67.684,77.186,82.293,79.081,86.203,85.987,80.116,86.172,92.747,90.489,102.01,78.332,101.25,80.881,82.015,99.178,73.907,76.546,78.941,59.398,64.981,74.818,74.701,52.008,54.403,47.805,50.73,58.76,61.914,62.466,94.693,85.373,82.348,82.267,92.633,78.396,77.431,73.776,73.506,70.551,65.501,61.304,69.049,65.769,66.397,66.479,66.32,69.727,82.497,92.103,94.192,94.3,95.123,94.913,94.358,92.596,108.74,94.086,78.035,82.185,71.38,71.633,81.963,80.118,72.337,71.922,79.514,79.55,79.506,87.022,71.761,76.246,75.361,70.522,112.72
88.416,245.27,70.581,90.26,0,111.88,117.65,110.27,79.866,91.062,91.927,92.996,108.68,94.196,90.429,90.396,82.207,86.575,86.084,95.293,135.93,97.188,139.1,97.926,98.372,104.28,77.078,73.921,95.457,62.663,88.046,62.864,63.91,83.032,55.507,58.146,60.541,77.726,83.309,130.57,90.035,70.264,72.731,66.061,68.986,77.088,80.242,80.722,113.09,103.77,100.75,100.67,111.03,96.796,95.831,92.176,91.906,88.951,83.901,79.632,87.377,84.169,84.797,84.879,84.72,87.834,94.436,85.547,81.137,81.101,80.699,78.767,76.405,74.196,90.336,75.686,59.635,106.99,109.15,124.35,134.86,133.75,53.937,53.522,61.114,61.445,61.489,71.353,90.017,94.353,93.468,88.629,131.12
108.39,242.1,97.669,93.482,111.88,0,33.784,13.144,105.54,95.367,96.232,9.932,13.28,10.628,108.66,11.472,83.304,55.217,54.408,63.683,101.14,65.578,105.05,72.484,82.417,72.669,112.56,104.57,91.649,112.05,93.274,117.07,118.29,84.445,119.59,119.61,122,103.4,101.54,93.662,93.107,91.076,96.554,95.099,96.074,83.089,81.339,77.583,28.492,8.966,7.756,2.243,28.492,7.756,8.142,9.604,9.712,10.894,12.914,83.937,91.682,85.297,52.894,53.203,53.362,56.224,68.994,81.739,86.149,86.329,88.339,80.18,83.129,94.174,110.31,95.664,112.86,116.64,119.91,121.19,100.81,98.962,118.38,117.61,116.82,115.83,115.69,106.84,74.062,62.743,61.858,57.019,42.912
114.16,247.87,86.676,99.248,117.65,33.784,0,35.588,101.42,76.558,77.423,29.164,35.86,30.556,111.98,32.244,74.887,46.649,46.158,61.826,106.9,64.311,110.81,66.871,88.183,67.586,110.61,101.1,86.036,113.57,87.661,120.82,122.13,89.751,125.36,125.38,127.77,99.279,104.86,99.428,98.873,96.842,91.391,88.006,85.081,67.672,72.922,83.276,7.926,7.926,9.136,24.812,1.323,24.812,25.584,28.508,28.724,31.088,35.128,65.128,72.873,61.048,45.061,44.953,44.794,50.611,63.381,76.126,80.536,80.716,82.726,85.486,88.895,99.94,116.08,101.43,118.62,121.22,125.69,126.95,106.57,104.73,124.3,123.37,121.32,119.66,119.44,104.88,79.828,61.476,60.001,51.936,15.136
115.31,240.49,106.02,91.866,110.27,13.144,35.588,0,108.79,118.76,119.63,3.782,5.456,4.13,109.62,4.552,99.142,90.02,89.211,93.661,99.521,94.376,103.43,109.97,96.123,109.1,127.15,122.18,128.35,119.69,127.22,120.47,121.52,95.494,117.58,116.35,118.75,106.65,102.5,92.046,91.491,89.46,101.65,101.5,104.42,104.79,97.177,85.909,30.296,9.868,8.658,8.658,30.296,2.694,2.887,3.618,3.672,4.263,5.273,107.33,115.08,111.41,94.824,88.006,88.165,93.714,106.48,118.44,120.1,120.28,120.92,91.229,92.212,101.09,117.23,102.58,112.3,118.24,116.08,119.57,99.191,97.346,114.98,115.59,118.72,119.05,119.1,121.43,87.768,91.541,91.836,93.449,44.716
126.04,189.58,59.641,61.538,79.866,105.54,101.42,108.79,0,85.713,86.578,91.518,107.2,92.718,78.603,88.918,70.695,80.257,80.084,78.947,69.121,79.662,73.031,95.26,78.119,94.385,101.28,98.583,112.59,86.866,110.11,94.062,95.284,109.59,91.459,95.244,97.639,0.428,71.483,61.646,61.313,51.535,72.071,55.121,58.046,70.043,68.73,62.188,95.216,97.596,94.571,94.328,94.804,95.318,94.353,90.698,90.428,87.473,82.423,74.283,82.028,83.763,79.034,78.879,78.402,79,91.77,102.68,102.98,103.16,105.17,105.33,106.31,111.82,127.96,113.31,95.49,79.221,68.416,68.669,68.791,66.946,89.929,89.474,93.812,92.819,92.687,95.556,69.764,76.827,77.122,78.735,113.24
107.43,220.97,88.406,72.734,91.062,95.367,76.558,118.76,85.713,0,1.647,101.49,117.17,102.69,88.832,98.893,82.579,73.457,72.648,77.098,80.317,77.813,84.227,93.411,79.56,92.536,110.67,105.7,111.79,103.21,110.66,110.45,111.76,85.443,110.78,109.56,111.95,83.573,81.712,72.842,72.509,71.832,79.617,83.886,86.811,94.738,80.614,69.346,70.355,87.258,84.233,84.152,69.943,105.29,104.33,100.67,100.4,97.448,92.398,2.286,0.737,91.594,78.261,71.443,71.602,77.151,89.921,101.88,103.53,103.71,105.72,81.178,82.161,93.206,109.35,94.696,105.51,101.68,97.988,100.05,79.987,78.142,108.18,108.8,110.95,109.3,109.07,104.94,71.205,74.978,75.273,76.886,88.38
108.29,221.83,89.271,73.599,91.927,96.232,77.423,119.63,86.578,1.647,0,102.36,118.04,103.56,89.697,99.758,83.444,74.322,73.513,77.963,81.182,78.678,85.092,94.276,80.425,93.401,111.53,106.56,112.65,104.07,111.52,111.31,112.62,86.308,111.65,110.42,112.82,84.438,82.577,73.707,73.374,72.697,80.482,84.751,87.676,95.603,81.479,70.211,71.22,88.123,85.098,85.017,70.808,106.16,105.19,101.54,101.27,98.313,93.263,2.459,0.91,92.459,79.126,72.308,72.467,78.016,90.786,102.74,104.4,104.58,106.59,82.043,83.026,94.071,110.21,95.561,106.37,102.54,98.853,100.92,80.852,79.007,109.05,109.66,111.81,110.16,109.94,105.81,72.07,75.843,76.138,77.751,89.245
98.044,223.22,88.749,74.596,92.996,9.932,29.164,3.782,91.518,101.49,102.36,0,3.464,0.676,92.348,1.098,81.872,72.75,71.941,76.391,82.251,77.106,86.161,92.704,78.853,91.829,109.88,104.91,111.08,102.42,109.95,103.2,104.25,78.224,100.31,99.085,101.48,89.378,85.228,74.776,74.221,72.19,84.384,84.229,87.154,87.519,79.907,68.639,23.872,6.656,5.446,5.446,23.872,1.088,0.895,0.164,0.218,0.809,1.819,90.063,97.808,94.143,77.554,70.736,70.895,76.444,89.214,101.17,102.83,103.01,103.64,73.959,74.942,83.824,99.964,85.314,95.035,100.97,98.808,102.3,81.921,80.076,97.708,98.322,101.45,101.78,101.83,104.16,70.498,74.271,74.566,76.179,38.292
113.72,238.9,104.43,90.276,108.68,13.28,35.86,5.456,107.2,117.17,118.04,3.464,0,3.812,108.03,4.234,97.552,88.43,87.621,92.071,97.931,92.786,101.84,108.38,94.533,107.51,125.56,120.59,126.76,118.1,125.63,118.88,119.93,93.904,115.99,114.76,117.16,105.06,100.91,90.456,89.901,87.87,100.06,99.909,102.83,103.2,95.587,84.319,30.568,10.004,8.794,8.794,30.568,2.762,2.569,3.3,3.354,3.945,4.955,105.74,113.49,109.82,93.234,86.416,86.575,92.124,104.89,116.85,118.51,118.69,119.32,89.639,90.622,99.504,115.64,100.99,110.71,116.65,114.49,117.98,97.601,95.756,113.39,114,117.13,117.46,117.51,119.84,86.178,89.951,90.246,91.859,44.988
99.244,224.42,89.949,75.796,94.196,10.628,30.556,4.13,92.718,102.69,103.56,0.676,3.812,0,93.548,1.338,83.072,73.95,73.141,77.591,83.451,78.306,87.361,93.904,80.053,93.029,111.08,106.11,112.28,103.62,111.15,104.4,105.45,79.424,101.51,100.28,102.68,90.578,86.428,75.976,75.421,73.39,85.584,85.429,88.354,88.719,81.107,69.839,25.264,7.352,6.142,6.142,25.264,1.436,1.243,0.512,0.458,1.049,2.059,91.263,99.008,95.343,78.754,71.936,72.095,77.644,90.414,102.37,104.03,104.21,104.84,75.159,76.142,85.024,101.16,86.514,96.235,102.17,100.01,103.5,83.121,81.276,98.908,99.522,102.65,102.98,103.03,105.36,71.698,75.471,75.766,77.379,39.684
129.82,196.42,62.76,72.101,90.429,108.66,111.98,109.62,78.603,88.832,89.697,92.348,108.03,93.548,0,89.748,76.877,83.376,83.203,89.51,79.684,90.225,83.594,101.74,86.679,101.93,106.7,104.75,117.88,92.284,117.24,97.181,98.403,117.42,96.443,98.363,100.76,76.463,1.424,72.209,71.876,58.376,71.468,58.24,61.165,73.162,74.912,69.029,105.78,100.72,97.69,97.447,105.37,96.148,95.183,91.528,91.258,88.303,83.253,77.402,85.147,84.057,82.153,81.998,81.521,85.483,98.253,107.97,110.19,110.29,111.5,113.16,114.39,115.6,131.74,117.09,98.209,86.062,75.257,75.51,79.354,77.509,94.154,94.458,96.73,95.938,95.806,100.97,78.324,87.39,87.685,86.278,123.8
95.444,220.62,86.149,71.996,90.396,11.472,32.244,4.552,88.918,98.893,99.758,1.098,4.234,1.338,89.748,0,79.272,70.15,69.341,73.791,79.651,74.506,83.561,90.104,76.253,89.229,107.28,102.31,108.48,99.821,107.35,100.6,101.65,75.624,97.707,96.485,98.88,86.778,82.628,72.176,71.621,69.59,81.784,81.629,84.554,84.919,77.307,66.039,26.952,8.196,6.986,6.986,26.952,1.858,1.665,0.934,0.88,0.289,1.299,87.463,95.208,91.543,74.954,68.136,68.295,73.844,86.614,98.57,100.23,100.41,101.04,71.359,72.342,81.224,97.364,82.714,92.435,98.369,96.208,99.701,79.321,77.476,95.108,95.722,98.853,99.184,99.228,101.56,67.898,71.671,71.966,73.579,41.372
105.75,209.03,72.178,63.879,82.207,83.304,74.887,99.142,70.695,82.579,83.444,81.872,97.552,83.072,76.877,79.272,0,60.648,60.157,72.035,71.462,72.75,75.372,84.418,74.497,84.603,105.56,99.084,101.95,98.142,101.81,105.39,106.7,83.772,108.02,109,111.39,68.555,69.757,63.987,63.654,65.073,64.177,69.608,70.583,70.301,0.393,64.283,68.684,75.195,72.17,72.089,68.272,85.672,84.707,81.052,80.782,77.827,72.777,71.149,78.894,73.045,64.828,58.952,58.793,68.158,80.928,92.038,94.684,94.864,96.874,79.507,80.49,91.535,107.67,93.025,104.82,96.613,87.356,88.115,71.132,69.287,106.49,106.04,105.89,104.23,104.01,99.84,66.142,69.915,70.21,68.953,86.709
89.278,216.8,71.559,68.175,86.575,55.217,46.649,90.02,80.257,73.457,74.322,72.75,88.43,73.95,83.376,70.15,60.648,0,73.875,62.679,75.83,63.394,79.74,78.992,65.141,78.117,101.7,96.73,98.157,94.236,97.715,94.437,95.483,70.567,91.541,90.319,92.714,78.117,76.256,68.355,67.8,64.981,71.268,68.989,69.964,61.179,58.683,54.927,41.27,47.108,44.083,44.002,40.034,76.55,75.585,71.93,71.66,68.705,63.655,62.027,69.772,71.986,71.743,72.67,0.371,62.732,75.502,88.247,91.653,90.77,91.976,66.302,67.285,75.058,91.198,76.548,86.269,94.628,92.997,95.88,75.5,73.655,88.942,89.556,92.687,93.018,93.062,95.974,56.786,60.559,60.854,62.467,59.295
88.469,216.3,70.75,67.684,86.084,54.408,46.158,89.211,80.084,72.648,73.513,71.941,87.621,73.141,83.203,69.341,60.157,73.875,0,62.188,75.339,62.903,79.249,78.501,64.65,77.626,100.65,95.686,97.666,93.192,96.906,93.607,94.653,70.076,90.732,89.326,91.721,77.944,76.083,67.864,67.309,64.172,71.095,68.18,69.155,60.37,58.192,54.436,40.779,46.299,43.274,43.193,39.543,75.741,74.776,71.121,70.851,67.896,62.846,61.218,68.963,70.859,71.57,0.241,72.02,62.241,75.011,87.756,91.162,89.961,91.167,65.811,66.794,74.249,90.389,75.739,85.46,94.137,92.824,95.389,75.009,73.164,88.133,88.747,91.857,92.188,92.232,94.93,56.295,60.068,60.363,61.976,58.804
112.73,224.18,70.474,77.186,95.293,63.683,61.826,93.661,78.947,77.098,77.963,76.391,92.071,77.591,89.51,73.791,72.035,62.679,62.188,0,84.841,89.627,88.751,98.303,83.828,98.488,110.89,107.44,115.83,99.954,114.43,100.37,101.41,98.417,97.767,96.124,98.519,76.807,82.39,77.366,76.811,73.447,71.812,69.854,68.879,64.82,70.07,69.896,56.447,55.574,52.549,52.468,55.211,80.191,79.226,75.571,75.301,72.346,67.296,65.668,73.413,67.564,78.713,60.983,60.824,82.043,94.813,105.92,108.57,107.48,108.69,94.152,95.135,98.511,114.65,100,94.774,99.792,99.292,103.27,84.511,82.666,96.103,95.782,98.554,98.95,98.994,105.17,75.473,86.792,0.365,82.838,74.472
103.51,239.45,59.836,82.293,135.93,101.14,106.9,99.521,69.121,80.317,81.182,82.251,97.931,83.451,79.684,79.651,71.462,75.83,75.339,84.841,0,86.736,146.81,93.409,87.627,93.827,92.173,89.016,106.49,77.758,101.17,77.959,79.005,98.065,70.602,73.241,75.636,66.981,72.564,140.5,82.068,59.519,61.986,55.316,58.241,66.343,69.497,69.977,102.35,93.028,90.003,89.922,100.29,86.051,85.086,81.431,81.161,78.206,73.156,68.887,76.632,73.424,74.052,74.134,73.975,77.382,89.919,96.581,94.19,94.226,94.628,93.8,91.5,89.291,105.43,90.781,74.73,106.58,108.74,118.54,142.57,0.435,69.032,68.617,76.209,76.54,76.584,86.448,79.272,83.901,83.016,78.177,120.37
115.22,225.49,71.189,79.081,97.188,65.578,64.311,94.376,79.662,77.813,78.678,77.106,92.786,78.306,90.225,74.506,72.75,63.394,62.903,89.627,86.736,0,90.646,98.428,85.723,98.613,112.79,109.33,115.96,101.85,115.14,102.26,103.31,99.132,100.25,98.609,101,77.522,83.105,79.261,78.706,75.342,72.527,70.569,69.594,65.535,70.785,71.791,58.932,57.469,54.444,54.363,57.696,80.906,79.941,76.286,76.016,73.061,68.011,66.383,74.128,68.279,78.838,61.698,61.539,82.168,94.938,106.05,108.69,108.2,109.4,94.867,95.85,101,117.14,102.49,97.259,101.36,100.6,104.57,86.406,84.561,97.998,98.267,100.51,100.84,100.89,107.06,77.368,0.567,87.802,82.963,76.957
103.73,241.89,63.746,86.203,139.1,105.05,110.81,103.43,73.031,84.227,85.092,86.161,101.84,87.361,83.594,83.561,75.372,79.74,79.249,88.751,146.81,90.646,0,96.581,91.537,97.737,92.393,89.236,107.7,77.978,102.13,78.179,79.225,98.347,70.822,73.461,75.856,70.891,76.474,141.46,85.978,63.429,65.896,59.226,62.151,70.253,73.407,73.887,106.26,96.938,93.913,93.832,104.2,89.961,88.996,85.341,85.071,82.116,77.066,72.797,80.542,77.334,77.962,78.044,77.885,81.292,93.091,97.794,95.148,95.184,95.586,94.082,91.72,89.511,105.65,91.001,74.95,109.01,111.17,120.97,0.848,144.64,69.252,68.837,76.429,76.76,76.804,86.668,83.182,87.811,86.926,82.087,124.28
92.236,224.53,86.787,85.987,97.926,72.484,66.871,109.97,95.26,93.411,94.276,92.704,108.38,93.904,101.74,90.104,84.418,78.992,78.501,98.303,93.409,98.428,96.581,0,92.629,116.97,93.272,89.815,147.26,82.333,108.99,80.559,81.517,87.439,77.272,75.629,78.024,93.12,94.623,86.167,85.612,82.248,87.426,85.395,85.192,81.133,82.453,78.697,61.492,64.375,61.35,61.269,60.256,96.504,95.539,91.884,91.614,88.659,83.609,81.981,89.726,83.877,98.782,77.296,77.137,137.33,0.698,137.35,134.7,102.05,100.84,83.174,80.225,78.016,94.156,79.506,74.279,84.518,94.644,103.62,92.341,91.234,77.032,75.287,78.059,79.052,79.184,87.547,84.274,95.593,96.478,101.32,79.517
121.86,222.41,72.877,80.116,98.372,82.417,88.183,96.123,78.119,79.56,80.425,78.853,94.533,80.053,86.679,76.253,74.497,65.141,64.65,83.828,87.627,85.723,91.537,92.629,0,92.814,115.61,109.13,110.16,109.44,110.02,112.4,113.53,100.88,110.26,109.74,112.14,75.979,79.559,80.152,80.114,87.135,70.984,70.307,71.282,67.282,72.532,88.63,83.317,74.308,71.283,71.202,81.568,82.653,81.688,78.033,77.763,74.808,69.758,68.13,75.875,70.026,73.039,63.445,63.286,76.369,89.139,100.25,102.89,103.08,105.09,96.614,97.597,107.64,123.78,109.13,108.39,107.1,100.62,101.49,87.297,85.452,107.66,108.27,111.4,111.07,111.02,109.89,1.671,82.888,82.003,77.164,101.34
118.49,234.5,85.912,86.172,104.28,72.669,67.586,109.1,94.385,92.536,93.401,91.829,107.51,93.029,101.93,89.229,84.603,78.117,77.626,98.488,93.827,98.613,97.737,116.97,92.814,0,119.53,116.07,134.5,108.59,128.73,106.81,107.77,111.71,103.53,101.88,104.28,92.245,94.808,86.352,85.797,82.433,87.081,85.05,84.317,80.258,82.638,78.882,62.207,64.56,61.535,61.454,60.971,95.629,94.664,91.009,90.739,87.784,82.734,81.106,88.851,83.002,97.377,76.421,76.262,100.71,113.48,124.59,126.76,121.79,122.19,107.44,106.48,104.27,120.41,105.76,100.53,108.78,109.1,113.58,93.497,91.652,103.29,101.54,104.31,105.31,105.44,113.8,84.459,95.778,96.663,3.13,80.232
72.447,199.85,98.597,92.747,77.078,112.56,110.61,127.15,101.28,110.67,111.53,109.88,125.56,111.08,106.7,107.28,105.57,101.7,100.66,110.89,92.173,112.79,92.393,93.272,115.61,119.53,0,84.966,86.947,82.02,79.464,68.578,69.536,67.65,56.423,55.84,58.235,99.141,99.579,93.838,92.972,93.671,95.744,96.027,97.002,98.39,103.6,101.68,105.23,104.46,101.43,101.35,103.99,113.68,112.72,109.06,108.79,105.84,100.79,99.238,106.98,100.03,108.1,99.45,99.844,102.55,89.782,77.037,72.627,72.519,71.313,63.385,60.436,58.227,74.367,59.717,54.49,68.161,78.966,78.939,88.153,89.998,57.243,54.438,66.078,67.071,67.203,1.145,107.26,109.95,109.07,103.88,123.25
67.478,197.91,93.628,90.489,73.921,104.57,101.1,122.19,98.583,105.7,106.56,104.92,120.59,106.11,104.75,102.31,99.084,96.73,95.686,107.44,89.016,109.33,89.236,89.815,109.13,116.07,84.966,0,83.49,74.027,76.007,63.609,64.567,62.681,52.966,50.871,53.266,96.443,97.634,90.381,90.714,91.726,91.735,91.058,92.033,93.421,97.119,95.198,95.722,96.462,93.437,93.356,94.486,108.72,107.75,104.1,103.83,100.87,95.82,94.269,102.01,95.061,104.64,94.481,94.875,99.095,86.325,73.58,69.17,69.062,67.856,58.416,55.467,53.258,69.398,54.748,49.521,63.192,73.997,76.994,84.996,86.841,52.274,50.981,61.109,62.102,62.234,79.241,100.78,106.5,105.61,100.42,113.75
85.911,221.15,105.09,102.01,95.457,91.649,86.036,128.35,112.59,111.79,112.65,111.08,126.76,112.28,117.88,108.48,101.95,98.157,97.666,115.83,106.49,115.96,107.7,147.26,110.16,134.5,86.947,83.49,0,76.008,102.67,74.234,75.192,81.114,70.947,69.304,71.699,110.45,110.76,102.12,101.79,99.763,103.98,102.52,103.49,99.509,99.983,96.227,80.657,83.54,80.515,80.434,79.421,114.88,113.92,110.26,109.99,107.03,101.98,100.36,108.1,102.25,117.95,96.461,96.302,136.11,143.77,1.982,148.77,95.721,94.515,76.849,73.9,71.691,87.831,73.181,67.954,78.193,88.998,100.24,103.46,104.32,70.707,68.962,71.734,72.727,72.859,81.222,101.8,113.12,114.01,118.85,98.682
64.984,185.44,88.876,78.332,62.663,112.05,113.57,119.69,86.866,103.2,104.07,102.42,118.1,103.62,92.284,99.821,98.142,94.236,93.192,99.954,77.758,101.85,77.978,82.333,109.44,108.59,82.02,74.027,76.008,0,68.525,61.115,62.073,60.187,45.484,48.377,50.772,84.726,85.164,80.883,78.557,79.256,81.729,82.406,87.281,90.927,96.177,95.51,108.19,103.94,100.92,100.84,106.96,106.22,105.26,101.6,101.33,98.376,93.326,91.775,99.52,92.567,97.163,91.987,92.381,91.613,78.843,66.098,61.688,61.58,60.374,55.922,52.973,50.764,66.904,52.254,47.027,60.698,71.503,64.524,73.738,75.583,49.78,43.499,58.615,59.608,59.74,76.295,101.09,99.014,98.129,92.938,126.22
78.572,213.74,103.18,101.25,88.046,93.274,87.661,127.22,110.11,110.66,111.52,109.95,125.63,111.15,117.24,107.35,101.81,97.715,96.906,114.43,101.17,115.14,102.13,108.99,110.02,128.73,79.464,76.007,102.67,68.525,0,66.751,67.709,73.775,63.536,61.965,64.36,107.97,110.12,101.28,101.17,99.624,102.65,100.61,101.59,98.381,99.844,96.088,82.282,85.165,82.14,82.059,81.046,113.75,112.79,109.13,108.86,105.91,100.86,99.229,106.97,100.29,113.93,95.701,95.86,118.27,105.5,92.756,88.346,1.389,87.248,69.51,66.561,64.352,80.492,65.842,60.615,70.71,81.515,92.825,97.889,98.996,63.368,61.551,64.251,65.244,65.376,73.739,101.67,112.31,112.6,113.08,100.31
67.533,185.64,96.121,80.881,62.864,117.07,120.82,120.47,94.062,110.45,111.32,103.2,118.88,104.4,97.181,100.6,105.39,94.437,93.607,100.37,77.959,102.26,78.179,80.559,112.4,106.81,68.578,63.609,74.234,61.115,66.751,0,66.97,61.706,48.033,50.926,53.321,91.922,90.061,81.084,81.106,81.805,88.605,89.651,94.526,98.172,103.42,98.465,115.44,108.96,105.93,105.85,114.2,107,106.04,102.38,102.11,99.158,94.108,99.02,106.77,92.768,95.389,92.402,92.582,89.839,77.069,64.324,59.914,59.806,58.6,57.441,55.522,53.313,69.453,54.803,49.576,62.431,73.236,64.725,73.939,75.784,52.329,46.048,63.512,64.505,0.275,62.853,104.04,99.429,98.544,91.164,133.46
68.667,186.69,97.431,82.015,63.91,118.29,122.13,121.52,95.284,111.76,112.62,104.25,119.93,105.45,98.403,101.65,106.7,95.483,94.653,101.41,79.005,103.31,79.225,81.517,113.53,107.77,69.536,64.567,75.192,62.073,67.709,66.97,0,62.752,49.167,52.06,54.455,93.144,91.283,82.13,82.24,82.939,89.827,90.961,95.836,99.482,104.73,99.599,116.75,110.18,107.16,107.08,115.51,108.05,107.08,103.43,103.16,100.2,95.154,100.33,108.08,93.814,96.347,93.448,93.628,90.797,78.027,65.282,60.872,60.764,59.558,58.487,56.656,54.447,70.587,55.937,50.71,63.477,74.282,65.771,74.985,76.83,53.463,47.182,64.734,0.493,65.595,63.811,105.18,100.48,99.59,92.122,134.77
77.95,209.71,96.412,99.178,83.032,84.445,89.751,95.494,109.59,85.443,86.308,78.224,93.904,79.424,117.42,75.624,83.772,70.567,70.076,98.417,98.065,99.132,98.347,87.439,100.88,111.71,67.65,62.681,81.114,60.187,73.775,61.706,62.752,0,61.006,60.823,63.218,107.45,110.3,99.07,99.403,100.3,99.968,97.742,94.817,76.557,81.807,90.665,84.372,76.336,73.311,73.23,83.136,82.024,81.059,77.404,77.134,74.179,69.129,74.013,81.758,68.325,96.901,68.871,68.712,96.719,83.949,71.204,66.794,66.83,67.232,0.853,65.939,63.73,79.87,65.22,59.993,64.187,74.992,88.797,94.107,95.89,59.42,59.021,59.956,60.287,60.331,61.925,92.524,96.297,96.592,96.056,102.4
69.77,179.31,93.469,73.907,55.507,119.59,125.36,117.58,91.459,110.78,111.65,100.31,115.99,101.51,96.443,97.707,108.02,91.541,90.732,97.767,70.602,100.25,70.822,77.272,110.26,103.53,56.423,52.966,70.947,45.484,63.536,48.033,49.167,61.006,0,45.689,48.084,89.319,89.323,73.727,74.282,77.667,86.322,86.999,91.874,102.81,106.06,95.422,120.8,111.48,108.46,108.38,118.74,104.11,103.14,99.487,99.217,96.262,91.212,99.352,107.1,89.872,92.102,89.527,89.686,86.552,73.782,61.037,56.627,56.591,56.189,56.741,56.143,55.55,71.69,57.04,44.339,47.013,57.818,58.397,66.582,68.427,55.333,0.397,55.156,46.702,46.658,50.698,101.9,97.417,95.942,87.877,138.83
77.169,180.92,96.566,76.546,58.146,119.61,125.38,116.36,95.244,109.56,110.42,99.085,114.76,100.28,98.363,96.485,109,90.319,89.326,96.124,73.241,98.609,73.461,75.629,109.74,101.88,55.84,50.871,69.304,48.377,61.965,50.926,52.06,60.823,45.689,0,0.479,93.104,91.243,76.366,76.921,80.306,89.614,90.096,94.971,102.37,107.03,98.061,120.82,111.5,108.47,108.39,118.76,102.88,101.92,98.265,97.995,95.04,89.99,98.13,105.87,88.65,90.459,88.121,88.464,84.909,72.139,59.394,54.984,55.02,55.422,56.558,59.994,62.949,79.089,64.439,59.212,52.964,63.769,60.007,69.221,71.066,59.053,43.704,49.926,49.595,49.551,50.115,101.39,95.774,94.299,86.234,138.84
79.564,183.32,98.961,78.941,60.541,122,127.77,118.75,97.639,111.95,112.82,101.48,117.16,102.68,100.76,98.88,111.39,92.714,91.721,98.519,75.636,101,75.856,78.024,112.14,104.28,58.235,53.266,71.699,50.772,64.36,53.321,54.455,63.218,48.084,0.479,0,95.499,93.638,78.761,79.316,82.701,92.009,92.491,97.366,104.76,109.43,100.46,123.22,113.9,110.87,110.79,121.16,105.28,104.31,100.66,100.39,97.435,92.385,100.53,108.27,91.045,92.854,90.516,90.859,87.304,74.534,61.789,57.379,57.415,57.817,58.953,62.389,65.344,81.484,66.834,61.607,55.359,66.164,62.402,71.616,73.461,61.448,46.099,52.321,51.99,51.946,52.51,103.78,98.169,96.694,88.629,141.24
123.9,187.44,57.501,59.398,77.726,103.4,99.279,106.65,0.428,83.573,84.438,89.378,105.06,90.578,76.463,86.778,68.555,78.117,77.944,76.807,66.981,77.522,70.891,93.12,75.979,92.245,99.141,96.443,110.45,84.726,107.97,91.922,93.144,107.45,89.319,93.104,95.499,0,69.343,59.506,59.173,49.395,69.931,52.981,55.906,67.903,66.59,60.048,93.076,95.456,92.431,92.188,92.664,93.178,92.213,88.558,88.288,85.333,80.283,72.143,79.888,81.623,76.894,76.739,76.262,76.86,89.63,100.54,100.84,101.02,103.03,103.19,104.17,109.68,125.82,111.17,93.35,77.081,66.276,66.529,66.651,64.806,87.789,87.334,91.672,90.679,90.547,93.416,67.624,74.687,74.982,76.595,111.1
122.7,189.31,55.64,64.981,83.309,101.54,104.86,102.5,71.483,81.712,82.577,85.228,100.91,86.428,1.424,82.628,69.757,76.256,76.083,82.39,72.564,83.105,76.474,94.623,79.559,94.808,99.579,97.634,110.76,85.164,110.12,90.061,91.283,110.3,89.323,91.243,93.638,69.343,0,65.089,64.756,51.256,64.348,51.12,54.045,66.042,67.792,61.909,98.659,93.595,90.57,90.327,98.247,89.028,88.063,84.408,84.138,81.183,76.133,70.282,78.027,76.937,75.033,74.878,74.401,78.363,91.133,100.85,103.06,103.17,104.38,106.03,107.27,108.48,124.62,109.97,91.089,78.942,68.137,68.39,72.234,70.389,87.034,87.338,89.61,88.818,88.686,93.854,71.204,80.27,80.565,79.158,116.68
106.64,236.22,52.361,74.818,130.57,93.662,99.428,92.046,61.646,72.842,73.707,74.776,90.456,75.976,72.209,72.176,63.987,68.355,67.864,77.366,140.5,79.261,141.46,86.167,80.152,86.352,93.838,90.381,102.12,80.883,101.28,81.084,82.13,99.07,73.727,76.366,78.761,59.506,65.089,0,74.593,52.044,54.511,47.841,50.766,58.868,62.022,62.502,94.873,85.553,82.528,82.447,92.813,78.576,77.611,73.956,73.686,70.731,65.681,61.412,69.157,65.949,66.577,66.659,66.5,69.907,82.677,92.211,94.228,94.336,95.087,94.805,94.25,92.416,108.56,93.906,77.855,103.34,105.5,115.3,137.22,138.32,72.157,71.742,79.334,79.665,79.709,88.113,71.797,76.426,75.541,70.702,112.9
107.19,192.47,56.071,74.701,90.035,93.107,98.873,91.491,61.313,72.509,73.374,74.221,89.901,75.421,71.876,71.621,63.654,67.8,67.309,76.811,82.068,78.706,85.978,85.612,80.114,85.797,92.972,90.714,101.79,78.557,101.17,81.106,82.24,99.403,74.282,76.921,79.316,59.173,64.756,74.593,0,61.821,54.178,53.501,54.476,58.535,61.689,62.464,94.318,84.998,81.973,81.892,92.258,78.021,77.056,73.401,73.131,70.176,65.126,61.079,68.824,65.394,66.022,66.104,65.945,69.352,82.122,91.878,94.117,94.225,95.198,95.138,94.583,92.971,109.11,94.461,78.41,82.11,71.305,71.558,81.738,79.893,72.712,72.297,79.889,79.775,79.731,87.247,71.759,75.871,74.986,70.147,112.34
110.58,187,55.394,52.008,70.264,91.076,96.842,89.46,51.535,71.832,72.697,72.19,87.87,73.39,58.376,69.59,65.073,64.981,64.172,73.447,59.519,75.342,63.429,82.248,87.135,82.433,93.671,91.726,99.763,79.256,99.624,81.805,82.939,100.3,77.667,80.306,82.701,49.395,51.256,52.044,61.821,0,53.501,52.824,53.799,57.858,63.108,74.361,92.287,82.967,79.942,79.861,90.227,75.99,75.025,71.37,71.1,68.145,63.095,60.402,68.147,63.363,62.658,62.967,63.126,65.988,78.758,89.853,92.499,92.679,94.689,96.033,95.692,96.356,112.5,97.846,81.795,76.135,65.33,66.089,59.189,57.344,76.097,75.682,80.805,80.474,80.43,87.946,78.78,72.507,71.622,66.783,110.31
117.65,184.45,61.483,54.403,72.731,96.554,91.391,101.65,72.071,79.617,80.482,84.384,100.06,85.584,71.468,81.784,64.177,71.268,71.095,71.812,61.986,72.527,65.896,87.426,70.984,87.081,95.744,91.735,103.98,81.729,102.65,88.605,89.827,99.968,86.322,89.614,92.009,69.931,64.348,54.511,54.178,53.501,0,61.821,59.888,63.947,62.212,57.052,85.188,88.607,85.582,85.339,84.776,88.184,87.219,83.564,83.294,80.339,75.289,68.187,75.932,76.093,70.03,69.89,69.413,71.166,83.936,94.073,95.52,95.7,97.71,95.703,96.686,103.43,119.57,104.92,90.033,74.084,63.279,63.532,61.656,59.811,84.792,84.337,88.355,87.362,87.23,90.019,62.629,69.692,69.987,71.431,103.21
115.62,185.12,83.684,47.805,66.061,95.099,88.006,101.5,55.121,83.886,84.751,84.229,99.909,85.429,58.24,81.629,69.608,68.989,68.18,69.854,55.316,70.569,59.226,85.395,70.307,85.05,96.027,91.058,102.52,82.406,100.61,89.651,90.961,97.742,86.999,90.096,92.491,52.981,51.12,47.841,53.501,52.824,61.821,0,82.089,69.912,67.643,56.375,81.803,86.99,83.965,83.884,81.391,88.029,87.064,83.409,83.139,80.184,75.134,72.456,80.201,75.402,66.666,66.975,67.134,69.135,81.905,92.607,93.489,93.669,95.679,93.477,94.46,101.4,117.54,102.89,91.585,74.761,63.956,64.209,54.986,53.141,85.469,85.014,89.996,88.496,88.276,90.302,61.952,67.734,68.029,69.4,99.828
112.78,190,0.319,50.73,68.986,96.074,85.081,104.42,58.046,86.811,87.676,87.154,102.83,88.354,61.165,84.554,70.583,69.964,69.155,68.879,58.241,69.594,62.151,85.192,71.282,84.317,97.002,92.033,103.49,87.281,101.59,94.526,95.836,94.817,91.874,94.971,97.366,55.906,54.045,50.766,54.476,53.799,59.888,82.089,0,72.837,68.618,57.35,78.878,87.965,84.94,84.859,78.466,90.954,89.989,86.334,86.064,83.109,78.059,75.381,83.126,78.327,67.641,67.95,68.109,68.932,81.702,93.582,94.464,94.644,96.654,90.552,91.535,98.556,114.7,100.05,96.46,79.636,68.831,69.084,57.911,56.066,90.344,89.889,94.871,93.371,93.151,91.277,62.927,66.759,67.054,68.667,96.903
98.54,205.3,74.432,58.76,77.088,83.089,67.672,104.79,70.043,94.738,95.603,87.519,103.2,88.719,73.162,84.919,70.301,61.179,60.37,64.82,66.343,65.535,70.253,81.133,67.282,80.258,98.39,93.421,99.509,90.927,98.381,98.172,99.482,76.557,102.81,102.37,104.76,67.903,66.042,58.868,58.535,57.858,63.947,69.912,72.837,0,68.336,57.068,61.469,74.98,71.955,71.874,61.057,91.319,90.354,86.699,86.429,83.474,78.424,83.308,91.053,77.62,65.983,59.165,59.324,64.873,77.643,89.599,91.256,91.436,93.446,72.292,73.275,84.32,100.46,85.81,97.59,89.398,83.626,84.385,66.013,64.168,100.99,100.82,98.672,97.017,96.797,92.665,58.927,62.7,62.995,64.608,79.494
103.79,207.07,70.213,61.914,80.242,81.339,72.922,97.177,68.73,80.614,81.479,79.907,95.587,81.107,74.912,77.307,0.393,58.683,58.192,70.07,69.497,70.785,73.407,82.453,72.532,82.638,103.6,97.119,99.983,96.177,99.844,103.42,104.73,81.807,106.06,107.03,109.43,66.59,67.792,62.022,61.689,63.108,62.212,67.643,68.618,68.336,0,62.318,66.719,73.23,70.205,70.124,66.307,83.707,82.742,79.087,78.817,75.862,70.812,69.184,76.929,71.08,62.863,56.987,56.828,66.193,78.963,90.073,92.719,92.899,94.909,77.542,78.525,89.57,105.71,91.06,102.85,94.648,85.391,86.15,69.167,67.322,104.53,104.07,103.92,102.27,102.05,97.875,64.177,67.95,68.245,66.988,84.744
111.64,204.76,58.945,62.466,80.722,77.583,83.276,85.909,62.188,69.346,70.211,68.639,84.319,69.839,69.029,66.039,64.283,54.927,54.436,69.896,69.977,71.791,73.887,78.697,88.63,78.882,101.68,95.198,96.227,95.51,96.088,98.465,99.599,90.665,95.422,98.061,100.46,60.048,61.909,62.502,62.464,74.361,57.052,56.375,57.35,57.068,62.318,0,77.897,69.474,66.449,66.368,76.661,72.439,71.474,67.819,67.549,64.594,59.544,57.916,65.661,59.812,59.107,53.231,53.072,62.437,75.207,86.317,88.963,89.143,91.153,86.4,87.383,97.423,113.56,98.913,97.228,93.167,83.085,83.844,69.647,67.802,93.852,93.437,97.465,97.134,97.09,95.954,80.275,68.956,68.071,63.232,95.922
109.6,243.31,80.473,94.693,113.09,28.492,7.926,30.296,95.216,70.355,71.22,23.872,30.568,25.264,105.78,26.952,68.684,41.27,40.779,56.447,102.35,58.932,106.26,61.492,83.317,62.207,105.23,95.722,80.657,108.19,82.282,115.44,116.75,84.372,120.8,120.82,123.21,93.076,98.659,94.873,94.318,92.287,85.188,81.803,78.878,61.469,66.719,77.897,0,5.28,6.49,19.52,5.28,19.52,20.292,23.216,23.432,25.796,29.836,58.925,66.67,54.845,39.682,39.574,39.415,45.232,58.002,70.747,75.157,75.337,77.347,80.107,84.34,95.385,111.52,96.875,114.07,115.84,121.13,122.4,102.02,100.17,119.75,118.82,115.94,114.28,114.06,99.502,74.962,56.097,54.622,46.557,3.605
100.28,233.99,89.56,85.373,103.77,8.966,7.926,9.868,97.596,87.258,88.123,6.656,10.004,7.352,100.72,8.196,75.195,47.108,46.299,55.574,93.028,57.469,96.938,64.375,74.308,64.56,104.45,96.462,83.54,103.94,85.165,108.96,110.18,76.336,111.48,111.5,113.89,95.456,93.595,85.553,84.998,82.967,88.607,86.99,87.965,74.98,73.23,69.474,5.28,0,0.605,4.48,5.28,4.48,4.866,6.328,6.436,7.618,9.638,75.828,83.573,77.188,44.785,45.094,45.253,48.115,60.885,73.63,78.04,78.22,80.23,72.071,75.02,86.065,102.2,87.555,104.75,108.53,111.81,113.08,92.698,90.853,110.43,109.5,108.71,107.72,107.58,98.73,65.953,54.634,53.749,48.91,12.49
97.26,230.97,86.535,82.348,100.75,7.756,9.136,8.658,94.571,84.233,85.098,5.446,8.794,6.142,97.69,6.986,72.17,44.083,43.274,52.549,90.003,54.444,93.913,61.35,71.283,61.535,101.43,93.437,80.515,100.92,82.14,105.93,107.16,73.311,108.46,108.47,110.87,92.431,90.57,82.528,81.973,79.942,85.582,83.965,84.94,71.955,70.205,66.449,6.49,0.605,0,3.27,6.49,3.27,3.656,5.118,5.226,6.408,8.428,72.803,80.548,74.163,41.76,42.069,42.228,45.09,57.86,70.605,75.015,75.195,77.205,69.046,71.995,83.04,99.18,84.53,101.72,105.51,108.79,110.05,89.673,87.828,107.4,106.47,105.68,104.69,104.56,95.705,62.928,51.609,50.724,45.885,13.7
97.179,230.89,86.454,82.267,100.67,2.243,24.812,8.658,94.328,84.152,85.017,5.446,8.794,6.142,97.447,6.986,72.089,44.002,43.193,52.468,89.922,54.363,93.832,61.269,71.202,61.454,101.35,93.356,80.434,100.84,82.059,105.85,107.07,73.23,108.38,108.39,110.79,92.188,90.327,82.447,81.892,79.861,85.339,83.884,84.859,71.874,70.124,66.368,19.52,4.48,3.27,0,19.52,3.27,3.656,5.118,5.226,6.408,8.428,72.722,80.467,74.082,41.679,41.988,42.147,45.009,57.779,70.524,74.934,75.114,77.124,68.965,71.914,82.959,99.099,84.449,101.64,105.42,108.69,109.97,89.592,87.747,107.16,106.39,105.6,104.61,104.48,95.624,62.847,51.528,50.643,45.804,33.94
107.54,241.25,80.061,92.633,111.03,28.492,1.323,30.296,94.804,69.943,70.808,23.872,30.568,25.264,105.37,26.952,68.272,40.034,39.543,55.211,100.29,57.696,104.2,60.256,81.568,60.971,103.99,94.486,79.421,106.96,81.046,114.2,115.51,83.136,118.74,118.76,121.15,92.664,98.247,92.813,92.258,90.227,84.776,81.391,78.466,61.057,66.307,76.661,5.28,5.28,6.49,19.52,0,19.52,20.292,23.216,23.432,25.796,29.836,58.513,66.258,54.433,38.446,38.338,38.179,43.996,56.766,69.511,73.921,74.101,76.111,78.871,82.28,93.325,109.46,94.815,112.01,114.6,119.07,120.34,99.958,98.113,117.69,116.76,114.7,113.05,112.83,98.266,73.213,54.861,53.386,45.321,12.49
101.84,227.02,92.549,78.396,96.796,7.756,24.812,2.694,95.318,105.29,106.16,1.088,2.762,1.436,96.148,1.858,85.672,76.55,75.741,80.191,86.051,80.906,89.961,96.504,82.653,95.629,113.68,108.72,114.88,106.22,113.75,107,108.05,82.024,104.11,102.88,105.28,93.178,89.028,78.576,78.021,75.99,88.184,88.029,90.954,91.319,83.707,72.439,19.52,4.48,3.27,3.27,19.52,0,0.193,0.924,0.978,1.569,2.579,93.863,101.61,97.943,81.354,74.536,74.695,80.244,93.014,104.97,106.63,106.81,107.44,77.759,78.742,87.624,103.76,89.114,98.835,104.77,102.61,106.1,85.721,83.876,101.51,102.12,105.25,105.58,105.63,107.96,74.298,78.071,78.366,79.979,33.94
100.88,226.05,91.584,77.431,95.831,8.142,25.584,2.887,94.353,104.33,105.19,0.895,2.569,1.243,95.183,1.665,84.707,75.585,74.776,79.226,85.086,79.941,88.996,95.539,81.688,94.664,112.72,107.75,113.91,105.26,112.79,106.04,107.08,81.059,103.14,101.92,104.31,92.213,88.063,77.611,77.056,75.025,87.219,87.064,89.989,90.354,82.742,71.474,20.292,4.866,3.656,3.656,20.292,0.193,0,0.731,0.785,1.376,2.386,92.898,100.64,96.978,80.389,73.571,73.73,79.279,92.049,104,105.66,105.84,106.48,76.794,77.777,86.659,102.8,88.149,97.87,103.8,101.64,105.14,84.756,82.911,100.54,101.16,104.29,104.62,104.66,106.99,73.333,77.106,77.401,79.014,34.712
97.224,222.4,87.929,73.776,92.176,9.604,28.508,3.618,90.698,100.67,101.54,0.164,3.3,0.512,91.528,0.934,81.052,71.93,71.121,75.571,81.431,76.286,85.341,91.884,78.033,91.009,109.06,104.1,110.26,101.6,109.13,102.38,103.43,77.404,99.487,98.265,100.66,88.558,84.408,73.956,73.401,71.37,83.564,83.409,86.334,86.699,79.087,67.819,23.216,6.328,5.118,5.118,23.216,0.924,0.731,0,0.054,0.645,1.655,89.243,96.988,93.323,76.734,69.916,70.075,75.624,88.394,100.35,102.01,102.19,102.83,73.139,74.122,83.004,99.144,84.494,94.215,100.15,97.988,101.48,81.101,79.256,96.888,97.502,100.63,100.96,101.01,103.34,69.678,73.451,73.746,75.359,37.636
96.954,222.13,87.659,73.506,91.906,9.712,28.724,3.672,90.428,100.4,101.27,0.218,3.354,0.458,91.258,0.88,80.782,71.66,70.851,75.301,81.161,76.016,85.071,91.614,77.763,90.739,108.79,103.83,109.99,101.33,108.86,102.11,103.16,77.134,99.217,97.995,100.39,88.288,84.138,73.686,73.131,71.1,83.294,83.139,86.064,86.429,78.817,67.549,23.432,6.436,5.226,5.226,23.432,0.978,0.785,0.054,0,0.591,1.601,88.973,96.718,93.053,76.464,69.646,69.805,75.354,88.124,100.08,101.74,101.92,102.55,72.869,73.852,82.734,98.874,84.224,93.945,99.879,97.718,101.21,80.831,78.986,96.618,97.232,100.36,100.69,100.74,103.07,69.408,73.181,73.476,75.089,37.852
93.999,219.17,84.704,70.551,88.951,10.894,31.088,4.263,87.473,97.448,98.313,0.809,3.945,1.049,88.303,0.289,77.827,68.705,67.896,72.346,78.206,73.061,82.116,88.659,74.808,87.784,105.84,100.87,107.03,98.376,105.91,99.158,100.2,74.179,96.262,95.04,97.435,85.333,81.183,70.731,70.176,68.145,80.339,80.184,83.109,83.474,75.862,64.594,25.796,7.618,6.408,6.408,25.796,1.569,1.376,0.645,0.591,0,1.01,86.018,93.763,90.098,73.509,66.691,66.85,72.399,85.169,97.125,98.782,98.962,99.6,69.914,70.897,79.779,95.919,81.269,90.99,96.924,94.763,98.256,77.876,76.031,93.663,94.277,97.408,97.739,97.783,100.11,66.453,70.226,70.521,72.134,40.216
88.949,214.12,79.654,65.501,83.901,12.914,35.128,5.273,82.423,92.398,93.263,1.819,4.955,2.059,83.253,1.299,72.777,63.655,62.846,67.296,73.156,68.011,77.066,83.609,69.758,82.734,100.79,95.82,101.98,93.326,100.86,94.108,95.154,69.129,91.212,89.99,92.385,80.283,76.133,65.681,65.126,63.095,75.289,75.134,78.059,78.424,70.812,59.544,29.836,9.638,8.428,8.428,29.836,2.579,2.386,1.655,1.601,1.01,0,80.968,88.713,85.048,68.459,61.641,61.8,67.349,80.119,92.075,93.732,93.912,94.55,64.864,65.847,74.729,90.869,76.219,85.94,91.874,89.713,93.206,72.826,70.981,88.613,89.227,92.358,92.689,92.733,95.064,61.403,65.176,65.471,67.084,44.256
95.996,209.54,76.976,61.304,79.632,83.937,65.128,107.33,74.283,2.286,2.459,90.063,105.74,91.263,77.402,87.463,71.149,62.027,61.218,65.668,68.887,66.383,72.797,81.981,68.13,81.106,99.238,94.269,100.36,91.775,99.229,99.02,100.33,74.013,99.352,98.13,100.52,72.143,70.282,61.412,61.079,60.402,68.187,72.456,75.381,83.308,69.184,57.916,58.925,75.828,72.803,72.722,58.513,93.863,92.898,89.243,88.973,86.018,80.968,0,1.549,80.164,66.831,60.013,60.172,65.721,78.491,90.447,92.104,92.284,94.294,69.748,70.731,81.776,97.916,83.266,94.08,90.246,86.558,88.625,68.557,66.712,96.753,97.367,99.52,97.865,97.645,93.513,59.775,63.548,63.843,65.456,76.95
103.74,217.28,84.721,69.049,87.377,91.682,72.873,115.08,82.028,0.737,0.91,97.808,113.49,99.008,85.147,95.208,78.894,69.772,68.963,73.413,76.632,74.128,80.542,89.726,75.875,88.851,106.98,102.01,108.1,99.52,106.97,106.76,108.07,81.758,107.1,105.87,108.27,79.888,78.027,69.157,68.824,68.147,75.932,80.201,83.126,91.053,76.929,65.661,66.67,83.573,80.548,80.467,66.258,101.61,100.64,96.988,96.718,93.763,88.713,1.549,0,87.909,74.576,67.758,67.917,73.466,86.236,98.192,99.849,100.03,102.04,77.493,78.476,89.521,105.66,91.011,101.82,97.991,94.303,96.37,76.302,74.457,104.5,105.11,107.27,105.61,105.39,101.26,67.52,71.293,71.588,73.201,84.695
87.609,214.39,79.922,65.769,84.169,85.297,61.048,111.41,83.763,91.594,92.459,94.143,109.82,95.343,84.057,91.543,73.045,71.986,70.859,67.564,73.424,68.279,77.334,83.877,70.026,83.002,100.03,95.061,102.25,92.567,100.29,92.768,93.814,68.325,89.872,88.65,91.045,81.623,76.937,65.949,65.394,63.363,76.093,75.402,78.327,77.62,71.08,59.812,54.845,77.188,74.163,74.082,54.433,97.943,96.978,93.323,93.053,90.098,85.048,80.164,87.909,0,68.727,69.654,70.131,67.617,80.387,92.343,94,93.344,93.746,64.06,65.043,73.389,89.529,74.879,84.6,92.142,89.981,93.474,73.094,71.249,87.273,87.887,91.018,91.349,91.393,94.305,61.671,65.444,65.739,67.352,72.87
107.07,215.02,69.236,66.397,84.797,52.894,45.061,94.824,79.034,78.261,79.126,77.554,93.234,78.754,82.153,74.954,64.828,71.743,71.57,78.713,74.052,78.838,77.962,98.782,73.039,97.377,108.1,104.64,117.95,97.163,113.93,95.389,96.347,96.901,92.102,90.459,92.854,76.894,75.033,66.577,66.022,62.658,70.03,66.666,67.641,65.983,62.863,59.107,39.682,44.785,41.76,41.679,38.446,81.354,80.389,76.734,76.464,73.509,68.459,66.831,74.576,68.727,0,70.365,69.888,82.522,95.292,108.04,110.25,106.98,107.38,92.636,93.619,92.846,108.99,94.336,89.109,96.54,91.548,94.102,73.722,71.877,91.862,90.117,92.889,93.882,94.014,102.38,64.684,76.003,76.888,81.727,57.707
