0,215.32,113.05,99.142,88.416,108.39,114.16,111.13,123.25,101.08,101.95,93.862,109.54,95.062,122.62,91.262,98.167,86.205,85.714,97.008,100.22,96.543,101.92,92.236,83.198,118.9,72.447,67.478,85.911,64.984,78.572,67.533,68.667,77.95,69.77,77.169,79.564,121.11,115.5,99.106,99.217,99.188,115.14,113.58,111.46,92.195,96.202,84.138,109.61,100.29,97.26,97.179,107.55,97.662,96.697,93.042,92.772,89.817,84.767,89.651,97.396,83.963,100.31,84.509,84.35,100.67,88.746,76.001,71.591,71.627,72.029,73.685,89.102,2.844,5.476,2.546,84.518,69.571,80.376,94.401,97.677,98.046,72.96,67.785,66.533,66.202,66.158,66.722,74.843,93.708,95.183,103.25,127.63
215.32,0,191.59,188.43,213.82,242.1,247.87,242.39,189.58,219.31,220.18,225.12,240.8,226.32,196.43,222.52,205.92,216.8,216.3,214.73,201.75,214.27,204.19,225.05,200.92,236.62,194.83,191.1,218.74,183.89,211.4,185.64,186.69,209.28,179.31,180.92,183.32,187.44,189.31,198.52,188.36,186.35,184.45,185.12,190,203.64,203.96,191.04,243.31,233.99,230.97,230.89,241.25,228.92,227.95,224.3,224.03,221.07,216.02,207.88,215.63,217.36,215.21,215.1,214.94,220.45,221.56,208.83,204.42,204.45,204.85,205.01,204.46,201.1,217.24,202.59,182.41,198.4,204.2,24.183,199.95,199.58,176.71,177.33,183.89,184.22,184.26,189.11,192.57,211.43,212.91,220.97,261.34
113.05,191.59,0,52.325,69.927,97.669,86.676,113.85,59.641,94.031,94.896,96.58,112.26,97.78,62.76,93.98,76.345,72.362,71.871,90.854,59.836,90.389,63.746,88.338,77.044,112.74,80.863,73.108,92.209,76.876,88.542,84.121,85.431,90.492,89.491,95.367,97.762,57.501,55.64,52.361,57.475,59.756,61.483,88.882,0.319,79.63,74.38,63.112,80.473,89.56,86.535,86.454,80.061,100.38,99.415,95.76,95.49,92.535,87.485,82.601,90.346,88.289,70.774,70.666,70.507,76.324,84.848,82.299,81.417,81.597,83.607,86.227,87.789,98.834,114.97,100.32,97.154,76.837,70.426,70.679,59.506,57.661,88.352,87.506,84.621,82.966,82.746,75.138,68.689,87.554,89.029,97.094,98.498
99.142,188.43,52.325,0,70.467,93.482,99.248,98.178,61.757,75.834,76.699,80.908,96.588,82.108,68.598,78.308,63.879,68.175,67.684,89.712,70.058,89.247,72.492,86.504,75.902,111.6,76.635,70.154,97.432,68.436,94.557,70.985,72.119,87.498,66.598,68.208,70.603,59.617,61.478,64.757,64.64,51.317,55.116,47.805,50.73,60.164,61.914,61.97,94.693,85.373,82.348,82.267,92.633,84.708,83.743,80.088,79.818,76.863,71.813,64.404,72.149,72.617,66.587,66.479,66.32,72.137,83.014,87.522,87.504,87.612,88.45,83.233,82.25,84.922,101.06,86.412,72.258,70.027,63.544,67.519,68.252,67.883,63.999,64.613,69.985,69.654,69.61,70.91,67.547,86.412,87.887,95.952,112.72
88.416,213.82,69.927,70.467,0,111.88,117.65,112.17,72.797,89.092,89.957,94.897,110.58,96.097,79.638,92.297,77.137,86.575,86.084,91.462,92.84,90.997,96.012,98.443,77.652,113.35,68.335,64.878,92.238,57.396,84.899,59.945,61.079,81.793,55.507,58.146,60.541,70.657,72.518,87.485,70.242,62.213,66.084,65.407,68.332,73.422,75.172,70.43,113.09,103.77,100.75,100.67,111.03,98.697,97.732,94.077,93.807,90.852,85.802,77.662,85.407,87.142,84.987,84.879,84.72,90.229,94.953,82.328,77.918,77.954,78.356,77.528,76.405,74.196,90.336,75.686,59.635,75.541,77.702,92.903,91.772,90.665,53.937,53.522,58.945,58.614,58.57,62.61,69.297,88.162,89.637,97.702,131.12
108.39,242.1,97.669,93.482,111.88,0,33.784,13.144,105.54,112.24,113.11,9.932,13.28,10.628,108.66,11.472,99.03,60.842,60.033,114.76,101.14,114.3,105.05,73.001,100.95,136.65,100.63,91.126,87.068,103.6,86.929,110.84,112.15,84.445,116.19,119.14,121.54,103.4,101.54,93.662,93.107,91.076,96.554,95.099,96.074,99.964,97.065,93.309,28.492,8.966,7.756,2.243,28.492,7.756,8.142,9.604,9.712,10.894,12.914,100.81,108.56,102.17,58.519,58.828,58.987,61.849,69.511,77.158,79.804,79.984,81.994,80.18,83.129,94.174,110.31,95.664,112.86,111.24,119.03,121.19,100.81,98.962,115.47,114.2,111.34,109.69,109.47,94.906,92.599,111.46,112.94,121,42.912
114.16,247.87,86.676,99.248,117.65,33.784,0,35.588,101.42,82.183,83.048,29.164,35.86,30.556,111.98,32.244,80.119,46.649,46.158,117.56,106.9,117.09,110.81,66.871,103.75,139.45,106.4,96.892,86.036,109.36,87.661,116.61,117.92,89.751,122.12,125.07,127.47,99.279,104.86,99.428,98.873,96.842,91.391,88.006,85.081,73.297,78.154,89.422,7.926,7.926,9.136,24.812,1.323,24.812,25.584,28.508,28.724,31.088,35.128,70.753,78.498,66.673,45.061,44.953,44.794,50.611,63.381,76.126,80.536,80.716,82.726,85.486,88.895,99.94,116.08,101.43,118.62,117.01,124.96,126.95,106.57,104.73,121.23,120.13,117.11,115.45,115.23,100.67,95.392,114.26,115.73,123.8,15.136
111.13,242.39,113.85,98.178,112.17,13.144,35.588,0,108.79,141.26,142.13,3.782,5.456,4.13,111.91,4.552,110.39,106.89,106.09,121.18,105.76,120.72,109.67,111.53,107.37,143.07,110,100.49,115.4,111.77,111.73,115.06,116.2,89.149,113.29,115.23,117.62,106.65,104.79,98.286,97.953,97.276,102.69,109.33,112.25,127.29,108.43,97.159,30.296,9.868,8.658,8.658,30.296,2.694,2.887,3.618,3.672,4.263,5.273,129.83,137.58,133.91,111.7,104.88,105.04,110.59,108.03,105.49,104.6,104.78,106.79,84.884,85.867,96.912,113.05,98.402,111.49,113.66,115.06,121.47,105.43,103.59,111.76,111.3,114.06,113.73,113.69,104.27,99.018,117.88,119.36,127.42,44.716
123.25,189.58,59.641,61.757,72.797,105.54,101.42,108.79,0,85.713,86.578,91.518,107.2,92.718,79.244,88.918,70.695,80.257,80.084,92.148,67.22,91.683,70.392,96.811,78.338,114.04,82.084,74.402,100.68,78.097,97.015,85.342,86.652,99.105,90.421,95.244,97.639,0.428,72.124,62.287,61.532,51.535,72.712,55.121,58.046,70.043,68.73,62.188,95.216,97.596,94.571,94.328,94.804,95.318,94.353,90.698,90.428,87.473,82.423,74.283,82.028,83.763,79.203,78.879,78.402,84.753,93.321,90.772,89.89,90.07,92.08,94.84,99.479,109.03,125.17,110.52,95.49,76.726,68.416,68.669,66.152,65.045,89.154,88.436,85.842,84.187,83.967,76.359,69.983,88.848,90.323,98.388,113.24
101.08,219.31,94.031,75.834,89.092,112.24,82.183,141.26,85.713,0,1.647,123.99,139.67,125.19,88.832,121.39,93.829,90.332,89.523,104.62,83.417,104.16,86.687,94.962,90.81,126.51,93.433,83.928,98.833,95.202,95.166,102.45,103.76,79.098,99.98,101.75,104.15,83.573,81.712,75.942,75.609,77.457,79.617,89.511,92.436,117.24,91.864,80.596,75.98,104.13,101.11,101.03,75.568,127.79,126.83,123.17,122.9,119.95,114.9,2.286,0.737,114.09,95.136,88.318,88.477,94.026,91.472,88.923,88.041,88.221,90.231,74.833,75.816,86.861,103,88.351,100.4,97.099,93.916,98.397,82.447,81.242,98.45,97.995,102.95,101.29,101.07,87.708,82.455,101.32,102.8,110.86,94.005
101.95,220.18,94.896,76.699,89.957,113.11,83.048,142.13,86.578,1.647,0,124.86,140.54,126.06,89.697,122.26,94.694,91.197,90.388,105.48,84.282,105.02,87.552,95.827,91.675,127.38,94.298,84.793,99.698,96.067,96.031,103.31,104.62,79.963,100.84,102.62,105.01,84.438,82.577,76.807,76.474,78.322,80.482,90.376,93.301,118.1,92.729,81.461,76.845,105,101.97,101.89,76.433,128.66,127.69,124.04,123.77,120.81,115.76,2.459,0.91,114.96,96.001,89.183,89.342,94.891,92.337,89.788,88.906,89.086,91.096,75.698,76.681,87.726,103.87,89.216,101.27,97.964,94.781,99.262,83.312,82.107,99.315,98.86,103.81,102.16,101.94,88.573,83.32,102.19,103.66,111.72,94.87
93.862,225.12,96.58,80.908,94.897,9.932,29.164,3.782,91.518,123.99,124.86,0,3.464,0.676,94.637,1.098,93.122,89.625,88.816,103.91,88.491,103.45,92.401,94.255,90.103,125.8,92.726,83.221,98.126,94.495,94.459,97.792,98.926,71.879,96.017,97.959,100.35,89.378,87.517,81.016,80.683,80.006,85.422,92.06,94.985,110.02,91.157,79.889,23.872,6.656,5.446,5.446,23.872,1.088,0.895,0.164,0.218,0.809,1.819,112.56,120.31,116.64,94.429,87.611,87.77,93.319,90.765,88.216,87.334,87.514,89.524,67.614,68.597,79.642,95.782,81.132,94.219,96.392,97.791,104.2,88.161,86.316,94.487,94.032,96.792,96.461,96.417,87.001,81.748,100.61,102.09,110.15,38.292
109.54,240.8,112.26,96.588,110.58,13.28,35.86,5.456,107.2,139.67,140.54,3.464,0,3.812,110.32,4.234,108.8,105.3,104.5,119.59,104.17,119.13,108.08,109.94,105.78,141.48,108.41,98.901,113.81,110.18,110.14,113.47,114.61,87.559,111.7,113.64,116.03,105.06,103.2,96.696,96.363,95.686,101.1,107.74,110.66,125.7,106.84,95.569,30.568,10.004,8.794,8.794,30.568,2.762,2.569,3.3,3.354,3.945,4.955,128.24,135.99,132.32,110.11,103.29,103.45,109,106.44,103.9,103.01,103.19,105.2,83.294,84.277,95.322,111.46,96.812,109.9,112.07,113.47,119.88,103.84,102,110.17,109.71,112.47,112.14,112.1,102.68,97.428,116.29,117.77,125.83,44.988
95.062,226.32,97.78,82.108,96.097,10.628,30.556,4.13,92.718,125.19,126.06,0.676,3.812,0,95.837,1.338,94.322,90.825,90.016,105.11,89.691,104.65,93.601,95.455,91.303,127,93.926,84.421,99.326,95.695,95.659,98.992,100.13,73.079,97.217,99.159,101.55,90.578,88.717,82.216,81.883,81.206,86.622,93.26,96.185,111.22,92.357,81.089,25.264,7.352,6.142,6.142,25.264,1.436,1.243,0.512,0.458,1.049,2.059,113.76,121.51,117.84,95.629,88.811,88.97,94.519,91.965,89.416,88.534,88.714,90.724,68.814,69.797,80.842,96.982,82.332,95.419,97.592,98.991,105.4,89.361,87.516,95.687,95.232,97.992,97.661,97.617,88.201,82.948,101.81,103.29,111.35,39.684
122.62,196.42,62.76,68.598,79.638,108.66,111.98,111.91,79.244,88.832,89.697,94.637,110.32,95.837,0,92.037,76.877,83.376,83.203,98.989,74.061,98.524,77.233,102.26,85.179,120.88,88.925,81.243,110.67,84.696,106.47,91.941,93.251,106.73,90.077,91.687,94.082,77.104,1.424,72.85,68.373,58.376,72.109,58.24,61.165,73.162,74.912,69.029,105.78,100.72,97.69,97.447,105.37,98.437,97.472,93.817,93.547,90.592,85.542,77.402,85.147,86.882,82.322,81.998,81.521,87.872,98.77,100.76,99.35,99.53,101.54,102.47,105.24,108.4,124.54,109.89,95.737,80.462,73.979,75.51,72.993,71.886,87.478,88.092,92.434,90.786,90.566,83.2,76.824,95.689,97.164,105.23,123.8
91.262,222.52,93.98,78.308,92.297,11.472,32.244,4.552,88.918,121.39,122.26,1.098,4.234,1.338,92.037,0,90.522,87.025,86.216,101.31,85.891,100.85,89.801,91.655,87.503,123.2,90.126,80.621,95.526,91.895,91.859,95.192,96.326,69.279,93.417,95.359,97.754,86.778,84.917,78.416,78.083,77.406,82.822,89.46,92.385,107.42,88.557,77.289,26.952,8.196,6.986,6.986,26.952,1.858,1.665,0.934,0.88,0.289,1.299,109.96,117.71,114.04,91.829,85.011,85.17,90.719,88.165,85.616,84.734,84.914,86.924,65.014,65.997,77.042,93.182,78.532,91.619,93.792,95.191,101.6,85.561,83.716,91.887,91.432,94.192,93.861,93.817,84.401,79.148,98.013,99.488,107.55,41.372
98.167,205.92,76.345,63.879,77.137,99.03,80.119,110.39,70.695,93.829,94.694,93.122,108.8,94.322,76.877,90.522,0,71.898,71.407,99.557,71.462,99.092,74.732,84.935,85.747,121.45,87.165,78.865,93.364,86.654,89.625,92.338,93.472,76.184,87.143,88.053,90.448,68.555,69.757,63.987,63.654,66.771,64.177,71.825,74.75,80.267,0.393,74.249,73.916,91.083,88.058,87.815,73.504,96.922,95.957,92.302,92.032,89.077,84.027,82.399,90.144,84.295,70.453,70.202,70.043,73.783,81.445,83.454,82.572,82.68,83.886,71.919,72.902,83.947,100.09,85.437,86.926,86.334,81.11,85.01,70.492,69.287,84.65,85.158,91.338,91.007,90.963,81.44,77.392,96.257,97.732,105.8,91.941
86.205,216.8,72.362,68.175,86.575,60.842,46.649,106.9,80.257,90.332,91.197,89.625,105.31,90.825,83.376,87.025,71.898,0,90.75,90.201,75.83,89.736,79.74,80.543,76.391,112.09,79.014,69.509,84.414,81.341,80.747,86.238,87.46,64.222,88.763,90.319,92.714,78.117,76.256,68.355,67.8,65.769,71.268,69.792,70.767,78.054,69.933,66.177,41.27,52.733,49.708,49.627,40.034,93.425,92.46,88.805,88.535,85.58,80.53,78.902,86.647,88.861,88.618,89.545,0.371,79.607,77.053,74.504,73.622,73.802,75.812,59.957,60.94,71.985,88.125,73.475,86.269,86.584,92.717,95.88,75.5,73.655,87.567,86.778,85.988,84.995,84.863,73.289,68.036,86.901,88.376,96.441,59.295
85.714,216.3,71.871,67.684,86.084,60.033,46.158,106.09,80.084,89.523,90.388,88.816,104.5,90.016,83.203,86.216,71.407,90.75,0,89.71,75.339,89.245,79.249,80.052,75.9,111.6,78.523,69.018,83.923,80.532,80.256,85.429,86.651,63.731,87.954,89.326,91.721,77.944,76.083,67.864,67.309,65.278,71.095,69.301,70.276,77.245,69.442,65.686,40.779,51.924,48.899,48.818,39.543,92.616,91.651,87.996,87.726,84.771,79.721,78.093,85.838,87.734,88.445,0.241,88.895,79.116,76.562,74.013,73.131,73.311,75.321,59.466,60.449,71.494,87.634,72.984,85.46,85.775,92.544,95.389,75.009,73.164,87.076,85.969,85.179,84.186,84.054,72.798,67.545,86.41,87.885,95.95,58.804
97.008,214.73,90.854,89.712,91.462,114.76,117.56,121.18,92.148,104.62,105.48,103.91,119.59,105.11,98.989,101.31,99.557,90.201,89.71,0,94.045,1.227,96.479,105.38,6.104,5.108,109.83,108.37,109.25,98.892,105.28,91.533,92.579,92.211,82.496,80.401,82.796,90.008,91.869,89.676,89.665,94.652,85.852,86.334,89.259,92.342,97.592,107.21,111.35,106.66,103.63,103.55,110.94,107.71,106.75,103.09,102.82,99.868,94.818,93.19,100.94,95.086,92.474,88.505,88.346,95.804,101.89,99.341,98.372,98.336,97.386,87.946,84.997,82.788,98.928,84.278,79.051,87.401,90.431,93.819,92.239,91.87,81.804,80.511,89.783,90.114,90.158,104.11,4.433,0.66,0.365,1.978,129.38
100.22,201.75,59.836,70.058,92.84,101.14,106.9,105.76,67.22,83.417,84.282,88.491,104.17,89.691,74.061,85.891,71.462,75.83,75.339,94.045,0,93.58,103.72,93.926,80.235,115.94,77.723,72.754,101.91,67.323,94.826,69.872,71.006,88.577,67.677,69.287,71.682,65.08,66.941,97.412,69.833,56.636,60.507,55.316,58.241,67.747,69.497,67.289,102.35,93.028,90.003,89.922,100.29,92.291,91.326,87.671,87.401,84.446,79.396,71.987,79.732,80.2,74.242,74.134,73.975,79.792,90.436,92,87.845,87.881,88.283,84.312,83.329,86.001,102.14,87.491,72.753,75.132,77.293,80.84,99.485,0.435,65.078,65.692,68.872,68.541,68.497,71.998,71.88,90.745,92.22,100.28,120.37
96.543,214.27,90.389,89.247,90.997,114.3,117.09,120.72,91.683,104.16,105.02,103.45,119.13,104.65,98.524,100.85,99.092,89.736,89.245,1.227,93.58,0,96.014,104.91,6.011,5.605,109.37,107.9,108.79,98.427,104.82,91.068,92.114,91.746,82.031,79.936,82.331,89.543,91.404,89.211,89.2,94.187,85.387,85.869,88.794,91.877,97.127,106.75,110.89,106.19,103.17,103.08,110.48,107.25,106.28,102.63,102.36,99.403,94.353,92.725,100.47,94.621,92.009,88.04,87.881,95.339,101.42,98.876,97.907,97.871,96.921,87.481,84.532,82.323,98.463,83.813,78.586,86.936,89.966,93.354,91.774,91.405,81.339,80.046,89.318,89.649,89.693,103.64,4.34,0.567,0.862,2.475,128.91
101.92,204.19,63.746,72.492,96.012,105.05,110.81,109.67,70.392,86.687,87.552,92.401,108.08,93.601,77.233,89.801,74.732,79.74,79.249,96.479,103.72,96.014,0,97.098,82.669,118.37,79.22,74.45,103.12,68.281,95.784,70.83,71.964,90.273,69.373,70.983,73.378,68.252,70.113,98.37,72.267,59.808,63.679,59.226,62.151,71.017,72.767,70.461,106.26,96.938,93.913,93.832,104.2,96.201,95.236,91.581,91.311,88.356,83.306,75.257,83.002,84.11,78.152,78.044,77.885,83.702,93.608,93.213,88.803,88.839,89.241,86.008,85.025,87.697,103.84,89.187,73.711,77.566,79.727,83.274,0.848,101.55,66.774,67.388,69.83,69.499,69.455,73.495,74.314,93.179,94.654,102.72,124.28
92.236,225.05,88.338,86.504,98.443,73.001,66.871,111.53,96.811,94.962,95.827,94.255,109.94,95.455,102.26,91.655,84.935,80.543,80.052,105.38,93.926,104.92,97.098,0,91.57,127.27,88.223,81.742,114.11,82.333,101.06,80.559,81.517,84.037,77.272,75.629,78.024,94.671,95.14,86.684,86.129,82.765,88.46,86.429,86.743,82.684,82.97,79.214,61.492,64.892,61.867,61.786,60.256,98.055,97.09,93.435,93.165,90.21,85.16,83.532,91.277,85.428,100.85,78.847,78.688,104.18,0.698,104.2,101.55,94.117,94.519,79.772,80.141,78.016,94.156,79.506,74.279,84.518,95.161,104.14,92.858,91.751,77.032,75.287,78.059,79.052,79.184,82.498,83.215,102.08,103.55,111.62,79.517
83.198,200.92,77.044,75.902,77.652,100.95,103.75,107.37,78.338,90.81,91.675,90.103,105.78,91.303,85.179,87.503,85.747,76.391,75.9,6.104,80.235,6.011,82.669,91.57,0,10.482,96.021,94.559,95.441,85.082,91.471,77.723,78.769,78.401,68.686,66.591,68.986,76.198,78.059,75.866,75.855,80.842,72.042,72.524,75.449,78.532,83.782,93.401,97.544,92.845,89.82,89.739,97.132,93.903,92.938,89.283,89.013,86.058,81.008,79.38,87.125,81.276,78.664,74.695,74.536,81.994,88.08,85.531,84.562,84.526,83.576,74.136,71.187,68.978,85.118,70.468,65.241,73.591,76.621,80.009,78.429,78.06,67.994,66.701,75.973,76.304,76.348,90.296,1.671,5.444,5.739,7.352,115.57
118.9,236.62,112.74,111.6,113.35,136.65,139.45,143.07,114.04,126.51,127.38,125.8,141.48,127,120.88,123.2,121.45,112.09,111.6,5.108,115.94,5.605,118.37,127.27,10.482,0,131.72,130.26,131.14,120.78,127.17,113.42,114.47,114.1,104.39,102.29,104.69,111.9,113.76,111.57,111.56,116.54,107.74,108.22,111.15,114.23,119.48,129.1,133.24,128.55,125.52,125.44,132.83,129.6,128.64,124.98,124.71,121.76,116.71,115.08,122.83,116.98,114.36,110.4,110.24,117.69,123.78,121.23,120.26,120.23,119.28,109.84,106.89,104.68,120.82,106.17,100.94,109.29,112.32,115.71,114.13,113.76,103.69,102.4,111.67,112,112.05,126,8.811,5.038,4.743,3.13,151.27
72.447,194.83,80.863,76.635,68.335,100.63,106.4,110,82.084,93.433,94.298,92.726,108.41,93.926,88.925,90.126,87.165,79.014,78.523,109.83,77.723,109.37,79.22,88.223,96.021,131.72,0,83.247,86.947,80.301,79.464,68.578,69.536,67.65,56.423,55.84,58.235,79.944,81.805,76.599,76.71,79.935,76.099,76.343,79.268,81.155,85.2,87.108,101.84,92.522,89.497,89.416,99.782,96.526,95.561,91.906,91.636,88.681,83.631,82.003,89.748,83.899,84.233,77.318,77.159,87.245,84.733,77.037,72.627,72.519,71.313,63.385,60.436,58.227,74.367,59.717,54.49,65.786,71.762,73.918,74.98,75.548,57.243,54.438,66.078,67.071,67.203,1.145,87.666,106.53,108.01,116.07,119.87
67.478,191.1,73.108,70.154,64.878,91.126,96.892,100.49,74.402,83.928,84.793,83.221,98.901,84.421,81.243,80.621,78.865,69.509,69.018,108.37,72.754,107.9,74.45,81.742,94.559,130.26,83.247,0,83.49,72.308,76.007,63.609,64.567,62.681,52.966,50.871,53.266,72.262,74.123,70.118,70.229,73.96,68.106,68.588,71.513,71.65,76.9,80.627,92.337,83.017,79.992,79.911,90.277,87.021,86.056,82.401,82.131,79.176,74.126,72.498,80.243,74.394,74.728,67.813,67.654,78.058,78.252,73.58,69.17,69.062,67.856,58.416,55.467,53.258,69.398,54.748,49.521,60.817,66.793,70.181,70.21,70.579,52.274,50.981,61.109,62.102,62.234,77.522,86.204,105.07,106.54,114.61,110.36
85.911,218.74,92.209,97.432,92.238,87.068,86.036,115.4,100.68,98.833,99.698,98.126,113.81,99.326,110.67,95.526,93.364,84.414,83.923,109.25,101.91,108.79,103.12,114.11,95.441,131.14,86.947,83.49,0,76.008,102.67,74.234,75.192,81.114,70.947,69.304,71.699,98.542,103.55,97.54,97.207,95.182,93.547,91.589,90.614,86.555,91.399,88.945,80.657,78.959,75.934,75.853,79.421,101.93,100.96,97.306,97.036,94.081,89.031,87.403,95.148,89.299,99.623,82.718,82.559,102.95,110.62,1.982,115.62,95.721,94.515,76.849,73.9,71.691,87.831,73.181,67.954,78.193,88.836,97.821,98.883,99.735,70.707,68.962,71.734,72.727,72.859,81.222,87.086,105.95,107.43,115.49,98.682
64.984,183.89,76.876,68.436,57.396,103.6,109.36,111.77,78.097,95.202,96.067,94.495,110.18,95.695,84.696,91.895,86.654,81.341,80.532,98.892,67.323,98.427,68.281,82.333,85.082,120.78,80.301,72.308,76.008,0,68.525,61.115,62.073,60.187,45.484,48.377,50.772,75.957,77.576,68.328,68.661,70.286,71.737,72.356,75.281,82.924,84.689,79.455,104.81,95.487,92.462,92.381,102.75,98.295,97.33,93.675,93.405,90.45,85.4,83.772,91.517,85.25,84.41,79.327,79.486,83.3,78.843,66.098,61.688,61.58,60.374,55.922,52.973,50.764,66.904,52.254,47.027,58.323,64.299,62.979,64.041,65.148,49.78,43.499,58.615,59.608,59.74,74.576,76.727,95.592,97.067,105.13,122.83
78.572,211.4,88.542,94.557,84.899,86.929,87.661,111.73,97.015,95.166,96.031,94.459,110.14,95.659,106.47,91.859,89.625,80.747,80.256,105.28,94.826,104.82,95.784,101.06,91.471,127.17,79.464,76.007,102.67,68.525,0,66.751,67.709,73.775,63.536,61.965,64.36,94.875,99.355,94.593,94.482,93.279,89.88,87.922,86.947,82.888,87.66,85.134,82.282,78.82,75.795,75.714,81.046,98.259,97.294,93.639,93.369,90.414,85.364,83.736,91.481,85.632,94.192,79.051,78.892,97.522,97.572,92.756,88.346,1.389,87.248,69.51,66.561,64.352,80.492,65.842,60.615,70.71,81.425,90.482,91.544,92.651,63.368,61.551,64.251,65.244,65.376,73.739,83.116,101.98,103.46,111.52,100.31
67.533,185.64,84.121,70.985,59.945,110.84,116.61,115.06,85.342,102.45,103.31,97.792,113.47,98.992,91.941,95.192,92.338,86.238,85.429,91.533,69.872,91.068,70.83,80.559,77.723,113.42,68.578,63.609,74.234,61.115,66.751,0,66.97,61.706,48.033,50.926,53.321,83.202,84.821,70.877,71.21,73.241,78.982,79.601,82.526,90.169,90.373,74.945,112.05,102.73,99.707,99.626,109.99,101.59,100.63,96.972,96.702,93.747,88.697,91.017,98.762,87.893,86.959,84.224,84.383,85.849,77.069,64.324,59.914,59.806,58.6,57.441,55.522,53.313,69.453,54.803,49.576,60.872,66.848,64.725,66.59,67.697,52.329,46.048,63.512,64.505,0.275,62.853,69.368,88.233,89.708,97.773,130.08
68.667,186.69,85.431,72.119,61.079,112.15,117.92,116.2,86.652,103.76,104.62,98.926,114.61,100.13,93.251,96.326,93.472,87.46,86.651,92.579,71.006,92.114,71.964,81.517,78.769,114.47,69.536,64.567,75.192,62.073,67.709,66.97,0,62.752,49.167,52.06,54.455,84.512,86.131,72.011,72.344,74.375,80.292,80.911,83.836,91.479,91.507,75.991,113.36,104.04,101.02,100.94,111.3,102.73,101.76,98.106,97.836,94.881,89.831,92.327,100.07,89.027,88.093,85.446,85.605,86.983,78.027,65.282,60.872,60.764,59.558,58.487,56.656,54.447,70.587,55.937,50.71,61.972,67.982,65.771,67.724,68.831,53.463,47.182,64.734,0.493,65.595,63.811,70.414,89.279,90.754,98.819,131.39
77.95,209.28,90.492,87.498,81.793,84.445,89.751,89.149,99.105,79.098,79.963,71.879,87.559,73.079,106.73,69.279,76.184,64.222,63.731,92.211,88.577,91.746,90.273,84.037,78.401,114.1,67.65,62.681,81.114,60.187,73.775,61.706,62.752,0,61.006,60.823,63.218,96.965,99.614,87.462,87.573,88.25,91.898,89.867,88.897,70.212,74.219,76.335,84.372,76.336,73.311,73.23,83.136,75.679,74.714,71.059,70.789,67.834,62.784,67.668,75.413,61.98,78.325,62.526,62.367,79.435,80.547,71.204,66.794,66.83,67.232,0.853,65.939,63.73,79.87,65.22,59.993,64.187,74.992,88.362,86.033,86.402,59.42,59.021,59.956,60.287,60.331,61.925,70.046,88.911,90.386,98.451,102.4
69.77,179.31,89.491,66.598,55.507,116.19,122.12,113.29,90.421,99.98,100.84,96.017,111.7,97.217,90.077,93.417,87.143,88.763,87.954,82.496,67.677,82.031,69.373,77.272,68.686,104.39,56.423,52.966,70.947,45.484,63.536,48.033,49.167,61.006,0,45.689,48.084,88.281,82.957,66.562,66.673,67.35,83.41,83.412,87.896,89.398,85.178,66.398,117.56,108.24,105.22,104.97,115.5,99.817,98.852,95.197,94.927,91.972,86.922,88.55,96.295,86.654,87.028,86.749,86.908,86.156,73.782,61.037,56.627,56.591,56.189,56.741,56.143,55.55,71.69,57.04,44.339,47.013,53.874,58.397,65.133,65.502,55.333,0.397,55.156,46.702,46.658,50.698,60.331,79.196,80.671,88.736,135.59
77.169,180.92,95.367,68.208,58.146,119.15,125.07,115.23,95.244,101.75,102.62,97.959,113.64,99.159,91.687,95.359,88.053,90.319,89.326,80.401,69.287,79.936,70.983,75.629,66.591,102.29,55.84,50.871,69.304,48.377,61.965,50.926,52.06,60.823,45.689,0,0.479,93.104,84.567,68.172,68.283,68.96,88.908,88.897,93.772,89.476,86.088,67.308,120.52,111.2,108.17,107.93,118.46,101.76,100.79,97.139,96.869,93.914,88.864,90.324,98.069,88.37,88.131,88.121,88.464,84.801,72.139,59.394,54.984,55.02,55.422,56.558,59.994,62.949,79.089,64.439,59.212,52.964,62.83,60.007,66.743,67.112,59.053,43.704,49.926,49.595,49.551,50.115,58.236,77.101,78.576,86.641,138.54
79.564,183.32,97.762,70.603,60.541,121.54,127.47,117.62,97.639,104.15,105.01,100.35,116.03,101.55,94.082,97.754,90.448,92.714,91.721,82.796,71.682,82.331,73.378,78.024,68.986,104.69,58.235,53.266,71.699,50.772,64.36,53.321,54.455,63.218,48.084,0.479,0,95.499,86.962,70.567,70.678,71.355,91.303,91.292,96.167,91.871,88.483,69.703,122.91,113.59,110.57,110.33,120.85,104.15,103.19,99.534,99.264,96.309,91.259,92.719,100.46,90.765,90.526,90.516,90.859,87.196,74.534,61.789,57.379,57.415,57.817,58.953,62.389,65.344,81.484,66.834,61.607,55.359,65.225,62.402,69.138,69.507,61.448,46.099,52.321,51.99,51.946,52.51,60.631,79.496,80.971,89.036,140.94
121.11,187.44,57.501,59.617,70.657,103.4,99.279,106.65,0.428,83.573,84.438,89.378,105.06,90.578,77.104,86.778,68.555,78.117,77.944,90.008,65.08,89.543,68.252,94.671,76.198,111.9,79.944,72.262,98.542,75.957,94.875,83.202,84.512,96.965,88.281,93.104,95.499,0,69.984,60.147,59.392,49.395,70.572,52.981,55.906,67.903,66.59,60.048,93.076,95.456,92.431,92.188,92.664,93.178,92.213,88.558,88.288,85.333,80.283,72.143,79.888,81.623,77.063,76.739,76.262,82.613,91.181,88.632,87.75,87.93,89.94,92.7,97.339,106.89,123.03,108.38,93.35,74.586,66.276,66.529,64.012,62.905,87.014,86.296,83.702,82.047,81.827,74.219,67.843,86.708,88.183,96.248,111.1
115.5,189.31,55.64,61.478,72.518,101.54,104.86,104.79,72.124,81.712,82.577,87.517,103.2,88.717,1.424,84.917,69.757,76.256,76.083,91.869,66.941,91.404,70.113,95.14,78.059,113.76,81.805,74.123,103.55,77.576,99.355,84.821,86.131,99.614,82.957,84.567,86.962,69.984,0,65.73,61.253,51.256,64.989,51.12,54.045,66.042,67.792,61.909,98.659,93.595,90.57,90.327,98.247,91.317,90.352,86.697,86.427,83.472,78.422,70.282,78.027,79.762,75.202,74.878,74.401,80.752,91.65,93.641,92.23,92.41,94.42,95.349,98.118,101.28,117.42,102.77,88.617,73.342,66.859,68.39,65.873,64.766,80.358,80.972,85.314,83.666,83.446,76.08,69.704,88.569,90.044,98.109,116.68
99.106,198.52,52.361,64.757,87.485,93.662,99.428,98.286,62.287,75.942,76.807,81.016,96.696,82.216,72.85,78.416,63.987,68.355,67.864,89.676,97.412,89.211,98.37,86.684,75.866,111.57,76.599,70.118,97.54,68.328,94.593,70.877,72.011,87.462,66.562,68.172,70.567,60.147,65.73,0,64.532,51.281,55.152,47.841,50.766,60.272,62.022,61.934,94.873,85.553,82.528,82.447,92.813,84.816,83.851,80.196,79.926,76.971,71.921,64.512,72.257,72.725,66.767,66.659,66.5,72.317,83.194,87.63,87.54,87.648,88.414,83.197,82.214,84.886,101.03,86.376,72.222,71.897,74.058,77.605,94.13,95.237,63.963,64.577,69.877,69.546,69.502,70.874,67.511,86.376,87.851,95.916,112.9
99.217,188.36,57.475,64.64,70.242,93.107,98.873,97.953,61.532,75.609,76.474,80.683,96.363,81.883,68.373,78.083,63.654,67.8,67.309,89.665,69.833,89.2,72.267,86.129,75.855,111.55,76.71,70.229,97.207,68.661,94.482,71.21,72.344,87.573,66.673,68.283,70.678,59.392,61.253,64.532,0,58.567,55.041,54.364,55.88,59.939,61.689,61.923,94.318,84.998,81.973,81.892,92.258,84.483,83.518,79.863,79.593,76.638,71.588,64.179,71.924,72.392,66.212,66.104,65.945,71.762,82.639,87.297,87.429,87.537,88.525,83.308,82.325,84.997,101.14,86.487,72.333,69.952,63.469,67.444,68.027,67.658,64.074,64.688,70.21,69.879,69.835,70.985,67.5,86.365,87.84,95.905,112.34
99.188,186.35,59.756,51.317,62.213,91.076,96.842,97.276,51.535,77.457,78.322,80.006,95.686,81.206,58.376,77.406,66.771,65.769,65.278,94.652,56.636,94.187,59.808,82.765,80.842,116.54,79.935,73.96,95.182,70.286,93.279,73.241,74.375,88.25,67.35,68.96,71.355,49.395,51.256,51.281,58.567,0,54.559,55.236,58.161,63.056,64.806,68.562,92.287,82.967,79.942,79.861,90.227,83.806,82.841,79.186,78.916,75.961,70.911,66.027,73.772,71.715,64.181,64.073,63.914,69.731,79.275,85.272,86.154,86.334,88.344,83.985,83.002,84.968,101.11,86.458,73.01,67.943,61.46,65.435,55.568,54.461,64.751,65.365,72.241,71.91,71.866,74.21,72.487,91.352,92.827,100.89,110.31
115.13,184.45,61.483,55.116,66.084,96.554,91.391,102.69,72.712,79.617,80.482,85.422,101.1,86.622,72.109,82.822,64.177,71.268,71.095,85.852,60.507,85.387,63.679,88.46,72.042,107.74,76.099,68.106,93.547,71.737,89.88,78.982,80.292,91.898,83.41,88.908,91.303,70.572,64.989,55.152,55.041,54.559,0,61.821,59.888,63.947,62.212,58.11,85.188,88.607,85.582,85.339,84.776,89.222,88.257,84.602,84.332,81.377,76.327,68.187,75.932,77.667,70.214,69.89,69.413,75.764,84.97,83.637,82.755,82.935,84.945,87.633,90.582,100.91,117.05,102.41,90.033,70.208,63.279,63.532,59.439,58.332,82.596,81.425,79.482,77.827,77.607,70.374,63.687,82.552,84.027,92.092,103.21
113.58,185.12,88.882,47.805,65.407,95.099,88.006,109.33,55.121,89.511,90.376,92.06,107.74,93.26,58.24,89.46,71.825,69.792,69.301,86.334,55.316,85.869,59.226,86.429,72.524,108.22,76.343,68.588,91.589,72.356,87.922,79.601,80.911,89.867,83.412,88.897,91.292,52.981,51.12,47.841,54.364,55.236,61.821,0,87.287,75.11,69.86,58.592,81.803,86.99,83.965,83.884,81.391,95.86,94.895,91.24,90.97,88.015,82.965,78.081,85.826,83.769,68.204,68.096,67.937,73.754,82.939,81.679,80.797,80.977,82.987,85.602,88.395,99.364,115.5,100.85,90.684,70.885,63.956,64.209,54.986,53.141,81.882,81.427,80.101,78.446,78.226,70.618,64.169,83.034,84.509,92.574,99.828
111.46,190,0.319,50.73,68.332,96.074,85.081,112.26,58.046,92.436,93.301,94.985,110.66,96.185,61.165,92.385,74.75,70.767,70.276,89.259,58.241,88.794,62.151,86.743,75.449,111.15,79.268,71.513,90.614,75.281,86.947,82.526,83.836,88.897,87.896,93.772,96.167,55.906,54.045,50.766,55.88,58.161,59.888,87.287,0,78.035,72.785,61.517,78.878,87.965,84.94,84.859,78.466,98.785,97.82,94.165,93.895,90.94,85.89,81.006,88.751,86.694,69.179,69.071,68.912,74.729,83.253,80.704,79.822,80.002,82.012,84.632,86.194,97.239,113.38,98.729,95.559,75.242,68.831,69.084,57.911,56.066,86.757,85.911,83.026,81.371,81.151,73.543,67.094,85.959,87.434,95.499,96.903
92.195,203.64,79.63,60.164,73.422,99.964,73.297,127.29,70.043,117.24,118.1,110.02,125.7,111.22,73.162,107.42,80.267,78.054,77.245,92.342,67.747,91.877,71.017,82.684,78.532,114.23,81.155,71.65,86.555,82.924,82.888,90.169,91.479,70.212,89.398,89.476,91.871,67.903,66.042,60.272,59.939,63.056,63.947,75.11,78.035,0,78.302,67.034,67.094,91.855,88.83,88.749,66.682,113.82,112.85,109.2,108.93,105.97,100.92,105.81,113.55,100.12,82.858,76.04,76.199,81.748,79.194,76.645,75.763,75.943,77.953,65.947,66.93,77.975,94.115,79.465,88.126,83.429,78.246,82.727,66.777,65.572,87.868,87.413,90.669,89.014,88.794,75.43,70.177,89.042,90.517,98.582,85.119
96.202,203.96,74.38,61.914,75.172,97.065,78.154,108.43,68.73,91.864,92.729,91.157,106.84,92.357,74.912,88.557,0.393,69.933,69.442,97.592,69.497,97.127,72.767,82.97,83.782,119.48,85.2,76.9,91.399,84.689,87.66,90.373,91.507,74.219,85.178,86.088,88.483,66.59,67.792,62.022,61.689,64.806,62.212,69.86,72.785,78.302,0,72.284,71.951,89.118,86.093,85.85,71.539,94.957,93.992,90.337,90.067,87.112,82.062,80.434,88.179,82.33,68.488,68.237,68.078,71.818,79.48,81.489,80.607,80.715,81.921,69.954,70.937,81.982,98.122,83.472,84.961,84.369,79.145,83.045,68.527,67.322,82.685,83.193,89.373,89.042,88.998,79.475,75.427,94.292,95.767,103.83,89.976
84.138,191.04,63.112,61.97,70.43,93.309,89.422,97.159,62.188,80.596,81.461,79.889,95.569,81.089,69.029,77.289,74.249,66.177,65.686,107.21,67.289,106.75,70.461,79.214,93.401,129.1,87.108,80.627,88.945,79.455,85.134,74.945,75.991,76.335,66.398,67.308,69.703,60.048,61.909,61.934,61.923,68.562,58.11,58.592,61.517,67.034,72.284,0,83.219,85.362,82.337,82.094,82.807,83.689,82.724,79.069,78.799,75.844,70.794,69.166,76.911,71.062,64.732,64.481,64.322,68.062,75.724,79.035,78.153,78.189,78.591,72.07,72.127,69.918,86.058,71.408,66.181,67.964,69.794,70.125,66.221,65.114,63.905,64.413,73.195,73.526,73.57,81.383,85.046,103.91,105.39,113.45,101.24
109.6,243.31,80.473,94.693,113.09,28.492,7.926,30.296,95.216,75.98,76.845,23.872,30.568,25.264,105.78,26.952,73.916,41.27,40.779,111.35,102.35,110.89,106.26,61.492,97.544,133.24,101.84,92.337,80.657,104.81,82.282,112.05,113.36,84.372,117.56,120.52,122.91,93.076,98.659,94.873,94.318,92.287,85.188,81.803,78.878,67.094,71.951,83.219,0,5.28,6.49,19.52,5.28,19.52,20.292,23.216,23.432,25.796,29.836,64.55,72.295,60.47,39.682,39.574,39.415,45.232,58.002,70.747,75.157,75.337,77.347,80.107,84.34,95.385,111.52,96.875,114.07,112.45,120.4,122.4,102.02,100.17,116.68,115.58,112.55,110.9,110.68,96.117,89.189,108.05,109.53,117.59,3.605
100.28,233.99,89.56,85.373,103.77,8.966,7.926,9.868,97.596,104.13,105,6.656,10.004,7.352,100.72,8.196,91.083,52.733,51.924,106.66,93.028,106.19,96.938,64.892,92.845,128.55,92.522,83.017,78.959,95.487,78.82,102.73,104.04,76.336,108.24,111.2,113.59,95.456,93.595,85.553,84.998,82.967,88.607,86.99,87.965,91.855,89.118,85.362,5.28,0,0.605,4.48,5.28,4.48,4.866,6.328,6.436,7.618,9.638,92.703,100.45,94.063,50.41,50.719,50.878,53.74,61.402,69.049,71.695,71.875,73.885,72.071,75.02,86.065,102.2,87.555,104.75,103.13,111.08,113.08,92.698,90.853,107.36,106.26,103.23,101.58,101.36,86.797,84.49,103.36,104.83,112.9,12.49
97.26,230.97,86.535,82.348,100.75,7.756,9.136,8.658,94.571,101.11,101.97,5.446,8.794,6.142,97.69,6.986,88.058,49.708,48.899,103.63,90.003,103.17,93.913,61.867,89.82,125.52,89.497,79.992,75.934,92.462,75.795,99.707,101.02,73.311,105.22,108.17,110.57,92.431,90.57,82.528,81.973,79.942,85.582,83.965,84.94,88.83,86.093,82.337,6.49,0.605,0,3.27,6.49,3.27,3.656,5.118,5.226,6.408,8.428,89.678,97.423,91.038,47.385,47.694,47.853,50.715,58.377,66.024,68.67,68.85,70.86,69.046,71.995,83.04,99.18,84.53,101.72,100.11,108.06,110.05,89.673,87.828,104.33,103.23,100.21,98.552,98.332,83.772,81.465,100.33,101.81,109.87,13.7
97.179,230.89,86.454,82.267,100.67,2.243,24.812,8.658,94.328,101.03,101.89,5.446,8.794,6.142,97.447,6.986,87.815,49.627,48.818,103.55,89.922,103.08,93.832,61.786,89.739,125.44,89.416,79.911,75.853,92.381,75.714,99.626,100.94,73.23,104.97,107.93,110.32,92.188,90.327,82.447,81.892,79.861,85.339,83.884,84.859,88.749,85.85,82.094,19.52,4.48,3.27,0,19.52,3.27,3.656,5.118,5.226,6.408,8.428,89.597,97.342,90.957,47.304,47.613,47.772,50.634,58.296,65.943,68.589,68.769,70.779,68.965,71.914,82.959,99.099,84.449,101.64,100.03,107.82,109.97,89.592,87.747,104.25,102.99,100.13,98.471,98.251,83.691,81.384,100.25,101.72,109.79,33.94
107.54,241.25,80.061,92.633,111.03,28.492,1.323,30.296,94.804,75.568,76.433,23.872,30.568,25.264,105.37,26.952,73.504,40.034,39.543,110.94,100.29,110.48,104.2,60.256,97.132,132.83,99.782,90.277,79.421,102.75,81.046,109.99,111.3,83.136,115.5,118.46,120.85,92.664,98.247,92.813,92.258,90.227,84.776,81.391,78.466,66.682,71.539,82.807,5.28,5.28,6.49,19.52,0,19.52,20.292,23.216,23.432,25.796,29.836,64.138,71.883,60.058,38.446,38.338,38.179,43.996,56.766,69.511,73.921,74.101,76.111,78.871,82.28,93.325,109.46,94.815,112.01,110.39,118.34,120.34,99.958,98.113,114.62,113.52,110.49,108.84,108.62,94.057,88.777,107.64,109.12,117.18,12.49
97.662,228.92,100.38,84.708,98.697,7.756,24.812,2.694,95.318,127.79,128.66,1.088,2.762,1.436,98.437,1.858,96.922,93.425,92.616,107.71,92.291,107.25,96.201,98.055,93.903,129.6,96.526,87.021,101.93,98.295,98.259,101.59,102.73,75.679,99.817,101.76,104.15,93.178,91.317,84.816,84.483,83.806,89.222,95.86,98.785,113.82,94.957,83.689,19.52,4.48,3.27,3.27,19.52,0,0.193,0.924,0.978,1.569,2.579,116.36,124.11,120.44,98.229,91.411,91.57,97.119,94.565,92.016,91.134,91.314,93.324,71.414,72.397,83.442,99.582,84.932,98.019,100.19,101.59,108,91.961,90.116,98.287,97.832,100.59,100.26,100.22,90.801,85.548,104.41,105.89,113.95,33.94
96.697,227.95,99.415,83.743,97.732,8.142,25.584,2.887,94.353,126.83,127.69,0.895,2.569,1.243,97.472,1.665,95.957,92.46,91.651,106.75,91.326,106.28,95.236,97.09,92.938,128.64,95.561,86.056,100.96,97.33,97.294,100.63,101.76,74.714,98.852,100.79,103.19,92.213,90.352,83.851,83.518,82.841,88.257,94.895,97.82,112.85,93.992,82.724,20.292,4.866,3.656,3.656,20.292,0.193,0,0.731,0.785,1.376,2.386,115.4,123.14,119.48,97.264,90.446,90.605,96.154,93.6,91.051,90.169,90.349,92.359,70.449,71.432,82.477,98.617,83.967,97.054,99.227,100.63,107.04,90.996,89.151,97.322,96.867,99.627,99.296,99.252,89.836,84.583,103.45,104.92,112.99,34.712
93.042,224.3,95.76,80.088,94.077,9.604,28.508,3.618,90.698,123.17,124.04,0.164,3.3,0.512,93.817,0.934,92.302,88.805,87.996,103.09,87.671,102.63,91.581,93.435,89.283,124.98,91.906,82.401,97.306,93.675,93.639,96.972,98.106,71.059,95.197,97.139,99.534,88.558,86.697,80.196,79.863,79.186,84.602,91.24,94.165,109.2,90.337,79.069,23.216,6.328,5.118,5.118,23.216,0.924,0.731,0,0.054,0.645,1.655,111.74,119.49,115.82,93.609,86.791,86.95,92.499,89.945,87.396,86.514,86.694,88.704,66.794,67.777,78.822,94.962,80.312,93.399,95.572,96.971,103.38,87.341,85.496,93.667,93.212,95.972,95.641,95.597,86.181,80.928,99.793,101.27,109.33,37.636
92.772,224.03,95.49,79.818,93.807,9.712,28.724,3.672,90.428,122.9,123.77,0.218,3.354,0.458,93.547,0.88,92.032,88.535,87.726,102.82,87.401,102.36,91.311,93.165,89.013,124.71,91.636,82.131,97.036,93.405,93.369,96.702,97.836,70.789,94.927,96.869,99.264,88.288,86.427,79.926,79.593,78.916,84.332,90.97,93.895,108.93,90.067,78.799,23.432,6.436,5.226,5.226,23.432,0.978,0.785,0.054,0,0.591,1.601,111.47,119.22,115.55,93.339,86.521,86.68,92.229,89.675,87.126,86.244,86.424,88.434,66.524,67.507,78.552,94.692,80.042,93.129,95.302,96.701,103.11,87.071,85.226,93.397,92.942,95.702,95.371,95.327,85.911,80.658,99.523,101,109.06,37.852
89.817,221.07,92.535,76.863,90.852,10.894,31.088,4.263,87.473,119.95,120.81,0.809,3.945,1.049,90.592,0.289,89.077,85.58,84.771,99.868,84.446,99.403,88.356,90.21,86.058,121.76,88.681,79.176,94.081,90.45,90.414,93.747,94.881,67.834,91.972,93.914,96.309,85.333,83.472,76.971,76.638,75.961,81.377,88.015,90.94,105.97,87.112,75.844,25.796,7.618,6.408,6.408,25.796,1.569,1.376,0.645,0.591,0,1.01,108.52,116.26,112.6,90.384,83.566,83.725,89.274,86.72,84.171,83.289,83.469,85.479,63.569,64.552,75.597,91.737,77.087,90.174,92.347,93.746,100.16,84.116,82.271,90.442,89.987,92.747,92.416,92.372,82.956,77.703,96.568,98.043,106.11,40.216
84.767,216.02,87.485,71.813,85.802,12.914,35.128,5.273,82.423,114.9,115.76,1.819,4.955,2.059,85.542,1.299,84.027,80.53,79.721,94.818,79.396,94.353,83.306,85.16,81.008,116.71,83.631,74.126,89.031,85.4,85.364,88.697,89.831,62.784,86.922,88.864,91.259,80.283,78.422,71.921,71.588,70.911,76.327,82.965,85.89,100.92,82.062,70.794,29.836,9.638,8.428,8.428,29.836,2.579,2.386,1.655,1.601,1.01,0,103.47,111.21,107.55,85.334,78.516,78.675,84.224,81.67,79.121,78.239,78.419,80.429,58.519,59.502,70.547,86.687,72.037,85.124,87.297,88.696,95.107,79.066,77.221,85.392,84.937,87.697,87.366,87.322,77.906,72.653,91.518,92.993,101.06,44.256
89.651,207.88,82.601,64.404,77.662,100.81,70.753,129.83,74.283,2.286,2.459,112.56,128.24,113.76,77.402,109.96,82.399,78.902,78.093,93.19,71.987,92.725,75.257,83.532,79.38,115.08,82.003,72.498,87.403,83.772,83.736,91.017,92.327,67.668,88.55,90.324,92.719,72.143,70.282,64.512,64.179,66.027,68.187,78.081,81.006,105.81,80.434,69.166,64.55,92.703,89.678,89.597,64.138,116.36,115.4,111.74,111.47,108.52,103.47,0,1.549,102.66,83.706,76.888,77.047,82.596,80.042,77.493,76.611,76.791,78.801,63.403,64.386,75.431,91.571,76.921,88.974,85.669,82.486,86.967,71.017,69.812,87.02,86.565,91.517,89.862,89.642,76.278,71.025,89.89,91.365,99.43,82.575
97.396,215.63,90.346,72.149,85.407,108.56,78.498,137.58,82.028,0.737,0.91,120.31,135.99,121.51,85.147,117.71,90.144,86.647,85.838,100.94,79.732,100.47,83.002,91.277,87.125,122.82,89.748,80.243,95.148,91.517,91.481,98.762,100.07,75.413,96.295,98.069,100.46,79.888,78.027,72.257,71.924,73.772,75.932,85.826,88.751,113.55,88.179,76.911,72.295,100.45,97.423,97.342,71.883,124.11,123.14,119.49,119.22,116.26,111.21,1.549,0,110.41,91.451,84.633,84.792,90.341,87.787,85.238,84.356,84.536,86.546,71.148,72.131,83.176,99.316,84.666,96.719,93.414,90.231,94.712,78.762,77.557,94.765,94.31,99.262,97.607,97.387,84.023,78.77,97.635,99.11,107.18,90.32
83.963,217.36,88.289,72.617,87.142,102.17,66.673,133.91,83.763,114.09,114.96,116.64,132.32,117.84,86.882,114.04,84.295,88.861,87.734,95.086,80.2,94.621,84.11,85.428,81.276,116.98,83.899,74.394,89.299,85.25,85.632,87.893,89.027,61.98,86.654,88.37,90.765,81.623,79.762,72.725,72.392,71.715,77.667,83.769,86.694,100.12,82.33,71.062,60.47,94.063,91.038,90.957,60.058,120.44,119.48,115.82,115.55,112.6,107.55,102.66,110.41,0,85.602,86.529,87.006,84.492,81.938,79.389,78.507,78.687,80.697,57.715,58.698,69.743,85.883,71.233,84.32,87.565,89.5,96.447,79.87,78.025,85.124,84.669,86.893,86.562,86.518,78.174,72.921,91.786,93.261,101.33,78.495
100.31,215.21,70.774,66.587,84.987,58.519,45.061,111.7,79.203,95.136,96.001,94.429,110.11,95.629,82.322,91.829,70.453,88.618,88.445,92.474,74.242,92.009,78.152,100.85,78.664,114.36,84.233,74.728,99.623,84.41,94.192,86.959,88.093,78.325,87.028,88.131,90.526,77.063,75.202,66.767,66.212,64.181,70.214,68.204,69.179,82.858,68.488,64.732,39.682,50.41,47.385,47.304,38.446,98.229,97.264,93.609,93.339,90.384,85.334,83.706,91.451,85.602,0,87.24,86.763,105.02,97.36,89.713,87.067,87.247,89.257,74.06,75.043,86.088,102.23,87.578,89.109,87.962,91.408,94.292,73.912,72.067,85.498,85.043,85.959,85.628,85.584,78.508,70.309,89.174,90.649,98.714,57.707
