0,215.32,113.05,99.142,92.365,108.39,114.16,109.27,123.25,101.08,101.95,91.999,107.68,93.199,122.62,89.399,98.167,83.233,82.424,93.066,100.22,94.371,101.92,95.407,97.982,105.28,100.61,91.1,104.38,93.222,117.87,95.771,96.905,117.25,83.889,105.41,107.8,121.11,115.5,99.106,99.217,99.894,115.14,113.58,111.46,92.195,96.202,95.204,109.61,100.29,97.26,97.179,107.55,95.799,94.834,91.179,90.909,87.954,82.904,89.651,97.396,81.564,92.693,81.219,81.378,89.363,91.917,94.466,110.89,110.93,111.33,112.98,140.12,2.844,5.476,2.546,135.53,91.693,93.854,94.401,97.677,98.046,101.2,81.904,94.771,94.44,94.396,94.88,89.627,91.536,91.241,89.628,127.63
215.32,0,191.59,192.55,238.12,242.1,247.87,240.49,189.58,220.97,221.83,223.22,238.9,224.42,196.43,220.62,209.03,216.8,216.3,224.47,232.11,225.77,234.55,231.67,222.41,234.79,228.28,218.78,229.82,185.44,222.34,185.64,186.69,217.9,179.31,180.92,183.32,187.44,189.31,228.88,192.47,187,184.45,185.12,190,205.3,207.06,204.76,243.31,233.99,230.97,230.89,241.25,227.02,226.05,222.4,222.13,219.17,214.12,209.54,217.28,214.39,215.02,215.1,214.94,218.35,228.18,219.91,215.5,215.39,214.18,213.63,211.27,201.1,217.24,202.59,182.41,226.34,228.5,24.183,230.31,229.94,176.71,177.33,183.89,184.22,184.26,222.56,214.05,222.94,222.64,219.14,261.34
113.05,191.59,0,52.325,70.581,97.669,86.676,106.02,59.641,88.406,89.271,88.749,104.43,89.949,62.76,86.149,72.178,71.559,70.75,70.474,59.836,71.189,63.746,85.755,72.877,85.912,81.392,71.887,92.209,88.876,88.542,96.121,97.431,90.492,93.469,96.566,98.961,57.501,55.64,52.361,56.071,55.394,61.483,83.684,0.319,74.432,70.213,58.945,80.473,89.56,86.535,86.454,80.061,92.549,91.584,87.929,87.659,84.704,79.654,76.976,84.721,79.922,69.236,69.545,69.704,70.527,82.265,82.299,81.417,81.597,83.607,86.227,87.789,98.834,114.97,100.32,98.055,81.231,70.426,70.679,59.506,57.661,91.939,91.484,96.466,94.966,94.746,75.667,64.522,68.354,68.649,70.262,98.498
99.142,192.55,52.325,0,88.255,93.482,99.248,91.866,61.538,72.734,73.599,74.596,90.276,75.796,72.101,71.996,63.879,68.175,67.684,77.186,82.293,79.081,85.85,84.109,80.116,86.172,88.631,79.126,98.176,78.332,97.065,80.881,82.015,91.504,73.907,76.546,78.941,59.398,64.981,74.818,74.701,52.008,54.403,47.805,50.73,58.76,61.914,62.466,94.693,85.373,82.348,82.267,92.633,78.396,77.431,73.776,73.506,70.551,65.501,61.304,69.049,65.769,66.397,66.479,66.32,69.727,80.619,88.266,90.012,90.12,90.958,87.239,86.684,84.922,101.06,86.412,77.974,82.185,71.38,71.633,81.61,80.118,72.337,71.922,79.514,79.55,79.506,82.906,71.761,76.246,75.361,70.522,112.72
92.365,238.12,70.581,88.255,0,111.88,117.65,110.27,79.866,91.062,91.927,92.996,108.68,94.196,90.429,90.396,82.207,86.575,86.084,95.586,126.95,97.481,130.12,101.45,98.372,104.57,103.95,94.444,100.56,62.663,93.078,62.864,63.91,88.64,55.507,58.146,60.541,77.726,83.309,121.59,88.03,70.264,72.731,66.061,68.986,77.088,80.242,80.722,113.09,103.77,100.75,100.67,111.03,96.796,95.831,92.176,91.906,88.951,83.901,79.632,87.377,84.169,84.797,84.879,84.72,88.127,97.959,90.651,86.241,86.133,84.927,84.375,83.451,78.145,94.285,79.635,59.635,99.842,102,117.2,125.88,124.77,53.937,53.522,61.114,61.445,61.489,98.224,90.017,94.646,93.761,88.922,131.12
108.39,242.1,97.669,93.482,111.88,0,33.784,13.144,105.54,95.367,96.232,9.932,13.28,10.628,108.66,11.472,83.304,55.217,54.408,63.683,101.14,65.578,105.05,71.138,82.417,72.669,90.932,81.427,85.205,137.24,85.066,134.21,135.08,84.445,131.68,119.61,122,103.4,101.54,93.662,93.107,91.076,96.554,95.099,96.074,83.089,81.339,77.583,28.492,8.966,7.756,2.243,28.492,7.756,8.142,9.604,9.712,10.894,12.914,83.937,91.682,85.297,52.894,53.203,53.362,56.224,67.648,75.295,77.941,78.121,80.131,80.18,83.129,94.174,110.31,95.664,112.86,130.73,119.92,121.19,100.81,98.962,126.62,129.69,130.96,132.61,132.83,85.207,74.062,62.743,61.858,57.019,42.912
114.16,247.87,86.676,99.248,117.65,33.784,0,35.588,101.42,76.558,77.423,29.164,35.86,30.556,111.98,32.244,74.887,46.649,46.158,61.826,106.9,64.311,110.81,66.871,88.183,67.586,96.698,87.193,86.036,143.33,87.661,140.13,141,89.751,137.44,125.38,127.77,99.279,104.86,99.428,98.873,96.842,91.391,88.006,85.081,67.672,72.922,83.276,7.926,7.926,9.136,24.812,1.323,24.812,25.584,28.508,28.724,31.088,35.128,65.128,72.873,61.048,45.061,44.953,44.794,50.611,63.381,76.126,80.536,80.716,82.726,85.486,88.895,99.94,116.08,101.43,118.62,136.49,125.69,126.95,106.57,104.73,132.39,135.46,136.88,138.54,138.76,90.973,79.828,61.476,60.001,51.936,15.136
109.27,240.49,106.02,91.866,110.27,13.144,35.588,0,108.79,115.84,116.7,3.782,5.456,4.13,109.62,4.552,97.986,88.558,87.749,85.663,99.521,86.378,103.43,91.76,88.125,101.1,90.748,81.243,96.148,133.21,92.481,130.29,131.16,87.286,128.19,120.48,122.88,106.65,102.5,92.046,91.491,89.46,101.65,101.5,104.42,101.87,96.021,84.753,30.296,9.868,8.658,8.658,30.296,2.694,2.887,3.618,3.672,4.263,5.273,104.41,112.15,108.49,91.813,86.544,86.703,90.703,88.27,86.238,85.356,85.536,87.546,83.021,84.004,95.049,111.19,96.539,113.73,126.92,118.31,119.57,99.191,97.346,127.19,126.21,127.04,128.69,128.91,85.023,79.77,83.543,83.838,85.451,44.716
123.25,189.58,59.641,61.538,79.866,105.54,101.42,108.79,0,85.713,86.578,91.518,107.2,92.718,78.603,88.918,70.695,80.257,80.084,78.947,69.121,79.662,73.031,95.16,78.119,94.385,86.634,77.129,100.68,86.866,97.015,94.062,95.284,99.105,91.459,95.244,97.639,0.428,71.483,61.646,61.313,51.535,72.071,55.121,58.046,70.043,68.73,62.188,95.216,97.596,94.571,94.328,94.804,95.318,94.353,90.698,90.428,87.473,82.423,74.283,82.028,83.763,79.034,78.879,78.402,79,91.67,90.772,89.89,90.07,92.08,94.84,99.479,109.03,125.17,110.52,95.49,79.221,68.416,68.669,68.791,66.946,89.929,89.474,93.812,92.819,92.687,80.909,69.764,76.827,77.122,78.735,113.24
101.08,220.97,88.406,72.734,91.062,95.367,76.558,115.84,85.713,0,1.647,98.569,114.25,99.769,88.832,95.969,82.579,71.995,71.186,75.48,80.317,76.195,84.227,80.115,77.942,89.986,80.697,71.192,86.097,115.8,82.43,119.2,120.33,79.098,120.98,112.3,114.69,83.573,81.712,72.842,72.509,71.832,79.617,83.886,86.811,91.814,80.614,69.346,70.355,87.258,84.233,84.152,69.943,102.37,101.4,97.749,97.479,94.524,89.474,2.286,0.737,88.67,75.25,69.981,70.14,74.14,76.625,76.187,75.305,75.485,77.495,74.833,75.816,86.861,103,88.351,105.55,108.81,99.102,100.05,79.987,78.142,117.14,118.99,118.2,117.86,117.82,74.972,69.587,73.36,73.655,74.336,88.38
101.95,221.83,89.271,73.599,91.927,96.232,77.423,116.7,86.578,1.647,0,99.434,115.11,100.63,89.697,96.834,83.444,72.86,72.051,76.345,81.182,77.06,85.092,80.98,78.807,90.851,81.562,72.057,86.962,116.67,83.295,120.06,121.19,79.963,121.84,113.16,115.56,84.438,82.577,73.707,73.374,72.697,80.482,84.751,87.676,92.679,81.479,70.211,71.22,88.123,85.098,85.017,70.808,103.23,102.27,98.614,98.344,95.389,90.339,2.459,0.91,89.535,76.115,70.846,71.005,75.005,77.49,77.052,76.17,76.35,78.36,75.698,76.681,87.726,103.87,89.216,106.41,109.68,99.967,100.92,80.852,79.007,118,119.86,119.06,118.73,118.69,75.837,70.452,74.225,74.52,75.201,89.245
91.999,223.22,88.749,74.596,92.996,9.932,29.164,3.782,91.518,98.569,99.434,0,3.464,0.676,92.348,1.098,80.716,71.288,70.479,68.393,82.251,69.108,86.161,74.49,70.855,83.831,73.478,63.973,78.878,115.94,75.211,113.02,113.89,70.016,110.92,103.21,105.61,89.378,85.228,74.776,74.221,72.19,84.384,84.229,87.154,84.595,78.751,67.483,23.872,6.656,5.446,5.446,23.872,1.088,0.895,0.164,0.218,0.809,1.819,87.139,94.884,91.219,74.543,69.274,69.433,73.433,71,68.968,68.086,68.266,70.276,65.751,66.734,77.779,93.919,79.269,96.464,109.65,101.04,102.3,81.921,80.076,109.92,108.94,109.77,111.42,111.64,67.753,62.5,66.273,66.568,68.181,38.292
107.68,238.9,104.43,90.276,108.68,13.28,35.86,5.456,107.2,114.25,115.11,3.464,0,3.812,108.03,4.234,96.396,86.968,86.159,84.073,97.931,84.788,101.84,90.17,86.535,99.511,89.158,79.653,94.558,131.62,90.891,128.7,129.57,85.696,126.6,118.89,121.29,105.06,100.91,90.456,89.901,87.87,100.06,99.909,102.83,100.27,94.431,83.163,30.568,10.004,8.794,8.794,30.568,2.762,2.569,3.3,3.354,3.945,4.955,102.82,110.56,106.9,90.223,84.954,85.113,89.113,86.68,84.648,83.766,83.946,85.956,81.431,82.414,93.459,109.6,94.949,112.14,125.33,116.72,117.98,97.601,95.756,125.6,124.62,125.45,127.1,127.32,83.433,78.18,81.953,82.248,83.861,44.988
93.199,224.42,89.949,75.796,94.196,10.628,30.556,4.13,92.718,99.769,100.63,0.676,3.812,0,93.548,1.338,81.916,72.488,71.679,69.593,83.451,70.308,87.361,75.69,72.055,85.031,74.678,65.173,80.078,117.14,76.411,114.22,115.09,71.216,112.12,104.41,106.81,90.578,86.428,75.976,75.421,73.39,85.584,85.429,88.354,85.795,79.951,68.683,25.264,7.352,6.142,6.142,25.264,1.436,1.243,0.512,0.458,1.049,2.059,88.339,96.084,92.419,75.743,70.474,70.633,74.633,72.2,70.168,69.286,69.466,71.476,66.951,67.934,78.979,95.119,80.469,97.664,110.85,102.24,103.5,83.121,81.276,111.12,110.14,110.97,112.62,112.84,68.953,63.7,67.473,67.768,69.381,39.684
122.62,196.42,62.76,72.101,90.429,108.66,111.98,109.62,78.603,88.832,89.697,92.348,108.03,93.548,0,89.748,76.877,83.376,83.203,89.51,79.684,90.225,83.594,100.05,86.679,101.93,95.194,85.689,111.25,92.284,107.58,97.181,98.403,107.64,96.443,98.363,100.76,76.463,1.424,72.209,71.876,58.376,71.468,58.24,61.165,73.162,74.912,69.029,105.78,100.72,97.69,97.447,105.37,96.148,95.183,91.528,91.258,88.303,83.253,77.402,85.147,84.057,82.153,81.998,81.521,85.483,96.561,101.34,100.45,100.63,102.64,103.37,105.81,108.4,124.54,109.89,98.209,86.062,75.257,75.51,79.354,77.509,94.154,94.458,96.73,95.938,95.806,89.469,78.324,87.39,87.685,86.278,123.8
89.399,220.62,86.149,71.996,90.396,11.472,32.244,4.552,88.918,95.969,96.834,1.098,4.234,1.338,89.748,0,78.116,68.688,67.879,65.793,79.651,66.508,83.561,71.89,68.255,81.231,70.878,61.373,76.278,113.34,72.611,110.42,111.29,67.416,108.32,100.61,103.01,86.778,82.628,72.176,71.621,69.59,81.784,81.629,84.554,81.995,76.151,64.883,26.952,8.196,6.986,6.986,26.952,1.858,1.665,0.934,0.88,0.289,1.299,84.539,92.284,88.619,71.943,66.674,66.833,70.833,68.4,66.368,65.486,65.666,67.676,63.151,64.134,75.179,91.319,76.669,93.864,107.05,98.436,99.701,79.321,77.476,107.32,106.34,107.17,108.82,109.04,65.153,59.9,63.673,63.968,65.581,41.372
98.167,209.03,72.178,63.879,82.207,83.304,74.887,97.986,70.695,82.579,83.444,80.716,96.396,81.916,76.877,78.116,0,59.932,59.123,69.28,71.462,70.585,75.372,73.248,74.497,80.731,79.026,69.521,82.217,105.81,80.314,112.04,113.18,76.184,111.71,107.58,109.98,68.555,69.757,63.987,63.654,65.073,64.177,69.608,70.583,70.301,0.393,64.283,68.684,75.195,72.17,72.089,68.272,84.516,83.551,79.896,79.626,76.671,71.621,71.149,78.894,71.353,63.176,57.918,58.077,64.286,69.758,72.307,73.189,73.369,75.379,71.919,72.902,83.947,100.09,85.437,101.66,98.161,87.356,88.115,71.132,69.287,108.99,109.72,111.05,110.72,110.67,73.301,66.142,67.75,67.455,65.081,86.709
83.233,216.8,71.559,68.175,86.575,55.217,46.649,88.558,80.257,71.995,72.86,71.288,86.968,72.488,83.376,68.688,59.932,0,70.864,58.245,75.83,58.96,79.74,66.833,60.707,73.683,65.821,56.316,71.221,108.53,67.554,104.25,105.12,61.25,102.16,94.448,96.843,78.117,76.256,68.355,67.8,64.981,71.268,68.989,69.964,59.717,57.967,54.211,41.27,47.108,44.083,44.002,40.034,75.088,74.123,70.468,70.198,67.243,62.193,60.565,68.31,68.975,68.732,69.659,0.371,61.27,63.343,61.311,60.429,60.609,62.619,56.985,57.968,69.013,85.153,70.503,87.698,103.84,94.615,95.88,75.5,73.655,101.46,100.17,101,102.66,102.88,60.096,52.352,56.125,56.42,58.033,59.295
82.424,216.3,70.75,67.684,86.084,54.408,46.158,87.749,80.084,71.186,72.051,70.479,86.159,71.679,83.203,67.879,59.123,70.864,0,57.436,75.339,58.151,79.249,66.342,59.898,72.874,65.33,55.825,70.73,107.55,67.063,103.42,104.29,60.441,101.35,93.639,96.034,77.944,76.083,67.864,67.309,64.172,71.095,68.18,69.155,58.908,57.158,53.402,40.779,46.299,43.274,43.193,39.543,74.279,73.314,69.659,69.389,66.434,61.384,59.756,67.501,67.848,68.559,0.241,69.009,60.779,62.852,60.82,59.938,60.118,62.128,56.176,57.159,68.204,84.344,69.694,86.889,103.64,94.124,95.389,75.009,73.164,100.65,99.364,100.17,101.83,102.05,59.605,51.543,55.316,55.611,57.224,58.804
93.066,224.47,70.474,77.186,95.586,63.683,61.826,85.663,78.947,75.48,76.345,68.393,84.073,69.593,89.51,65.793,69.28,58.245,57.436,0,84.841,82.037,88.751,82.791,76.238,90.898,81.807,72.302,90.935,107.57,87.268,105.79,106.75,71.083,105.46,98.963,101.36,76.807,82.39,77.366,76.811,73.447,71.812,69.854,68.879,64.82,67.315,66.024,56.447,55.574,52.549,52.468,55.211,72.193,71.228,67.573,67.303,64.348,59.298,64.05,71.795,58.494,73.343,56.231,56.39,74.453,79.301,81.025,80.143,80.323,82.333,66.818,67.801,78.846,94.986,80.336,92.511,105.92,102.79,103.55,84.511,82.666,103.17,103.47,103.29,104.28,104.42,76.082,67.883,79.202,0.365,75.248,74.472
100.22,232.11,59.836,82.293,126.95,101.14,106.9,99.521,69.121,80.317,81.182,82.251,97.931,83.451,79.684,79.651,71.462,75.83,75.339,84.841,0,86.736,137.83,91.764,87.627,93.827,96.142,86.637,104.85,77.758,100.77,77.959,79.005,94.775,70.602,73.241,75.636,66.981,72.564,131.52,82.068,59.519,61.986,55.316,58.241,66.343,69.497,69.977,102.35,93.028,90.003,89.922,100.29,86.051,85.086,81.431,81.161,78.206,73.156,68.887,76.632,73.424,74.052,74.134,73.975,77.382,88.274,94.936,93.791,93.827,93.529,90.51,88.21,86.001,102.14,87.491,74.73,99.433,101.59,111.2,133.59,0.435,69.032,68.617,76.209,76.54,76.584,90.417,79.272,83.901,83.016,78.177,120.37
94.371,225.77,71.189,79.081,97.481,65.578,64.311,86.378,79.662,76.195,77.06,69.108,84.788,70.308,90.225,66.508,70.585,58.96,58.151,82.037,86.736,0,90.646,83.506,78.133,91.023,83.702,74.197,92.24,109.46,88.573,107.69,108.64,72.388,106.99,99.678,102.07,77.522,83.105,79.261,78.706,75.342,72.527,70.569,69.594,65.535,68.62,67.919,58.932,57.469,54.444,54.363,57.696,72.908,71.943,68.288,68.018,65.063,60.013,64.765,72.51,59.209,73.468,56.946,57.105,74.578,80.016,82.33,81.448,81.628,83.638,68.123,69.106,80.151,96.291,81.641,93.226,106.9,104.1,104.86,86.406,84.561,103.89,105,105.19,106.18,106.31,77.977,69.778,0.567,80.212,75.373,76.957
101.92,234.55,63.746,85.85,130.12,105.05,110.81,103.43,73.031,84.227,85.092,86.161,101.84,87.361,83.594,83.561,75.372,79.74,79.249,88.751,137.83,90.646,0,95.674,91.537,97.737,100.05,90.547,107.35,77.978,102.57,78.179,79.225,96.533,70.822,73.461,75.856,70.891,76.474,132.48,85.625,63.429,65.896,59.226,62.151,70.253,73.407,73.887,106.26,96.938,93.913,93.832,104.2,89.961,88.996,85.341,85.071,82.116,77.066,72.797,80.542,77.334,77.962,78.044,77.885,81.292,92.184,97.435,95.663,95.627,95.225,92.268,89.906,87.697,103.84,89.187,74.95,101.87,104.03,113.63,0.848,135.66,69.252,68.837,76.429,76.76,76.804,94.327,83.182,87.811,86.926,82.087,124.28
95.407,231.67,85.755,84.109,101.45,71.138,66.871,91.76,95.16,80.115,80.98,74.49,90.17,75.69,100.05,71.89,73.248,66.833,66.342,82.791,91.764,83.506,95.674,0,79.931,98.229,85.5,75.995,100.89,90.104,95.459,87.957,88.915,73.424,88.115,95.337,97.732,93.02,92.931,84.289,83.734,80.355,85.734,83.703,84.16,69.533,71.283,69.717,61.492,63.029,60.004,59.923,60.256,78.29,77.325,73.67,73.4,70.445,65.395,68.685,76.43,64.591,81.734,65.137,64.978,90.965,0.698,90.98,88.334,88.514,90.524,69.159,70.142,81.187,97.327,82.677,98.608,92.13,101.38,110.75,91.434,89.589,93.934,86.13,85.457,86.45,86.582,79.775,71.576,80.671,80.966,82.579,79.517
97.982,222.41,72.877,80.116,98.372,82.417,88.183,88.125,78.119,77.942,78.807,70.855,86.535,72.055,86.679,68.255,74.497,60.707,59.898,76.238,87.627,78.133,91.537,79.931,0,85.224,108.58,99.073,93.998,100.92,93.859,99.146,100.1,76.134,98.806,97.052,99.447,75.979,79.559,80.152,80.114,87.135,70.984,70.307,71.282,67.282,72.532,85.706,83.317,74.308,71.283,71.202,81.568,74.655,73.69,70.035,69.765,66.81,61.76,66.512,74.257,60.956,67.669,58.693,58.852,68.779,76.441,84.088,86.734,86.914,88.924,71.869,72.852,83.762,99.902,85.252,94.823,98.355,97.552,101.49,87.297,85.452,98.455,96.821,96.646,97.639,97.771,102.85,1.671,75.298,74.413,69.574,101.34
105.28,234.79,85.912,86.172,104.57,72.669,67.586,101.1,94.385,89.986,90.851,83.831,99.511,85.031,101.93,81.231,80.731,73.683,72.874,90.898,93.827,91.023,97.737,98.229,85.224,0,90.793,81.288,103.15,116.36,99.48,114.21,115.17,83.295,114.37,113.84,116.23,92.245,94.808,86.352,85.797,82.433,87.081,85.05,84.317,77.777,78.766,75.01,62.207,64.56,61.535,61.454,60.971,87.631,86.666,83.011,82.741,79.786,74.736,78.556,86.301,73.932,91.075,71.669,71.828,93.117,94.739,93.237,92.355,92.535,94.545,79.03,80.013,91.058,107.2,92.548,107.95,115.68,112.61,113.88,93.497,91.652,118.04,112.38,111.71,112.7,112.84,85.068,76.869,88.188,89.073,3.13,80.232
100.6,228.28,81.392,88.631,103.95,90.932,96.698,90.748,86.634,80.697,81.562,73.478,89.158,74.678,95.194,70.878,79.026,65.821,65.33,81.807,96.142,83.702,100.05,85.5,108.58,90.793,0,1.901,99.567,97.651,99.428,95.877,96.835,78.757,96.035,99.675,102.07,84.494,88.074,88.667,88.629,95.65,79.499,78.822,79.797,71.811,77.061,85.919,91.832,82.823,79.798,79.717,90.083,77.278,76.313,72.658,72.388,69.433,64.383,69.267,77.012,63.579,73.238,64.125,63.966,74.348,82.01,89.657,92.303,92.483,94.493,74.492,75.475,86.385,102.53,87.875,97.446,96.778,100.18,107.37,95.812,93.967,99.479,94.05,93.377,94.37,94.502,1.145,100.22,80.867,79.982,75.143,109.86
91.1,218.78,71.887,79.126,94.444,81.427,87.193,81.243,77.129,71.192,72.057,63.973,79.653,65.173,85.689,61.373,69.521,56.316,55.825,72.302,86.637,74.197,90.547,75.995,99.073,81.288,1.901,0,90.062,88.146,89.923,86.372,87.33,69.252,86.53,90.17,92.565,74.989,78.569,79.162,79.124,86.145,69.994,69.317,70.292,62.306,67.556,76.414,82.327,73.318,70.293,70.212,80.578,67.773,66.808,63.153,62.883,59.928,54.878,59.762,67.507,54.074,63.733,54.62,54.461,64.843,72.505,80.152,82.798,82.978,84.988,64.987,65.97,76.88,93.02,78.37,87.941,87.273,90.67,97.861,86.307,84.462,89.974,84.545,83.872,84.865,84.997,0.756,90.718,71.362,70.477,65.638,100.35
104.38,229.82,92.209,98.176,100.56,85.205,86.036,96.148,100.68,86.097,86.962,78.878,94.558,80.078,111.25,76.278,82.217,71.221,70.73,90.935,104.85,92.24,107.34,100.89,93.998,103.15,99.567,90.062,0,83.779,109.53,81.632,82.59,82.393,81.79,89.012,91.407,98.542,104.13,98.356,97.801,94.422,93.547,91.589,90.614,77.211,80.252,83.784,80.657,77.096,74.071,73.99,79.421,82.678,81.713,78.058,77.788,74.833,69.783,74.667,82.412,68.979,86.122,69.525,69.366,89.738,97.4,1.982,102.4,102.58,104.59,78.128,79.111,90.156,106.3,91.646,103,85.805,95.737,108.9,103.1,102.67,87.609,79.805,79.132,80.125,80.257,93.842,85.643,89.405,89.11,87.497,98.682
93.222,185.44,88.876,78.332,62.663,137.24,143.33,133.21,86.866,115.8,116.66,115.94,131.62,117.14,92.284,113.34,105.81,108.53,107.55,107.57,77.758,109.46,77.978,90.104,100.92,116.36,97.651,88.146,83.779,0,76.224,89.353,90.311,70.982,59.603,76.615,79.01,84.726,85.164,80.883,78.557,79.256,81.729,82.406,87.281,101.83,103.84,95.079,138.78,129.46,126.43,126.03,136.72,119.74,118.78,115.12,114.85,111.89,106.84,104.37,112.11,106.63,104.93,106.34,106.68,99.384,86.614,73.869,69.459,69.279,67.269,66.717,81.211,79.002,95.142,80.492,75.265,86.913,89.074,64.524,73.738,75.583,78.018,57.618,86.853,87.846,87.978,91.926,92.565,106.63,105.74,100.71,156.8
117.87,222.34,88.542,97.065,93.078,85.066,87.661,92.481,97.015,82.43,83.295,75.211,90.891,76.411,107.58,72.611,80.314,67.554,67.063,87.268,100.77,88.573,102.57,95.459,93.859,99.48,99.428,89.923,109.53,76.224,0,74.077,75.035,112.49,74.235,81.457,83.852,94.875,100.46,97.173,96.84,94.283,89.88,87.922,86.947,73.544,78.349,82.105,82.282,76.957,73.932,73.851,81.046,79.011,78.046,74.391,74.121,71.166,66.116,71,78.745,65.312,82.455,65.858,65.699,84.307,91.969,99.616,139.36,1.389,138.26,108.22,105.86,103.65,119.79,105.14,99.914,78.25,88.254,101.42,98.332,98.597,80.054,72.25,71.577,72.57,72.702,93.703,85.504,85.738,85.443,83.83,100.31
95.771,185.64,96.121,80.881,62.864,134.21,140.13,130.29,94.062,119.2,120.06,113.02,128.7,114.22,97.181,110.42,112.04,104.25,103.42,105.79,77.959,107.69,78.179,87.957,99.146,114.21,95.877,86.372,81.632,89.353,74.077,0,95.208,68.835,62.152,79.164,81.559,91.922,90.061,81.084,81.106,81.805,88.605,89.651,94.526,106.72,110.08,95.494,135.58,126.26,123.23,122.99,133.52,116.82,115.85,112.2,111.93,108.97,103.92,107.77,115.51,102.58,102.79,102.22,102.4,97.237,84.467,71.722,67.312,67.132,65.122,64.57,83.76,81.551,97.691,83.041,77.814,84.766,86.927,64.725,73.939,75.784,80.567,60.167,91.75,92.743,0.275,90.152,90.791,104.85,103.97,98.562,153.6
96.905,186.69,97.431,82.015,63.91,135.08,141,131.16,95.284,120.33,121.19,113.89,129.57,115.09,98.403,111.29,113.18,105.12,104.29,106.75,79.005,108.64,79.225,88.915,100.1,115.17,96.835,87.33,82.59,90.311,75.035,95.208,0,69.793,63.286,80.298,82.693,93.144,91.283,82.13,82.24,82.939,89.827,90.961,95.836,107.94,111.22,96.54,136.45,127.13,124.1,123.86,134.39,117.69,116.72,113.07,112.8,109.84,104.79,108.9,116.64,103.45,103.74,103.09,103.27,98.195,85.425,72.68,68.27,68.09,66.08,65.528,84.894,82.685,98.825,84.175,78.948,85.724,87.885,65.771,74.985,76.83,81.701,61.301,92.972,0.493,93.833,91.11,91.749,105.81,104.92,99.52,154.47
117.25,217.9,90.492,91.504,88.64,84.445,89.751,87.286,99.105,79.098,79.963,70.016,85.696,71.216,107.64,67.416,76.184,61.25,60.441,71.083,94.775,72.388,96.533,73.424,76.134,83.295,78.757,69.252,82.393,70.982,112.49,68.835,69.793,0,68.993,76.215,78.61,96.965,100.52,91.54,91.319,89.616,91.898,89.867,88.897,70.212,74.219,72.93,84.372,76.336,73.311,73.23,83.136,73.816,72.851,69.196,68.926,65.971,60.921,67.668,75.413,59.581,70.71,59.236,59.395,67.38,69.934,72.483,105.51,105.54,106.53,0.853,105.24,103.03,119.17,104.52,99.292,73.008,83.813,96.982,92.293,92.6,74.812,67.008,66.335,67.328,67.46,73.032,67.779,69.553,69.258,67.645,102.4
83.889,179.31,93.469,73.907,55.507,131.68,137.44,128.19,91.459,120.98,121.84,110.92,126.6,112.12,96.443,108.32,111.71,102.16,101.35,105.46,70.602,106.99,70.822,88.115,98.806,114.37,96.035,86.53,81.79,59.603,74.235,62.152,63.286,68.993,0,59.808,62.203,89.319,89.323,73.727,74.282,77.667,86.322,86.999,91.874,108.94,109.74,92.068,132.89,123.57,120.55,120.46,130.83,114.72,113.76,110.1,109.83,106.88,101.83,109.55,117.29,100.49,102.94,100.14,100.3,97.395,84.625,71.88,67.47,67.29,65.28,64.728,76.296,69.669,85.809,71.159,58.458,58.074,64.557,58.397,66.582,68.427,83.571,0.397,83.394,60.821,60.777,90.31,90.451,104.15,103.63,98.72,150.91
105.41,180.92,96.566,76.546,58.146,119.61,125.38,120.48,95.244,112.3,113.16,103.21,118.89,104.41,98.363,100.61,107.58,94.448,93.639,98.963,73.241,99.678,73.461,95.337,97.052,113.83,99.675,90.17,89.012,76.615,81.457,79.164,80.298,76.215,59.808,0,0.479,93.104,91.243,76.366,76.921,80.306,89.614,90.096,94.971,103.41,105.62,86.838,120.82,111.5,108.47,108.39,118.76,107.01,106.05,102.39,102.12,99.169,94.119,100.87,108.61,92.779,103.47,92.434,92.593,97.92,91.847,79.102,74.692,74.512,72.502,71.95,93.396,91.187,107.33,92.677,87.45,75.086,77.247,60.007,69.221,71.066,87.291,57.823,78.164,77.833,77.789,93.95,88.697,96.843,97.138,98.185,138.84
107.8,183.32,98.961,78.941,60.541,122,127.77,122.88,97.639,114.69,115.56,105.61,121.29,106.81,100.76,103.01,109.98,96.843,96.034,101.36,75.636,102.07,75.856,97.732,99.447,116.23,102.07,92.565,91.407,79.01,83.852,81.559,82.693,78.61,62.203,0.479,0,95.499,93.638,78.761,79.316,82.701,92.009,92.491,97.366,105.8,108.01,89.233,123.22,113.9,110.87,110.79,121.16,109.41,108.44,104.79,104.52,101.56,96.514,103.26,111.01,95.174,105.86,94.829,94.988,100.31,94.242,81.497,77.087,76.907,74.897,74.345,95.791,93.582,109.72,95.072,89.845,77.481,79.642,62.402,71.616,73.461,89.686,60.218,80.559,80.228,80.184,96.345,91.092,99.238,99.533,100.58,141.24
121.11,187.44,57.501,59.398,77.726,103.4,99.279,106.65,0.428,83.573,84.438,89.378,105.06,90.578,76.463,86.778,68.555,78.117,77.944,76.807,66.981,77.522,70.891,93.02,75.979,92.245,84.494,74.989,98.542,84.726,94.875,91.922,93.144,96.965,89.319,93.104,95.499,0,69.343,59.506,59.173,49.395,69.931,52.981,55.906,67.903,66.59,60.048,93.076,95.456,92.431,92.188,92.664,93.178,92.213,88.558,88.288,85.333,80.283,72.143,79.888,81.623,76.894,76.739,76.262,76.86,89.53,88.632,87.75,87.93,89.94,92.7,97.339,106.89,123.03,108.38,93.35,77.081,66.276,66.529,66.651,64.806,87.789,87.334,91.672,90.679,90.547,78.769,67.624,74.687,74.982,76.595,111.1
115.5,189.31,55.64,64.981,83.309,101.54,104.86,102.5,71.483,81.712,82.577,85.228,100.91,86.428,1.424,82.628,69.757,76.256,76.083,82.39,72.564,83.105,76.474,92.931,79.559,94.808,88.074,78.569,104.13,85.164,100.46,90.061,91.283,100.52,89.323,91.243,93.638,69.343,0,65.089,64.756,51.256,64.348,51.12,54.045,66.042,67.792,61.909,98.659,93.595,90.57,90.327,98.247,89.028,88.063,84.408,84.138,81.183,76.133,70.282,78.027,76.937,75.033,74.878,74.401,78.363,89.441,94.215,93.333,93.513,95.523,96.251,98.692,101.28,117.42,102.77,91.089,78.942,68.137,68.39,72.234,70.389,87.034,87.338,89.61,88.818,88.686,82.349,71.204,80.27,80.565,79.158,116.68
99.106,228.88,52.361,74.818,121.59,93.662,99.428,92.046,61.646,72.842,73.707,74.776,90.456,75.976,72.209,72.176,63.987,68.355,67.864,77.366,131.52,79.261,132.48,84.289,80.152,86.352,88.667,79.162,98.356,80.883,97.173,81.084,82.13,91.54,73.727,76.366,78.761,59.506,65.089,0,74.593,52.044,54.511,47.841,50.766,58.868,62.022,62.502,94.873,85.553,82.528,82.447,92.813,78.576,77.611,73.956,73.686,70.731,65.681,61.412,69.157,65.949,66.577,66.659,66.5,69.907,80.799,88.446,90.12,90.228,90.994,87.275,86.72,84.886,101.03,86.376,77.855,96.198,98.359,107.96,128.24,129.34,72.157,71.742,79.334,79.665,79.709,82.942,71.797,76.426,75.541,70.702,112.9
99.217,192.47,56.071,74.701,88.03,93.107,98.873,91.491,61.313,72.509,73.374,74.221,89.901,75.421,71.876,71.621,63.654,67.8,67.309,76.811,82.068,78.706,85.625,83.734,80.114,85.797,88.629,79.124,97.801,78.557,96.84,81.106,82.24,91.319,74.282,76.921,79.316,59.173,64.756,74.593,0,61.821,54.178,53.501,54.476,58.535,61.689,62.464,94.318,84.998,81.973,81.892,92.258,78.021,77.056,73.401,73.131,70.176,65.126,61.079,68.824,65.394,66.022,66.104,65.945,69.352,80.244,87.891,89.787,89.895,90.883,87.054,86.609,84.997,101.14,86.487,78.199,82.11,71.305,71.558,81.385,79.893,72.712,72.297,79.889,79.775,79.731,82.904,71.759,75.871,74.986,70.147,112.34
99.894,187,55.394,52.008,70.264,91.076,96.842,89.46,51.535,71.832,72.697,72.19,87.87,73.39,58.376,69.59,65.073,64.981,64.172,73.447,59.519,75.342,63.429,80.355,87.135,82.433,95.65,86.145,94.422,79.256,94.283,81.805,82.939,89.616,77.667,80.306,82.701,49.395,51.256,52.044,61.821,0,53.501,52.824,53.799,57.858,63.108,74.361,92.287,82.967,79.942,79.861,90.227,75.99,75.025,71.37,71.1,68.145,63.095,60.402,68.147,63.363,62.658,62.967,63.126,65.988,76.865,84.512,87.158,87.338,89.348,85.351,85.01,85.674,101.81,87.164,80.23,76.135,65.33,66.089,59.189,57.344,76.097,75.682,80.805,80.474,80.43,89.925,78.78,72.507,71.622,66.783,110.31
115.13,184.45,61.483,54.403,72.731,96.554,91.391,101.65,72.071,79.617,80.482,84.384,100.06,85.584,71.468,81.784,64.177,71.268,71.095,71.812,61.986,72.527,65.896,85.734,70.984,87.081,79.499,69.994,93.547,81.729,89.88,88.605,89.827,91.898,86.322,89.614,92.009,69.931,64.348,54.511,54.178,53.501,0,61.821,59.888,63.947,62.212,57.052,85.188,88.607,85.582,85.339,84.776,88.184,87.219,83.564,83.294,80.339,75.289,68.187,75.932,76.093,70.03,69.89,69.413,71.166,82.244,83.637,82.755,82.935,84.945,87.633,90.582,100.91,117.05,102.41,90.033,74.084,63.279,63.532,61.656,59.811,84.792,84.337,88.355,87.362,87.23,73.774,62.629,69.692,69.987,71.431,103.21
113.58,185.12,83.684,47.805,66.061,95.099,88.006,101.5,55.121,83.886,84.751,84.229,99.909,85.429,58.24,81.629,69.608,68.989,68.18,69.854,55.316,70.569,59.226,83.703,70.307,85.05,78.822,69.317,91.589,82.406,87.922,89.651,90.961,89.867,86.999,90.096,92.491,52.981,51.12,47.841,53.501,52.824,61.821,0,82.089,69.912,67.643,56.375,81.803,86.99,83.965,83.884,81.391,88.029,87.064,83.409,83.139,80.184,75.134,72.456,80.201,75.402,66.666,66.975,67.134,69.135,80.213,81.679,80.797,80.977,82.987,85.602,88.395,99.364,115.5,100.85,91.585,74.761,63.956,64.209,54.986,53.141,85.469,85.014,89.996,88.496,88.276,73.097,61.952,67.734,68.029,69.4,99.828
111.46,190,0.319,50.73,68.986,96.074,85.081,104.42,58.046,86.811,87.676,87.154,102.83,88.354,61.165,84.554,70.583,69.964,69.155,68.879,58.241,69.594,62.151,84.16,71.282,84.317,79.797,70.292,90.614,87.281,86.947,94.526,95.836,88.897,91.874,94.971,97.366,55.906,54.045,50.766,54.476,53.799,59.888,82.089,0,72.837,68.618,57.35,78.878,87.965,84.94,84.859,78.466,90.954,89.989,86.334,86.064,83.109,78.059,75.381,83.126,78.327,67.641,67.95,68.109,68.932,80.67,80.704,79.822,80.002,82.012,84.632,86.194,97.239,113.38,98.729,96.46,79.636,68.831,69.084,57.911,56.066,90.344,89.889,94.871,93.371,93.151,74.072,62.927,66.759,67.054,68.667,96.903
92.195,205.3,74.432,58.76,77.088,83.089,67.672,101.87,70.043,91.814,92.679,84.595,100.28,85.795,73.162,81.995,70.301,59.717,58.908,64.82,66.343,65.535,70.253,69.533,67.282,77.777,71.811,62.306,77.211,101.83,73.544,106.72,107.94,70.212,108.94,103.41,105.8,67.903,66.042,58.868,58.535,57.858,63.947,69.912,72.837,0,68.336,57.068,61.469,74.98,71.955,71.874,61.057,88.395,87.43,83.775,83.505,80.55,75.5,80.384,88.129,74.696,62.972,57.703,57.862,61.862,66.043,67.301,66.419,66.599,68.609,65.947,66.93,77.975,94.115,79.465,96.66,94.431,83.626,84.385,66.013,64.168,107.05,106.95,105.92,105.48,105.35,66.086,58.927,62.7,62.995,62.127,79.494
96.202,207.07,70.213,61.914,80.242,81.339,72.922,96.021,68.73,80.614,81.479,78.751,94.431,79.951,74.912,76.151,0.393,57.967,57.158,67.315,69.497,68.62,73.407,71.283,72.532,78.766,77.061,67.556,80.252,103.84,78.349,110.08,111.22,74.219,109.74,105.62,108.01,66.59,67.792,62.022,61.689,63.108,62.212,67.643,68.618,68.336,0,62.318,66.719,73.23,70.205,70.124,66.307,82.551,81.586,77.931,77.661,74.706,69.656,69.184,76.929,69.388,61.211,55.953,56.112,62.321,67.793,70.342,71.224,71.404,73.414,69.954,70.937,81.982,98.122,83.472,99.7,96.196,85.391,86.15,69.167,67.322,107.02,107.76,109.08,108.75,108.7,71.336,64.177,65.785,65.49,63.116,84.744
95.204,204.76,58.945,62.466,80.722,77.583,83.276,84.753,62.188,69.346,70.211,67.483,83.163,68.683,69.029,64.883,64.283,54.211,53.402,66.024,69.977,67.919,73.887,69.717,85.706,75.01,85.919,76.414,83.784,95.079,82.105,95.494,96.54,72.93,92.068,86.838,89.233,60.048,61.909,62.502,62.464,74.361,57.052,56.375,57.35,57.068,62.318,0,77.897,69.474,66.449,66.368,76.661,71.283,70.318,66.663,66.393,63.438,58.388,57.916,65.661,58.12,57.455,52.197,52.356,58.565,66.227,73.874,74.98,75.16,77.17,68.665,70.074,80.984,97.124,82.474,85.488,89.499,83.085,83.844,69.647,67.802,88.241,90.083,93.744,94.075,94.119,80.194,77.351,65.084,64.199,59.36,95.922
109.6,243.31,80.473,94.693,113.09,28.492,7.926,30.296,95.216,70.355,71.22,23.872,30.568,25.264,105.78,26.952,68.684,41.27,40.779,56.447,102.35,58.932,106.26,61.492,83.317,62.207,91.832,82.327,80.657,138.78,82.282,135.58,136.45,84.372,132.89,120.82,123.21,93.076,98.659,94.873,94.318,92.287,85.188,81.803,78.878,61.469,66.719,77.897,0,5.28,6.49,19.52,5.28,19.52,20.292,23.216,23.432,25.796,29.836,58.925,66.67,54.845,39.682,39.574,39.415,45.232,58.002,70.747,75.157,75.337,77.347,80.107,84.34,95.385,111.52,96.875,114.07,131.94,121.13,122.4,102.02,100.17,127.83,130.9,132.33,133.98,134.2,86.107,74.962,56.097,54.622,46.557,3.605
100.28,233.99,89.56,85.373,103.77,8.966,7.926,9.868,97.596,87.258,88.123,6.656,10.004,7.352,100.72,8.196,75.195,47.108,46.299,55.574,93.028,57.469,96.938,63.029,74.308,64.56,82.823,73.318,77.096,129.45,76.957,126.26,127.13,76.336,123.57,111.5,113.89,95.456,93.595,85.553,84.998,82.967,88.607,86.99,87.965,74.98,73.23,69.474,5.28,0,0.605,4.48,5.28,4.48,4.866,6.328,6.436,7.618,9.638,75.828,83.573,77.188,44.785,45.094,45.253,48.115,59.539,67.186,69.832,70.012,72.022,72.071,75.02,86.065,102.2,87.555,104.75,122.62,111.81,113.08,92.698,90.853,118.51,121.58,123.01,124.66,124.88,77.098,65.953,54.634,53.749,48.91,12.49
97.26,230.97,86.535,82.348,100.75,7.756,9.136,8.658,94.571,84.233,85.098,5.446,8.794,6.142,97.69,6.986,72.17,44.083,43.274,52.549,90.003,54.444,93.913,60.004,71.283,61.535,79.798,70.293,74.071,126.43,73.932,123.23,124.1,73.311,120.54,108.47,110.87,92.431,90.57,82.528,81.973,79.942,85.582,83.965,84.94,71.955,70.205,66.449,6.49,0.605,0,3.27,6.49,3.27,3.656,5.118,5.226,6.408,8.428,72.803,80.548,74.163,41.76,42.069,42.228,45.09,56.514,64.161,66.807,66.987,68.997,69.046,71.995,83.04,99.18,84.53,101.72,119.59,108.79,110.05,89.673,87.828,115.49,118.56,119.98,121.64,121.86,74.073,62.928,51.609,50.724,45.885,13.7
97.179,230.89,86.454,82.267,100.67,2.243,24.812,8.658,94.328,84.152,85.017,5.446,8.794,6.142,97.447,6.986,72.089,44.002,43.193,52.468,89.922,54.363,93.832,59.923,71.202,61.454,79.717,70.212,73.99,126.02,73.851,122.99,123.86,73.23,120.46,108.39,110.79,92.188,90.327,82.447,81.892,79.861,85.339,83.884,84.859,71.874,70.124,66.368,19.52,4.48,3.27,0,19.52,3.27,3.656,5.118,5.226,6.408,8.428,72.722,80.467,74.082,41.679,41.988,42.147,45.009,56.433,64.08,66.726,66.906,68.916,68.965,71.914,82.959,99.099,84.449,101.64,119.51,108.71,109.97,89.592,87.747,115.41,118.48,119.74,121.4,121.62,73.992,62.847,51.528,50.643,45.804,33.94
107.54,241.25,80.061,92.633,111.03,28.492,1.323,30.296,94.804,69.943,70.808,23.872,30.568,25.264,105.37,26.952,68.272,40.034,39.543,55.211,100.29,57.696,104.2,60.256,81.568,60.971,90.083,80.578,79.421,136.72,81.046,133.52,134.39,83.136,130.83,118.76,121.15,92.664,98.247,92.813,92.258,90.227,84.776,81.391,78.466,61.057,66.307,76.661,5.28,5.28,6.49,19.52,0,19.52,20.292,23.216,23.432,25.796,29.836,58.513,66.258,54.433,38.446,38.338,38.179,43.996,56.766,69.511,73.921,74.101,76.111,78.871,82.28,93.325,109.46,94.815,112.01,129.88,119.07,120.34,99.958,98.113,125.77,128.84,130.27,131.92,132.14,84.358,73.213,54.861,53.386,45.321,12.49
95.799,227.02,92.549,78.396,96.796,7.756,24.812,2.694,95.318,102.37,103.23,1.088,2.762,1.436,96.148,1.858,84.516,75.088,74.279,72.193,86.051,72.908,89.961,78.29,74.655,87.631,77.278,67.773,82.678,119.74,79.011,116.82,117.69,73.816,114.72,107.01,109.41,93.178,89.028,78.576,78.021,75.99,88.184,88.029,90.954,88.395,82.551,71.283,19.52,4.48,3.27,3.27,19.52,0,0.193,0.924,0.978,1.569,2.579,90.939,98.684,95.019,78.343,73.074,73.233,77.233,74.8,72.768,71.886,72.066,74.076,69.551,70.534,81.579,97.719,83.069,100.26,113.45,104.84,106.1,85.721,83.876,113.72,112.74,113.57,115.22,115.44,71.553,66.3,70.073,70.368,71.981,33.94
94.834,226.05,91.584,77.431,95.831,8.142,25.584,2.887,94.353,101.4,102.27,0.895,2.569,1.243,95.183,1.665,83.551,74.123,73.314,71.228,85.086,71.943,88.996,77.325,73.69,86.666,76.313,66.808,81.713,118.78,78.046,115.85,116.72,72.851,113.76,106.05,108.44,92.213,88.063,77.611,77.056,75.025,87.219,87.064,89.989,87.43,81.586,70.318,20.292,4.866,3.656,3.656,20.292,0.193,0,0.731,0.785,1.376,2.386,89.974,97.719,94.054,77.378,72.109,72.268,76.268,73.835,71.803,70.921,71.101,73.111,68.586,69.569,80.614,96.754,82.104,99.299,112.48,103.87,105.14,84.756,82.911,112.75,111.77,112.6,114.26,114.48,70.588,65.335,69.108,69.403,71.016,34.712
91.179,222.4,87.929,73.776,92.176,9.604,28.508,3.618,90.698,97.749,98.614,0.164,3.3,0.512,91.528,0.934,79.896,70.468,69.659,67.573,81.431,68.288,85.341,73.67,70.035,83.011,72.658,63.153,78.058,115.12,74.391,112.2,113.07,69.196,110.1,102.39,104.79,88.558,84.408,73.956,73.401,71.37,83.564,83.409,86.334,83.775,77.931,66.663,23.216,6.328,5.118,5.118,23.216,0.924,0.731,0,0.054,0.645,1.655,86.319,94.064,90.399,73.723,68.454,68.613,72.613,70.18,68.148,67.266,67.446,69.456,64.931,65.914,76.959,93.099,78.449,95.644,108.83,100.22,101.48,81.101,79.256,109.1,108.12,108.95,110.6,110.82,66.933,61.68,65.453,65.748,67.361,37.636
90.909,222.13,87.659,73.506,91.906,9.712,28.724,3.672,90.428,97.479,98.344,0.218,3.354,0.458,91.258,0.88,79.626,70.198,69.389,67.303,81.161,68.018,85.071,73.4,69.765,82.741,72.388,62.883,77.788,114.85,74.121,111.93,112.8,68.926,109.83,102.12,104.52,88.288,84.138,73.686,73.131,71.1,83.294,83.139,86.064,83.505,77.661,66.393,23.432,6.436,5.226,5.226,23.432,0.978,0.785,0.054,0,0.591,1.601,86.049,93.794,90.129,73.453,68.184,68.343,72.343,69.91,67.878,66.996,67.176,69.186,64.661,65.644,76.689,92.829,78.179,95.374,108.56,99.946,101.21,80.831,78.986,108.83,107.85,108.68,110.33,110.55,66.663,61.41,65.183,65.478,67.091,37.852
87.954,219.17,84.704,70.551,88.951,10.894,31.088,4.263,87.473,94.524,95.389,0.809,3.945,1.049,88.303,0.289,76.671,67.243,66.434,64.348,78.206,65.063,82.116,70.445,66.81,79.786,69.433,59.928,74.833,111.89,71.166,108.97,109.84,65.971,106.88,99.169,101.56,85.333,81.183,70.731,70.176,68.145,80.339,80.184,83.109,80.55,74.706,63.438,25.796,7.618,6.408,6.408,25.796,1.569,1.376,0.645,0.591,0,1.01,83.094,90.839,87.174,70.498,65.229,65.388,69.388,66.955,64.923,64.041,64.221,66.231,61.706,62.689,73.734,89.874,75.224,92.419,105.6,96.991,98.256,77.876,76.031,105.87,104.89,105.72,107.38,107.6,63.708,58.455,62.228,62.523,64.136,40.216
82.904,214.12,79.654,65.501,83.901,12.914,35.128,5.273,82.423,89.474,90.339,1.819,4.955,2.059,83.253,1.299,71.621,62.193,61.384,59.298,73.156,60.013,77.066,65.395,61.76,74.736,64.383,54.878,69.783,106.84,66.116,103.92,104.79,60.921,101.83,94.119,96.514,80.283,76.133,65.681,65.126,63.095,75.289,75.134,78.059,75.5,69.656,58.388,29.836,9.638,8.428,8.428,29.836,2.579,2.386,1.655,1.601,1.01,0,78.044,85.789,82.124,65.448,60.179,60.338,64.338,61.905,59.873,58.991,59.171,61.181,56.656,57.639,68.684,84.824,70.174,87.369,100.55,91.941,93.206,72.826,70.981,100.82,99.844,100.67,102.33,102.55,58.658,53.405,57.178,57.473,59.086,44.256
89.651,209.54,76.976,61.304,79.632,83.937,65.128,104.41,74.283,2.286,2.459,87.139,102.82,88.339,77.402,84.539,71.149,60.565,59.756,64.05,68.887,64.765,72.797,68.685,66.512,78.556,69.267,59.762,74.667,104.37,71,107.77,108.9,67.668,109.55,100.87,103.26,72.143,70.282,61.412,61.079,60.402,68.187,72.456,75.381,80.384,69.184,57.916,58.925,75.828,72.803,72.722,58.513,90.939,89.974,86.319,86.049,83.094,78.044,0,1.549,77.24,63.82,58.551,58.71,62.71,65.195,64.757,63.875,64.055,66.065,63.403,64.386,75.431,91.571,76.921,94.116,97.381,87.672,88.625,68.557,66.712,105.71,107.56,106.77,106.44,106.39,63.542,58.157,61.93,62.225,62.906,76.95
97.396,217.28,84.721,69.049,87.377,91.682,72.873,112.15,82.028,0.737,0.91,94.884,110.56,96.084,85.147,92.284,78.894,68.31,67.501,71.795,76.632,72.51,80.542,76.43,74.257,86.301,77.012,67.507,82.412,112.11,78.745,115.51,116.64,75.413,117.29,108.61,111.01,79.888,78.027,69.157,68.824,68.147,75.932,80.201,83.126,88.129,76.929,65.661,66.67,83.573,80.548,80.467,66.258,98.684,97.719,94.064,93.794,90.839,85.789,1.549,0,84.985,71.565,66.296,66.455,70.455,72.94,72.502,71.62,71.8,73.81,71.148,72.131,83.176,99.316,84.666,101.86,105.13,95.417,96.37,76.302,74.457,113.45,115.31,114.51,114.18,114.14,71.287,65.902,69.675,69.97,70.651,84.695
81.564,214.39,79.922,65.769,84.169,85.297,61.048,108.49,83.763,88.67,89.535,91.219,106.9,92.419,84.057,88.619,71.353,68.975,67.848,58.494,73.424,59.209,77.334,64.591,60.956,73.932,63.579,54.074,68.979,106.63,65.312,102.58,103.45,59.581,100.49,92.779,95.174,81.623,76.937,65.949,65.394,63.363,76.093,75.402,78.327,74.696,69.388,58.12,54.845,77.188,74.163,74.082,54.433,95.019,94.054,90.399,90.129,87.174,82.124,77.24,84.985,0,65.716,66.643,67.12,64.606,61.101,59.069,58.187,58.367,60.377,55.316,56.299,67.344,83.484,68.834,86.029,100.82,92.209,93.474,73.094,71.249,99.794,98.504,99.335,100.99,101.21,57.854,52.601,56.374,56.669,58.282,72.87
92.693,215.02,69.236,66.397,84.797,52.894,45.061,91.813,79.034,75.25,76.115,74.543,90.223,75.743,82.153,71.943,63.176,68.732,68.559,73.343,74.052,73.468,77.962,81.734,67.669,91.075,73.238,63.733,86.122,104.93,82.455,102.79,103.75,70.71,102.94,103.47,105.86,76.894,75.033,66.577,66.022,62.658,70.03,66.666,67.641,62.972,61.211,57.455,39.682,44.785,41.76,41.679,38.446,78.343,77.378,73.723,73.453,70.498,65.448,63.82,71.565,65.716,0,67.354,66.877,79.598,78.244,76.212,75.33,75.51,77.52,66.445,67.428,78.473,94.613,79.963,97.158,101.98,92.837,94.102,73.722,71.877,107.43,100.96,100.29,101.28,101.41,67.513,59.314,70.633,71.518,75.425,57.707
