0,5928.7,3382.3,3281.8,3645.2,3903.3,3375.7,4434.7,3316.5,4298.8,4316.1,4089.3,4402.9,4113.3,3445.7,4037.3,3606.9,3917.7,3904.7,4193,3585.3,4194.3,3641.4,4422.4,4034.1,4560.2,4075.1,4264.7,4584.4,4071.3,4722.5,3979.7,4002.1,4272.6,3731.1,3891.2,3939.1,3273.7,3303.3,3499.4,3349.5,3394.3,3263.3,3286.1,3350.4,3533.8,3567.6,3683.1,3247,3740,3679.5,3679,3243.4,4165.3,4146,4072.9,4067.5,4008.4,3907.4,4070.2,4225.1,3880.6,4369.9,3880.6,3880.6,4258.9,4352.6,4386.2,4580.2,4583.6,4622.2,4187.3,4237.2,2.844,5.476,2.546,4087.5,3893.8,3650.9,3510.4,3556.6,3541.8,3819.5,3691.4,3956.8,3952.8,3952.2,3960.6,3867,4137.6,4156.5,4247.2,3607.5
5928.7,0,5863.2,5872.2,6899.4,5762.1,5718.7,5964,5927.3,5828.1,5845.4,5618.6,5932.2,5642.6,6064.8,5566.6,5995,5446.5,5432.6,5975.6,6134.3,6005.2,6211,5864.5,2758.2,6200.5,5963.4,6129.4,5903.4,6013.4,5851.4,5736.8,5757.3,5523.8,5516.3,5653.1,5701,5884.5,5922.4,5989,5922.5,6015.5,5852.3,5829.9,5831.3,5934.7,5955.7,2708.5,5599.1,5599.4,5538.9,5537.8,5586.4,5694.6,5675.3,5602.2,5596.8,5537.7,5436.7,5599.5,5754.4,5409.9,5990,5408.5,5409.4,5879,5794.7,5705.2,5713.2,5712.5,5705.2,5438.5,5567.8,5644.3,5967.1,5674.1,5771.5,6096.8,6585.2,24.183,6126.2,6090.8,5630.8,5476.6,5697.5,5708,5709.3,5848.9,2671.3,5948.5,5939.1,5887.5,5959.6
3382.3,5863.2,0,3790,3542.4,3613.4,3394.7,3862.8,4108.9,3726.9,3744.2,3517.4,3831,3541.4,4182,3465.4,4188.3,3344.6,3329.4,3546.4,3803,3570.6,3813.3,3397.1,3693.2,3785.4,3344.4,3383.4,3349,3200.7,3216.9,3078.9,3099.4,3017.6,2906.9,3035.5,3083.4,4066.1,4039.6,3970.5,3997.6,4069.3,4190.9,4622.8,0.319,4320.5,4149,3781,3264.6,3450.4,3389.9,3389.1,3262.4,3593.4,3574.1,3501,3495.6,3436.5,3335.5,3498.3,3653.2,3308.7,3573.5,3305.3,3307.5,3462.5,3327.3,3150.8,3079.3,3078,3063.5,2932.3,3058.8,3097.9,3420.7,3127.7,3079,2868.2,2989.2,3444.9,3728.5,3759.5,3005.6,2867.2,3039.7,3050.1,3051.4,3229.9,3526.1,3513.9,3509.9,3472.4,3625.1
3281.8,5872.2,3790,0,3485.9,3351.5,3250.4,3581,3896.6,3445.1,3462.4,3235.6,3549.2,3259.6,4020.3,3183.6,3829,3063.6,3050.1,3452.6,3767.2,3477.9,3774.5,3328.7,3726.8,3687.7,3313.6,3394.5,3304.6,3225,3182,3048.6,3068.9,2951.1,2850.2,2984.2,3032.1,3853.8,3877.9,4020.7,4016.9,3952.9,3831,3773.1,3758.1,3820.1,3789.7,3743.7,3126.2,3188.3,3127.8,3127.2,3118.1,3311.6,3292.3,3219.2,3213.8,3154.7,3053.7,3216.5,3371.4,3026.9,3477.7,3026,3026.5,3366.7,3258.9,3106.4,3044.2,3043.1,3031,2865.8,2961.2,2997.4,3320.2,3027.2,3065.9,3321.1,3502.6,3453.9,3689.7,3723.7,2968.3,2810.5,3007.7,3019.6,3021.1,3199.1,3559.7,3421.2,3416.1,3374.7,3486.7
3645.2,6899.4,3542.4,3485.9,0,3272.5,3219.4,3528.4,3560.6,3392.5,3409.8,3183,3496.6,3207,3685.2,3131,3711.3,3011.4,2998,3762.5,3704.7,3796.9,3782.1,3583.1,1252.7,3961.6,3628.4,3648.6,3589.2,3691.2,3582.3,3341.5,3361.9,3136.1,3120,3324.4,3372.3,3517.8,3542.8,3557.3,3543.8,3715.7,3493.9,3496,3510.5,3637,3672,1231.3,3095.4,3109.2,3048.7,3048.2,3087.1,3259,3239.7,3166.6,3161.2,3102.1,3001.1,3163.9,3318.8,2974.3,3746.9,2973.9,2974.3,3635.9,3513.3,3390.9,2886.5,3443.4,3425.7,3050.8,3334.3,3360.8,3683.6,3390.6,3320.9,3777.1,3984.5,4481.1,3697.3,3661.2,3298.1,3080.3,3301.4,3312.6,3314,3513.9,1179.2,3740.2,3726,3648.6,3455.9
3903.3,5762.1,3613.4,3351.5,3272.5,0,33.784,13.144,3520.7,20.742,21.088,9.932,13.28,10.628,3614.4,11.472,3781.1,31.402,30.882,4334.3,3390.6,4327.3,3425.8,4305.4,4090.6,4759.2,3595.2,3761.4,4199.3,3335.7,3776.3,3199.9,3221.2,3501.8,3033.4,3218.3,3266.2,3477.9,3472,3350.5,3382.7,3482,3461.3,3501.3,3581.5,3737.3,3741.8,3696.7,28.492,8.966,7.756,2.243,28.492,7.756,8.142,9.604,9.712,10.894,12.914,16.17,19.268,13.45,29.918,29.918,29.918,34.358,4235.6,4001.1,3919.9,3637.4,3618.3,3416.5,3685.5,3618.9,3941.7,3648.7,3423.4,3173.9,3262.8,3343.8,3341,3347.1,3159.5,2993.7,3167.6,3171.9,3172.4,3480.7,3923.5,4270.6,4297.8,4446.2,42.912
3375.7,5718.7,3394.7,3250.4,3219.4,33.784,0,35.588,3389.7,50.784,51.476,29.164,35.86,30.556,3505.6,32.244,3639.6,81.404,80.364,3897.2,3317.1,3892.7,3360,3873.8,3686.1,4309.2,3320.5,3363.3,3788,3087.8,3453.2,3025,3045.5,3156.9,2912.3,2943.3,2991.2,3346.9,3363.2,3250,3276.9,3398,3285.9,3296.5,3362.8,3595.1,3600.3,3478.3,7.926,7.926,9.136,24.812,1.323,24.812,25.584,28.508,28.724,31.088,35.128,41.64,47.836,36.2,78.436,78.436,78.436,87.316,3804,3589.8,3515.8,3314.3,3290,3071.6,3141.8,3091.3,3414.1,3121.1,2959,3021.3,3168.6,3300.4,3275.2,3273.6,2932.7,2872.6,2984.8,2996.2,2997.5,3206,3519,3836,3860.7,3996.2,15.136
4434.7,5964,3862.8,3581,3528.4,13.144,35.588,0,3785.1,9.187,9.36,3.782,5.456,4.13,3866,4.552,4092.7,13.333,13.073,4821.2,3629,4813.1,3662.9,4789.6,4561.3,5252.6,4051.2,4197.2,4673.3,3843.7,4277.9,3751.1,3773.4,4058.5,3494.6,3716.8,3764.7,3742.3,3723.6,3603.8,3620,3707.2,3716.1,3749.3,3830.9,4039.5,4053.3,4018.1,30.296,9.868,8.658,8.658,30.296,2.694,2.887,3.618,3.672,4.263,5.273,6.901,8.45,5.541,12.591,12.591,12.591,14.811,4719.8,4475.1,4390.5,4139,4122.9,3973.2,4204.5,4150.3,4473.1,4180.1,3930.6,3743.1,3668,3545.7,3578.1,3585.5,3666.6,3454.9,3725.8,3724.1,3723.6,3936.7,4394.2,4756.4,4784.7,4939.6,44.716
3316.5,5927.3,4108.9,3896.6,3560.6,3520.7,3389.7,3785.1,0,3649.2,3666.5,3439.7,3753.3,3463.7,4657.2,3387.7,3958.8,3267.2,3252.7,3474.3,3841.9,3498.7,3849.2,3330.9,3650.5,3713,3334.2,3357.7,3293.7,3234,3169.5,3087.3,3107.7,2981.2,2907.2,3020.2,3068.1,0.428,4514.8,4193.5,4071.3,4016.9,4534,4176.9,4077,4015.4,3919.5,3676.9,3263.2,3357.3,3296.8,3296.4,3257.4,3515.7,3496.4,3423.3,3417.9,3358.8,3257.8,3420.6,3575.5,3231,3501.4,3228.6,3230.1,3390.4,3261.1,3095.5,3031.4,3030.6,3021.7,2895.9,2990.2,3032.1,3354.9,3061.9,3036.1,3360.7,3542.3,3509,3764.4,3798.4,2994.1,2867.5,3047.7,3058.4,3059.8,3219.7,3483.4,3442,3437.8,3400,3623.7
4298.8,5828.1,3726.9,3445.1,3392.5,20.742,50.784,9.187,3649.2,0,1.647,5.733,8.869,5.973,3730.1,5.213,3956.8,10.615,10.355,4685.3,3493.1,4677.2,3527,4653.7,4425.4,5116.7,3915.3,4061.3,4537.4,3707.8,4142,3615.2,3637.5,3922.6,3358.7,3580.9,3628.8,3606.4,3587.7,3467.9,3484.1,3571.3,3580.2,3613.4,3695,3903.6,3917.5,3882.2,45.492,17.466,16.256,16.256,45.492,6.493,6.3,5.569,5.515,4.924,3.914,2.286,0.737,4.182,9.873,9.873,9.873,12.093,4583.9,4339.2,4254.6,4003.1,3987,3837.3,4068.6,4014.4,4337.2,4044.2,3794.7,3607.2,3532.1,3409.8,3442.2,3449.6,3530.7,3319,3589.9,3588.2,3587.7,3800.8,4258.3,4620.5,4648.8,4803.7,59.912
4316.1,5845.4,3744.2,3462.4,3409.8,21.088,51.476,9.36,3666.5,1.647,0,5.906,9.042,6.146,3747.4,5.386,3974,10.961,10.701,4702.6,3510.4,4694.5,3544.3,4671,4442.7,5134,3932.6,4078.6,4554.7,3725.1,4159.3,3632.5,3654.8,3939.9,3376,3598.2,3646.1,3623.7,3605,3485.2,3501.4,3588.6,3597.5,3630.7,3712.3,3920.9,3934.7,3899.5,46.184,17.812,16.602,16.602,46.184,6.666,6.473,5.742,5.688,5.097,4.087,2.459,0.91,4.355,10.219,10.219,10.219,12.439,4601.2,4356.5,4271.9,4020.4,4004.3,3854.6,4085.9,4031.7,4354.5,4061.5,3812,3624.5,3549.4,3427.1,3459.5,3466.9,3548,3336.3,3607.2,3605.5,3605,3818.1,4275.6,4637.8,4666.1,4821,60.604
4089.3,5618.6,3517.4,3235.6,3183,9.932,29.164,3.782,3439.7,5.733,5.906,0,3.464,0.676,3520.6,1.098,3747.2,6.425,6.165,4475.8,3283.6,4467.7,3317.5,4444.2,4215.9,4907.2,3705.8,3851.8,4327.9,3498.3,3932.5,3405.7,3428,3713.1,3149.2,3371.4,3419.3,3396.9,3378.2,3258.4,3274.6,3361.8,3370.7,3403.9,3485.5,3694.1,3707.9,3672.7,23.872,6.656,5.446,5.446,23.872,1.088,0.895,0.164,0.218,0.809,1.819,3.447,4.996,2.087,5.683,5.683,5.683,7.903,4374.4,4129.7,4045.1,3793.6,3777.5,3627.8,3859.1,3804.9,4127.7,3834.7,3585.2,3397.7,3322.6,3200.3,3232.7,3240.1,3321.2,3109.5,3380.4,3378.7,3378.2,3591.3,4048.8,4411,4439.3,4594.2,38.292
4402.9,5932.2,3831,3549.2,3496.6,13.28,35.86,5.456,3753.3,8.869,9.042,3.464,0,3.812,3834.2,4.234,4060.8,12.697,12.437,4789.4,3597.2,4781.3,3631.1,4757.8,4529.5,5220.8,4019.4,4165.4,4641.5,3811.9,4246.1,3719.3,3741.6,4026.7,3462.8,3685,3732.9,3710.5,3691.8,3572,3588.2,3675.4,3684.3,3717.5,3799.1,4007.7,4021.5,3986.3,30.568,10.004,8.794,8.794,30.568,2.762,2.569,3.3,3.354,3.945,4.955,6.583,8.132,5.223,11.955,11.955,11.955,14.175,4688,4443.3,4358.7,4107.2,4091.1,3941.4,4172.7,4118.5,4441.3,4148.3,3898.8,3711.3,3636.2,3513.9,3546.3,3553.7,3634.8,3423.1,3694,3692.3,3691.8,3904.9,4362.4,4724.6,4752.9,4907.8,44.988
4113.3,5642.6,3541.4,3259.6,3207,10.628,30.556,4.13,3463.7,5.973,6.146,0.676,3.812,0,3544.6,1.338,3771.3,6.905,6.645,4499.8,3307.6,4491.7,3341.5,4468.2,4239.9,4931.2,3729.8,3875.8,4351.9,3522.3,3956.5,3429.7,3452,3737.1,3173.2,3395.4,3443.3,3420.9,3402.2,3282.4,3298.6,3385.8,3394.7,3427.9,3509.5,3718.1,3732,3696.7,25.264,7.352,6.142,6.142,25.264,1.436,1.243,0.512,0.458,1.049,2.059,3.687,5.236,2.327,6.163,6.163,6.163,8.383,4398.4,4153.7,4069.1,3817.6,3801.5,3651.8,3883.1,3828.9,4151.7,3858.7,3609.2,3421.7,3346.6,3224.3,3256.7,3264.1,3345.2,3133.5,3404.4,3402.7,3402.2,3615.3,4072.8,4435,4463.3,4618.2,39.684
3445.7,6064.8,4182,4020.3,3685.2,3614.4,3505.6,3866,4657.2,3730.1,3747.4,3520.6,3834.2,3544.6,0,3468.6,4073.3,3348.5,3334.6,3608.1,3966.5,3633.1,3973.8,3475.5,3803.4,3842.6,3467.1,3502.1,3438.2,3374.8,3314.8,3226.5,3246.9,3117.6,3035.1,3149.3,3197.2,4614.4,1.424,4475.4,4148.8,4118.8,4451.2,4215,4150.1,4103.6,4034,3821.3,3381.2,3450.7,3390.2,3390.1,3373.3,3596.6,3577.3,3504.2,3498.8,3439.7,3338.7,3501.5,3656.4,3311.9,3631.2,3310.5,3311.4,3520.2,3405.7,3240,3176.9,3175.9,3164.5,3032.3,3115.7,3161.3,3484.1,3191.1,3177.1,3486,3667.5,3646.5,3889,3923,3135.4,2995.4,3186.7,3197.6,3199,3352.6,3636.3,3576.4,3571.6,3529.6,3741.7
4037.3,5566.6,3465.4,3183.6,3131,11.472,32.244,4.552,3387.7,5.213,5.386,1.098,4.234,1.338,3468.6,0,3695.2,5.385,5.125,4423.8,3231.6,4415.7,3265.5,4392.2,4163.9,4855.2,3653.8,3799.8,4275.9,3446.3,3880.5,3353.7,3376,3661.1,3097.2,3319.4,3367.3,3344.9,3326.2,3206.4,3222.6,3309.8,3318.7,3351.9,3433.5,3642.1,3655.9,3620.7,26.952,8.196,6.986,6.986,26.952,1.858,1.665,0.934,0.88,0.289,1.299,2.927,4.476,1.567,4.643,4.643,4.643,6.863,4322.4,4077.7,3993.1,3741.6,3725.5,3575.8,3807.1,3752.9,4075.7,3782.7,3533.2,3345.7,3270.6,3148.3,3180.7,3188.1,3269.2,3057.5,3328.4,3326.7,3326.2,3539.3,3996.8,4359,4387.3,4542.2,41.372
3606.9,5995,4188.3,3829,3711.3,3781.1,3639.6,4092.7,3958.8,3956.8,3974,3747.2,4060.8,3771.3,4073.3,3695.2,0,3574.9,3561,3824.3,3971.9,3846.4,3982.2,3694.5,3933.3,4071.6,3542.7,3571.8,3639.7,3384.4,3502.5,3265.8,3286.3,3320.6,3049.7,3189.4,3237.3,3916,3930.9,4110,3950.3,3934.2,3946.3,4060.9,4156.4,4554.2,0.393,4357.6,3521.1,3617.8,3557.3,3556.8,3507.3,3823.3,3803.9,3730.9,3725.5,3666.4,3565.3,3728.2,3883,3538.5,3860.8,3536.9,3537.8,3749.8,3624.7,3441.5,3369.2,3363.6,3350.4,3235.3,3318.9,3322.5,3645.3,3352.3,3258.6,3083.8,3204.8,3576.7,3897.4,3928.4,3164.9,3010,3227.1,3237,3238.3,3428.2,3766.2,3789.7,3787.8,3758.6,3881.6
3917.7,5446.5,3344.6,3063.6,3011.4,31.402,81.404,13.333,3267.2,10.615,10.961,6.425,12.697,6.905,3348.5,5.385,3574.9,0,2.733,4303.6,3112,4295.5,3145.9,4272.1,4043.7,4735,3533.1,3679.5,4155.7,3325.5,3760,3233.1,3255.3,3541.3,2977.3,3198.8,3246.7,3224.4,3206.1,3086.4,3102.6,3189.4,3197.5,3231.4,3312.7,3521.5,3535.6,3500.1,70.82,24.85,22.43,22.43,70.82,7.945,7.559,6.097,5.989,4.807,2.787,6.043,9.141,2.251,2.251,2.251,0.371,4.471,4202.3,3957.5,3872.9,3621.1,3605,3456,3686,3633.3,3956.1,3663.1,3412.2,3226,3150.4,3028.2,3061.1,3068.5,3149.3,2937.6,3206.7,3206,3205.6,3418.6,3876.6,4238.8,4267.1,4422,99.66
3904.7,5432.6,3329.4,3050.1,2998,30.882,80.364,13.073,3252.7,10.355,10.701,6.165,12.437,6.645,3334.6,5.125,3561,2.733,0,4289.7,3098.8,4281.6,3132.9,4258.1,4029.8,4721.1,3519.1,3665.4,4141.8,3311.2,3746,3218.5,3240.5,3527.6,2963.9,3184.9,3232.8,3209.9,3192.2,3073.1,3089,3175.1,3182.7,3217,3297.5,3507.1,3521.7,3485.7,69.78,24.33,21.91,21.91,69.78,7.685,7.299,5.837,5.729,4.547,2.527,5.783,8.881,1.991,1.991,0.241,1.991,4.211,4188.3,3943.6,3859,3607.1,3590.9,3442.3,3671.4,3620.3,3943.1,3650.1,3397.4,3212.7,3136.7,3014.3,3048.1,3055.3,3135.6,2924.2,3191.1,3191.2,3191,3404.6,3862.7,4224.9,4253.2,4408.1,98.62
4193,5975.6,3546.4,3452.6,3762.5,4334.3,3897.2,4821.2,3474.3,4685.3,4702.6,4475.8,4789.4,4499.8,3608.1,4423.8,3824.3,4303.6,4289.7,0,3733.7,4829.3,3785.3,4436.9,4569.9,4956.4,3887.1,3986.1,4315.5,3776.8,4020.8,3648.8,3670,3817.7,3365.8,3583.2,3631.1,3431.5,3465.7,3660.5,3498.7,3496.3,3408.7,3441.3,3514.5,3747.8,3785,3788.8,3769.8,4170.6,4110.1,4110,3764.9,4551.8,4532.5,4459.4,4454,4394.9,4293.9,4456.7,4611.6,4267.1,4728.4,4265.6,4266.5,4617.4,4367.1,4117.3,4030.9,3881.9,3865.7,3732.4,3938.7,3908.6,4231.4,3938.4,3788.3,4108.2,3864.6,3557.3,3700.5,3690.2,3535.4,3326.1,3615.7,3620.7,3621.3,3772.6,4402.8,4772.6,0.365,4643.4,4130.3
3585.3,6134.3,3803,3767.2,3704.7,3390.6,3317.1,3629,3841.9,3493.1,3510.4,3283.6,3597.2,3307.6,3966.5,3231.6,3971.9,3112,3098.8,3733.7,0,3768,4006.5,3554.3,1344.2,3932.8,3568.5,3601.7,3560.3,3548.7,3491.4,3269.2,3289.6,3097,3070.3,3249.9,3297.8,3799.1,3824.1,3854,3825,3986.6,3775.2,3766.9,3771.1,3897.6,3932.6,1322.8,3193,3227.4,3166.9,3166.3,3184.8,3359.6,3340.3,3267.2,3261.8,3202.7,3101.7,3264.5,3419.4,3074.9,3718,3074.7,3074.9,3607,3484.4,3362.1,2821.4,3352.5,3334.8,3011.7,3274.4,3300.9,3623.7,3330.7,3191.2,3572.5,3780,3716,3921.7,0.435,3227.9,3030.6,3229.6,3240.3,3241.7,3454,1270.7,3711.3,3697.2,3619.8,3553.5
4194.3,6005.2,3570.6,3477.9,3796.9,4327.3,3892.7,4813.1,3498.7,4677.2,4694.5,4467.7,4781.3,4491.7,3633.1,4415.7,3846.4,4295.5,4281.6,4829.3,3768,0,3819.7,4428.2,4619,4947.7,3897.9,3994.9,4306.8,3789.9,4020.4,3658.8,3680.1,3817.2,3374,3593.9,3641.8,3455.9,3490.7,3694.9,3523.4,3517,3433.3,3466.5,3538.7,3771.4,3807.1,3809,3765.2,4163.6,4103.1,4103,3760.4,4543.7,4524.4,4451.3,4445.9,4386.8,4285.8,4448.6,4603.5,4259,4719.7,4257.5,4258.4,4608.7,4358.4,4108.6,4022.2,3881.5,3865.3,3731.9,3936.5,3909.9,4232.7,3939.7,3798.6,4143.2,3899.5,3586.9,3734.9,3724.5,3547,3334.3,3625.5,3630.8,3631.3,3783.4,4451.9,0.567,4792.8,4634.7,4125.7
3641.4,6211,3813.3,3774.5,3782.1,3425.8,3360,3662.9,3849.2,3527,3544.3,3317.5,3631.1,3341.5,3973.8,3265.5,3982.2,3145.9,3132.9,3785.3,4006.5,3819.7,0,3605.9,1352.1,3984.4,3624.6,3653,3611.9,3616.5,3551.9,3329.7,3350.1,3151.5,3126.8,3308.9,3356.8,3806.4,3831.4,3859.2,3832.3,3995.4,3782.5,3775.7,3781.4,3907.9,3942.9,1330.6,3238,3262.7,3202.2,3201.5,3227.7,3393.5,3374.2,3301.1,3295.7,3236.6,3135.6,3298.4,3453.3,3108.8,3769.7,3108.8,3108.8,3658.7,3536.1,3413.7,2872.5,3413,3395.3,3066.2,3330.5,3357,3679.8,3386.8,3254.4,3649.2,3856.7,3792.7,0.848,3963,3286.9,3087.1,3290.1,3300.8,3302.2,3510.1,1278.5,3763,3748.8,3671.4,3598.5
4422.4,5864.5,3397.1,3328.7,3583.1,4305.4,3873.8,4789.6,3330.9,4653.7,4671,4444.2,4757.8,4468.2,3475.5,4392.2,3694.5,4272.1,4258.1,4436.9,3554.3,4428.2,3605.9,0,4168.9,4871.5,3930.5,4058.5,4783.2,3830.7,4284.6,3750.8,3772.4,4094,3499.7,3690.1,3738,3288.1,3333.1,3481.1,3367.4,3400.1,3258.2,3292.3,3365.2,3600.4,3655.2,3706.3,3746.3,4141.7,4081.2,4081.1,3741.5,4520.2,4500.9,4427.8,4422.4,4363.3,4262.3,4425.1,4580,4235.5,4695.5,4234,4235,4584.5,0.698,4585,4498.5,4145.7,4122.4,4008.7,4218.3,4138,4460.8,4167.8,3910.9,3919.9,3676,3446.2,3521.1,3510.8,3626.2,3460,3721.6,3723.1,3723.3,3816,4001.8,4371.5,4400.4,4558.5,4106.8
4034.1,2758.2,3693.2,3726.8,1252.7,4090.6,3686.1,4561.3,3650.5,4425.4,4442.7,4215.9,4529.5,4239.9,3803.4,4163.9,3933.3,4043.7,4029.8,4569.9,1344.2,4619,1352.1,4168.9,0,4688.3,3861.8,3894.8,4047.5,3602,3835.4,3622.8,3643.2,3632,3284.4,3567.7,3615.6,3607.7,3661,1354.8,3774.5,3637,3588.8,3601.9,3661.3,3864.3,3894,3899.3,3558.7,3926.9,3866.4,3866.3,3553.8,4291.9,4272.6,4199.5,4194.1,4135,4034,4196.8,4351.7,4007.2,4460.4,4005.7,4006.6,4349.4,4099.1,3849.3,3762.8,3696.5,3680.4,3546.7,3739.3,3749.7,4072.5,3779.5,3323.8,883.03,887.35,1500.7,1314.8,1325.1,3538.7,3244.7,3582.6,3593.9,3595.3,3747.3,1.671,4562.3,4533.4,4375.3,3919.2
4560.2,6200.5,3785.4,3687.7,3961.6,4759.2,4309.2,5252.6,3713,5116.7,5134,4907.2,5220.8,4931.2,3842.6,4855.2,4071.6,4735,4721.1,4956.4,3932.8,4947.7,3984.4,4871.5,4688.3,0,4190.3,4311,4750.1,4077,4402.3,3967.8,3988.9,4200.5,3696.2,3898.6,3946.5,3670.2,3700.2,3859.6,3729.9,3748.6,3642.5,3677.4,3753.5,3988.4,4032.3,4051.9,4181.8,4595.5,4535,4534.9,4176.9,4983.2,4963.9,4890.8,4885.4,4826.3,4725.3,4888.1,5043,4698.5,5163,4697,4697.9,5052,4801.7,4551.9,4465.5,4263.4,4245.5,4115.2,4325.9,4275.8,4598.6,4305.6,4111.4,4304.1,4060.4,3782.2,3899.6,3889.3,3848.3,3656.5,3933.6,3939.6,3940.3,4075.8,4521.2,4891,4919.9,3.13,4542.3
4075.1,5963.4,3344.4,3313.6,3628.4,3595.2,3320.5,4051.2,3334.2,3915.3,3932.6,3705.8,4019.4,3729.8,3467.1,3653.8,3542.7,3533.1,3519.1,3887.1,3568.5,3897.9,3624.6,3930.5,3861.8,4190.3,0,4162.6,3959.8,4066.4,3912.3,3734,3753.9,3702.5,3440.1,3682,3729.9,3291.4,3324.7,3482.6,3354.4,3340,3250.5,3255.8,3312.5,3472.1,3503.4,3543.8,3198.5,3431.8,3371.3,3370.9,3188.2,3781.8,3762.5,3689.4,3684,3624.9,3523.9,3686.7,3841.6,3497.1,3990.2,3495,3496,3879.2,3860.7,3761.6,3776,3773.4,3767.8,3617.2,3752.4,3790.7,4113.5,3820.5,3819.1,3988.7,3732.4,3545.1,3539.8,3525,3670.5,3400.4,3690,3704.6,3706.5,1.145,3694.7,3841.2,3850.6,3877.3,3559
4264.7,6129.4,3383.4,3394.5,3648.6,3761.4,3363.3,4197.2,3357.7,4061.3,4078.6,3851.8,4165.4,3875.8,3502.1,3799.8,3571.8,3679.5,3665.4,3986.1,3601.7,3994.9,3653,4058.5,3894.8,4311,4162.6,0,4104.9,3877.8,4001.8,3714.4,3734.8,3824.9,3331.5,3641.3,3689.2,3314.9,3359.7,3524.7,3447,3342.2,3295.8,3302.6,3351.5,3510.8,3532.5,3548.6,3235.4,3598.5,3538,3537.1,3231,3927.8,3908.5,3835.4,3830,3770.9,3669.9,3832.7,3987.6,3643.1,4112.4,3641.3,3642.4,4001.4,3988.7,3906.7,3879.7,3862.9,3837.7,3739.6,4022.4,3980.3,4303.1,4010.1,3837.8,4297.8,4032.3,3711.1,3573.3,3560.8,3608.1,3291.8,3674.9,3685.5,3686.9,4048.1,3727.7,3938.2,3949.6,3998,3595.9
4584.4,5903.4,3349,3304.6,3589.2,4199.3,3788,4673.3,3293.7,4537.4,4554.7,4327.9,4641.5,4351.9,3438.2,4275.9,3639.7,4155.7,4141.8,4315.5,3560.3,4306.8,3611.9,4783.2,4047.5,4750.1,3959.8,4104.9,0,3910.4,4419.5,3849.7,3871.4,4243.7,3579.3,3776.5,3824.4,3250.9,3295.8,3487.1,3348.1,3378.1,3217.6,3246.1,3317.1,3543.5,3600.4,3671.5,3660.6,4035.6,3975.1,3975,3655.7,4403.9,4384.6,4311.5,4306.1,4247,4146,4308.8,4463.7,4119.2,4574.1,4117.7,4118.6,4463.1,4713.4,1.982,4876.7,4280.6,4252.4,4158.4,4403.3,4300,4622.8,4329.8,4048.1,3918.2,3671.9,3485.1,3527.1,3516.8,3718,3539.6,3821.1,3822.1,3822.2,3845.3,3880.4,4250.1,4279,4437.1,4021.1
4071.3,6013.4,3200.7,3225,3691.2,3335.7,3087.8,3843.7,3234,3707.8,3725.1,3498.3,3811.9,3522.3,3374.8,3446.3,3384.4,3325.5,3311.2,3776.8,3548.7,3789.9,3616.5,3830.7,3602,4077,4066.4,3877.8,3910.4,0,3915.8,4007.4,4024.9,3612.3,3935.7,4347.8,4395.7,3191.2,3232.4,3428.8,3292.2,3313.3,3160.6,3140.4,3168.8,3309.1,3345.1,3573.6,2965.8,3171.9,3111.4,3111.4,2955.5,3574.3,3555,3481.9,3476.5,3417.4,3316.4,3479.2,3634.1,3289.6,3877.1,3287.1,3288.4,3766.1,3760.9,3712.2,3779.1,3776.9,3791.7,3527,3639.7,3786.9,4109.7,3816.7,4218.2,4028.6,3709.6,3595.1,3531.7,3505.2,4482.5,3896,3943.2,3975.6,3979.9,3951.9,3444.9,3733.2,3740.3,3764,3326.3
4722.5,5851.4,3216.9,3182,3582.3,3776.3,3453.2,4277.9,3169.5,4142,4159.3,3932.5,4246.1,3956.5,3314.8,3880.5,3502.5,3760,3746,4020.8,3491.4,4020.4,3551.9,4284.6,3835.4,4402.3,3912.3,4001.8,4419.5,3915.8,0,3855.2,3877.1,4305.9,3577.5,3772.1,3820,3126.7,3172.4,3392.8,3227.6,3251.6,3091.3,3115.7,3185,3409.5,3463.2,3504.9,3329,3612.5,3552,3552,3320.9,4008.5,3989.2,3916.1,3910.7,3851.6,3750.6,3913.4,4068.3,3723.8,4215.7,3721.9,3722.9,4104.7,4214.8,4221.3,4304.7,1.389,4268.8,4220.6,4650.2,4438.1,4760.9,4467.9,4079.4,3902,3622,3433.1,3467.1,3447.9,3701.8,3537.8,3828.8,3827.8,3827.7,3797.8,3668.3,3963.7,3984.3,4089.3,3689.5
3979.7,5736.8,3078.9,3048.6,3341.5,3199.9,3025,3751.1,3087.3,3615.2,3632.5,3405.7,3719.3,3429.7,3226.5,3353.7,3265.8,3233.1,3218.5,3648.8,3269.2,3658.8,3329.7,3750.8,3622.8,3967.8,3734,3714.4,3849.7,4007.4,3855.2,0,4167.5,3521.5,4075.9,4488,4535.9,3044.5,3084.1,3170.6,3092.3,3114,3003.1,2998,3047,3202.9,3226.5,3325.2,2900.5,3036.4,2975.9,2975.6,2892.7,3481.7,3462.4,3389.3,3383.9,3324.8,3223.8,3386.6,3541.5,3197,3770.6,3194.4,3196,3659.5,3681,3651.5,3716.3,3716.3,3735.6,3436.2,3535.2,3695.3,4018.1,3725.1,4358.4,3829.6,3444.9,3318.5,3244.9,3225.7,4622.7,4036.2,4085.7,4118.2,0.275,3619.5,3455.7,3602.1,3612.3,3654.8,3261
4002.1,5757.3,3099.4,3068.9,3361.9,3221.2,3045.5,3773.4,3107.7,3637.5,3654.8,3428,3741.6,3452,3246.9,3376,3286.3,3255.3,3240.5,3670,3289.6,3680.1,3350.1,3772.4,3643.2,3988.9,3753.9,3734.8,3871.4,4024.9,3877.1,4167.5,0,3543.7,4101.9,4514,4561.9,3064.9,3104.5,3191,3112.7,3134.5,3023.4,3018.4,3067.5,3223.6,3247,3345.6,2921.3,3057.7,2997.2,2996.9,2913.2,3504,3484.7,3411.6,3406.2,3347.1,3246.1,3408.9,3563.8,3219.3,3791.6,3216.4,3218.2,3680.6,3702.6,3673.2,3738.1,3738.2,3757.5,3458.4,3557.4,3717.7,4040.5,3747.5,4384.4,3849.6,3465.1,3339,3265.3,3246.1,4648.7,4062.2,4111.8,0.493,4140,3639.4,3476.1,3623.4,3633.5,3675.9,3281.8
4272.6,5523.8,3017.6,2951.1,3136.1,3501.8,3156.9,4058.5,2981.2,3922.6,3939.9,3713.1,4026.7,3737.1,3117.6,3661.1,3320.6,3541.3,3527.6,3817.7,3097,3817.2,3151.5,4094,3632,4200.5,3702.5,3824.9,4243.7,3612.3,4305.9,3521.5,3543.7,0,3265.2,3448.8,3496.7,2938.4,2975.2,3015.2,2985.7,3039.8,2891.6,2912.9,2985.7,3226.8,3281.3,3316.3,3030.1,3338.1,3277.6,3277.5,3024.6,3789.1,3769.8,3696.7,3691.3,3632.2,3531.2,3694,3848.9,3504.4,4014.9,3503.5,3504.2,3903.9,4024.2,4045.5,4163.6,4167,4731.5,0.853,4689.3,3988.2,4311,4018,3629.4,3476.3,3288.6,3105.5,3066.7,3053.5,3381.9,3225.5,3496.5,3494.4,3494,3588,3464.9,3760.5,3781.2,3887.5,3390.6
3731.1,5516.3,2906.9,2850.2,3120,3033.4,2912.3,3494.6,2907.2,3358.7,3376,3149.2,3462.8,3173.2,3035.1,3097.2,3049.7,2977.3,2963.9,3365.8,3070.3,3374,3126.8,3499.7,3284.4,3696.2,3440.1,3331.5,3579.3,3935.7,3577.5,4075.9,4101.9,3265.2,0,3950,3997.9,2864.4,2892.7,2978.1,2883.3,2887.9,2819.3,2817.1,2875,3010.9,3010.4,3020.7,2788.3,2869.9,2809.4,2809.1,2780,3225.2,3205.9,3132.8,3127.4,3068.3,2967.3,3130.1,3285,2940.5,3501.9,2939.8,2940.2,3390.9,3429.9,3381.1,3436.7,3438.6,3459.8,3179.9,3299.7,3446.7,3769.5,3476.5,3820.4,3503.4,3219.1,3098,3042,3026.8,4736.9,0.397,4731.1,4052.6,4048.4,3325.6,3117.3,3317.3,3329.3,3383.2,3148.8
3891.2,5653.1,3035.5,2984.2,3324.4,3218.3,2943.3,3716.8,3020.2,3580.9,3598.2,3371.4,3685,3395.4,3149.3,3319.4,3189.4,3198.8,3184.9,3583.2,3249.9,3593.9,3308.9,3690.1,3567.7,3898.6,3682,3641.3,3776.5,4347.8,3772.1,4488,4514,3448.8,3950,0,0.479,2977.4,3006.9,3154.4,3042.5,3060.4,2951.8,2952.2,3003.6,3139.4,3150.1,3265.1,2819.2,3055.2,2994.7,2994,2811,3447.4,3428.1,3355,3349.6,3290.5,3189.5,3352.3,3507.2,3162.7,3701.9,3160.8,3161.7,3590.9,3620.3,3578.3,3631.4,3633.2,3652.6,3363.5,3460.9,3606.8,3929.6,3636.6,3962.7,3696.1,3357.7,3234.8,3224.1,3206.4,3957.5,3910.3,4496.5,4464.7,4460.5,3567.5,3400.6,3537.2,3546.7,3585.6,3179.7
3939.1,5701,3083.4,3032.1,3372.3,3266.2,2991.2,3764.7,3068.1,3628.8,3646.1,3419.3,3732.9,3443.3,3197.2,3367.3,3237.3,3246.7,3232.8,3631.1,3297.8,3641.8,3356.8,3738,3615.6,3946.5,3729.9,3689.2,3824.4,4395.7,3820,4535.9,4561.9,3496.7,3997.9,0.479,0,3025.3,3054.8,3202.3,3090.4,3108.3,2999.7,3000.1,3051.5,3187.3,3198,3313,2867.1,3103.1,3042.6,3041.9,2858.9,3495.3,3476,3402.9,3397.5,3338.4,3237.4,3400.2,3555.1,3210.6,3749.8,3208.7,3209.6,3638.8,3668.2,3626.2,3679.3,3681.1,3700.5,3411.4,3508.8,3654.7,3977.5,3684.5,4010.6,3744,3405.6,3282.7,3272,3254.3,4005.4,3958.2,4544.4,4512.6,4508.4,3615.4,3448.5,3585.1,3594.6,3633.5,3227.6
3273.7,5884.5,4066.1,3853.8,3517.8,3477.9,3346.9,3742.3,0.428,3606.4,3623.7,3396.9,3710.5,3420.9,4614.4,3344.9,3916,3224.4,3209.9,3431.5,3799.1,3455.9,3806.4,3288.1,3607.7,3670.2,3291.4,3314.9,3250.9,3191.2,3126.7,3044.5,3064.9,2938.4,2864.4,2977.4,3025.3,0,4472,4150.7,4028.5,3974.1,4491.2,4134.1,4034.2,3972.6,3876.7,3634.1,3220.4,3314.5,3254,3253.6,3214.6,3472.9,3453.6,3380.5,3375.1,3316,3215,3377.8,3532.7,3188.2,3458.6,3185.8,3187.3,3347.6,3218.3,3052.7,2988.6,2987.8,2978.9,2853.1,2947.4,2989.3,3312.1,3019.1,2993.3,3317.9,3499.5,3466.2,3721.6,3755.6,2951.3,2824.7,3004.9,3015.6,3017,3176.9,3440.6,3399.2,3395,3357.2,3580.9
3303.3,5922.4,4039.6,3877.9,3542.8,3472,3363.2,3723.6,4514.8,3587.7,3605,3378.2,3691.8,3402.2,1.424,3326.2,3930.9,3206.1,3192.2,3465.7,3824.1,3490.7,3831.4,3333.1,3661,3700.2,3324.7,3359.7,3295.8,3232.4,3172.4,3084.1,3104.5,2975.2,2892.7,3006.9,3054.8,4472,0,4333,4006.4,3976.4,4308.8,4072.6,4007.7,3961.2,3891.6,3678.9,3238.8,3308.3,3247.8,3247.7,3230.9,3454.2,3434.9,3361.8,3356.4,3297.3,3196.3,3359.1,3514,3169.5,3488.8,3168.1,3169,3377.8,3263.3,3097.6,3034.5,3033.5,3022.1,2889.9,2973.3,3018.9,3341.7,3048.7,3034.7,3343.6,3525.1,3504.1,3746.6,3780.6,2993,2853,3044.3,3055.2,3056.6,3210.2,3493.9,3434,3429.2,3387.2,3599.3
3499.4,5989,3970.5,4020.7,3557.3,3350.5,3250,3603.8,4193.5,3467.9,3485.2,3258.4,3572,3282.4,4475.4,3206.4,4110,3086.4,3073.1,3660.5,3854,3694.9,3859.2,3481.1,1354.8,3859.6,3482.6,3524.7,3487.1,3428.8,3392.8,3170.6,3191,3015.2,2978.1,3154.4,3202.3,4150.7,4333,0,4013.4,4134.6,3987.5,3958.6,3938.6,4035.7,4070.7,1333.3,3125.8,3187.2,3126.7,3126.2,3117.7,3334.4,3315.1,3242,3236.6,3177.5,3076.5,3239.3,3394.2,3049.7,3644.9,3049,3049.3,3533.9,3411.3,3288.9,2740.7,3253.9,3236.2,2929.9,3188.5,3215,3537.8,3244.8,3080.4,3427.3,3634.7,3570.7,3774.4,3810.5,3130.5,2938.4,3131,3141.7,3143.1,3368.1,1281.2,3638.2,3624,3546.6,3486.3
3349.5,5922.5,3997.6,4016.9,3543.8,3382.7,3276.9,3620,4071.3,3484.1,3501.4,3274.6,3588.2,3298.6,4148.8,3222.6,3950.3,3102.6,3089,3498.7,3825,3523.4,3832.3,3367.4,3774.5,3729.9,3354.4,3447,3348.1,3292.2,3227.6,3092.3,3112.7,2985.7,2883.3,3042.5,3090.4,4028.5,4006.4,4013.4,0,4110,4090.7,4011.1,3965.7,3961.2,3911,3801.5,3153.4,3219.5,3159,3158.4,3144.6,3350.6,3331.3,3258.2,3252.8,3193.7,3092.7,3255.5,3410.4,3065.9,3518.9,3064.9,3065.5,3407.9,3297.6,3149.9,3091.6,3088.7,3075.1,2900.4,3020.3,3065.1,3387.9,3094.9,3157.5,3426.4,3608,3504.2,3747.5,3781.5,3023.5,2843.6,3052.5,3063.4,3064.8,3239.9,3607.4,3466.7,3462.2,3416.9,3513.9
3394.3,6015.5,4069.3,3952.9,3715.7,3482,3398,3707.2,4016.9,3571.3,3588.6,3361.8,3675.4,3385.8,4118.8,3309.8,3934.2,3189.4,3175.1,3496.3,3986.6,3517,3995.4,3400.1,3637,3748.6,3340,3342.2,3378.1,3313.3,3251.6,3114,3134.5,3039.8,2887.9,3060.4,3108.3,3974.1,3976.4,4134.6,4110,0,4018.1,4098.2,4037.4,3973.3,3894.9,3680.6,3279.2,3319,3258.5,3257.7,3265.7,3437.8,3418.5,3345.4,3340,3280.9,3179.9,3342.7,3497.6,3153.1,3540.2,3151,3152.3,3429.2,3330.3,3179.9,3117.8,3112.7,3100.6,2954.5,3073.7,3109.9,3432.7,3139.7,3185.4,2919,3048.6,3597.2,3910.6,3943.1,3035.7,2848.2,3074.5,3085.2,3086.5,3225.5,3469.9,3460.3,3459.8,3435.6,3639.7
3263.3,5852.3,4190.9,3831,3493.9,3461.3,3285.9,3716.1,4534,3580.2,3597.5,3370.7,3684.3,3394.7,4451.2,3318.7,3946.3,3197.5,3182.7,3408.7,3775.2,3433.3,3782.5,3258.2,3588.8,3642.5,3250.5,3295.8,3217.6,3160.6,3091.3,3003.1,3023.4,2891.6,2819.3,2951.8,2999.7,4491.2,4308.8,3987.5,4090.7,4018.1,0,4305.7,4159,4017.3,3907,3634.1,3158.4,3298,3237.5,3237,3153.6,3446.7,3427.4,3354.3,3348.9,3289.8,3188.8,3351.6,3506.5,3162,3430.5,3158.6,3160.4,3319.5,3188.4,3019.4,2953.3,2952.4,2942.7,2806.3,2929.9,2978.9,3301.7,3008.7,3021.9,3346.1,3527.6,3434,3697.7,3731.7,2926.3,2779.6,2962.5,2974.1,2975.6,3136,3421.7,3376.6,3372.2,3329.5,3518.9
3286.1,5829.9,4622.8,3773.1,3496,3501.3,3296.5,3749.3,4176.9,3613.4,3630.7,3403.9,3717.5,3427.9,4215,3351.9,4060.9,3231.4,3217,3441.3,3766.9,3466.5,3775.7,3292.3,3601.9,3677.4,3255.8,3302.6,3246.1,3140.4,3115.7,2998,3018.4,2912.9,2817.1,2952.2,3000.1,4134.1,4072.6,3958.6,4011.1,4098.2,4305.7,0,4590.9,4193.1,4021.6,3653.5,3166.4,3338.3,3277.8,3277,3164.2,3479.9,3460.6,3387.5,3382.1,3323,3222,3384.8,3539.7,3195.2,3465.6,3192.9,3194.3,3354.6,3222.5,3047.9,2977.8,2976.8,2964.2,2827.6,2958,3001.7,3324.5,3031.5,3033.8,2667.4,2797,3411.6,3690.9,3723.4,2926.9,2777.4,2958.5,2969.1,2970.5,3141.3,3434.8,3409.8,3404.8,3364.4,3526.9
3350.4,5831.3,0.319,3758.1,3510.5,3581.5,3362.8,3830.9,4077,3695,3712.3,3485.5,3799.1,3509.5,4150.1,3433.5,4156.4,3312.7,3297.5,3514.5,3771.1,3538.7,3781.4,3365.2,3661.3,3753.5,3312.5,3351.5,3317.1,3168.8,3185,3047,3067.5,2985.7,2875,3003.6,3051.5,4034.2,4007.7,3938.6,3965.7,4037.4,4159,4590.9,0,4288.6,4117.1,3749.1,3232.7,3418.5,3358,3357.2,3230.5,3561.5,3542.2,3469.1,3463.7,3404.6,3303.6,3466.4,3621.3,3276.8,3541.6,3273.4,3275.6,3430.6,3295.4,3118.9,3047.4,3046.1,3031.6,2900.4,3026.9,3066,3388.8,3095.8,3047.1,2840.1,2961.1,3413,3696.6,3727.6,2973.7,2835.3,3007.8,3018.2,3019.5,3198,3494.2,3482,3478,3440.5,3593.2
3533.8,5934.7,4320.5,3820.1,3637,3737.3,3595.1,4039.5,4015.4,3903.6,3920.9,3694.1,4007.7,3718.1,4103.6,3642.1,4554.2,3521.5,3507.1,3747.8,3897.6,3771.4,3907.9,3600.4,3864.3,3988.4,3472.1,3510.8,3543.5,3309.1,3409.5,3202.9,3223.6,3226.8,3010.9,3139.4,3187.3,3972.6,3961.2,4035.7,3961.2,3973.3,4017.3,4193.1,4288.6,0,4514.9,4146.8,3472,3573.5,3513,3513,3462.8,3770.1,3750.8,3677.7,3672.3,3613.2,3512.2,3675,3829.9,3485.4,3776.5,3483,3484.4,3665.5,3530.6,3345.3,3271.9,3270.6,3256.1,3141.5,3234.7,3249.4,3572.2,3279.2,3184.2,2986.2,3107.2,3516.4,3823.1,3854.1,3111.2,2971.2,3164,3174.3,3175.4,3357.6,3697.2,3714.7,3711.3,3675.4,3832.5
3567.6,5955.7,4149,3789.7,3672,3741.8,3600.3,4053.3,3919.5,3917.5,3934.7,3707.9,4021.5,3732,4034,3655.9,0.393,3535.6,3521.7,3785,3932.6,3807.1,3942.9,3655.2,3894,4032.3,3503.4,3532.5,3600.4,3345.1,3463.2,3226.5,3247,3281.3,3010.4,3150.1,3198,3876.7,3891.6,4070.7,3911,3894.9,3907,4021.6,4117.1,4514.9,0,4318.3,3481.8,3578.5,3518,3517.5,3468,3784,3764.6,3691.6,3686.1,3627.1,3526,3688.8,3843.7,3499.2,3821.5,3497.6,3498.5,3710.5,3585.4,3402.2,3329.9,3324.3,3311.1,3196,3279.6,3283.2,3606,3313,3219.3,3049.2,3170.2,3537.4,3858.1,3889.1,3125.6,2970.7,3187.8,3197.7,3199,3388.9,3726.9,3750.4,3748.5,3719.3,3842.3
3683.1,2708.5,3781,3743.7,1231.3,3696.7,3478.3,4018.1,3676.9,3882.2,3899.5,3672.7,3986.3,3696.7,3821.3,3620.7,4357.6,3500.1,3485.7,3788.8,1322.8,3809,1330.6,3706.3,3899.3,4051.9,3543.8,3548.6,3671.5,3573.6,3504.9,3325.2,3345.6,3316.3,3020.7,3265.1,3313,3634.1,3678.9,1333.3,3801.5,3680.6,3634.1,3653.5,3749.1,4146.8,4318.3,0,3350.9,3533.9,3473.4,3472.4,3346,3748.7,3729.4,3656.3,3650.9,3591.8,3490.8,3653.6,3808.5,3464,3844.6,3461.6,3463,3733.6,3636.5,3473.3,3403.8,3366,3355.1,3231,3385,3398.7,3721.5,3428.5,3472.2,829.93,834.25,1451,1293.3,1303.6,3239.2,2981,3285.4,3296.3,3297.7,3429.3,3732.2,3752.3,3752.3,3738.9,3711.4
3247,5599.1,3264.6,3126.2,3095.4,28.492,7.926,30.296,3263.2,45.492,46.184,23.872,30.568,25.264,3381.2,26.952,3521.1,70.82,69.78,3769.8,3193,3765.2,3238,3746.3,3558.7,4181.8,3198.5,3235.4,3660.6,2965.8,3329,2900.5,2921.3,3030.1,2788.3,2819.2,2867.1,3220.4,3238.8,3125.8,3153.4,3279.2,3158.4,3166.4,3232.7,3472,3481.8,3350.9,0,5.28,6.49,19.52,5.28,19.52,20.292,23.216,23.432,25.796,29.836,36.348,42.544,30.908,67.852,67.852,67.852,76.732,3676.5,3462.4,3388.3,3190.1,3164,2944.8,3012.2,2962.6,3285.4,2992.4,2828.3,2893.2,3044.5,3180.8,3153.2,3149.5,2811.4,2748.6,2862.8,2872,2873,3084,3391.6,3708.5,3733.3,3868.8,3.605
3740,5599.4,3450.4,3188.3,3109.2,8.966,7.926,9.868,3357.3,17.466,17.812,6.656,10.004,7.352,3450.7,8.196,3617.8,24.85,24.33,4170.6,3227.4,4163.6,3262.7,4141.7,3926.9,4595.5,3431.8,3598.5,4035.6,3171.9,3612.5,3036.4,3057.7,3338.1,2869.9,3055.2,3103.1,3314.5,3308.3,3187.2,3219.5,3319,3298,3338.3,3418.5,3573.5,3578.5,3533.9,5.28,0,0.605,4.48,5.28,4.48,4.866,6.328,6.436,7.618,9.638,12.894,15.992,10.174,23.366,23.366,23.366,27.806,4071.9,3837.4,3756.2,3473.6,3454.9,3252.8,3522.5,3455.6,3778.4,3485.4,3260.4,3010.8,3099.2,3181.1,3177.9,3183.9,2995.7,2830.2,3004.1,3008.4,3008.9,3317.3,3759.8,4106.9,4134.1,4282.5,12.49
3679.5,5538.9,3389.9,3127.8,3048.7,7.756,9.136,8.658,3296.8,16.256,16.602,5.446,8.794,6.142,3390.2,6.986,3557.3,22.43,21.91,4110.1,3166.9,4103.1,3202.2,4081.2,3866.4,4535,3371.3,3538,3975.1,3111.4,3552,2975.9,2997.2,3277.6,2809.4,2994.7,3042.6,3254,3247.8,3126.7,3159,3258.5,3237.5,3277.8,3358,3513,3518,3473.4,6.49,0.605,0,3.27,6.49,3.27,3.656,5.118,5.226,6.408,8.428,11.684,14.782,8.964,20.946,20.946,20.946,25.386,4011.4,3776.9,3695.7,3413.1,3394.4,3192.3,3462,3395.1,3717.9,3424.9,3199.9,2950.3,3038.7,3120.6,3117.4,3123.4,2935.2,2769.7,2943.6,2947.9,2948.4,3256.8,3699.3,4046.4,4073.6,4222,13.7
3679,5537.8,3389.1,3127.2,3048.2,2.243,24.812,8.658,3296.4,16.256,16.602,5.446,8.794,6.142,3390.1,6.986,3556.8,22.43,21.91,4110,3166.3,4103,3201.5,4081.1,3866.3,4534.9,3370.9,3537.1,3975,3111.4,3552,2975.6,2996.9,3277.5,2809.1,2994,3041.9,3253.6,3247.7,3126.2,3158.4,3257.7,3237,3277,3357.2,3513,3517.5,3472.4,19.52,4.48,3.27,0,19.52,3.27,3.656,5.118,5.226,6.408,8.428,11.684,14.782,8.964,20.946,20.946,20.946,25.386,4011.3,3776.8,3695.6,3413.1,3394,3192.2,3461.2,3394.6,3717.4,3424.4,3199.1,2949.6,3038.5,3119.5,3116.7,3122.8,2935.2,2769.4,2943.2,2947.6,2948.1,3256.4,3699.2,4046.3,4073.5,4221.9,33.94
3243.4,5586.4,3262.4,3118.1,3087.1,28.492,1.323,30.296,3257.4,45.492,46.184,23.872,30.568,25.264,3373.3,26.952,3507.3,70.82,69.78,3764.9,3184.8,3760.4,3227.7,3741.5,3553.8,4176.9,3188.2,3231,3655.7,2955.5,3320.9,2892.7,2913.2,3024.6,2780,2811,2858.9,3214.6,3230.9,3117.7,3144.6,3265.7,3153.6,3164.2,3230.5,3462.8,3468,3346,5.28,5.28,6.49,19.52,0,19.52,20.292,23.216,23.432,25.796,29.836,36.348,42.544,30.908,67.852,67.852,67.852,76.732,3671.7,3457.5,3383.5,3182,3157.7,2939.3,3009.5,2959,3281.8,2988.8,2826.7,2889,3036.3,3168.1,3142.9,3141.3,2800.3,2740.3,2852.5,2863.9,2865.2,3073.7,3386.7,3703.7,3728.4,3863.9,12.49
4165.3,5694.6,3593.4,3311.6,3259,7.756,24.812,2.694,3515.7,6.493,6.666,1.088,2.762,1.436,3596.6,1.858,3823.3,7.945,7.685,4551.8,3359.6,4543.7,3393.5,4520.2,4291.9,4983.2,3781.8,3927.8,4403.9,3574.3,4008.5,3481.7,3504,3789.1,3225.2,3447.4,3495.3,3472.9,3454.2,3334.4,3350.6,3437.8,3446.7,3479.9,3561.5,3770.1,3784,3748.7,19.52,4.48,3.27,3.27,19.52,0,0.193,0.924,0.978,1.569,2.579,4.207,5.756,2.847,7.203,7.203,7.203,9.423,4450.4,4205.7,4121.1,3869.6,3853.5,3703.8,3935.1,3880.9,4203.7,3910.7,3661.2,3473.7,3398.6,3276.3,3308.7,3316.1,3397.2,3185.5,3456.4,3454.7,3454.2,3667.3,4124.8,4487,4515.3,4670.2,33.94
4146,5675.3,3574.1,3292.3,3239.7,8.142,25.584,2.887,3496.4,6.3,6.473,0.895,2.569,1.243,3577.3,1.665,3803.9,7.559,7.299,4532.5,3340.3,4524.4,3374.2,4500.9,4272.6,4963.9,3762.5,3908.5,4384.6,3555,3989.2,3462.4,3484.7,3769.8,3205.9,3428.1,3476,3453.6,3434.9,3315.1,3331.3,3418.5,3427.4,3460.6,3542.2,3750.8,3764.6,3729.4,20.292,4.866,3.656,3.656,20.292,0.193,0,0.731,0.785,1.376,2.386,4.014,5.563,2.654,6.817,6.817,6.817,9.037,4431.1,4186.4,4101.8,3850.3,3834.2,3684.5,3915.8,3861.6,4184.4,3891.4,3641.9,3454.4,3379.3,3257,3289.4,3296.8,3377.9,3166.2,3437.1,3435.4,3434.9,3648,4105.5,4467.7,4496,4650.9,34.712
4072.9,5602.2,3501,3219.2,3166.6,9.604,28.508,3.618,3423.3,5.569,5.742,0.164,3.3,0.512,3504.2,0.934,3730.9,6.097,5.837,4459.4,3267.2,4451.3,3301.1,4427.8,4199.5,4890.8,3689.4,3835.4,4311.5,3481.9,3916.1,3389.3,3411.6,3696.7,3132.8,3355,3402.9,3380.5,3361.8,3242,3258.2,3345.4,3354.3,3387.5,3469.1,3677.7,3691.6,3656.3,23.216,6.328,5.118,5.118,23.216,0.924,0.731,0,0.054,0.645,1.655,3.283,4.832,1.923,5.355,5.355,5.355,7.575,4358,4113.3,4028.7,3777.2,3761.1,3611.4,3842.7,3788.5,4111.3,3818.3,3568.8,3381.3,3306.2,3183.9,3216.3,3223.7,3304.8,3093.1,3364,3362.3,3361.8,3574.9,4032.4,4394.6,4422.9,4577.8,37.636
4067.5,5596.8,3495.6,3213.8,3161.2,9.712,28.724,3.672,3417.9,5.515,5.688,0.218,3.354,0.458,3498.8,0.88,3725.5,5.989,5.729,4454,3261.8,4445.9,3295.7,4422.4,4194.1,4885.4,3684,3830,4306.1,3476.5,3910.7,3383.9,3406.2,3691.3,3127.4,3349.6,3397.5,3375.1,3356.4,3236.6,3252.8,3340,3348.9,3382.1,3463.7,3672.3,3686.1,3650.9,23.432,6.436,5.226,5.226,23.432,0.978,0.785,0.054,0,0.591,1.601,3.229,4.778,1.869,5.247,5.247,5.247,7.467,4352.6,4107.9,4023.3,3771.8,3755.7,3606,3837.3,3783.1,4105.9,3812.9,3563.4,3375.9,3300.8,3178.5,3210.9,3218.3,3299.4,3087.7,3358.6,3356.9,3356.4,3569.5,4027,4389.2,4417.5,4572.4,37.852
4008.4,5537.7,3436.5,3154.7,3102.1,10.894,31.088,4.263,3358.8,4.924,5.097,0.809,3.945,1.049,3439.7,0.289,3666.4,4.807,4.547,4394.9,3202.7,4386.8,3236.6,4363.3,4135,4826.3,3624.9,3770.9,4247,3417.4,3851.6,3324.8,3347.1,3632.2,3068.3,3290.5,3338.4,3316,3297.3,3177.5,3193.7,3280.9,3289.8,3323,3404.6,3613.2,3627.1,3591.8,25.796,7.618,6.408,6.408,25.796,1.569,1.376,0.645,0.591,0,1.01,2.638,4.187,1.278,4.065,4.065,4.065,6.285,4293.5,4048.8,3964.2,3712.7,3696.6,3546.9,3778.2,3724,4046.8,3753.8,3504.3,3316.8,3241.7,3119.4,3151.8,3159.2,3240.3,3028.6,3299.5,3297.8,3297.3,3510.4,3967.9,4330.1,4358.4,4513.3,40.216
3907.4,5436.7,3335.5,3053.7,3001.1,12.914,35.128,5.273,3257.8,3.914,4.087,1.819,4.955,2.059,3338.7,1.299,3565.3,2.787,2.527,4293.9,3101.7,4285.8,3135.6,4262.3,4034,4725.3,3523.9,3669.9,4146,3316.4,3750.6,3223.8,3246.1,3531.2,2967.3,3189.5,3237.4,3215,3196.3,3076.5,3092.7,3179.9,3188.8,3222,3303.6,3512.2,3526,3490.8,29.836,9.638,8.428,8.428,29.836,2.579,2.386,1.655,1.601,1.01,0,1.628,3.177,0.268,2.045,2.045,2.045,4.265,4192.5,3947.8,3863.2,3611.7,3595.6,3445.9,3677.2,3623,3945.8,3652.8,3403.3,3215.8,3140.7,3018.4,3050.8,3058.2,3139.3,2927.6,3198.5,3196.8,3196.3,3409.4,3866.9,4229.1,4257.4,4412.3,44.256
4070.2,5599.5,3498.3,3216.5,3163.9,16.17,41.64,6.901,3420.6,2.286,2.459,3.447,6.583,3.687,3501.5,2.927,3728.2,6.043,5.783,4456.7,3264.5,4448.6,3298.4,4425.1,4196.8,4888.1,3686.7,3832.7,4308.8,3479.2,3913.4,3386.6,3408.9,3694,3130.1,3352.3,3400.2,3377.8,3359.1,3239.3,3255.5,3342.7,3351.6,3384.8,3466.4,3675,3688.8,3653.6,36.348,12.894,11.684,11.684,36.348,4.207,4.014,3.283,3.229,2.638,1.628,0,1.549,1.896,5.301,5.301,5.301,7.521,4355.3,4110.6,4026,3774.5,3758.4,3608.7,3840,3785.8,4108.6,3815.6,3566.1,3378.6,3303.5,3181.2,3213.6,3221,3302.1,3090.4,3361.3,3359.6,3359.1,3572.2,4029.7,4391.9,4420.2,4575.1,50.768
4225.1,5754.4,3653.2,3371.4,3318.8,19.268,47.836,8.45,3575.5,0.737,0.91,4.996,8.132,5.236,3656.4,4.476,3883.1,9.141,8.881,4611.6,3419.4,4603.5,3453.3,4580,4351.7,5043,3841.6,3987.6,4463.7,3634.1,4068.3,3541.5,3563.8,3848.9,3285,3507.2,3555.1,3532.7,3514,3394.2,3410.4,3497.6,3506.5,3539.7,3621.3,3829.9,3843.7,3808.5,42.544,15.992,14.782,14.782,42.544,5.756,5.563,4.832,4.778,4.187,3.177,1.549,0,3.445,8.399,8.399,8.399,10.619,4510.2,4265.5,4180.9,3929.4,3913.3,3763.6,3994.9,3940.7,4263.5,3970.5,3721,3533.5,3458.4,3336.1,3368.5,3375.9,3457,3245.3,3516.2,3514.5,3514,3727.1,4184.6,4546.8,4575.1,4730,56.964
3880.6,5409.9,3308.7,3026.9,2974.3,13.45,36.2,5.541,3231,4.182,4.355,2.087,5.223,2.327,3311.9,1.567,3538.5,2.251,1.991,4267.1,3074.9,4259,3108.8,4235.5,4007.2,4698.5,3497.1,3643.1,4119.2,3289.6,3723.8,3197,3219.3,3504.4,2940.5,3162.7,3210.6,3188.2,3169.5,3049.7,3065.9,3153.1,3162,3195.2,3276.8,3485.4,3499.2,3464,30.908,10.174,8.964,8.964,30.908,2.847,2.654,1.923,1.869,1.278,0.268,1.896,3.445,0,1.509,1.509,1.509,3.729,4165.7,3921,3836.4,3584.9,3568.8,3419.1,3650.4,3596.2,3919,3626,3376.5,3189,3113.9,2991.6,3024,3031.4,3112.5,2900.8,3171.7,3170,3169.5,3382.6,3840.1,4202.3,4230.6,4385.5,45.328
4369.9,5990,3573.5,3477.7,3746.9,29.918,78.436,12.591,3501.4,9.873,10.219,5.683,11.955,6.163,3631.2,4.643,3860.8,2.251,1.991,4728.4,3718,4719.7,3769.7,4695.5,4460.4,5163,3990.2,4112.4,4574.1,3877.1,4215.7,3770.6,3791.6,4014.9,3501.9,3701.9,3749.8,3458.6,3488.8,3644.9,3518.9,3540.2,3430.5,3465.6,3541.6,3776.5,3821.5,3844.6,67.852,23.366,20.946,20.946,67.852,7.203,6.817,5.355,5.247,4.065,2.045,5.301,8.399,1.509,0,1.509,1.509,1.11,4625.7,4375.9,4289.5,4076.8,4058.9,3929.6,4140.8,4085.5,4408.3,4115.3,3916.3,4088.8,3845.2,3571.7,3684.9,3674.5,3650.5,3462.2,3736.9,3742.3,3743.1,3875.7,4293.3,4663,4691.9,4850,96.692
3880.6,5408.5,3305.3,3026,2973.9,29.918,78.436,12.591,3228.6,9.873,10.219,5.683,11.955,6.163,3310.5,4.643,3536.9,2.251,0.241,4265.6,3074.7,4257.5,3108.8,4234,4005.7,4697,3495,3641.3,4117.7,3287.1,3721.9,3194.4,3216.4,3503.5,2939.8,3160.8,3208.7,3185.8,3168.1,3049,3064.9,3151,3158.6,3192.9,3273.4,3483,3497.6,3461.6,67.852,23.366,20.946,20.946,67.852,7.203,6.817,5.355,5.247,4.065,2.045,5.301,8.399,1.509,1.509,0,1.509,3.729,4164.2,3919.5,3834.9,3583,3566.8,3418.2,3647.3,3596.2,3919,3626,3373.3,3188.6,3112.6,2990.2,3024,3031.2,3111.5,2900.1,3167,3167.1,3166.9,3380.5,3838.6,4200.8,4229.1,4384,96.692
