0,5989.4,3323.5,3227.8,3551.6,3707.4,3537.4,4050.7,3309.8,3683.2,3700.6,3705.3,4018.9,3729.3,3426.8,3653.3,3503.3,3325.8,3313.1,3614.5,3429.7,3650.2,3494.6,3786.7,3987,3792.9,4080.9,4172,4853.2,4101,4709.2,4083.8,4107,4419.6,3905.4,4055.3,4103.2,3267,3284.4,3318.4,3257.4,3288.2,3222.7,3241,3291.6,3408.1,3464,3539.8,3412.5,3544.2,3483.7,3483.1,3405.1,3781.3,3762,3688.9,3683.5,3624.4,3523.4,3454.6,3609.6,3531.9,3381.5,3289,3288.7,3461.5,3716.9,4655,4566.8,4570.3,4608.9,4334.3,4389.4,2.844,5.476,2.546,4239.6,3926.7,3682.4,3571,3409.8,3386.2,3969.3,3865.7,4068.3,4057.7,4056.3,3966.4,3819.9,3593.5,3578,3479.9,3773
5989.4,0,5670.9,5751.7,6720.1,5711.9,5569.5,6011.5,5789.6,5740.2,5757.5,5666.1,5979.7,5690.1,5925.9,5614.1,5601.6,5322.3,5309.3,5551.5,6021,5581.7,6097.7,5775.1,3612,5772.4,5896.7,3545.9,6042.6,5924.8,5894.7,5711.2,5732.4,5599.3,5473.5,5614.9,5662.8,5746.8,5783.5,5875.7,5786,5776.9,5689.4,5665.6,5639,5542.4,5562.3,5737.7,5446.7,5548.2,5487.7,5487.6,5437.2,5742.1,5722.8,5649.7,5644.3,5585.2,5484.2,5511.6,5666.5,5477.8,5409.9,5285.2,5285.2,5449.9,5705.3,5844.4,5756.2,5755.8,5749.3,5514,5649.1,5705,6027.8,5734.8,5714.5,5972.5,6405.9,24.183,6012.9,5977.5,5559.9,5433.8,5678.4,5683.1,5683.7,5782.2,3501.7,5525,5515,5459.4,5807.2
3323.5,5670.9,0,3515.6,3311.9,3696.7,3333.6,4139,3775.9,3900.4,3917.7,3793.6,4107.2,3817.6,3851.7,3741.6,3720,3465.2,3452,3651.8,3531.1,3662.3,3547.3,3983.1,3636.7,3968.1,3241.1,3311.6,3324.9,3081.7,3176,2972.4,2993.2,3006.3,2805.9,2924.3,2972.2,3733.1,3709.3,3630.3,3678.9,3787,3816.3,4055.1,0.319,3752.9,3680.7,3634.7,3204.1,3532.9,3472.4,3472.4,3201.3,3869.6,3850.3,3777.2,3771.8,3712.7,3611.7,3671.8,3826.7,3598.2,3662.6,3427.9,3428.1,3657.9,3913.3,3126.7,3038.5,3037.1,3020.9,2921,3024.6,3039.1,3361.9,3068.9,2951.4,3177.5,3261.8,3252.6,3462.5,3487.6,2888.1,2766.2,2936.1,2943.9,2944.9,3126.6,3469.6,3605.6,3615.3,3655.1,3564.6
3227.8,5751.7,3515.6,0,3350.6,3314.5,3013.9,3792.9,3728.9,3520.3,3537.6,3447.5,3761.1,3471.5,3859.1,3395.5,3364.9,3043.6,3030.8,3342.6,3621.5,3366.8,3630.3,3586.4,3494.4,3582,3233.8,3415.2,3333.9,3148.7,3185.6,2980.6,3000.8,2950.4,2767.5,2853.1,2901,3686.1,3716.7,3834.9,3831,3720,3645.6,3574.3,3483.7,3381.5,3325.6,3480.2,2884.1,3151.2,3090.7,3090.2,2881.6,3523.5,3504.2,3431.1,3425.7,3366.6,3265.6,3291.7,3446.6,3258.5,3226.7,3006.7,3006.5,3261.2,3516.6,3135.7,3047.5,3046.7,3035.4,2865.1,2953.5,2943.4,3266.2,2973.2,2883.3,3162.7,3333.9,3333.4,3545.5,3578,2829.7,2727.8,2939.6,2951.5,2953.1,3119.3,3334,3310.1,3306.1,3269,3244.6
3551.6,6720.1,3311.9,3350.6,0,3297.6,3138.5,3712.8,3407.6,3418.7,3436,3367.4,3681,3391.4,3538.4,3315.4,3277,2959.6,2946.8,3301.6,3579.2,3336,3656.7,3500.2,1132.9,3500.7,3633.5,1071.6,3662.1,3594,3513.2,3315.3,3335.7,3206,3064.9,3198.4,3246.3,3364.8,3396,3431.9,3387.7,3447.7,3323,3317.9,3280,3240.9,3237.7,3503.8,3012.4,3134.3,3073.8,3073.3,3006.2,3443.4,3424.1,3351,3345.6,3286.5,3185.5,3190.1,3345,3184.4,3121.7,2922.7,2922.5,3175,3430.4,3463.9,3375.7,3374.3,3358.2,3120.7,3271,3267.2,3590,3297,3324.9,3597.8,3805.2,4301.8,3571.9,3535.7,3189.2,3025.2,3275.8,3286.4,3287.8,3519,1062.7,3279.3,3265.1,3187.7,3372.9
3707.4,5711.9,3696.7,3314.5,3297.6,0,33.784,13.144,3430.3,4434.9,4452.2,9.932,13.28,10.628,3528.4,11.472,3970.8,4287.2,4273.7,4412.4,3372.2,4405.5,3409,4873.9,4168.8,4837.3,3585,3725.3,3822.6,3338.4,3673.8,3274,3295.4,3466.5,3144.3,3209.1,3257,3387.5,3386,3344.8,3415,3569.3,3446.6,3586.8,3664.8,4124.9,3931.5,3906.2,28.492,8.966,7.756,2.243,28.492,7.756,8.142,9.604,9.712,10.894,12.914,4206.3,4361.2,4336.9,4650.8,4249.6,4250.1,4548.7,4804.1,3624.4,3536.2,3534.9,3519.1,3381.2,3458.8,3423,3745.8,3452.8,3225.6,3233.8,3256.7,3293.6,3324.2,3328.7,3167.3,3104.6,3242.7,3246.1,3246.5,3470.5,4001.7,4348.8,4375.9,4524.3,42.912
3537.4,5569.5,3333.6,3013.9,3138.5,33.784,0,35.588,3123,4084.6,4101.9,29.164,35.86,30.556,3223.5,32.244,3610.5,3864,3849.4,4017.4,3116.3,4012.8,3172.4,4463.8,3806.3,4429.4,3446.2,3461.7,3647.8,3241.4,3499.3,3198.8,3220.6,3311.1,3080.1,3097.7,3145.6,3080.2,3081.1,3013.7,3075.2,3268.8,3095.3,3227.6,3301.7,3778,3571.2,3599,7.926,7.926,9.136,24.812,1.323,24.812,25.584,28.508,28.724,31.088,35.128,3856,4010.9,3981.1,4231.9,3825.3,3826.9,4138.6,4394,3449.6,3361.4,3360.4,3346.6,3225.8,3259.5,3253,3575.8,3282.8,3091.8,3097.7,3105.5,3151.2,3087.6,3072.8,3059.7,3040.4,3170.7,3171.3,3171.3,3331.7,3639.2,3956.1,3980.9,4116.4,15.136
4050.7,6011.5,4139,3792.9,3712.8,13.144,35.588,0,3921,4845.7,4863,3.782,5.456,4.13,4019.9,4.552,4389.8,4738.6,4724,4875.5,3890.7,4867.4,3912.8,5344.5,4615.6,5306.8,3933,4045.7,4091,3686,3942,3590.4,3611.5,3760.7,3400.8,3529.4,3577.3,3878.2,3877.5,3927.9,3900.5,3970.9,3917.5,4023.3,4107.1,4534,4350.5,4269.1,30.296,9.868,8.658,8.658,30.296,2.694,2.887,3.618,3.672,4.263,5.273,4617.1,4772,4750.3,5125.8,4699.9,4701.5,5019.3,5274.7,3892.8,3804.6,3803.1,3784.7,3675.4,3799.4,3766.3,4089.1,3796.1,3592.6,3674.5,3691.8,3593.2,3828,3847.2,3487.4,3361.1,3556.8,3562.2,3562.9,3818.5,4448.5,4810.7,4839,4993.8,44.716
3309.8,5789.6,3775.9,3728.9,3407.6,3430.3,3123,3921,0,3666,3683.3,3575.6,3889.2,3599.6,4430.8,3523.6,3478.3,3177.9,3164.3,3409.9,3678.5,3427.2,3687.3,3706.1,3351.7,3694.3,3193.7,3253.8,3306.4,3105,3158.1,2993.1,3014.4,2998,2831,2928.3,2976.2,0.428,4288.4,3967.1,3868.7,3774.7,4307.6,3933.7,3744,3537.7,3439,3470.7,2993.6,3266.8,3206.3,3206,2990.7,3651.6,3632.3,3559.2,3553.8,3494.7,3393.7,3437.4,3592.3,3382.6,3373.5,3140.2,3140.8,3380.9,3636.3,3108.2,3020,3019.2,3009,2912.7,2981.5,3025.4,3348.2,3055.2,2953.2,3192.9,3357.1,3371.3,3602.5,3635,2884.1,2791.3,2960.6,2965.1,2965.6,3079.2,3191.3,3370.5,3373.4,3381.3,3354.1
3683.2,5740.2,3900.4,3520.3,3418.7,4434.9,4084.6,4845.7,3666,0,1.647,4500.3,4813.9,4524.3,3758,4448.3,4148.9,4283.6,4269,4420.5,3598.5,4412.4,3620.6,4889.5,4160.6,4851.9,3586.1,3696.4,3719.7,3353.8,3570.7,3259,3280.2,3388.3,3060.8,3183.2,3231.1,3623.2,3615.6,3635.7,3632.9,3711.6,3665.9,3784.5,3868.5,4394.8,4109.6,3991.3,3955.7,4271.3,4210.8,4210.6,3952.3,4576.3,4557,4483.9,4478.5,4419.4,4318.4,2.286,0.737,4292.1,4670.9,4244.9,4246.5,4564.3,4819.7,3521.5,3433.3,3431.8,3415.6,3303,3422,3398.8,3721.6,3428.7,3246.9,3369.3,3386.6,3321.9,3535.8,3555,3151.2,3021.1,3225.5,3230.9,3231.5,3471.6,3993.5,4355.7,4384,4538.9,4316.2
3700.6,5757.5,3917.7,3537.6,3436,4452.2,4101.9,4863,3683.3,1.647,0,4517.6,4831.2,4541.6,3775.3,4465.6,4166.2,4300.9,4286.3,4437.8,3615.8,4429.7,3637.9,4906.8,4177.9,4869.1,3603.4,3713.7,3737,3371.1,3588,3276.3,3297.6,3405.6,3078.1,3200.5,3248.4,3640.5,3632.9,3653,3650.2,3728.9,3683.2,3801.8,3885.8,4412.1,4126.9,4008.6,3973,4288.6,4228.1,4227.9,3969.6,4593.6,4574.3,4501.2,4495.8,4436.7,4335.7,2.459,0.91,4309.4,4688.2,4262.2,4263.8,4581.6,4837,3538.8,3450.6,3449.1,3432.9,3320.3,3439.3,3416.2,3739,3445.9,3264.2,3386.6,3403.9,3339.2,3553.1,3572.3,3168.5,3038.4,3242.8,3248.3,3248.8,3488.9,4010.8,4373,4401.3,4556.1,4333.5
3705.3,5666.1,3793.6,3447.5,3367.4,9.932,29.164,3.782,3575.6,4500.3,4517.6,0,3.464,0.676,3674.5,1.098,4044.4,4393.2,4378.6,4530.1,3545.3,4522,3567.4,4999.1,4270.2,4961.4,3587.6,3700.3,3745.6,3340.6,3596.6,3245,3266.1,3415.3,3055.4,3184,3231.9,3532.8,3532.1,3582.5,3555.1,3625.5,3572.1,3677.9,3761.7,4188.5,4005.1,3923.7,23.872,6.656,5.446,5.446,23.872,1.088,0.895,0.164,0.218,0.809,1.819,4271.7,4426.6,4404.9,4780.4,4354.5,4356.1,4673.9,4929.3,3547.4,3459.2,3457.7,3439.3,3330,3454,3420.9,3743.7,3450.7,3247.2,3329.1,3346.4,3247.8,3482.6,3501.8,3142,3015.7,3211.4,3216.8,3217.5,3473.1,4103.1,4465.3,4493.6,4648.4,38.292
4018.9,5979.7,4107.2,3761.1,3681,13.28,35.86,5.456,3889.2,4813.9,4831.2,3.464,0,3.812,3988.1,4.234,4358,4706.8,4692.2,4843.7,3858.9,4835.6,3881,5312.7,4583.8,5275,3901.2,4013.9,4059.2,3654.2,3910.2,3558.6,3579.7,3728.9,3369,3497.6,3545.5,3846.4,3845.7,3896.1,3868.7,3939.1,3885.7,3991.5,4075.3,4502.1,4318.7,4237.3,30.568,10.004,8.794,8.794,30.568,2.762,2.569,3.3,3.354,3.945,4.955,4585.3,4740.2,4718.5,5094,4668.1,4669.7,4987.5,5242.9,3861,3772.8,3771.3,3752.9,3643.6,3767.6,3734.5,4057.3,3764.3,3560.8,3642.7,3660,3561.4,3796.2,3815.4,3455.6,3329.3,3525,3530.4,3531.1,3786.7,4416.7,4778.9,4807.2,4962,44.988
3729.3,5690.1,3817.6,3471.5,3391.4,10.628,30.556,4.13,3599.6,4524.3,4541.6,0.676,3.812,0,3698.5,1.338,4068.4,4417.2,4402.6,4554.1,3569.3,4546,3591.4,5023.1,4294.2,4985.4,3611.6,3724.3,3769.6,3364.6,3620.6,3269,3290.1,3439.3,3079.4,3208,3255.9,3556.8,3556.1,3606.5,3579.1,3649.5,3596.1,3701.9,3785.7,4212.6,4029.1,3947.7,25.264,7.352,6.142,6.142,25.264,1.436,1.243,0.512,0.458,1.049,2.059,4295.7,4450.6,4428.9,4804.4,4378.5,4380.1,4697.9,4953.3,3571.4,3483.2,3481.7,3463.3,3354,3478,3444.9,3767.7,3474.7,3271.2,3353.1,3370.4,3271.8,3506.6,3525.8,3166,3039.7,3235.4,3240.8,3241.5,3497.1,4127.1,4489.3,4517.6,4672.4,39.684
3426.8,5925.9,3851.7,3859.1,3538.4,3528.4,3223.5,4019.9,4430.8,3758,3775.3,3674.5,3988.1,3698.5,0,3622.5,3597.8,3281.2,3268.2,3534,3809.3,3552,3818.1,3821.9,3514.4,3812.8,3343.5,3427.8,3457.2,3264.8,3308.7,3147.4,3168.5,3127.9,2953.9,3046.7,3094.6,4388,1.424,4249.1,3963.2,3882.8,4224.9,3978.1,3819.8,3636.7,3558.5,3612.6,3097.7,3364.7,3304.2,3304.1,3091.2,3750.5,3731.2,3658.1,3652.7,3593.6,3492.6,3529.4,3684.3,3484.5,3475,3244.1,3244.1,3496.7,3752.1,3259,3170.8,3169.8,3159.4,3042.6,3118.2,3142.4,3465.2,3172.2,3063.6,3321.7,3486,3507.6,3733.3,3765.8,3012.5,2914.2,3112.6,3119.2,3119.9,3229,3353.9,3495.3,3497.5,3499.8,3458.2
3653.3,5614.1,3741.6,3395.5,3315.4,11.472,32.244,4.552,3523.6,4448.3,4465.6,1.098,4.234,1.338,3622.5,0,3992.4,4341.2,4326.6,4478.1,3493.3,4470,3515.4,4947.1,4218.2,4909.4,3535.6,3648.3,3693.6,3288.6,3544.6,3193,3214.1,3363.3,3003.4,3132,3179.9,3480.8,3480.1,3530.5,3503.1,3573.5,3520.1,3625.9,3709.7,4136.6,3953.1,3871.7,26.952,8.196,6.986,6.986,26.952,1.858,1.665,0.934,0.88,0.289,1.299,4219.7,4374.6,4352.9,4728.4,4302.5,4304.1,4621.9,4877.3,3495.4,3407.2,3405.7,3387.3,3278,3402,3368.9,3691.7,3398.7,3195.2,3277.1,3294.4,3195.8,3430.6,3449.8,3090,2963.7,3159.4,3164.8,3165.5,3421.1,4051.1,4413.3,4441.6,4596.4,41.372
3503.3,5601.6,3720,3364.9,3277,3970.8,3610.5,4389.8,3478.3,4148.9,4166.2,4044.4,4358,4068.4,3597.8,3992.4,0,3709.6,3696.6,3879.8,3454.9,3889,3477,4222.4,3822.2,4204.4,3377.9,3447.2,3538.3,3164.5,3389.7,3085.2,3106.2,3219.7,2910.5,3022.3,3070.2,3435.5,3455.4,3495,3483.5,3556.9,3485.1,3608.6,3688.1,4212.7,0.393,4016.1,3481.6,3807.4,3746.9,3746.5,3478.2,4120.4,4101.1,4028,4022.6,3963.5,3862.5,3920.3,4075.2,3849.1,3903.3,3672.5,3672.5,3897.2,4152.6,3340.1,3251.9,3250.8,3236.9,3134.4,3232.7,3218.9,3541.7,3248.7,3070.3,3189.5,3220.7,3183.3,3392.2,3411.4,2976.7,2870.8,3050,3056.9,3057.7,3263.4,3655.1,3832.3,3843.3,3891.4,3842.1
3325.8,5322.3,3465.2,3043.6,2959.6,4287.2,3864,4738.6,3177.9,4283.6,4300.9,4393.2,4706.8,4417.2,3281.2,4341.2,3709.6,0,4753.7,3985.9,3101.2,3977.7,3129.2,4454.8,3725.9,4417.2,3205.4,3315.6,3454.5,2952.1,3305.4,2890.2,2911.6,3109.2,2740.7,2820.7,2868.6,3135.1,3138.8,3107.8,3162.5,3278.2,3202.5,3351.3,3433.3,3973.6,3670.3,3557.8,3734.4,4123.5,4063,4062.9,3731.7,4469.2,4449.9,4376.8,4371.4,4312.3,4211.3,4055,4209.9,4707.2,4699.3,4729.6,0.371,4129.6,4385,3256.3,3168.1,3166.5,3148.9,3023.9,3086.2,3041.3,3364.2,3071.2,2852,2878.9,2881.5,2904,3044.4,3057.7,2773.6,2701,2859,2862.3,2862.7,3090.9,3558.8,3921,3949.4,4104.2,4094.9
3313.1,5309.3,3452,3030.8,2946.8,4273.7,3849.4,4724,3164.3,4269,4286.3,4378.6,4692.2,4402.6,3268.2,4326.6,3696.6,4753.7,0,3974.4,3088.4,3966.3,3116.4,4443.4,3714.5,4405.8,3193.4,3301.9,3442.5,2939.9,3293.4,2877.4,2899,3096.8,2728.2,2807.7,2855.6,3121.5,3125.8,3094.8,3149.6,3265.5,3189.4,3338,3420.1,3959,3657.3,3545.1,3720.8,4110.2,4049.7,4049.4,3717.1,4454.6,4435.3,4362.2,4356.8,4297.7,4196.7,4040.4,4195.3,4678.6,4701.9,0.241,4716.6,4118.2,4373.6,3244.3,3156.1,3154.5,3136.8,3011.5,3074,3028.7,3351.5,3058.5,2839,2866.2,2868.1,2891,3031.6,3044.9,2761.8,2688.5,2847,2849.7,2849.9,3078.9,3547.4,3909.6,3937.9,4092.8,4081.3
3614.5,5551.5,3651.8,3342.6,3301.6,4412.4,4017.4,4875.5,3409.9,4420.5,4437.8,4530.1,4843.7,4554.1,3534,4478.1,3879.8,3985.9,3974.4,0,3479.5,4313.6,3501.6,4427,4054.2,4440.7,3450,3535.2,3716,3211,3567.2,3159.4,3181.2,3384.8,2986.3,3075.6,3123.5,3367.1,3391.6,3522.6,3463.3,3511.9,3421.5,3549.2,3619.9,4110.5,3840.5,3746.8,3889.4,4249.3,4188.8,4188.1,3885.1,4606.1,4586.8,4513.7,4508.3,4449.2,4348.2,4191.9,4346.8,4373.9,3993,3950.3,3948.8,4101.8,4357.2,3517.8,3429.6,3428.3,3413.9,3299.5,3368.7,3330.1,3652.9,3359.9,3131.2,3195.2,3207.4,3133.2,3416.8,3436,3030.2,2946.6,3130.2,3131.9,3131.9,3335.5,3887.1,4256.9,0.365,4127.7,4249.9
3429.7,6021,3531.1,3621.5,3579.2,3372.2,3116.3,3890.7,3678.5,3598.5,3615.8,3545.3,3858.9,3569.3,3809.3,3493.3,3454.9,3101.2,3088.4,3479.5,0,3513.9,3881.1,3678.1,1135.7,3678.6,3511.7,1074.3,3540.2,3430.7,3391.3,3193.4,3213.8,3115.1,2974,3076.5,3124.4,3635.7,3666.9,3728.6,3658.6,3698,3593.9,3568.1,3499.2,3460.1,3415.6,3723,2988.9,3208.8,3148.3,3147.9,2984,3621.3,3602,3528.9,3523.5,3464.4,3363.4,3369.9,3524.8,3362.3,3299.6,3064.3,3064.1,3352.9,3608.3,3342,3253.8,3252.4,3236.3,3029.8,3149.1,3145.3,3468.1,3175.1,3161.6,3393.2,3600.7,3602.7,3796.3,0.435,3067.3,2934.3,3153.9,3164.5,3165.9,3397.2,1065.5,3457.2,3443,3365.6,3349.4
3650.2,5581.7,3662.3,3366.8,3336,4405.5,4012.8,4867.4,3427.2,4412.4,4429.7,4522,4835.6,4546,3552,4470,3889,3977.7,3966.3,4313.6,3513.9,0,3536,4418.2,4103.3,4432,3476.3,3563,3746.9,3239,3598.3,3190.3,3211.8,3415.7,3017.7,3106.6,3154.5,3384.4,3409.6,3557,3485.9,3529.4,3436.3,3561.3,3630.4,4102.4,3849.7,3764.3,3884.8,4242.3,4181.9,4181.2,3880.5,4598,4578.7,4505.6,4500.2,4441.1,4340.1,4183.8,4338.7,4365.8,3984.3,3942.2,3940.6,4093,4348.4,3548.7,3460.5,3459.4,3445.9,3330.4,3400.7,3365.8,3688.6,3395.6,3163.2,3230.7,3242.4,3163.4,3451.2,3470.4,3059.8,2978,3159.8,3162.5,3162.8,3361.8,3936.2,0.567,4277.1,4119,4245.3
3494.6,6097.7,3547.3,3630.3,3656.7,3409,3172.4,3912.8,3687.3,3620.6,3637.9,3567.4,3881,3591.4,3818.1,3515.4,3477,3129.2,3116.4,3501.6,3881.1,3536,0,3700.2,1155.2,3700.7,3576.6,1093.9,3605.1,3501.6,3456.2,3258.3,3278.7,3175.6,3034.5,3141.4,3189.3,3644.5,3675.7,3733.7,3667.4,3709.7,3602.7,3579.9,3515.4,3476.3,3437.7,3739.2,3047.8,3245.6,3185.1,3184.7,3040.1,3643.4,3624.1,3551,3545.6,3486.5,3385.5,3392,3546.9,3384.4,3321.7,3092.3,3092.1,3375,3630.4,3406.9,3318.7,3317.3,3301.2,3090.3,3214,3210.2,3533,3240,3232.5,3469.9,3677.4,3679.4,0.848,3837.6,3132.2,2994.8,3218.8,3229.4,3230.8,3462.1,1085.1,3479.3,3465.1,3387.7,3408.3
3786.7,5775.1,3983.1,3586.4,3500.2,4873.9,4463.8,5344.5,3706.1,4889.5,4906.8,4999.1,5312.7,5023.1,3821.9,4947.1,4222.4,4454.8,4443.4,4427,3678.1,4418.2,3700.2,0,4158.9,4861.5,3670.9,3742.3,3909.1,3418.8,3760,3354.4,3376,3572.2,3188.7,3278,3325.9,3663.3,3679.5,3721.2,3719.3,3789.3,3727.6,3873.2,3951.2,4579.5,4183.1,4027.2,4335.8,4710.8,4650.3,4649.6,4331.5,5075.1,5055.8,4982.7,4977.3,4918.2,4817.2,4660.9,4815.8,4842.9,4465.7,4419.3,4417.7,3.252,0.698,3710.9,3622.7,3621.1,3603.4,3486.9,3549.8,3502.3,3825.1,3532.1,3311.4,3384.4,3399.2,3356.8,3615.4,3634.6,3230.4,3149,3324.4,3326.7,3326.9,3556.4,3991.8,4361.5,4390.5,4548.5,4696.3
3987,3612,3636.7,3494.4,1132.9,4168.8,3806.3,4615.6,3351.7,4160.6,4177.9,4270.2,4583.8,4294.2,3514.4,4218.2,3822.2,3725.9,3714.5,4054.2,1135.7,4103.3,1155.2,4158.9,0,4172.7,3763.3,3811.7,4007.3,3560.5,3858.8,3491.4,3512.7,3695.5,3279.6,3411.7,3459.6,3310.7,3377.6,1111,3310.7,3631.6,3069.7,3592,3604.8,3850.6,3782.9,3809.5,3678.3,4005.6,3945.1,3944.5,3674,4346.2,4326.9,4253.8,4248.4,4189.3,4088.3,3932,4086.9,4114,3724.9,3690.4,3688.8,3833.7,4089.1,3809.1,3720.9,3719.9,3708.6,3610.2,3730,3702.6,4025.4,3732.4,3514.4,1834.4,1750.2,2015.9,1119.6,1117.4,3364.2,3239.9,3458.1,3463.4,3463.9,3648.8,1.671,4046.6,4017.7,3859.7,4038.8
3792.9,5772.4,3968.1,3582,3500.7,4837.3,4429.4,5306.8,3694.3,4851.9,4869.1,4961.4,5275,4985.4,3812.8,4909.4,4204.4,4417.2,4405.8,4440.7,3678.6,4432,3700.7,4861.5,4172.7,0,3670.7,3742.8,3913.2,3419.3,3764.1,3357,3378.6,3576.5,3191.2,3282.3,3330.2,3651.5,3670.4,3721.7,3713.5,3782,3715.3,3859.5,3936.2,4541.8,4165.1,4019.1,4301.4,4674.2,4613.7,4613,4297.1,5037.4,5018.1,4945,4939.6,4880.5,4779.5,4623.3,4778.1,4805.3,4427.5,4381.7,4380.1,4536.3,4791.7,3715,3626.8,3625.2,3607.5,3491.2,3555.5,3508.5,3831.3,3538.3,3316.2,3386.5,3400.8,3354.1,3615.9,3635.1,3232.9,3151.5,3327.6,3329.3,3329.5,3556.2,4005.6,4375.3,4404.2,3.13,4661.9
4080.9,5896.7,3241.1,3233.8,3633.5,3585,3446.2,3933,3193.7,3586.1,3603.4,3587.6,3901.2,3611.6,3343.5,3535.6,3377.9,3205.4,3193.4,3450,3511.7,3476.3,3576.6,3670.9,3763.3,3670.7,0,3838.1,4086.4,3741.8,3938.4,3635,3656,3763,3408.8,3551.5,3599.4,3150.9,3201.1,3400.3,3301.2,3290.9,3133.3,3172.9,3209.2,3324.2,3338.6,3394.5,3325.7,3421.6,3361.1,3360.7,3313.9,3663.6,3644.3,3571.2,3565.8,3506.7,3405.7,3357.5,3512.4,3409.6,3283.7,3169.3,3168.3,3345.7,3601.1,3888.2,3800,3799.5,3793.7,3677.7,3801.9,3796.5,4119.3,3826.3,3649.4,3879.6,3633.8,3478.4,3491.8,3468.2,3513.3,3369.1,3598.9,3606.7,3607.5,1.145,3596.2,3419.6,3413.5,3357.7,3686.2
4172,3545.9,3311.6,3415.2,1071.6,3725.3,3461.7,4045.7,3253.8,3696.4,3713.7,3700.3,4013.9,3724.3,3427.8,3648.3,3447.2,3315.6,3301.9,3535.2,1074.3,3563,1093.9,3742.3,3811.7,3742.8,3838.1,0,4204.8,3553.2,4053.7,3502.5,3523.6,3918.8,3247.7,3408.7,3456.6,3211,3285.4,1049.7,3554.8,3320.8,3246.9,3258.5,3279.7,3438.7,3407.9,3452.8,3335.7,3562.1,3501.6,3501,3329.4,3776.3,3757,3683.9,3678.5,3619.4,3518.4,3467.8,3622.7,3523.4,3354.2,3277.8,3278.5,3417.1,3672.5,4006.6,3918.4,3914.8,3875.4,3833.5,4099.6,3887.6,4210.4,3917.4,3528.8,1796.6,1712.4,1949.8,1058.3,1056.1,3355,3208,3468.8,3474.3,3475,3723.6,3644.6,3506.3,3498.7,3429.8,3696.2
4853.2,6042.6,3324.9,3333.9,3662.1,3822.6,3647.8,4091,3306.4,3719.7,3737,3745.6,4059.2,3769.6,3457.2,3693.6,3538.3,3454.5,3442.5,3716,3540.2,3746.9,3605.1,3909.1,4007.3,3913.2,4086.4,4204.8,0,4050.4,4743.2,4042,4064,4600,3813.8,3974.4,4022.3,3263.6,3314.8,3428.9,3368,3379,3218.4,3242.4,3293,3443.5,3499,3565.5,3520.2,3659.8,3599.3,3598.3,3515.5,3821.6,3802.3,3729.2,3723.8,3664.7,3563.7,3491.1,3646,3571.4,3512,3418.4,3417.4,3583.9,3839.3,1.982,2.864,4604.3,4564.9,4514.7,4780.9,4568.8,4891.6,4598.6,4210.1,4027.6,3775.1,3624.3,3520.3,3496.7,3902.9,3774.1,4016,4014.7,4014.5,3971.9,3840.2,3690.2,3679.5,3600.2,3880.8
4101,5924.8,3081.7,3148.7,3594,3338.4,3241.4,3686,3105,3353.8,3371.1,3340.6,3654.2,3364.6,3264.8,3288.6,3164.5,2952.1,2939.9,3211,3430.7,3239,3501.6,3418.8,3560.5,3419.3,3741.8,3553.2,4050.4,0,3904,4006.5,4024,3670.9,3936.2,4145.7,4193.6,3062.2,3122.4,3302.4,3207.2,3193.5,3038.1,3046.9,3049.8,3102.9,3125.2,3232,3120.8,3175,3114.5,3114.1,3109.1,3416.6,3397.3,3324.2,3318.8,3259.7,3158.7,3125.2,3280.1,3163.2,3031.5,2915.8,2915,3093.6,3349,3852.2,3764,3765.1,3776.5,3585.6,3693.4,3816.6,4139.4,3846.4,4016.1,3877.2,3606.5,3506.5,3416.8,3387.2,4280.4,3896.5,3942.2,3974.7,3979,3627.3,3393.4,3182.3,3174.5,3106.3,3481.3
4709.2,5894.7,3176,3185.6,3513.2,3673.8,3499.3,3942,3158.1,3570.7,3588,3596.6,3910.2,3620.6,3308.7,3544.6,3389.7,3305.4,3293.4,3567.2,3391.3,3598.3,3456.2,3760,3858.8,3764.1,3938.4,4053.7,4743.2,3904,0,3896.5,3918.5,4456,3668.5,3829.2,3877.1,3115.3,3166.3,3279.9,3219.2,3230.2,3069.7,3093.5,3144.1,3294.5,3350.4,3417,3371.5,3510.9,3450.4,3449.5,3367,3672.6,3653.3,3580.2,3574.8,3515.7,3414.7,3342.1,3497,3422.5,3362.8,3269.3,3268.3,3434.8,3690.2,4545,4456.8,1.389,4420.9,4370.7,4636.9,4424.8,4747.6,4454.6,4066,3879.6,3627,3476.4,3371.4,3347.8,3757.6,3628.8,3870.5,3869.2,3869,3823.9,3691.7,3541.6,3530.7,3451.1,3732
4083.8,5711.2,2972.4,2980.6,3315.3,3274,3198.8,3590.4,2993.1,3259,3276.3,3245,3558.6,3269,3147.4,3193,3085.2,2890.2,2877.4,3159.4,3193.4,3190.3,3258.3,3354.4,3491.4,3357,3635,3502.5,4042,4006.5,3896.5,0,4166.5,3649.6,4076.4,4285.9,4333.8,2950.3,3005,3082.1,3011.1,3030,2902.3,2908.8,2940.5,3000.2,3045.9,3129.7,3074.7,3110.6,3050.1,3049.7,3066.5,3321,3301.7,3228.6,3223.2,3164.1,3063.1,3030.4,3185.3,3067.2,2963.2,2853.3,2853.1,3029.2,3284.6,3843.8,3755.6,3757.6,3778.4,3564.3,3669.9,3799.4,4122.2,3829.2,4156.3,3790.2,3408.5,3292.9,3173.5,3149.9,4420.6,4036.7,4084.8,4117.2,0.275,3520.5,3324.3,3133.6,3122.9,3044,3435.2
4107,5732.4,2993.2,3000.8,3335.7,3295.4,3220.6,3611.5,3014.4,3280.2,3297.6,3266.1,3579.7,3290.1,3168.5,3214.1,3106.2,2911.6,2899,3181.2,3213.8,3211.8,3278.7,3376,3512.7,3378.6,3656,3523.6,4064,4024,3918.5,4166.5,0,3672.5,4102.4,4311.9,4359.8,2971.6,3026.1,3102.4,3031.4,3050.4,2923.3,2929.5,2961.3,3020.9,3066.9,3150.9,3096.5,3132.1,3071.6,3071.1,3088.3,3342.1,3322.8,3249.7,3244.3,3185.2,3084.2,3051.7,3206.6,3088.3,2984.7,2874.9,2874.5,3050.8,3306.2,3865.8,3777.6,3779.6,3800.8,3587.2,3693,3822.6,4145.4,3852.4,4182.3,3811.5,3429.5,3314.1,3193.9,3170.3,4446.6,4062.7,4110.9,0.493,4139,3541.5,3345.6,3155.1,3144.7,3065.6,3457
4419.6,5599.3,3006.3,2950.4,3206,3466.5,3311.1,3760.7,2998,3388.3,3405.6,3415.3,3728.9,3439.3,3127.9,3363.3,3219.7,3109.2,3096.8,3384.8,3115.1,3415.7,3175.6,3572.2,3695.5,3576.5,3763,3918.8,4600,3670.9,4456,3649.6,3672.5,0,3435.7,3600.1,3648,2955.2,2985.5,3016.5,2976.1,3004.9,2903.9,2919.9,2974.4,3112.1,3180.4,3225.8,3185.8,3303.7,3243.2,3242.2,3178.8,3491.3,3472,3398.9,3393.5,3334.4,3233.4,3159.7,3314.6,3243,3172.8,3072.7,3072.1,3247,3502.4,4401.8,4313.6,4317.1,4718.2,0.853,4675.9,4135.2,4458,4165,3776.4,3554.2,3344.2,3181,3090.8,3071.6,3530.7,3396,3630.6,3623.2,3622.1,3648.5,3528.4,3359,3348.3,3263.5,3546.3
3905.4,5473.5,2805.9,2767.5,3064.9,3144.3,3080.1,3400.8,2831,3060.8,3078.1,3055.4,3369,3079.4,2953.9,3003.4,2910.5,2740.7,2728.2,2986.3,2974,3017.7,3034.5,3188.7,3279.6,3191.2,3408.8,3247.7,3813.8,3936.2,3668.5,4076.4,4102.4,3435.7,0,3950.7,3998.6,2788.2,2811.5,2874.5,2792.7,2793.3,2734.9,2736,2774,2803.9,2871.2,2917.8,2959,2980.8,2920.3,2920,2947.8,3131.4,3112.1,3039,3033.6,2974.5,2873.5,2832.2,2987.1,2878.4,2796.9,2704.1,2703.6,2863.5,3118.9,3615.6,3527.4,3529.6,3552.7,3350.4,3479.2,3621,3943.8,3650.8,3821.1,3462.3,3181.9,3055.2,2949.7,2930.5,4534.7,0.397,4529,4053.1,4048.9,3294.3,3112.5,2961,2949.8,2878.2,3319.5
4055.3,5614.9,2924.3,2853.1,3198.4,3209.1,3097.7,3529.4,2928.3,3183.2,3200.5,3184,3497.6,3208,3046.7,3132,3022.3,2820.7,2807.7,3075.6,3076.5,3106.6,3141.4,3278,3411.7,3282.3,3551.5,3408.7,3974.4,4145.7,3829.2,4285.9,4311.9,3600.1,3950.7,0,0.479,2885.5,2904.3,2965.2,2886.8,2893.6,2852,2856.6,2892.4,2922.3,2983,3040,2974.4,3045.5,2985,2984.8,2965.4,3260,3240.7,3167.6,3162.2,3103.1,3002.1,2954.6,3109.5,3009.1,2881.5,2783.6,2783.6,2952.8,3208.2,3776.2,3688,3690.3,3713.9,3514.8,3617.8,3770.9,4093.7,3800.7,3961.7,3601.7,3296.2,3196.6,3056.6,3033,3956.5,3911,4294.4,4262.6,4258.4,3437,3244.6,3049.9,3039.1,2969.3,3334.9
4103.2,5662.8,2972.2,2901,3246.3,3257,3145.6,3577.3,2976.2,3231.1,3248.4,3231.9,3545.5,3255.9,3094.6,3179.9,3070.2,2868.6,2855.6,3123.5,3124.4,3154.5,3189.3,3325.9,3459.6,3330.2,3599.4,3456.6,4022.3,4193.6,3877.1,4333.8,4359.8,3648,3998.6,0.479,0,2933.4,2952.2,3013.1,2934.7,2941.5,2899.9,2904.5,2940.3,2970.2,3030.9,3087.9,3022.3,3093.4,3032.9,3032.7,3013.3,3307.9,3288.6,3215.5,3210.1,3151,3050,3002.5,3157.4,3057,2929.4,2831.5,2831.5,3000.7,3256.1,3824.1,3735.9,3738.2,3761.8,3562.7,3665.7,3818.8,4141.6,3848.6,4009.6,3649.6,3344.1,3244.5,3104.5,3080.9,4004.4,3958.9,4342.3,4310.5,4306.3,3484.9,3292.5,3097.8,3087,3017.2,3382.8
3267,5746.8,3733.1,3686.1,3364.8,3387.5,3080.2,3878.2,0.428,3623.2,3640.5,3532.8,3846.4,3556.8,4388,3480.8,3435.5,3135.1,3121.5,3367.1,3635.7,3384.4,3644.5,3663.3,3310.7,3651.5,3150.9,3211,3263.6,3062.2,3115.3,2950.3,2971.6,2955.2,2788.2,2885.5,2933.4,0,4245.6,3924.3,3825.9,3731.9,4264.8,3890.9,3701.2,3494.9,3396.2,3427.9,2950.8,3224,3163.5,3163.2,2947.9,3608.8,3589.5,3516.4,3511,3451.9,3350.9,3394.6,3549.5,3339.8,3330.7,3097.4,3098,3338.1,3593.5,3065.4,2977.2,2976.4,2966.2,2869.9,2938.7,2982.6,3305.4,3012.4,2910.4,3150.1,3314.3,3328.5,3559.7,3592.2,2841.3,2748.5,2917.8,2922.3,2922.8,3036.4,3150.2,3327.7,3330.6,3338.5,3311.3
3284.4,5783.5,3709.3,3716.7,3396,3386,3081.1,3877.5,4288.4,3615.6,3632.9,3532.1,3845.7,3556.1,1.424,3480.1,3455.4,3138.8,3125.8,3391.6,3666.9,3409.6,3675.7,3679.5,3377.6,3670.4,3201.1,3285.4,3314.8,3122.4,3166.3,3005,3026.1,2985.5,2811.5,2904.3,2952.2,4245.6,0,4106.7,3820.8,3740.4,4082.5,3835.7,3677.4,3494.3,3416.1,3470.2,2955.3,3222.3,3161.8,3161.7,2948.8,3608.1,3588.8,3515.7,3510.3,3451.2,3350.2,3387,3541.9,3342.1,3332.6,3101.7,3101.7,3354.3,3609.7,3116.6,3028.4,3027.4,3017,2900.2,2975.8,3000,3322.8,3029.8,2921.2,3179.3,3343.6,3365.2,3590.9,3623.4,2870.1,2771.8,2970.2,2976.8,2977.5,3086.6,3217.2,3352.9,3355.1,3357.4,3315.8
3318.4,5875.7,3630.3,3834.9,3431.9,3344.8,3013.7,3927.9,3967.1,3635.7,3653,3582.5,3896.1,3606.5,4249.1,3530.5,3495,3107.8,3094.8,3522.6,3728.6,3557,3733.7,3721.2,1111,3721.7,3400.3,1049.7,3428.9,3302.4,3279.9,3082.1,3102.4,3016.5,2874.5,2965.2,3013.1,3924.3,4106.7,0,3827.5,3808.2,3761.1,3703.1,3598.4,3531.8,3455.7,3789.4,2883.9,3181.5,3121,3120.5,2881.4,3658.5,3639.2,3566.1,3560.7,3501.6,3400.6,3407.1,3562,3399.5,3342.7,3070.7,3070.7,3396,3651.4,3230.7,3142.5,3141,3125,2931.2,3037.8,3034,3356.8,3063.8,3033.3,3248,3455.4,3457.4,3648.9,3685.1,2956,2834.8,3042.6,3053.1,3054.6,3285.8,1040.9,3500.3,3486.1,3408.7,3244.4
3257.4,5786,3678.9,3831,3387.7,3415,3075.2,3900.5,3868.7,3632.9,3650.2,3555.1,3868.7,3579.1,3963.2,3503.1,3483.5,3162.5,3149.6,3463.3,3658.6,3485.9,3667.4,3719.3,3310.7,3713.5,3301.2,3554.8,3368,3207.2,3219.2,3011.1,3031.4,2976.1,2792.7,2886.8,2934.7,3825.9,3820.8,3827.5,0,3874,3844.9,3778.6,3647,3500.1,3444.2,3578.8,2947.4,3251.6,3191.1,3190.7,2942.9,3631.1,3611.8,3538.7,3533.3,3474.2,3373.2,3404.3,3559.2,3365.7,3361.8,3125.5,3125.4,3394.1,3649.5,3169.8,3081.6,3080.3,3065.9,2890.8,2985.2,2973,3295.8,3002.8,2924.2,3214.8,3384,3367.7,3582.6,3615.1,2868.8,2753,2970.9,2982.1,2983.6,3186.7,3160.3,3429.2,3426.8,3400.5,3307.9
3288.2,5776.9,3787,3720,3447.7,3569.3,3268.8,3970.9,3774.7,3711.6,3728.9,3625.5,3939.1,3649.5,3882.8,3573.5,3556.9,3278.2,3265.5,3511.9,3698,3529.4,3709.7,3789.3,3631.6,3782,3290.9,3320.8,3379,3193.5,3230.2,3030,3050.4,3004.9,2793.3,2893.6,2941.5,3731.9,3740.4,3808.2,3874,0,3784.6,3848.8,3755.1,3577.6,3517.6,3546.3,3142,3406,3345.5,3345,3136.5,3701.5,3682.2,3609.1,3603.7,3544.6,3443.6,3483,3637.9,3434.6,3441.1,3241.4,3241.1,3464.1,3719.5,3180.8,3092.6,3091.3,3076.5,2919.6,3012.4,3003.8,3326.6,3033.6,2934.1,3283.5,3413.5,3358.6,3624.9,3654.5,2878.3,2753.6,2990.1,3001.1,3002.5,3176.4,3464.5,3472.7,3475.4,3469,3502.5
3222.7,5689.4,3816.3,3645.6,3323,3446.6,3095.3,3917.5,4307.6,3665.9,3683.2,3572.1,3885.7,3596.1,4224.9,3520.1,3485.1,3202.5,3189.4,3421.5,3593.9,3436.3,3602.7,3727.6,3069.7,3715.3,3133.3,3246.9,3218.4,3038.1,3069.7,2902.3,2923.3,2903.9,2734.9,2852,2899.9,4264.8,4082.5,3761.1,3844.9,3784.6,0,4011.3,3784.4,3531.1,3445.8,3450.3,2966.3,3283.3,3222.8,3222.3,2963,3648.1,3628.8,3555.7,3550.3,3491.2,3390.2,3437.3,3592.2,3377.5,3396.1,3165.3,3165.4,3402.4,3657.8,3020.2,2932,2930.8,2917.2,2818.6,2898.9,2938.3,3261.1,2968.1,2871.6,3131.6,3295.9,3271.1,3517.9,3550.4,2805.1,2695.2,2867.8,2874,2874.8,3018.8,2919.3,3379.6,3385,3402.3,3326.8
3241,5665.6,4055.1,3574.3,3317.9,3586.8,3227.6,4023.3,3933.7,3784.5,3801.8,3677.9,3991.5,3701.9,3978.1,3625.9,3608.6,3351.3,3338,3549.2,3568.1,3561.3,3579.9,3873.2,3592,3859.5,3172.9,3258.5,3242.4,3046.9,3093.5,2908.8,2929.5,2919.9,2736,2856.6,2904.5,3890.9,3835.7,3703.1,3778.6,3848.8,4011.3,0,4023.2,3625.4,3569.3,3547.8,3098.1,3423,3362.5,3362.5,3095.3,3753.9,3734.6,3661.5,3656.1,3597,3496,3555.9,3710.8,3482.5,3549.2,3313.9,3314.2,3548,3803.4,3044.2,2956,2954.6,2938.4,2834.6,2936.3,2956.6,3279.4,2986.4,2889.3,3194,3326.1,3247.3,3495.1,3524.6,2819.6,2696.3,2871.7,2880.2,2881.3,3058.4,3424.9,3504.6,3512.7,3546.5,3458.6
3291.6,5639,0.319,3483.7,3280,3664.8,3301.7,4107.1,3744,3868.5,3885.8,3761.7,4075.3,3785.7,3819.8,3709.7,3688.1,3433.3,3420.1,3619.9,3499.2,3630.4,3515.4,3951.2,3604.8,3936.2,3209.2,3279.7,3293,3049.8,3144.1,2940.5,2961.3,2974.4,2774,2892.4,2940.3,3701.2,3677.4,3598.4,3647,3755.1,3784.4,4023.2,0,3721,3648.8,3602.8,3172.2,3501,3440.5,3440.5,3169.4,3837.7,3818.4,3745.3,3739.9,3680.8,3579.8,3639.9,3794.8,3566.3,3630.7,3396,3396.2,3626,3881.4,3094.8,3006.6,3005.2,2989,2889.1,2992.7,3007.2,3330,3037,2919.5,3145.6,3229.9,3220.7,3430.6,3455.7,2856.2,2734.3,2904.2,2912,2913,3094.7,3437.7,3573.7,3583.4,3623.2,3532.7
3408.1,5542.4,3752.9,3381.5,3240.9,4124.9,3778,4534,3537.7,4394.8,4412.1,4188.6,4502.1,4212.6,3636.7,4136.6,4212.7,3973.6,3959,4110.5,3460.1,4102.4,3476.3,4579.5,3850.6,4541.8,3324.2,3438.7,3443.5,3102.9,3294.5,3000.2,3020.9,3112.1,2803.9,2922.3,2970.2,3494.9,3494.3,3531.8,3500.1,3577.6,3531.1,3625.4,3721,0,4173.4,3805.3,3649,3961.3,3900.8,3900.6,3645.7,4264.6,4245.3,4172.2,4166.8,4107.7,4006.6,4166.2,4321.1,3980.4,4360.8,3934.9,3936.5,4254.3,4509.7,3245.3,3157.1,3155.6,3137.9,3026.8,3143.7,3123.7,3446.5,3153.5,2982.2,2579.8,2627.3,3124.1,3391.5,3416.6,2895.4,2764.2,2963,2971.6,2972.7,3209.7,3683.5,4045.7,4074,4228.8,4009.5
3464,5562.3,3680.7,3325.6,3237.7,3931.5,3571.2,4350.5,3439,4109.6,4126.9,4005.1,4318.7,4029.1,3558.5,3953.1,0.393,3670.3,3657.3,3840.5,3415.6,3849.7,3437.7,4183.1,3782.9,4165.1,3338.6,3407.9,3499,3125.2,3350.4,3045.9,3066.9,3180.4,2871.2,2983,3030.9,3396.2,3416.1,3455.7,3444.2,3517.6,3445.8,3569.3,3648.8,4173.4,0,3976.8,3442.3,3768.1,3707.6,3707.2,3438.9,4081.1,4061.8,3988.7,3983.3,3924.2,3823.2,3881,4035.9,3809.8,3864,3633.2,3633.2,3857.9,4113.3,3300.8,3212.6,3211.5,3197.6,3095.1,3193.4,3179.6,3502.4,3209.4,3031,3150.2,3181.4,3144,3352.9,3372.1,2937.4,2831.5,3010.7,3017.6,3018.4,3224.1,3615.8,3793,3804,3852.1,3802.8
3539.8,5737.7,3634.7,3480.2,3503.8,3906.2,3599,4269.1,3470.7,3991.3,4008.6,3923.7,4237.3,3947.7,3612.6,3871.7,4016.1,3557.8,3545.1,3746.8,3723,3764.3,3739.2,4027.2,3809.5,4019.1,3394.5,3452.8,3565.5,3232,3417,3129.7,3150.9,3225.8,2917.8,3040,3087.9,3427.9,3470.2,3789.4,3578.8,3546.3,3450.3,3547.8,3602.8,3805.3,3976.8,0,3474.4,3742.6,3682.1,3681.9,3466.7,3999.7,3980.4,3907.3,3901.9,3842.8,3741.8,3762.7,3917.6,3735.4,3677.5,3521,3520.7,3702,3957.4,3367.3,3279.1,3278.1,3266.8,3140.5,3265.2,3255.4,3578.2,3285.2,3114.7,3410.2,3488,3319.4,3654.4,3679.5,2997.5,2878.1,3096.9,3101.6,3102.2,3280,3642.4,3707.6,3710.3,3706.1,3834.9
3412.5,5446.7,3204.1,2884.1,3012.4,28.492,7.926,30.296,2993.6,3955.7,3973,23.872,30.568,25.264,3097.7,26.952,3481.6,3734.4,3720.8,3889.4,2988.9,3884.8,3047.8,4335.8,3678.3,4301.4,3325.7,3335.7,3520.2,3120.8,3371.5,3074.7,3096.5,3185.8,2959,2974.4,3022.3,2950.8,2955.3,2883.9,2947.4,3142,2966.3,3098.1,3172.2,3649,3442.3,3474.4,0,5.28,6.49,19.52,5.28,19.52,20.292,23.216,23.432,25.796,29.836,3727.1,3882,3852.2,4103.9,3696.7,3697.3,4010.6,4266,3322.1,3233.8,3232.6,3218.3,3100.5,3135.1,3128.1,3450.9,3157.9,2969.5,2972,2977.2,3028.4,2963,2945.4,2936.2,2919.3,3046,3047.2,3047.2,3211.2,3511.2,3828.1,3852.9,3988.4,3.605
3544.2,5548.2,3532.9,3151.2,3134.3,8.966,7.926,9.868,3266.8,4271.3,4288.6,6.656,10.004,7.352,3364.7,8.196,3807.4,4123.5,4110.2,4249.3,3208.8,4242.3,3245.6,4710.8,4005.6,4674.2,3421.6,3562.1,3659.8,3175,3510.9,3110.6,3132.1,3303.7,2980.8,3045.5,3093.4,3224,3222.3,3181.5,3251.6,3406,3283.3,3423,3501,3961.3,3768.1,3742.6,5.28,0,0.605,4.48,5.28,4.48,4.866,6.328,6.436,7.618,9.638,4042.7,4197.6,4173.3,4487.7,4086.1,4086.4,4385.6,4641,3461.6,3373.4,3372,3356.1,3218.4,3295.2,3259.8,3582.6,3289.6,3062.2,3070,3093.3,3129.9,3160.8,3165.3,3003.8,2941.1,3079.2,3082.8,3083.1,3307.1,3838.5,4185.6,4212.8,4361.2,12.49
3483.7,5487.7,3472.4,3090.7,3073.8,7.756,9.136,8.658,3206.3,4210.8,4228.1,5.446,8.794,6.142,3304.2,6.986,3746.9,4063,4049.7,4188.8,3148.3,4181.9,3185.1,4650.3,3945.1,4613.7,3361.1,3501.6,3599.3,3114.5,3450.4,3050.1,3071.6,3243.2,2920.3,2985,3032.9,3163.5,3161.8,3121,3191.1,3345.5,3222.8,3362.5,3440.5,3900.8,3707.6,3682.1,6.49,0.605,0,3.27,6.49,3.27,3.656,5.118,5.226,6.408,8.428,3982.2,4137.1,4112.8,4427.2,4025.6,4025.9,4325.1,4580.5,3401.1,3312.9,3311.5,3295.6,3157.9,3234.7,3199.3,3522.1,3229.1,3001.7,3009.5,3032.8,3069.4,3100.3,3104.8,2943.3,2880.6,3018.7,3022.3,3022.6,3246.6,3778,4125.2,4152.3,4300.7,13.7
3483.1,5487.6,3472.4,3090.2,3073.3,2.243,24.812,8.658,3206,4210.6,4227.9,5.446,8.794,6.142,3304.1,6.986,3746.5,4062.9,4049.4,4188.1,3147.9,4181.2,3184.7,4649.6,3944.5,4613,3360.7,3501,3598.3,3114.1,3449.5,3049.7,3071.1,3242.2,2920,2984.8,3032.7,3163.2,3161.7,3120.5,3190.7,3345,3222.3,3362.5,3440.5,3900.6,3707.2,3681.9,19.52,4.48,3.27,0,19.52,3.27,3.656,5.118,5.226,6.408,8.428,3982,4136.9,4112.6,4426.5,4025.3,4025.8,4324.4,4579.8,3400.1,3311.9,3310.6,3294.8,3156.9,3234.5,3198.7,3521.5,3228.5,3001.3,3009.5,3032.4,3069.3,3099.9,3104.4,2943,2880.3,3018.4,3021.8,3022.2,3246.2,3777.4,4124.5,4151.6,4300,33.94
3405.1,5437.2,3201.3,2881.6,3006.2,28.492,1.323,30.296,2990.7,3952.3,3969.6,23.872,30.568,25.264,3091.2,26.952,3478.2,3731.7,3717.1,3885.1,2984,3880.5,3040.1,4331.5,3674,4297.1,3313.9,3329.4,3515.5,3109.1,3367,3066.5,3088.3,3178.8,2947.8,2965.4,3013.3,2947.9,2948.8,2881.4,2942.9,3136.5,2963,3095.3,3169.4,3645.7,3438.9,3466.7,5.28,5.28,6.49,19.52,0,19.52,20.292,23.216,23.432,25.796,29.836,3723.7,3878.6,3848.8,4099.6,3693,3694.6,4006.3,4261.7,3317.3,3229.1,3228.1,3214.3,3093.5,3127.2,3120.7,3443.5,3150.5,2959.5,2965.4,2973.2,3018.9,2955.3,2940.5,2927.4,2908.1,3038.4,3039,3039,3199.4,3506.9,3823.8,3848.6,3984.1,12.49
3781.3,5742.1,3869.6,3523.5,3443.4,7.756,24.812,2.694,3651.6,4576.3,4593.6,1.088,2.762,1.436,3750.5,1.858,4120.4,4469.2,4454.6,4606.1,3621.3,4598,3643.4,5075.1,4346.2,5037.4,3663.6,3776.3,3821.6,3416.6,3672.6,3321,3342.1,3491.3,3131.4,3260,3307.9,3608.8,3608.1,3658.5,3631.1,3701.5,3648.1,3753.9,3837.7,4264.6,4081.1,3999.7,19.52,4.48,3.27,3.27,19.52,0,0.193,0.924,0.978,1.569,2.579,4347.7,4502.6,4480.9,4856.4,4430.5,4432.1,4749.9,5005.3,3623.4,3535.2,3533.7,3515.3,3406,3530,3496.9,3819.7,3526.7,3323.2,3405.1,3422.4,3323.8,3558.6,3577.8,3218,3091.7,3287.4,3292.8,3293.5,3549.1,4179.1,4541.3,4569.6,4724.4,33.94
3762,5722.8,3850.3,3504.2,3424.1,8.142,25.584,2.887,3632.3,4557,4574.3,0.895,2.569,1.243,3731.2,1.665,4101.1,4449.9,4435.3,4586.8,3602,4578.7,3624.1,5055.8,4326.9,5018.1,3644.3,3757,3802.3,3397.3,3653.3,3301.7,3322.8,3472,3112.1,3240.7,3288.6,3589.5,3588.8,3639.2,3611.8,3682.2,3628.8,3734.6,3818.4,4245.3,4061.8,3980.4,20.292,4.866,3.656,3.656,20.292,0.193,0,0.731,0.785,1.376,2.386,4328.4,4483.3,4461.6,4837.1,4411.2,4412.8,4730.6,4986,3604.1,3515.9,3514.4,3496,3386.7,3510.7,3477.6,3800.4,3507.4,3303.9,3385.8,3403.1,3304.5,3539.3,3558.5,3198.7,3072.4,3268.1,3273.5,3274.2,3529.8,4159.8,4522,4550.3,4705.1,34.712
3688.9,5649.7,3777.2,3431.1,3351,9.604,28.508,3.618,3559.2,4483.9,4501.2,0.164,3.3,0.512,3658.1,0.934,4028,4376.8,4362.2,4513.7,3528.9,4505.6,3551,4982.7,4253.8,4945,3571.2,3683.9,3729.2,3324.2,3580.2,3228.6,3249.7,3398.9,3039,3167.6,3215.5,3516.4,3515.7,3566.1,3538.7,3609.1,3555.7,3661.5,3745.3,4172.2,3988.7,3907.3,23.216,6.328,5.118,5.118,23.216,0.924,0.731,0,0.054,0.645,1.655,4255.3,4410.2,4388.5,4764,4338.1,4339.7,4657.5,4912.9,3531,3442.8,3441.3,3422.9,3313.6,3437.6,3404.5,3727.3,3434.3,3230.8,3312.7,3330,3231.4,3466.2,3485.4,3125.6,2999.3,3195,3200.4,3201.1,3456.7,4086.7,4448.9,4477.2,4632,37.636
3683.5,5644.3,3771.8,3425.7,3345.6,9.712,28.724,3.672,3553.8,4478.5,4495.8,0.218,3.354,0.458,3652.7,0.88,4022.6,4371.4,4356.8,4508.3,3523.5,4500.2,3545.6,4977.3,4248.4,4939.6,3565.8,3678.5,3723.8,3318.8,3574.8,3223.2,3244.3,3393.5,3033.6,3162.2,3210.1,3511,3510.3,3560.7,3533.3,3603.7,3550.3,3656.1,3739.9,4166.8,3983.3,3901.9,23.432,6.436,5.226,5.226,23.432,0.978,0.785,0.054,0,0.591,1.601,4249.9,4404.8,4383.1,4758.6,4332.7,4334.3,4652.1,4907.5,3525.6,3437.4,3435.9,3417.5,3308.2,3432.2,3399.1,3721.9,3428.9,3225.4,3307.3,3324.6,3226,3460.8,3480,3120.2,2993.9,3189.6,3195,3195.7,3451.3,4081.3,4443.5,4471.8,4626.6,37.852
3624.4,5585.2,3712.7,3366.6,3286.5,10.894,31.088,4.263,3494.7,4419.4,4436.7,0.809,3.945,1.049,3593.6,0.289,3963.5,4312.3,4297.7,4449.2,3464.4,4441.1,3486.5,4918.2,4189.3,4880.5,3506.7,3619.4,3664.7,3259.7,3515.7,3164.1,3185.2,3334.4,2974.5,3103.1,3151,3451.9,3451.2,3501.6,3474.2,3544.6,3491.2,3597,3680.8,4107.7,3924.2,3842.8,25.796,7.618,6.408,6.408,25.796,1.569,1.376,0.645,0.591,0,1.01,4190.8,4345.7,4324,4699.5,4273.6,4275.2,4593,4848.4,3466.5,3378.3,3376.8,3358.4,3249.1,3373.1,3340,3662.8,3369.8,3166.3,3248.2,3265.5,3166.9,3401.7,3420.9,3061.1,2934.8,3130.5,3135.9,3136.6,3392.2,4022.2,4384.4,4412.7,4567.5,40.216
3523.4,5484.2,3611.7,3265.6,3185.5,12.914,35.128,5.273,3393.7,4318.4,4335.7,1.819,4.955,2.059,3492.6,1.299,3862.5,4211.3,4196.7,4348.2,3363.4,4340.1,3385.5,4817.2,4088.3,4779.5,3405.7,3518.4,3563.7,3158.7,3414.7,3063.1,3084.2,3233.4,2873.5,3002.1,3050,3350.9,3350.2,3400.6,3373.2,3443.6,3390.2,3496,3579.8,4006.7,3823.2,3741.8,29.836,9.638,8.428,8.428,29.836,2.579,2.386,1.655,1.601,1.01,0,4089.8,4244.7,4223,4598.5,4172.6,4174.2,4492,4747.4,3365.5,3277.3,3275.8,3257.4,3148.1,3272.1,3239,3561.8,3268.8,3065.3,3147.2,3164.5,3065.9,3300.7,3319.9,2960.1,2833.8,3029.5,3034.9,3035.6,3291.2,3921.2,4283.4,4311.7,4466.5,44.256
3454.6,5511.6,3671.8,3291.7,3190.1,4206.3,3856,4617.1,3437.4,2.286,2.459,4271.7,4585.3,4295.7,3529.4,4219.7,3920.3,4055,4040.4,4191.9,3369.9,4183.8,3392,4660.9,3932,4623.3,3357.5,3467.8,3491.1,3125.2,3342.1,3030.4,3051.7,3159.7,2832.2,2954.6,3002.5,3394.6,3387,3407.1,3404.3,3483,3437.3,3555.9,3639.9,4166.2,3881,3762.7,3727.1,4042.7,3982.2,3982,3723.7,4347.7,4328.4,4255.3,4249.9,4190.8,4089.8,0,1.549,4063.5,4442.3,4016.3,4017.9,4335.7,4591.1,3292.9,3204.7,3203.2,3187,3074.4,3193.4,3170.3,3493,3200,3018.3,3140.7,3158,3093.3,3307.2,3326.4,2922.6,2792.5,2996.9,3002.3,3002.9,3243,3764.9,4127.1,4155.4,4310.3,4087.6
3609.6,5666.5,3826.7,3446.6,3345,4361.2,4010.9,4772,3592.3,0.737,0.91,4426.6,4740.2,4450.6,3684.3,4374.6,4075.2,4209.9,4195.3,4346.8,3524.8,4338.7,3546.9,4815.8,4086.9,4778.1,3512.4,3622.7,3646,3280.1,3497,3185.3,3206.6,3314.6,2987.1,3109.5,3157.4,3549.5,3541.9,3562,3559.2,3637.9,3592.2,3710.8,3794.8,4321.1,4035.9,3917.6,3882,4197.6,4137.1,4136.9,3878.6,4502.6,4483.3,4410.2,4404.8,4345.7,4244.7,1.549,0,4218.4,4597.2,4171.2,4172.8,4490.6,4746,3447.8,3359.6,3358.1,3341.9,3229.3,3348.3,3325.2,3647.9,3354.9,3173.2,3295.6,3312.9,3248.2,3462.1,3481.3,3077.5,2947.4,3151.8,3157.2,3157.8,3397.9,3919.8,4282,4310.3,4465.2,4242.5
3531.9,5477.8,3598.2,3258.5,3184.4,4336.9,3981.1,4750.3,3382.6,4292.1,4309.4,4404.9,4718.5,4428.9,3484.5,4352.9,3849.1,4707.2,4678.6,4373.9,3362.3,4365.8,3384.4,4842.9,4114,4805.3,3409.6,3523.4,3571.4,3163.2,3422.5,3067.2,3088.3,3243,2878.4,3009.1,3057,3339.8,3342.1,3399.5,3365.7,3434.6,3377.5,3482.5,3566.3,3980.4,3809.8,3735.4,3852.2,4173.3,4112.8,4112.6,3848.8,4480.9,4461.6,4388.5,4383.1,4324,4223,4063.5,4218.4,0,4624.3,4654.5,4670.1,4517.7,4773.1,3373.2,3285,3283.6,3267.3,3157.7,3284.3,3247.5,3570.3,3277.3,3071.8,3148.3,3165.6,3059.5,3299.6,3318.8,2962.7,2838.7,3033.5,3039,3039.7,3295.1,3946.9,4309.1,4337.4,4492.3,4212.7
3381.5,5409.9,3662.6,3226.7,3121.7,4650.8,4231.9,5125.8,3373.5,4670.9,4688.2,4780.4,5094,4804.4,3475,4728.4,3903.3,4699.3,4701.9,3993,3299.6,3984.3,3321.7,4465.7,3724.9,4427.5,3283.7,3354.2,3512,3031.5,3362.8,2963.2,2984.7,3172.8,2796.9,2881.5,2929.4,3330.7,3332.6,3342.7,3361.8,3441.1,3396.1,3549.2,3630.7,4360.8,3864,3677.5,4103.9,4487.7,4427.2,4426.5,4099.6,4856.4,4837.1,4764,4758.6,4699.5,4598.5,4442.3,4597.2,4624.3,0,4677.8,4662.2,4140.5,4395.9,3313.8,3225.6,3223.9,3203.8,3087.5,3142.8,3097.1,3419.9,3126.9,2913.1,2998.1,3016.3,2991.6,3236.9,3256.1,2833.6,2757.2,2932.5,2935.4,2935.7,3169.2,3557.8,3927.6,3956.5,4114.5,4464.4
3289,5285.2,3427.9,3006.7,2922.7,4249.6,3825.3,4699.9,3140.2,4244.9,4262.2,4354.5,4668.1,4378.5,3244.1,4302.5,3672.5,4729.6,0.241,3950.3,3064.3,3942.2,3092.3,4419.3,3690.4,4381.7,3169.3,3277.8,3418.4,2915.8,3269.3,2853.3,2874.9,3072.7,2704.1,2783.6,2831.5,3097.4,3101.7,3070.7,3125.5,3241.4,3165.3,3313.9,3396,3934.9,3633.2,3521,3696.7,4086.1,4025.6,4025.3,3693,4430.5,4411.2,4338.1,4332.7,4273.6,4172.6,4016.3,4171.2,4654.5,4677.8,0,4692.5,4094.1,4349.5,3220.2,3132,3130.4,3112.7,2987.4,3049.9,3004.6,3327.4,3034.4,2814.9,2842.1,2844,2866.9,3007.5,3020.8,2737.7,2664.4,2822.9,2825.6,2825.8,3054.8,3523.3,3885.5,3913.8,4068.7,4057.2
