0,6494.1,3706.3,3626.9,4104.8,3860.9,3697.6,4241.9,3713.5,3931.5,3948.8,3896.5,4210.1,3920.5,3825.5,3844.5,3766.2,3518.8,3505.5,3800.9,3921,3831.7,3994.7,3943.5,4113.5,3996.6,4327.8,4142.3,4226.5,4975.2,4201.3,5114,5139.7,15.752,4716.7,4858.2,4906.1,3670.7,3683.1,3784.2,3661.9,3644.8,3639.7,3649.3,3674.4,3688,3726.9,3771.6,3575.3,3697.8,3637.3,3636.6,3565.3,3972.5,3953.2,3880.1,3874.7,3815.6,3714.6,3702.9,3857.8,3715.7,3607.2,3481.4,3481.7,3673.4,3873.7,4028.3,4058.8,4062.4,14.046,14.046,5.053,2.844,5.476,2.546,6.581,4544,4136.7,4075.8,3909.9,3877.5,4720.7,4677,5122.4,5090.9,5086.8,4213.3,3946.4,3775,3764.4,3683.6,3935.8
6494.1,0,5650.1,5757.1,6746.9,5614.4,5482.6,5929.9,5792.7,5676.6,5693.9,5584.5,5898.1,5608.5,5927.8,5532.5,5572.1,5230.9,5218.4,5515.4,6025,5546.4,6101.8,5602.9,5865.1,5725.9,6014.3,5833.3,5824.8,6052.8,5795,5906.6,5929.2,6299.4,5658.6,5775.2,5823.1,5749.9,5785.4,5879.8,5788.1,5760.2,5697.4,5677.6,5618.2,5521.1,5532.8,5677.3,5353.2,5451.6,5391.1,5390.1,5350.3,5660.5,5641.2,5568.1,5562.7,5503.6,5402.6,5448,5602.9,5393.8,5377.8,5194.3,5193.8,5412.8,5533.1,5626.6,5652.5,5656.1,6223.3,6214.1,6430.6,6209.7,6532.5,6239.5,5836,5987,6432.7,24.183,6017,5981.5,5691.6,5618.9,5884.3,5879.9,5879.1,5899.9,5698,5489.7,5478.9,5412.9,5713.7
3706.3,5650.1,0,3453.8,3339,3430.4,3161.8,3862.3,3644.7,3661.2,3678.5,3516.9,3830.5,3540.9,3734,3464.9,3560.1,3215.4,3201.5,3485.7,3516.9,3507.7,3539,3552.4,3716.4,3740.8,3547.7,3525.5,3702.2,3342.8,3645.6,3129.5,3151.1,3347.7,2838.5,2997,3044.9,3601.9,3591.6,3616.8,3628.1,3750.2,3672.7,3874,0.319,3571.8,3520.8,3680.5,3035,3267.5,3207,3206.1,3029.5,3592.9,3573.6,3500.5,3495.1,3436,3335,3432.6,3587.5,3317.8,3517.3,3177.4,3178.3,3499.2,3482.6,3504,3503.1,3506.7,3263.5,3262.4,3642.8,3421.9,3744.7,3451.7,3048.2,3300.7,3348.2,3231.8,3454.2,3473.4,2927.8,2798.8,3100,3101.8,3102,3433.2,3549.3,3451,3449.2,3427.8,3395.5
3626.9,5757.1,3453.8,0,3362.4,3137.3,2937,3581.5,3718.2,3344,3361.3,3236.1,3549.7,3260.1,3853.7,3184.1,3232.9,2863.5,2850.5,3158.8,3623,3184.3,3633.3,3226.6,3516.4,3395.4,3434.3,2668.6,3403.2,3324.4,3358.4,3083.9,3105.5,3439.4,2815,2917.5,2965.4,3675.4,3711.3,3829.9,3826,3676.7,3659.4,3578.1,3421.9,3276.8,3193.6,3448,2811.1,2973.9,2913.4,2913,2804.7,3312.1,3292.8,3219.7,3214.3,3155.2,3054.2,3115.4,3270.3,3042.9,3133.4,2826.4,2826.4,3156,3156.8,3205,3215.9,3219.5,3362.9,3354.1,3563.4,3342.5,3665.3,3372.3,2968.8,3173.1,3339.2,3338.8,3548.5,3579.5,2860.6,2775.3,3054,3056.2,3056.4,3324.4,3349.3,3127.6,3122.3,3082.4,3171.6
4104.8,6746.9,3339,3362.4,0,3174.9,3036.4,3705.8,3411.8,3426.6,3443.9,3360.4,3674,3384.4,3547.4,3308.4,3246.2,2883.9,2871.2,3252.6,3595.6,3281.1,3673.1,3361.5,3824.9,3474.2,1696.7,1603.1,3591.9,1707.9,3571.5,3537.5,3559.2,3802,3250.5,3390.6,3438.5,3369,3405,3448.2,3396.4,3407.7,3351.8,3377,3307.1,3224,3206.9,3436.4,2912.8,3011.7,2951.2,2950.6,2904.1,3436.4,3417.1,3344,3338.6,3279.5,3178.5,3198,3352.9,3175.3,3164.7,2847.1,2846.8,2893.4,3291.7,3393.7,3429,3432.6,3719.4,3716.7,4041.3,3820.4,4143.2,3850.2,3446.7,3624.6,3832.1,4328.6,3588.3,3552.1,3322.6,3210.8,3509.3,3509.9,3510,1634.9,3657.8,3224.4,3216.1,3161.2,3273.3
3860.9,5614.4,3430.4,3137.3,3174.9,0,33.784,13.144,3242.8,4101.5,4118.8,9.932,13.28,10.628,3358.9,11.472,3720.6,3960,3945.3,4054.4,3204.6,4060.4,3250.4,4120.3,3992.4,4387.6,3642.1,3594.5,4132.3,3423.5,4024.3,3280,3301.8,3688.6,3080.6,3161.6,3209.5,3200,3216.5,3136.6,3205.7,3366.7,3219.8,3322.1,3398.5,3791.5,3681.3,3716.8,28.492,8.966,7.756,2.243,28.492,7.756,8.142,9.604,9.712,10.894,12.914,3872.9,4027.8,4003.5,4326.8,3921.2,3922.9,4224.7,4050.5,3934.1,3881.8,3885.4,3614.8,3603.3,3797.4,3576.5,3899.3,3606.3,3202.8,3212.7,3172.3,3196.1,3165.6,3161.1,3101.2,3040.9,3252.5,3252.5,3252.5,3527.6,3825.3,4003.7,4017.9,4074.6,42.912
3697.6,5482.6,3161.8,2937,3036.4,33.784,0,35.588,3062.2,3789.9,3807.2,29.164,35.86,30.556,3169.4,32.244,3420.6,3590.6,3576.3,3639.2,3031.5,3647.6,3088.9,3700.2,3577.8,3959.1,3350.3,3265.3,3753.1,3187.1,3657.2,3112.5,3135.1,3611.7,2952.8,3002.8,3050.7,3019.4,3027,2937,2972.9,3116.2,2991.4,3071.1,3129.9,3483.3,3381.3,3378.8,7.926,7.926,9.136,24.812,1.323,24.812,25.584,28.508,28.724,31.088,35.128,3561.3,3716.2,3686.4,3912.4,3552.2,3553.5,3819.1,3630.4,3554.9,3514.7,3518.3,3533.5,3526.4,3634.1,3413.2,3736,3443,3039.5,2997.9,3023.1,3064.3,3004.1,2988,2931.8,2913.1,3090.7,3085.8,3085,3235.8,3410.7,3590.9,3602.7,3646.1,15.136
4241.9,5929.9,3862.3,3581.5,3705.8,13.144,35.588,0,3643,4514.8,4532.1,3.782,5.456,4.13,3762.4,4.552,4129.2,4410.2,4395.5,4548,3801,4554.9,3834.9,4583.3,4506.9,4884.2,4052.6,4076.3,4602.9,3806.1,4497.8,3659.2,3681.1,3954.2,3419.7,3552.8,3600.7,3600.2,3620,3873.5,3702.9,3791.1,3642.6,3754.3,3830.4,4203.1,4089.9,4126.9,30.296,9.868,8.658,8.658,30.296,2.694,2.887,3.618,3.672,4.263,5.273,4286.2,4441.1,4419.5,4935.4,4371.4,4373.1,4828.9,4513.5,4404.7,4355.3,4358.9,3875.5,3868.9,4178.4,3957.5,4280.3,3987.3,3583.8,3730.5,3642.2,3511.6,3750.1,3757.4,3491.4,3380,3631.1,3631.8,3631.7,3938.1,4339.8,4498.2,4511.5,4571.2,44.716
3713.5,5792.7,3644.7,3718.2,3411.8,3242.8,3062.2,3643,0,3430.7,3448,3297.6,3611.2,3321.6,4453.3,3245.6,3316.3,2967.8,2954.6,3210.6,3672.3,3235.5,3682.6,3271.5,3502.9,3459,3291.6,2582.1,3427.1,3181.7,3374.9,3106.6,3128.9,3431.6,2860,2995.3,3043.2,0.428,4310.9,3989.6,3861.7,3735.3,4330.1,3874.7,3612.8,3352,3277,3482.8,2935.7,3079.2,3018.7,3018.5,2929.9,3373.6,3354.3,3281.2,3275.8,3216.7,3115.7,3202.1,3357,3100.7,3205.8,2930.5,2930.7,3200.9,3201.7,3228.9,3232.4,3236,3351,3346.3,3650,3429.1,3751.9,3458.9,3055.4,3238.6,3390.5,3374.4,3597.8,3628.8,2908.4,2820.3,3082.3,3079.6,3079.1,3181.7,3335.8,3178.8,3174.1,3146,3296.2
3931.5,5676.6,3661.2,3344,3426.6,4101.5,3789.9,4514.8,3430.7,0,1.647,4169.4,4483,4193.4,3542.2,4117.4,3929.6,3955.2,3940.5,4177.4,3521.8,4187.5,3555.7,4218.8,4177.8,4502.4,3764.7,3778.8,4252,3518.2,4154.2,3345.1,3366.6,3616.6,3087.5,3238.6,3286.5,3387.9,3399.8,3594.3,3468.8,3563.4,3433.5,3550.5,3629.3,4063.9,3890.3,3900.5,3663.9,3939,3878.5,3877.2,3657.6,4245.4,4226.1,4153,4147.6,4088.5,3987.5,2.286,0.737,3961.2,4480.4,3916.4,3918.1,4373.9,4149,4053.8,4011.7,4015.3,3534.9,3531.3,3868,3647.1,3969.9,3676.9,3273.4,3481,3397.4,3258.3,3470.9,3478.3,3181.3,3047.8,3314.6,3317.3,3317.6,3650.2,4010.7,4130.8,4140.9,4189.5,4024.4
3948.8,5693.9,3678.5,3361.3,3443.9,4118.8,3807.2,4532.1,3448,1.647,0,4186.7,4500.3,4210.7,3559.5,4134.7,3946.9,3972.5,3957.8,4194.7,3539.1,4204.8,3573,4236.1,4195.1,4519.8,3782,3796.1,4269.3,3535.5,4171.5,3362.4,3383.9,3633.9,3104.8,3255.9,3303.8,3405.2,3417.1,3611.6,3486.1,3580.7,3450.8,3567.8,3646.6,4081.2,3907.6,3917.8,3681.2,3956.3,3895.8,3894.5,3674.9,4262.7,4243.4,4170.3,4164.9,4105.8,4004.8,2.459,0.91,3978.5,4497.7,3933.7,3935.4,4391.2,4166.3,4071.1,4029,4032.6,3552.2,3548.6,3885.3,3664.4,3987.2,3694.2,3290.7,3498.3,3414.7,3275.6,3488.2,3495.6,3198.6,3065.1,3331.9,3334.6,3334.9,3667.5,4028,4148.1,4158.2,4206.8,4041.7
3896.5,5584.5,3516.9,3236.1,3360.4,9.932,29.164,3.782,3297.6,4169.4,4186.7,0,3.464,0.676,3417,1.098,3783.8,4064.8,4050.1,4202.6,3455.6,4209.5,3489.5,4237.9,4161.5,4538.8,3707.2,3730.9,4257.5,3460.7,4152.4,3313.8,3335.7,3608.8,3074.3,3207.4,3255.3,3254.8,3274.6,3528.1,3357.5,3445.7,3297.2,3408.9,3485,3857.7,3744.5,3781.5,23.872,6.656,5.446,5.446,23.872,1.088,0.895,0.164,0.218,0.809,1.819,3940.8,4095.7,4074.1,4590,4026,4027.7,4483.5,4168.1,4059.3,4009.9,4013.5,3530.1,3523.5,3833,3612.1,3934.9,3641.9,3238.4,3385.1,3296.8,3166.2,3404.7,3412.1,3146,3034.6,3285.7,3286.4,3286.3,3592.7,3994.4,4152.8,4166.1,4225.8,38.292
4210.1,5898.1,3830.5,3549.7,3674,13.28,35.86,5.456,3611.2,4483,4500.3,3.464,0,3.812,3730.6,4.234,4097.4,4378.4,4363.7,4516.2,3769.1,4523.1,3803.1,4551.5,4475.1,4852.4,4020.8,4044.5,4571.1,3774.3,4466,3627.4,3649.3,3922.4,3387.9,3521,3568.9,3568.4,3588.2,3841.7,3671.1,3759.3,3610.8,3722.5,3798.6,4171.3,4058.1,4095.1,30.568,10.004,8.794,8.794,30.568,2.762,2.569,3.3,3.354,3.945,4.955,4254.4,4409.3,4387.7,4903.6,4339.6,4341.3,4797.1,4481.7,4372.9,4323.5,4327.1,3843.7,3837.1,4146.6,3925.7,4248.5,3955.5,3552,3698.7,3610.4,3479.8,3718.3,3725.7,3459.6,3348.2,3599.3,3600,3599.9,3906.3,4308,4466.4,4479.7,4539.4,44.988
3920.5,5608.5,3540.9,3260.1,3384.4,10.628,30.556,4.13,3321.6,4193.4,4210.7,0.676,3.812,0,3441,1.338,3807.8,4088.8,4074.1,4226.6,3479.5,4233.5,3513.5,4261.9,4185.5,4562.8,3731.2,3754.9,4281.5,3484.7,4176.4,3337.8,3359.7,3632.8,3098.3,3231.4,3279.3,3278.8,3298.6,3552,3381.5,3469.7,3321.2,3432.9,3509,3881.7,3768.5,3805.5,25.264,7.352,6.142,6.142,25.264,1.436,1.243,0.512,0.458,1.049,2.059,3964.8,4119.7,4098.1,4614,4050,4051.7,4507.5,4192.1,4083.3,4033.9,4037.5,3554.1,3547.5,3857,3636.1,3958.9,3665.9,3262.4,3409.1,3320.8,3190.2,3428.7,3436,3170,3058.6,3309.7,3310.4,3310.3,3616.7,4018.4,4176.8,4190.1,4249.8,39.684
3825.5,5927.8,3734,3853.7,3547.4,3358.9,3169.4,3762.4,4453.3,3542.2,3559.5,3417,3730.6,3441,0,3365,3431.8,3068.7,3055.2,3329.4,3808,3353.4,3818.3,3385.6,3630.9,3576,3454.2,2710.4,3546.3,3344.3,3497.7,3233.8,3255.8,3593.6,2988.7,3109.5,3157.4,4410.5,1.424,4271.6,3943.8,3841,4247.3,3938.2,3702.1,3468.2,3392.5,3606.4,3042.9,3195.4,3134.9,3134.6,3037.1,3493,3473.7,3400.6,3395.2,3336.1,3235.1,3313.6,3468.5,3220.3,3323.6,3031.1,3031.6,3327.5,3315.8,3348.1,3355.2,3358.8,3512.2,3508.3,3762,3541.1,3863.9,3570.9,3167.4,3352.3,3507.4,3509.5,3733.5,3764.5,3030.5,2949,3208.5,3206.5,3206.3,3344.3,3463.8,3296.7,3292.9,3263,3403.4
3844.5,5532.5,3464.9,3184.1,3308.4,11.472,32.244,4.552,3245.6,4117.4,4134.7,1.098,4.234,1.338,3365,0,3731.8,4012.8,3998.1,4150.6,3403.6,4157.5,3437.5,4185.9,4109.5,4486.8,3655.2,3678.9,4205.5,3408.7,4100.4,3261.8,3283.7,3556.8,3022.3,3155.4,3203.3,3202.8,3222.6,3476.1,3305.5,3393.7,3245.2,3356.9,3433,3805.7,3692.5,3729.5,26.952,8.196,6.986,6.986,26.952,1.858,1.665,0.934,0.88,0.289,1.299,3888.8,4043.7,4022.1,4538,3974,3975.7,4431.5,4116.1,4007.3,3957.9,3961.5,3478.1,3471.5,3781,3560.1,3882.9,3589.9,3186.4,3333.1,3244.8,3114.2,3352.7,3360.1,3094,2982.6,3233.7,3234.4,3234.3,3540.7,3942.4,4100.8,4114.1,4173.8,41.372
3766.2,5572.1,3560.1,3232.9,3246.2,3720.6,3420.6,4129.2,3316.3,3929.6,3946.9,3783.8,4097.4,3807.8,3431.8,3731.8,0,3480.9,3467.6,3676.5,3351.2,3696.1,3384.2,3743.9,3835.3,3945.4,3494,3445.2,3844.4,3289.1,3763.8,3158.3,3180.3,3482.2,2932.7,3061,3108.9,3273.5,3289.4,3358.5,3353.9,3452.9,3320.6,3454.2,3528.2,4194.7,0.393,3998.1,3294,3557.5,3497,3496.3,3288.3,3859.8,3840.5,3767.4,3762,3702.9,3601.9,3701,3855.9,3584.2,3738.6,3443.5,3443.8,3708.8,3674.1,3646.2,3621.3,3624.9,3402.9,3396.9,3702.7,3481.8,3804.6,3511.6,3108.1,3250.8,3217.5,3153.8,3299.4,3307.7,2995.2,2893,3132.3,3131,3130.8,3379.5,3668.2,3639.4,3640,3632.4,3654.5
3518.8,5230.9,3215.4,2863.5,2883.9,3960,3590.6,4410.2,2967.8,3955.2,3972.5,4064.8,4378.4,4088.8,3068.7,4012.8,3480.9,0,4563.2,3690.8,2953,3695.9,2991.3,3753.9,3633.9,4017.1,3282.3,3237.4,3777.6,3054.1,3672.7,2943.4,2965.4,3351.8,2732.3,2818.6,2866.5,2925.1,2926.3,2930.8,2981.6,3114.9,2972.3,3106,3183.5,3645.2,3441.6,3425.8,3463.9,3797.2,3736.7,3735.7,3458.3,4140.8,4121.5,4048.4,4043,3983.9,3882.9,3726.6,3881.5,4516.8,4508.9,4539.1,0.371,3801.3,3684.1,3579.4,3530.2,3533.8,3272.4,3266.5,3455.3,3234.4,3557.2,3264.2,2860.7,2926.8,2863.7,2812.6,2906.5,2909.5,2758.6,2692.6,2916.1,2916.1,2915.9,3167.8,3466.8,3639.2,3654.3,3704.1,3824.4
3505.5,5218.4,3201.5,2850.5,2871.2,3945.3,3576.3,4395.5,2954.6,3940.5,3957.8,4050.1,4363.7,4074.1,3055.2,3998.1,3467.6,4563.2,0,3677.8,2940.3,3682.6,2978.6,3740.9,3621.4,4004.1,3268.3,3224.4,3765.4,3040.2,3659.7,2930.2,2952.1,3339.4,2719.6,2805.6,2853.5,2911.8,2912.8,2917.8,2968.7,3102.1,2959.3,3092.2,3169.6,3630.5,3428.3,3412.5,3449.7,3782.2,3721.7,3721,3444,4126.1,4106.8,4033.7,4028.3,3969.2,3868.2,3711.9,3866.8,4488.2,4511.4,0.241,4526.1,3789.8,3671.1,3567.2,3517.2,3520.8,3259.5,3254.1,3442,3221.1,3543.9,3250.9,2847.4,2912.9,2850.1,2800.1,2893.8,2896.8,2745.9,2679.9,2902.8,2902.8,2902.7,3153.8,3454.3,3625.9,3641.3,3691.1,3810.2
3800.9,5515.4,3485.7,3158.8,3252.6,4054.4,3639.2,4548,3210.6,4177.4,4194.7,4202.6,4516.2,4226.6,3329.4,4150.6,3676.5,3690.8,3677.8,0,3319.9,4276.7,3359.7,3903.4,4017.4,4403.9,3523.6,3481.1,3973.9,3296.2,3881.8,3220.5,3242.6,3663.6,3016.8,3097.4,3145.3,3167.8,3187,3302.4,3290.3,3369.2,3237.2,3391.4,3453.8,3912,3637.2,3606.8,3511.3,3890.9,3830.4,3830.1,3506.9,4278.6,4259.3,4186.2,4180.8,4121.7,4020.7,3948.8,4103.7,4031.2,3740.6,3653.7,3653.7,4064.9,3833.6,3775.7,3739.3,3742.9,3583,3578.3,3737.4,3516.5,3839.3,3546.3,3142.8,3224.8,3167.7,3097.1,3274.9,3276.4,3039.6,2977.1,3194.1,3193.3,3193,3409.1,3850.3,4220,0.365,4090.9,3871.8
3921,6025,3516.9,3623,3595.6,3204.6,3031.5,3801,3672.3,3521.8,3539.1,3455.6,3769.1,3479.5,3808,3403.6,3351.2,2953,2940.3,3319.9,0,3347.2,3897.5,3415.4,3920.1,3550,1611.7,1518.1,3645.7,1622.8,3625.3,3353.6,3375.4,3649.2,3077,3206.8,3254.7,3629.5,3665.6,3745,3657,3637.2,3612.4,3606.5,3485,3389.8,3311.9,3614.2,2907.1,3041.2,2980.7,2980.3,2899.2,3531.5,3512.3,3439.1,3433.8,3374.6,3273.7,3293.2,3448.1,3270.4,3301.2,2916.2,2915.9,3005.8,3345.6,3447.5,3482.8,3486.4,3566.5,3563.9,3857.5,3636.6,3959.4,3666.4,3262.9,3420,3627.5,3606.7,3812.7,0.435,3138.7,3037.3,3325.4,3326.1,3326.1,1549.8,3753,3290.5,3283.4,3237,3267.6
3831.7,5546.4,3507.7,3184.3,3281.1,4060.4,3647.6,4554.9,3235.5,4187.5,4204.8,4209.5,4523.1,4233.5,3353.4,4157.5,3696.1,3695.9,3682.6,4276.7,3347.2,0,3387,3917.1,4066.5,4395.2,3548.4,3509,3993.5,3321.9,3901.6,3250.5,3272.5,3698.6,3049,3129.4,3177.3,3192.7,3211,3327.3,3315.8,3394.1,3261.6,3414.6,3475.8,3924.3,3656.8,3631.7,3521.5,3897,3836.5,3836.1,3515.3,4285.5,4266.2,4193.1,4187.7,4128.6,4027.6,3958.9,4113.8,4037.5,3747.9,3658.5,3658.8,4056.2,3847.3,3795.3,3759.1,3762.7,3619.8,3613.3,3768.2,3547.3,3870.1,3577.1,3173.6,3253.5,3196.2,3128.1,3302.2,3303.7,3070.4,3009.3,3223.8,3223.2,3223,3433.9,3899.4,0.567,4240.2,4082.2,3882
3994.7,6101.8,3539,3633.3,3673.1,3250.4,3088.9,3834.9,3682.6,3555.7,3573,3489.5,3803.1,3513.5,3818.3,3437.5,3384.2,2991.3,2978.6,3359.7,3897.5,3387,0,3455.2,3954,3589.9,1649.5,1555.9,3685.6,1660.6,3665.1,3427.4,3449.1,3718.5,3149.3,3280.5,3328.4,3639.8,3675.9,3750.1,3667.3,3652,3622.7,3621.3,3507.1,3411.7,3344.9,3636.3,2964,3086.9,3026.4,3026.1,2956.6,3565.5,3546.2,3473.1,3467.7,3408.6,3307.6,3327.1,3482,3304.4,3329.3,2954.5,2954.2,3033.4,3385.4,3487.4,3522.6,3526.2,3635.8,3633.2,3931.2,3710.3,4033.1,3740.1,3336.6,3496.8,3704.2,3683.5,0.848,3854,3212.5,3109.6,3399.1,3399.8,3399.9,1587.6,3786.9,3330.3,3323.2,3276.9,3324.5
3943.5,5602.9,3552.4,3226.6,3361.5,4120.3,3700.2,4583.3,3271.5,4218.8,4236.1,4237.9,4551.5,4261.9,3385.6,4185.9,3743.9,3753.9,3740.9,3903.4,3415.4,3917.1,3455.2,0,3945.3,4198.3,3696.6,3771.2,4458.9,3443,4316.7,3361.1,3382.9,3776,3160.6,3252.3,3300.2,3228.7,3243.2,3218,3367.5,3447.2,3295.3,3456.8,3520.5,3950.1,3704.6,3666.9,3570.5,3957.5,3897,3896,3567.9,4313.9,4294.6,4221.5,4216.1,4157,4056,3990.2,4145.1,4066.2,3804.9,3716.8,3716.8,4260.2,0.698,4260.7,4174.2,4177.8,3694.2,3690.7,3880,3659.1,3981.9,3688.9,3285.4,3348.9,3254.6,3184.6,3370.4,3371.9,3192.9,3120.9,3333.1,3333.6,3333.6,3582.1,3778.2,3860.4,3866.9,3885.3,3931
4113.5,5865.1,3716.4,3516.4,3824.9,3992.4,3577.8,4506.9,3502.9,4177.8,4195.1,4161.5,4475.1,4185.5,3630.9,4109.5,3835.3,3633.9,3621.4,4017.4,3920.1,4066.5,3954,3945.3,0,4135.8,3807.8,3814.9,4103.6,3554.2,4045.1,3499.1,3521,3908.8,3317.3,3424,3471.9,3460.1,3488.5,3239.3,3719.8,3731.6,3563.4,3688.5,3684.5,3947,3796,4009.5,3450.4,3828.9,3768.4,3768.1,3445.5,4237.5,4218.2,4145.1,4139.7,4080.6,3979.6,3949.2,4104.1,3983.7,3701.7,3597.3,3596.8,3796.8,3875.5,3905.4,3902.6,3906.2,3833.4,3823.5,4050,3829.1,4151.9,3858.9,3455.4,3633.6,3532,3446.8,3869.2,3876.6,3354.5,3277.6,3472.3,3471.7,3471.6,3693.3,1.671,4009.8,3980.9,3822.8,3810.9
3996.6,5725.9,3740.8,3395.4,3474.2,4387.6,3959.1,4884.2,3459,4502.4,4519.8,4538.8,4852.4,4562.8,3576,4486.8,3945.4,4017.1,4004.1,4403.9,3550,4395.2,3589.9,4198.3,4135.8,0,3736.7,3712.1,4239.7,3507.1,4135.6,3411.6,3433.3,3839.2,3214.1,3302,3349.9,3416.2,3433.6,3545.9,3527.6,3607.2,3478.2,3643.6,3708.9,4223,3906.1,3851.5,3827.9,4224,4163.5,4163.3,3826.8,4614.8,4595.5,4522.4,4517,4457.9,4356.9,4273.8,4428.8,4367.6,4064.8,3980,3980,4499.5,4128.5,4041.5,3993.1,3996.7,3758.7,3753.9,3933.1,3712.2,4035,3742,3338.5,3446.1,3380.6,3307.6,3505.1,3506.5,3236.8,3174.4,3382.6,3384,3384.1,3622.2,3968.7,4338.5,4367.4,3.13,4188.4
4327.8,6014.3,3547.7,3434.3,1696.7,3642.1,3350.3,4052.6,3291.6,3764.7,3782,3707.2,4020.8,3731.2,3454.2,3655.2,3494,3282.3,3268.3,3523.6,1611.7,3548.4,1649.5,3696.6,3807.8,3736.7,0,3845.8,3930.2,3749.5,3893.8,3723.7,3745.6,4159.6,3545,3637,3684.9,3250.5,3317.5,1543.7,3009.2,3728.9,2768.2,3710.8,3515.8,3570.4,3454.7,3553.4,3226.1,3478.8,3418.3,3417.8,3218,3783.2,3763.9,3690.8,3685.4,3626.3,3525.3,3536.1,3691,3521.1,3365.1,3244.2,3245.2,3458.5,3626.8,3732,3751.3,3754.9,4088.6,4074.3,4264.3,4043.4,4366.2,4073.2,3669.7,3842.5,3641.5,3596,1603.7,1588.2,3577,3505.3,3696.2,3696.3,3696.2,1.145,3640.7,3491.7,3487.1,3423.7,3586.6
4142.3,5833.3,3525.5,2668.6,1603.1,3594.5,3265.3,4076.3,2582.1,3778.8,3796.1,3730.9,4044.5,3754.9,2710.4,3678.9,3445.2,3237.4,3224.4,3481.1,1518.1,3509,1555.9,3771.2,3814.9,3712.1,3845.8,0,4149.4,3560.9,4180.1,3538.1,3560,3978.6,3361,3451.4,3499.3,2546.1,2590.8,1450.1,2267.3,2855.4,2106.6,2859.6,3493.6,3609,3405.9,3547.7,3140.3,3431,3370.5,3370.2,3133,3806.9,3787.6,3714.5,3709.1,3650,3549,3550.2,3705.1,3547.9,3323.4,3200.3,3200.3,3451.1,3701.4,3951.2,4037.6,4041.2,3907.5,3893.3,4078.8,3857.9,4180.7,3887.7,3484.2,3658.9,3457.9,3415,1510.1,1494.6,3391.5,3321.3,3510.6,3510.7,3510.6,3731.3,3647.8,3452.3,3444.6,3399.1,3500.8
4226.5,5824.8,3702.2,3403.2,3591.9,4132.3,3753.1,4602.9,3427.1,4252,4269.3,4257.5,4571.1,4281.5,3546.3,4205.5,3844.4,3777.6,3765.4,3973.9,3645.7,3993.5,3685.6,4458.9,4103.6,4239.7,3930.2,4149.4,0,3676.7,4695,3619.6,3641.9,4067.2,3441.3,3528.5,3576.4,3384.3,3403.9,3433,3558.1,3620.7,3467,3626,3670.3,4005.8,3805.1,3806.7,3627.4,3969.1,3908.6,3908,3620.8,4333.5,4314.2,4241.1,4235.7,4176.6,4075.6,4023.4,4178.3,4080.7,3845.8,3741.3,3740.5,4138.8,4389.1,1.982,4552.5,4556.1,3990,3982,4163,3942.1,4264.9,3971.9,3568.4,3577.4,3471.5,3406.5,3600.8,3602.2,3467,3401.6,3595.9,3592.6,3592.1,3815.7,3936.5,3936.8,3937.4,3926.7,3987.9
4975.2,6052.8,3342.8,3324.4,1707.9,3423.5,3187.1,3806.1,3181.7,3518.2,3535.5,3460.7,3774.3,3484.7,3344.3,3408.7,3289.1,3054.1,3040.2,3296.2,1622.8,3321.9,1660.6,3443,3554.2,3507.1,3749.5,3560.9,3676.7,0,3640.3,4244.9,4262.4,4547.1,4173.9,4452,4499.4,3140.6,3207.6,1554.8,2892.2,3524,2651.2,3505.9,3310.9,3323.8,3249.8,3327.7,3063,3260,3199.5,3199.2,3054.8,3536.7,3517.4,3444.3,3438.9,3379.8,3278.8,3289.6,3444.5,3274.3,3135.2,3016.1,3017,3205,3373.2,3478.5,3497.8,3501.4,4465.1,4461.8,4912.4,4693.7,5013.2,4723.2,4323.7,3890.8,3689.8,3634.5,1614.8,1599.3,4585.2,4134.2,4180.6,4213.1,4217.4,3635,3387.1,3265.2,3259.7,3194.1,3423.5
4201.3,5795,3645.6,3358.4,3571.5,4024.3,3657.2,4497.8,3374.9,4154.2,4171.5,4152.4,4466,4176.4,3497.7,4100.4,3763.8,3672.7,3659.7,3881.8,3625.3,3901.6,3665.1,4316.7,4045.1,4135.6,3893.8,4180.1,4695,3640.3,0,3587.7,3610.1,4052.2,3420.7,3513.3,3561.2,3332.1,3355.3,3411.3,3518.6,3572.6,3422.3,3576.2,3613.7,3918,3724.5,3741.6,3531.1,3861,3800.5,3800,3524.9,4228.4,4209.1,4136,4130.6,4071.5,3970.5,3925.6,4080.5,3974.8,3743,3635.6,3635.6,3996.7,4246.9,4496.8,1.425,1.389,3976.1,3966.9,4137.8,3916.9,4239.7,3946.7,3543.2,3546.5,3440.3,3376.7,3580.3,3581.8,3440.3,3381,3564.1,3560.8,3560.2,3779.3,3878,3844.9,3845.3,3822.6,3891.6
5114,5906.6,3129.5,3083.9,3537.5,3280,3112.5,3659.2,3106.6,3345.1,3362.4,3313.8,3627.4,3337.8,3233.8,3261.8,3158.3,2943.4,2930.2,3220.5,3353.6,3250.5,3427.4,3361.1,3499.1,3411.6,3723.7,3538.1,3619.6,4244.9,3587.7,0,4404.9,4682.6,4314.1,4590.7,4638.1,3063.8,3091.4,3216.9,3124.2,3119.5,3055.4,3100.4,3097.6,3111.3,3119,3196.5,2982.8,3116.5,3056,3055.7,2980.2,3389.8,3370.5,3297.4,3292,3232.9,3131.9,3116.5,3271.4,3131.3,3026,2906.1,2906.3,3094.6,3291.3,3421.4,3445.2,3448.8,4600.6,4597.3,5051.1,4832.4,5152,4861.9,4462.5,4029.6,3553.7,3488.3,3342.6,3310.1,4724,4274.4,4323.2,4355.6,0.275,3609.2,3332,3193.8,3184,3098.6,3343.3
5139.7,5929.2,3151.1,3105.5,3559.2,3301.8,3135.1,3681.1,3128.9,3366.6,3383.9,3335.7,3649.3,3359.7,3255.8,3283.7,3180.3,2965.4,2952.1,3242.6,3375.4,3272.5,3449.1,3382.9,3521,3433.3,3745.6,3560,3641.9,4262.4,3610.1,4404.9,0,4708.4,4340.1,4616.5,4663.9,3086.1,3113.4,3238.6,3145.5,3140.4,3077,3121.5,3119.2,3132.6,3141,3218,3005.5,3138.3,3077.8,3077.5,3002.8,3411.7,3392.4,3319.3,3313.9,3254.8,3153.8,3138,3292.9,3153.1,3047.5,2928,2928.3,3116,3313.1,3443.7,3467.6,3471.2,4626.5,4623.1,5076.9,4858.2,5177.8,4887.7,4488.2,4055.3,3576.6,3510.9,3364.3,3331.9,4749.8,4300.4,4349.3,0.493,4377.4,3631.1,3353.9,3215.8,3206.1,3120.3,3366
15.752,6299.4,3347.7,3439.4,3802,3688.6,3611.7,3954.2,3431.6,3616.6,3633.9,3608.8,3922.4,3632.8,3593.6,3556.8,3482.2,3351.8,3339.4,3663.6,3649.2,3698.6,3718.5,3776,3908.8,3839.2,4159.6,3978.6,4067.2,4547.1,4052.2,4682.6,4708.4,0,4440.4,4611,4658.9,3388.8,3451.2,3525.1,3460.8,3453,3317.9,3293.6,3315.8,3358,3442.9,3545.8,3486.5,3525.1,3464.7,3464.3,3479.4,3684.8,3665.5,3592.4,3587,3527.9,3426.9,3388,3542.9,3432.3,3442,3315.3,3314.7,3508,3706.2,3869.1,3909.7,3913.3,5.646,0.853,5.646,10.064,16.52,10.66,17.538,4303.2,3984.9,3881.1,3633.7,3605.7,4476.3,4400.7,4689.6,4659.1,4655.1,4045.1,3741.7,3641.9,3627.1,3526.2,3847
4716.7,5658.6,2838.5,2815,3250.5,3080.6,2952.8,3419.7,2860,3087.5,3104.8,3074.3,3387.9,3098.3,2988.7,3022.3,2932.7,2732.3,2719.6,3016.8,3077,3049,3149.3,3160.6,3317.3,3214.1,3545,3361,3441.3,4173.9,3420.7,4314.1,4340.1,4440.4,0,4188.2,4236.1,2817.2,2846.3,2944.4,2842.4,2827.5,2772.2,2778.7,2806.6,2832.6,2893.4,2952.5,2830.6,2917.1,2856.6,2856.3,2820.5,3150.3,3131,3057.9,3052.5,2993.4,2892.4,2858.9,3013.8,2896.4,2819.5,2695.5,2695.2,2889.3,3090.7,3243.1,3278.2,3281.8,4364.4,4355.1,4653.2,4432.3,4755.1,4462.1,4058.6,3621.1,3320.5,3240.3,3064.5,3033.5,4837,0.397,4831.3,4290.8,4286.6,3430.5,3150.2,2992.3,2980.3,2901.1,3191.1
4858.2,5775.2,2997,2917.5,3390.6,3161.6,3002.8,3552.8,2995.3,3238.6,3255.9,3207.4,3521,3231.4,3109.5,3155.4,3061,2818.6,2805.6,3097.4,3206.8,3129.4,3280.5,3252.3,3424,3302,3637,3451.4,3528.5,4452,3513.3,4590.7,4616.5,4611,4188.2,0,0.479,2952.5,2967.1,3070,2956.5,2944.5,2919.8,2941.1,2965.1,2987.7,3021.7,3065.1,2879.2,2997.8,2937.3,2937.3,2870.5,3283.4,3264.1,3191,3185.6,3126.5,3025.5,3010,3164.9,3026,2901.9,2781.5,2781.5,2978.3,3182.5,3330.3,3370.8,3374.4,4535.7,4525.7,4794.7,4573.8,4896.6,4603.6,4200.1,3753.6,3419,3356.9,3195.7,3163.3,4194.9,4148.5,4599.1,4567.7,4563.5,3522.5,3256.9,3072.7,3060.9,2989,3239.7
4906.1,5823.1,3044.9,2965.4,3438.5,3209.5,3050.7,3600.7,3043.2,3286.5,3303.8,3255.3,3568.9,3279.3,3157.4,3203.3,3108.9,2866.5,2853.5,3145.3,3254.7,3177.3,3328.4,3300.2,3471.9,3349.9,3684.9,3499.3,3576.4,4499.4,3561.2,4638.1,4663.9,4658.9,4236.1,0.479,0,3000.4,3015,3117.9,3004.4,2992.4,2967.7,2989,3013,3035.6,3069.6,3113,2927.1,3045.7,2985.2,2985.2,2918.4,3331.3,3312,3238.9,3233.5,3174.4,3073.4,3057.9,3212.8,3073.9,2949.8,2829.4,2829.4,3026.2,3230.4,3378.2,3418.7,3422.3,4583.6,4573.6,4842.6,4621.7,4944.5,4651.5,4248,3801.5,3466.9,3404.8,3243.6,3211.2,4242.8,4196.4,4646.5,4615.1,4610.9,3570.4,3304.8,3120.6,3108.8,3036.9,3287.6
3670.7,5749.9,3601.9,3675.4,3369,3200,3019.4,3600.2,0.428,3387.9,3405.2,3254.8,3568.4,3278.8,4410.5,3202.8,3273.5,2925.1,2911.8,3167.8,3629.5,3192.7,3639.8,3228.7,3460.1,3416.2,3250.5,2546.1,3384.3,3140.6,3332.1,3063.8,3086.1,3388.8,2817.2,2952.5,3000.4,0,4268.1,3946.8,3818.9,3692.5,4287.3,3831.9,3570,3309.2,3234.2,3440,2892.9,3036.4,2975.9,2975.7,2887.1,3330.8,3311.5,3238.4,3233,3173.9,3072.9,3159.3,3314.2,3057.9,3163,2887.7,2887.9,3158.1,3158.9,3186.1,3189.6,3193.2,3308.2,3303.5,3607.2,3386.3,3709.1,3416.1,3012.6,3195.8,3347.7,3331.6,3555,3586,2865.6,2777.5,3039.5,3036.8,3036.3,3140.6,3293,3136,3131.3,3103.2,3253.4
3683.1,5785.4,3591.6,3711.3,3405,3216.5,3027,3620,4310.9,3399.8,3417.1,3274.6,3588.2,3298.6,1.424,3222.6,3289.4,2926.3,2912.8,3187,3665.6,3211,3675.9,3243.2,3488.5,3433.6,3317.5,2590.8,3403.9,3207.6,3355.3,3091.4,3113.4,3451.2,2846.3,2967.1,3015,4268.1,0,4129.2,3801.4,3698.6,4104.9,3795.8,3559.7,3325.8,3250.1,3464,2900.5,3053,2992.5,2992.2,2894.7,3350.6,3331.3,3258.2,3252.8,3193.7,3092.7,3171.2,3326.1,3077.9,3181.2,2888.7,2889.2,3185.1,3173.4,3205.7,3212.8,3216.4,3369.8,3365.9,3619.6,3398.7,3721.5,3428.5,3025,3209.9,3365,3367.1,3591.1,3622.1,2888.1,2806.6,3066.1,3064.1,3063.9,3207.6,3321.4,3154.3,3150.5,3120.6,3261
3784.2,5879.8,3616.8,3829.9,3448.2,3136.6,2937,3873.5,3989.6,3594.3,3611.6,3528.1,3841.7,3552,4271.6,3476.1,3358.5,2930.8,2917.8,3302.4,3745,3327.3,3750.1,3218,3239.3,3545.9,1543.7,1450.1,3433,1554.8,3411.3,3216.9,3238.6,3525.1,2944.4,3070,3117.9,3946.8,4129.2,0,3822.5,3753,3783.6,3753.7,3584.9,2831.8,3319.2,3677.1,2811.1,2973.1,2912.6,2912.3,2804.7,3604,3584.8,3511.6,3506.3,3447.1,3346.2,3365.7,3520.6,3342.9,3385,2893.7,2893.7,2460.4,3151,3242.7,3274.5,3277.9,3442.4,3439.8,3720.7,3499.8,3822.6,3529.6,3126.1,3274.8,3482.2,3461.5,3665.3,3701.5,3001.9,2904.7,3188.6,3189.3,3189.4,1481.8,3092.2,3270.6,3265.9,3232.9,3171.6
3661.9,5788.1,3628.1,3826,3396.4,3205.7,2972.9,3702.9,3861.7,3468.8,3486.1,3357.5,3671.1,3381.5,3943.8,3305.5,3353.9,2981.6,2968.7,3290.3,3657,3315.8,3667.3,3367.5,3719.8,3527.6,3009.2,2267.3,3558.1,2892.2,3518.6,3124.2,3145.5,3460.8,2842.4,2956.5,3004.4,3818.9,3801.4,3822.5,0,3872.8,3886.7,3806.6,3596.2,3419.9,3314.6,3582.4,2843.8,3042.1,2981.6,2981.4,2840.6,3433.5,3414.2,3341.1,3335.7,3276.6,3175.6,3240.2,3395.1,3163.7,3294.5,2944.6,2944.5,3321.2,3297.7,3359.9,3376.1,3379.7,3381.3,3375.5,3598.4,3377.5,3700.3,3407.3,3003.8,3246.6,3402.2,3369.8,3582.5,3613.5,2899,2802.7,3092.2,3096.2,3096.7,2913,3552.7,3259.1,3253.8,3214.6,3204.3
3644.8,5760.2,3750.2,3676.7,3407.7,3366.7,3116.2,3791.1,3735.3,3563.4,3580.7,3445.7,3759.3,3469.7,3841,3393.7,3452.9,3114.9,3102.1,3369.2,3637.2,3394.1,3652,3447.2,3731.6,3607.2,3728.9,2855.4,3620.7,3524,3572.6,3119.5,3140.4,3453,2827.5,2944.5,2992.4,3692.5,3698.6,3753,3872.8,0,3773.4,3889.1,3718.3,3504.2,3413.6,3594.5,2992.5,3203.1,3142.6,3142.4,2983.9,3521.7,3502.4,3429.3,3423.9,3364.8,3263.8,3334.8,3489.7,3250.4,3362.6,3078,3077.8,3370.8,3377.4,3422.5,3430.1,3433.7,3374.7,3367.7,3581.3,3360.4,3683.2,3390.2,2986.7,3327.9,3423,3341.9,3567.2,3593.7,2890.4,2787.8,3084.2,3091.1,3092,3614.4,3564.5,3337.4,3332.7,3294.2,3353
3639.7,5697.4,3672.7,3659.4,3351.8,3219.8,2991.4,3642.6,4330.1,3433.5,3450.8,3297.2,3610.8,3321.2,4247.3,3245.2,3320.6,2972.3,2959.3,3237.2,3612.4,3261.6,3622.7,3295.3,3563.4,3478.2,2768.2,2106.6,3467,2651.2,3422.3,3055.4,3077,3317.9,2772.2,2919.8,2967.7,4287.3,4104.9,3783.6,3886.7,3773.4,0,3956.6,3640.8,3352.5,3281.3,3481.5,2866.9,3056.5,2996,2995.5,2859.1,3373.2,3353.9,3280.8,3275.4,3216.3,3115.3,3204.9,3359.8,3099.2,3246.1,2935.2,2935.2,3241.2,3225.5,3268.8,3279.8,3283.4,3234.8,3232.6,3576.2,3355.3,3678.1,3385.1,2981.6,3215.9,3362.9,3279.1,3537.9,3568.9,2834.3,2732.5,3026.4,3027.7,3027.9,2672,3396.3,3204.9,3200.7,3165.2,3227.4
3649.3,5677.6,3874,3578.1,3377,3322.1,3071.1,3754.3,3874.7,3550.5,3567.8,3408.9,3722.5,3432.9,3938.2,3356.9,3454.2,3106,3092.2,3391.4,3606.5,3414.6,3621.3,3456.8,3688.5,3643.6,3710.8,2859.6,3626,3505.9,3576.2,3100.4,3121.5,3293.6,2778.7,2941.1,2989,3831.9,3795.8,3753.7,3806.6,3889.1,3956.6,0,3842.1,3444.3,3414.9,3621.7,2944.6,3158.9,3098.4,3097.8,2938.8,3484.9,3465.6,3392.5,3387.1,3328,3227,3321.9,3476.8,3209.9,3410.7,3068.1,3068.9,3400.1,3387,3427.8,3433.7,3437.3,3210.5,3208.3,3585.8,3364.9,3687.7,3394.7,2991.2,3340.6,3435.7,3259.3,3536.5,3563,2876.6,2739,3066.9,3072.2,3072.9,3596.3,3521.4,3357.9,3354.9,3330.6,3305.1
3674.4,5618.2,0.319,3421.9,3307.1,3398.5,3129.9,3830.4,3612.8,3629.3,3646.6,3485,3798.6,3509,3702.1,3433,3528.2,3183.5,3169.6,3453.8,3485,3475.8,3507.1,3520.5,3684.5,3708.9,3515.8,3493.6,3670.3,3310.9,3613.7,3097.6,3119.2,3315.8,2806.6,2965.1,3013,3570,3559.7,3584.9,3596.2,3718.3,3640.8,3842.1,0,3539.9,3488.9,3648.6,3003.1,3235.6,3175.1,3174.2,2997.6,3561,3541.7,3468.6,3463.2,3404.1,3303.1,3400.7,3555.6,3285.9,3485.4,3145.5,3146.4,3467.3,3450.7,3472.1,3471.2,3474.8,3231.6,3230.5,3610.9,3390,3712.8,3419.8,3016.3,3268.8,3316.3,3199.9,3422.3,3441.5,2895.9,2766.9,3068.1,3069.9,3070.1,3401.3,3517.4,3419.1,3417.3,3395.9,3363.6
3688,5521.1,3571.8,3276.8,3224,3791.5,3483.3,4203.1,3352,4063.9,4081.2,3857.7,4171.3,3881.7,3468.2,3805.7,4194.7,3645.2,3630.5,3912,3389.8,3924.3,3411.7,3950.1,3947,4223,3570.4,3609,4005.8,3323.8,3918,3111.3,3132.6,3358,2832.6,2987.7,3035.6,3309.2,3325.8,2831.8,3419.9,3504.2,3352.5,3444.3,3539.9,0,4155.4,3787.3,3357.3,3629,3568.5,3567.2,3351,3933.7,3914.4,3841.3,3835.9,3776.8,3675.8,3835.3,3990.2,3649.5,4170.4,3606.4,3608.1,4063.9,3880.3,3807.6,3775.5,3779.1,3275.7,3272.7,3624.5,3403.6,3726.4,3433.4,3029.9,2652.2,2626.2,3102.8,3330.3,3348,2930.4,2792.9,3079.1,3083.3,3083.8,3455.9,3779.9,3867.6,3875.5,3910,3717.8
3726.9,5532.8,3520.8,3193.6,3206.9,3681.3,3381.3,4089.9,3277,3890.3,3907.6,3744.5,4058.1,3768.5,3392.5,3692.5,0.393,3441.6,3428.3,3637.2,3311.9,3656.8,3344.9,3704.6,3796,3906.1,3454.7,3405.9,3805.1,3249.8,3724.5,3119,3141,3442.9,2893.4,3021.7,3069.6,3234.2,3250.1,3319.2,3314.6,3413.6,3281.3,3414.9,3488.9,4155.4,0,3958.8,3254.7,3518.2,3457.7,3457,3249,3820.5,3801.2,3728.1,3722.7,3663.6,3562.6,3661.7,3816.6,3544.9,3699.3,3404.2,3404.5,3669.5,3634.8,3606.9,3582,3585.6,3363.6,3357.6,3663.4,3442.5,3765.3,3472.3,3068.8,3211.5,3178.2,3114.5,3260.1,3268.4,2955.9,2853.7,3093,3091.7,3091.5,3340.2,3628.9,3600.1,3600.7,3593.1,3615.2
3771.6,5677.3,3680.5,3448,3436.4,3716.8,3378.8,4126.9,3482.8,3900.5,3917.8,3781.5,4095.1,3805.5,3606.4,3729.5,3998.1,3425.8,3412.5,3606.8,3614.2,3631.7,3636.3,3666.9,4009.5,3851.5,3553.4,3547.7,3806.7,3327.7,3741.6,3196.5,3218,3545.8,2952.5,3065.1,3113,3440,3464,3677.1,3582.4,3594.5,3481.5,3621.7,3648.6,3787.3,3958.8,0,3252.5,3553.5,3493,3492.5,3246.5,3857.5,3838.2,3765.1,3759.7,3700.6,3599.6,3671.9,3826.8,3586.8,3613,3388.4,3388.7,3618.4,3597.1,3608.5,3599.1,3602.7,3466.9,3460.5,3708.1,3487.2,3810,3517,3113.5,3356.2,3373.5,3259,3551.5,3570.7,3002.1,2912.8,3166.7,3168.7,3169,3438.9,3842.4,3575,3570.3,3538.5,3613
3575.3,5353.2,3035,2811.1,2912.8,28.492,7.926,30.296,2935.7,3663.9,3681.2,23.872,30.568,25.264,3042.9,26.952,3294,3463.9,3449.7,3511.3,2907.1,3521.5,2964,3570.5,3450.4,3827.9,3226.1,3140.3,3627.4,3063,3531.1,2982.8,3005.5,3486.5,2830.6,2879.2,2927.1,2892.9,2900.5,2811.1,2843.8,2992.5,2866.9,2944.6,3003.1,3357.3,3254.7,3252.5,0,5.28,6.49,19.52,5.28,19.52,20.292,23.216,23.432,25.796,29.836,3435.3,3590.2,3560.4,3786.7,3425.6,3426.8,3693.4,3500.7,3429.2,3388.6,3392.2,3409.4,3401.2,3511.8,3290.9,3613.7,3320.7,2917.2,2869.9,2898.5,2934.9,2879.2,2863.6,2805.4,2790.9,2961.7,2956.2,2955.3,3111.6,3283.3,3464.8,3474.8,3514.9,3.605
3697.8,5451.6,3267.5,2973.9,3011.7,8.966,7.926,9.868,3079.2,3939,3956.3,6.656,10.004,7.352,3195.4,8.196,3557.5,3797.2,3782.2,3890.9,3041.2,3897,3086.9,3957.5,3828.9,4224,3478.8,3431,3969.1,3260,3861,3116.5,3138.3,3525.1,2917.1,2997.8,3045.7,3036.4,3053,2973.1,3042.1,3203.1,3056.5,3158.9,3235.6,3629,3518.2,3553.5,5.28,0,0.605,4.48,5.28,4.48,4.866,6.328,6.436,7.618,9.638,3710.4,3865.3,3840.9,4163.8,3758.1,3760.1,4061.7,3887.7,3770.9,3718.5,3722.1,3451.7,3439.8,3634.3,3413.4,3736.2,3443.2,3039.7,3049.4,3008.5,3033.3,3002.1,2997.7,2938,2877.4,3088.9,3089,3089,3364.3,3661.8,3840.3,3854.4,3911,12.49
3637.3,5391.1,3207,2913.4,2951.2,7.756,9.136,8.658,3018.7,3878.5,3895.8,5.446,8.794,6.142,3134.9,6.986,3497,3736.7,3721.7,3830.4,2980.7,3836.5,3026.4,3897,3768.4,4163.5,3418.3,3370.5,3908.6,3199.5,3800.5,3056,3077.8,3464.6,2856.6,2937.3,2985.2,2975.9,2992.5,2912.6,2981.6,3142.6,2996,3098.4,3175.1,3568.5,3457.7,3493,6.49,0.605,0,3.27,6.49,3.27,3.656,5.118,5.226,6.408,8.428,3649.9,3804.8,3780.4,4103.3,3697.6,3699.6,4001.2,3827.2,3710.4,3658,3661.6,3391.2,3379.3,3573.8,3352.9,3675.7,3382.7,2979.2,2988.9,2948,2972.8,2941.6,2937.2,2877.5,2816.9,3028.4,3028.5,3028.5,3303.8,3601.3,3779.8,3793.9,3850.5,13.7
3636.6,5390.1,3206.1,2913,2950.6,2.243,24.812,8.658,3018.5,3877.2,3894.5,5.446,8.794,6.142,3134.6,6.986,3496.3,3735.7,3721,3830.1,2980.3,3836.1,3026.1,3896,3768.1,4163.3,3417.8,3370.2,3908,3199.2,3800,3055.7,3077.5,3464.3,2856.3,2937.3,2985.2,2975.7,2992.2,2912.3,2981.4,3142.4,2995.5,3097.8,3174.2,3567.2,3457,3492.5,19.52,4.48,3.27,0,19.52,3.27,3.656,5.118,5.226,6.408,8.428,3648.6,3803.5,3779.2,4102.5,3696.9,3698.6,4000.4,3826.2,3709.8,3657.5,3661.1,3390.5,3379,3573.1,3352.2,3675,3382,2978.5,2988.4,2948,2971.8,2941.3,2936.8,2876.9,2816.6,3028.2,3028.2,3028.2,3303.3,3601,3779.4,3793.6,3850.3,33.94
3565.3,5350.3,3029.5,2804.7,2904.1,28.492,1.323,30.296,2929.9,3657.6,3674.9,23.872,30.568,25.264,3037.1,26.952,3288.3,3458.3,3444,3506.9,2899.2,3515.3,2956.6,3567.9,3445.5,3826.8,3218,3133,3620.8,3054.8,3524.9,2980.2,3002.8,3479.4,2820.5,2870.5,2918.4,2887.1,2894.7,2804.7,2840.6,2983.9,2859.1,2938.8,2997.6,3351,3249,3246.5,5.28,5.28,6.49,19.52,0,19.52,20.292,23.216,23.432,25.796,29.836,3429,3583.9,3554.1,3780.1,3419.9,3421.2,3686.8,3498.1,3422.6,3382.4,3386,3401.2,3394.1,3501.8,3280.9,3603.7,3310.7,2907.2,2865.6,2890.8,2932,2871.8,2855.7,2799.5,2780.8,2958.3,2953.5,2952.7,3103.5,3278.4,3458.6,3470.4,3513.8,12.49
3972.5,5660.5,3592.9,3312.1,3436.4,7.756,24.812,2.694,3373.6,4245.4,4262.7,1.088,2.762,1.436,3493,1.858,3859.8,4140.8,4126.1,4278.6,3531.5,4285.5,3565.5,4313.9,4237.5,4614.8,3783.2,3806.9,4333.5,3536.7,4228.4,3389.8,3411.7,3684.8,3150.3,3283.4,3331.3,3330.8,3350.6,3604,3433.5,3521.7,3373.2,3484.9,3561,3933.7,3820.5,3857.5,19.52,4.48,3.27,3.27,19.52,0,0.193,0.924,0.978,1.569,2.579,4016.8,4171.7,4150.1,4666,4102,4103.7,4559.5,4244.1,4135.3,4085.9,4089.5,3606.1,3599.5,3909,3688.1,4010.9,3717.9,3314.4,3461.1,3372.8,3242.2,3480.7,3488,3222,3110.6,3361.7,3362.4,3362.3,3668.7,4070.4,4228.8,4242.1,4301.8,33.94
3953.2,5641.2,3573.6,3292.8,3417.1,8.142,25.584,2.887,3354.3,4226.1,4243.4,0.895,2.569,1.243,3473.7,1.665,3840.5,4121.5,4106.8,4259.3,3512.3,4266.2,3546.2,4294.6,4218.2,4595.5,3763.9,3787.6,4314.2,3517.4,4209.1,3370.5,3392.4,3665.5,3131,3264.1,3312,3311.5,3331.3,3584.8,3414.2,3502.4,3353.9,3465.6,3541.7,3914.4,3801.2,3838.2,20.292,4.866,3.656,3.656,20.292,0.193,0,0.731,0.785,1.376,2.386,3997.5,4152.4,4130.8,4646.7,4082.7,4084.4,4540.2,4224.8,4116,4066.6,4070.2,3586.8,3580.2,3889.7,3668.8,3991.6,3698.6,3295.1,3441.8,3353.5,3222.9,3461.4,3468.8,3202.7,3091.3,3342.4,3343.1,3343,3649.4,4051.1,4209.5,4222.8,4282.5,34.712
3880.1,5568.1,3500.5,3219.7,3344,9.604,28.508,3.618,3281.2,4153,4170.3,0.164,3.3,0.512,3400.6,0.934,3767.4,4048.4,4033.7,4186.2,3439.1,4193.1,3473.1,4221.5,4145.1,4522.4,3690.8,3714.5,4241.1,3444.3,4136,3297.4,3319.3,3592.4,3057.9,3191,3238.9,3238.4,3258.2,3511.6,3341.1,3429.3,3280.8,3392.5,3468.6,3841.3,3728.1,3765.1,23.216,6.328,5.118,5.118,23.216,0.924,0.731,0,0.054,0.645,1.655,3924.4,4079.3,4057.7,4573.6,4009.6,4011.3,4467.1,4151.7,4042.9,3993.5,3997.1,3513.7,3507.1,3816.6,3595.7,3918.5,3625.5,3222,3368.7,3280.4,3149.8,3388.3,3395.6,3129.6,3018.2,3269.3,3270,3269.9,3576.3,3978,4136.4,4149.7,4209.4,37.636
3874.7,5562.7,3495.1,3214.3,3338.6,9.712,28.724,3.672,3275.8,4147.6,4164.9,0.218,3.354,0.458,3395.2,0.88,3762,4043,4028.3,4180.8,3433.8,4187.7,3467.7,4216.1,4139.7,4517,3685.4,3709.1,4235.7,3438.9,4130.6,3292,3313.9,3587,3052.5,3185.6,3233.5,3233,3252.8,3506.3,3335.7,3423.9,3275.4,3387.1,3463.2,3835.9,3722.7,3759.7,23.432,6.436,5.226,5.226,23.432,0.978,0.785,0.054,0,0.591,1.601,3919,4073.9,4052.3,4568.2,4004.2,4005.9,4461.7,4146.3,4037.5,3988.1,3991.7,3508.3,3501.7,3811.2,3590.3,3913.1,3620.1,3216.6,3363.3,3275,3144.4,3382.9,3390.2,3124.2,3012.8,3263.9,3264.6,3264.5,3570.9,3972.6,4131,4144.3,4204,37.852
3815.6,5503.6,3436,3155.2,3279.5,10.894,31.088,4.263,3216.7,4088.5,4105.8,0.809,3.945,1.049,3336.1,0.289,3702.9,3983.9,3969.2,4121.7,3374.6,4128.6,3408.6,4157,4080.6,4457.9,3626.3,3650,4176.6,3379.8,4071.5,3232.9,3254.8,3527.9,2993.4,3126.5,3174.4,3173.9,3193.7,3447.1,3276.6,3364.8,3216.3,3328,3404.1,3776.8,3663.6,3700.6,25.796,7.618,6.408,6.408,25.796,1.569,1.376,0.645,0.591,0,1.01,3859.9,4014.8,3993.2,4509.1,3945.1,3946.8,4402.6,4087.2,3978.4,3929,3932.6,3449.2,3442.6,3752.1,3531.2,3854,3561,3157.5,3304.2,3215.9,3085.3,3323.8,3331.1,3065.1,2953.7,3204.8,3205.5,3205.4,3511.8,3913.5,4071.9,4085.2,4144.9,40.216
3714.6,5402.6,3335,3054.2,3178.5,12.914,35.128,5.273,3115.7,3987.5,4004.8,1.819,4.955,2.059,3235.1,1.299,3601.9,3882.9,3868.2,4020.7,3273.6,4027.6,3307.6,4056,3979.6,4356.9,3525.3,3549,4075.6,3278.8,3970.5,3131.9,3153.8,3426.9,2892.4,3025.5,3073.4,3072.9,3092.7,3346.2,3175.6,3263.8,3115.3,3227,3303.1,3675.8,3562.6,3599.6,29.836,9.638,8.428,8.428,29.836,2.579,2.386,1.655,1.601,1.01,0,3758.9,3913.8,3892.2,4408.1,3844.1,3845.8,4301.6,3986.2,3877.4,3828,3831.6,3348.2,3341.6,3651.1,3430.2,3753,3460,3056.5,3203.2,3114.9,2984.3,3222.8,3230.2,2964.1,2852.7,3103.8,3104.5,3104.4,3410.8,3812.5,3970.9,3984.2,4043.9,44.256
3702.9,5448,3432.6,3115.4,3198,3872.9,3561.3,4286.2,3202.1,2.286,2.459,3940.8,4254.4,3964.8,3313.6,3888.8,3701,3726.6,3711.9,3948.8,3293.2,3958.9,3327.1,3990.2,3949.2,4273.8,3536.1,3550.2,4023.4,3289.6,3925.6,3116.5,3138,3388,2858.9,3010,3057.9,3159.3,3171.2,3365.7,3240.2,3334.8,3204.9,3321.9,3400.7,3835.3,3661.7,3671.9,3435.3,3710.4,3649.9,3648.6,3429,4016.8,3997.5,3924.4,3919,3859.9,3758.9,0,1.549,3732.6,4251.8,3687.8,3689.5,4145.3,3920.4,3825.2,3783.1,3786.7,3306.3,3302.7,3639.4,3418.5,3741.3,3448.3,3044.8,3252.4,3168.8,3029.7,3242.3,3249.7,2952.7,2819.2,3086,3088.7,3089,3421.6,3782.1,3902.2,3912.3,3960.9,3795.8
3857.8,5602.9,3587.5,3270.3,3352.9,4027.8,3716.2,4441.1,3357,0.737,0.91,4095.7,4409.3,4119.7,3468.5,4043.7,3855.9,3881.5,3866.8,4103.7,3448.1,4113.8,3482,4145.1,4104.1,4428.8,3691,3705.1,4178.3,3444.5,4080.5,3271.4,3292.9,3542.9,3013.8,3164.9,3212.8,3314.2,3326.1,3520.6,3395.1,3489.7,3359.8,3476.8,3555.6,3990.2,3816.6,3826.8,3590.2,3865.3,3804.8,3803.5,3583.9,4171.7,4152.4,4079.3,4073.9,4014.8,3913.8,1.549,0,3887.5,4406.7,3842.7,3844.4,4300.2,4075.3,3980.1,3938,3941.6,3461.2,3457.6,3794.3,3573.4,3896.2,3603.2,3199.7,3407.3,3323.7,3184.6,3397.2,3404.6,3107.6,2974.1,3240.9,3243.6,3243.9,3576.5,3937,4057.1,4067.2,4115.8,3950.7
3715.7,5393.8,3317.8,3042.9,3175.3,4003.5,3686.4,4419.5,3100.7,3961.2,3978.5,4074.1,4387.7,4098.1,3220.3,4022.1,3584.2,4516.8,4488.2,4031.2,3270.4,4037.5,3304.4,4066.2,3983.7,4367.6,3521.1,3547.9,4080.7,3274.3,3974.8,3131.3,3153.1,3432.3,2896.4,3026,3073.9,3057.9,3077.9,3342.9,3163.7,3250.4,3099.2,3209.9,3285.9,3649.5,3544.9,3586.8,3560.4,3840.9,3780.4,3779.2,3554.1,4150.1,4130.8,4057.7,4052.3,3993.2,3892.2,3732.6,3887.5,0,4433.8,4464.1,4479.7,4327.3,3996.4,3882.5,3832.3,3835.9,3352.8,3347,3652.2,3431.3,3754.1,3461.1,3057.6,3194.6,3105.8,2975.5,3219.6,3226.9,2962.4,2856.7,3102.8,3103.8,3103.8,3406.6,3816.6,3980.8,3994.7,4054.6,3920.9
3607.2,5377.8,3517.3,3133.4,3164.7,4326.8,3912.4,4935.4,3205.8,4480.4,4497.7,4590,4903.6,4614,3323.6,4538,3738.6,4508.9,4511.4,3740.6,3301.2,3747.9,3329.3,3804.9,3701.7,4064.8,3365.1,3323.4,3845.8,3135.2,3743,3026,3047.5,3442,2819.5,2901.9,2949.8,3163,3181.2,3385,3294.5,3362.6,3246.1,3410.7,3485.4,4170.4,3699.3,3613,3786.7,4163.8,4103.3,4102.5,3780.1,4666,4646.7,4573.6,4568.2,4509.1,4408.1,4251.8,4406.7,4433.8,0,4487.3,4471.8,3809.7,3735.1,3647.6,3600.5,3604.1,3362.4,3356.7,3543.7,3322.8,3645.6,3352.6,2949.1,3098.5,3056.2,2959.5,3244.5,3257.7,2848.9,2779.8,2995.4,2998.2,2998.5,3250.6,3534.6,3691.2,3704.1,3751.8,4147.2
3481.4,5194.3,3177.4,2826.4,2847.1,3921.2,3552.2,4371.4,2930.5,3916.4,3933.7,4026,4339.6,4050,3031.1,3974,3443.5,4539.1,0.241,3653.7,2916.2,3658.5,2954.5,3716.8,3597.3,3980,3244.2,3200.3,3741.3,3016.1,3635.6,2906.1,2928,3315.3,2695.5,2781.5,2829.4,2887.7,2888.7,2893.7,2944.6,3078,2935.2,3068.1,3145.5,3606.4,3404.2,3388.4,3425.6,3758.1,3697.6,3696.9,3419.9,4102,4082.7,4009.6,4004.2,3945.1,3844.1,3687.8,3842.7,4464.1,4487.3,0,4502,3765.7,3647,3543.1,3493.1,3496.7,3235.4,3230,3417.9,3197,3519.8,3226.8,2823.3,2888.8,2826,2776,2869.7,2872.7,2721.8,2655.8,2878.7,2878.7,2878.6,3129.7,3430.2,3601.8,3617.2,3667,3786.1
