0,6175,3439.3,3317.9,3689.8,3554.9,3190.5,4259,3468.2,3915.3,3932.6,3913.6,4227.2,3937.6,3663.6,3861.6,3573.8,3413.7,3401.3,3752.2,3721.1,3777.4,3768.5,4093.5,4144.1,3992.2,4346.7,4325,4379,4271.3,4658.2,4086.6,4108.8,4284.1,3829.3,3981.7,4029.6,3425.4,3521.2,3649.5,3310.4,3364.7,3313.8,3365.2,3407.4,3652.7,3534.5,3579.4,3060.5,3391.3,3330.8,3330.6,3058.2,3989.6,3970.3,3897.2,3891.8,3832.7,3731.7,3686.7,3841.6,3737.5,3598.9,3377.2,3376.6,3820.3,4023.7,4180.8,4515.9,4519.3,4557.9,4198.8,4248.7,2.844,5.476,2.546,4098.9,3951.2,3876,3756.7,3683.7,3677.6,3917.7,3789.6,4061.2,4059.5,4059.1,4232.2,3977,3720.7,3715.7,3679.2,3421
6175,0,5788.2,5815.3,7265.7,5771.6,5741.1,5962.8,6039.1,5734.4,5751.7,5617.4,5931,5641.4,6317.3,5565.4,5647.6,5372.8,5360.3,5664,6635,5694.4,6711.7,5752.1,5947.3,5877.1,6126.1,5959.1,5978.1,6327.1,5990,6087.5,6108.3,5714.6,5894.9,6025.6,6073.5,5996.3,6174.9,6489.7,5807.8,5819.3,5836.4,5783,5756.3,5530.8,5608.3,5688.5,5624.2,5608.7,5548.2,5547.3,5608.8,5693.4,5674.1,5601,5595.6,5536.5,5435.5,5505.8,5660.7,5420.5,5540.4,5336.2,5335.7,5554.1,5682.3,5779.9,5849.6,5851.1,5868,5629.3,5741.6,5890.6,6213.4,5920.4,6148.8,6582.7,6951.5,24.183,6626.9,6591.5,6008.9,5855.2,6050.9,6059,6060,6011.6,5780.2,5637.7,5627.5,5564.1,5984.7
3439.3,5788.2,0,4085.7,3333.5,3799.8,3447.5,4110.6,4021.8,3940,3957.3,3765.2,4078.8,3789.2,4011.5,3713.2,3864.2,3498.6,3485.3,3685.5,3582.8,3709.9,3596,3602.8,3898.9,3932.4,3397.5,3526.9,3592.8,3198.5,3383.8,3080.9,3101.8,3071.2,2939.4,3047.9,3095.8,3979,3869.1,3619.8,4078.2,4191.8,4076.7,4220.8,0.319,3918.6,3824.9,4032.3,3322.6,3637.4,3576.9,3575.5,3315.2,3841.2,3821.9,3748.8,3743.4,3684.3,3583.3,3711.4,3866.3,3560.8,3838.2,3461.2,3461.5,3787.3,3533,3394.6,3335.8,3244.9,3233.1,2985.9,3150.5,3154.9,3477.7,3184.7,3094.9,3145.1,3311.8,3369.9,3511.2,3539.3,3015.1,2899.7,3044.9,3052.5,3053.4,3283,3731.8,3653.2,3649,3619.4,3683.1
3317.9,5815.3,4085.7,0,3367.4,3612.1,3298,4071.5,4107.3,3881.9,3899.2,3726.1,4039.7,3750.1,4091.5,3674.1,3806.4,3434.3,3420.9,3637.4,3633.2,3655.4,3642.8,3517.5,3733.2,3876.3,3344.3,3359.1,3489.4,3146.8,3364.5,3086.3,3106.3,3067,2930.3,2971.7,3019.6,4064.5,3949.1,3680.9,0.075,4639.5,4293.9,4232.5,4053.8,3821.8,3767.1,3940.3,3177.4,3448.7,3388.2,3387.8,3165.7,3802.1,3782.8,3709.7,3704.3,3645.2,3544.2,3653.3,3808.2,3524.5,3679.7,3396.8,3397.2,3635.8,3447.7,3291.2,3227.7,3225.6,3213.4,2981.7,3020.8,3033.5,3356.3,3063.3,2974.7,3136.3,3318.6,3397,3558,3589.7,2963.5,2890.6,3043.7,3057,3058.8,3229.8,3566.1,3598.7,3600.9,3563.3,3537.9
3689.8,7265.7,3333.5,3367.4,0,3273.5,3237.3,3514.5,3583.3,3291.1,3308.4,3169.1,3482.7,3193.1,3865.3,3117.1,3214.6,2922,2908.9,3247.1,4191.6,3277.5,4269.1,3345.2,3553.4,3460.1,3696,3573.8,3552.2,3887.8,3581,3602.3,3623.4,3246.2,3427.4,3586.9,3634.8,3540.5,3722.9,4044.2,3359.9,3370.5,3377.4,3334,3301.6,3102.3,3175.3,3269,3116.8,3110.2,3049.7,3049.2,3105,3245.1,3225.8,3152.7,3147.3,3088.2,2987.2,3062.5,3217.4,2973.9,3124.2,2884.8,2884.9,3153.5,3275.4,3354,3441.1,3442.1,3452.2,3160.9,3266.7,3405.4,3728.2,3435.2,3716.2,4143.4,4350.8,4847.4,4184.3,4148.1,3558,3387.7,3568.8,3574.1,3574.8,3581.5,3386.3,3220.8,3210.6,3147.1,3477.3
3554.9,5771.6,3799.8,3612.1,3273.5,0,33.784,13.144,3671.2,4309.1,4326.4,9.932,13.28,10.628,3720.7,11.472,3951.6,4163.7,4148.8,4041.2,3466.9,4060,3491.1,3899.4,4146,4312.8,3470.8,3707.4,3834.7,3245.7,3499.4,3085.5,3106.2,3193.4,2928.3,3065.1,3113,3628.4,3578.3,3469.9,3604.6,3736.9,3614.2,3699.5,3767.9,3999.1,3912.3,3975.2,28.492,8.966,7.756,2.243,28.492,7.756,8.142,9.604,9.712,10.894,12.914,4080.5,4235.4,4211.1,4510.4,4124.6,4126.6,4408.3,3829.6,3636.5,3567.1,3360.5,3338.6,3108.1,3289.4,3270.5,3593.3,3300.3,3189.4,3096.9,3256.8,3353.3,3406.3,3423.4,3031.5,2888.6,3047.7,3056.9,3058,3356.3,3978.9,4003.3,4004.7,3999.8,42.912
3190.5,5741.1,3447.5,3298,3237.3,33.784,0,35.588,3361.6,3915.1,3932.4,29.164,35.86,30.556,3523.6,32.244,3500.6,3707.1,3693,3512.6,3414,3519.8,3444.4,3472.7,3472.9,3856.7,3190.7,3169,3445.3,3007.9,3309.8,2966.1,2986.8,3014.5,2843.3,2850.6,2898.5,3318.8,3381.2,3397.8,3290.5,3416,3245.6,3357.2,3415.6,3608.5,3461.3,3418.9,7.926,7.926,9.136,24.812,1.323,24.812,25.584,28.508,28.724,31.088,35.128,3686.5,3841.4,3811.7,4101.4,3668.9,3670,4008.1,3402.9,3247.1,3187.2,3170.9,3156.7,2929.2,2903.7,2906.1,3228.9,2935.9,2833.6,2973.3,3166.9,3322.8,3359.6,3370.5,2843.1,2803.6,2928.6,2937.5,2938.6,3076.2,3305.8,3463.1,3476.1,3543.7,15.136
4259,5962.8,4110.6,4071.5,3514.5,13.144,35.588,0,4000.3,4704.4,4721.7,3.782,5.456,4.13,4077,4.552,4409.7,4598,4584.1,4623.7,3731.7,4637.5,3749.3,4520.1,4738.7,4915.2,4012.4,4320.6,4454.4,3771.8,4092.7,3584.3,3605.4,3793.4,3340.1,3578.3,3626.2,3957.5,3934.6,3756,4064,4173.6,3946.3,4014.3,4078.7,4392.7,4370.4,4471.3,30.296,9.868,8.658,8.658,30.296,2.694,2.887,3.618,3.672,4.263,5.273,4475.8,4630.7,4609.1,5044.6,4560,4560.9,4938,4450.3,4256.2,4180.8,3953.8,3937,3708.1,4001.3,3974.6,4297.4,4004.4,3816.4,3573.7,3675.7,3544.5,3664.5,3688.2,3538.6,3300.4,3550.5,3556.1,3556.8,3897.9,4571.6,4580.8,4587.2,4602.2,44.716
3468.2,6039.1,4021.8,4107.3,3583.3,3671.2,3361.6,4000.3,0,3813.3,3830.6,3654.9,3968.5,3678.9,4404.2,3602.9,3743.6,3372.7,3359.1,3580.8,3880.1,3606.3,3885.2,3518.2,3846.8,3822.2,3487.7,3551.3,3570,3345.5,3414.3,3230.5,3251.2,3103.7,3098.6,3186.3,3234.2,0.428,4261.8,3940.4,4099.8,4097.1,4281,4121.2,3989.9,3716.9,3704.3,3856.5,3232.2,3507.8,3447.3,3446.9,3229.3,3730.9,3711.6,3638.5,3633.1,3574,3473,3584.7,3739.6,3452.6,3620,3335,3335.6,3600.8,3448.4,3371.8,3334.4,3275.4,3266,3018.4,3110.3,3183.8,3506.6,3213.6,3190.2,3342.9,3550.4,3620.8,3800.4,3836.6,3148.4,3058.9,3193.3,3201.9,3203,3373.2,3679.7,3549.6,3544.3,3509.2,3592.7
3915.3,5734.4,3940,3881.9,3291.1,4309.1,3915.1,4704.4,3813.3,0,1.647,4359,4672.6,4383,3876.2,4307,4232.7,4143,4129.1,4254.8,3514.1,4274.7,3530.5,4139.4,4440.4,4523.6,3689.3,3986.2,4078.9,3453.6,3741.5,3260.9,3281.8,3444.5,3042.1,3270.8,3318.7,3770.5,3733.8,3538.5,3874.4,3988.3,3771.3,3843.8,3908.1,4253.5,4193.4,4262,3786.8,4146.4,4085.9,4084.8,3782.8,4435,4415.7,4342.6,4337.2,4278.1,4177.1,2.286,0.737,4150.8,4589.6,4105,4105.9,4483,4069.6,3880.7,3812.4,3602.6,3584.9,3359.2,3655.9,3630.9,3953.7,3660.7,3495.5,3281.8,3391.8,3316.1,3445.7,3470.6,3223,3002.4,3225.6,3232.5,3233.4,3574.8,4273.3,4218,4218.3,4210.6,4147.3
3932.6,5751.7,3957.3,3899.2,3308.4,4326.4,3932.4,4721.7,3830.6,1.647,0,4376.3,4689.9,4400.3,3893.5,4324.3,4250,4160.3,4146.4,4272.1,3531.4,4292,3547.8,4156.7,4457.7,4540.9,3706.6,4003.5,4096.2,3470.9,3758.8,3278.2,3299.1,3461.8,3059.4,3288.1,3336,3787.8,3751.1,3555.8,3891.7,4005.6,3788.6,3861.1,3925.4,4270.8,4210.7,4279.3,3804.1,4163.7,4103.2,4102.1,3800.1,4452.3,4433,4359.9,4354.5,4295.4,4194.4,2.459,0.91,4168.1,4606.9,4122.3,4123.2,4500.3,4086.9,3898,3829.7,3619.9,3602.2,3376.5,3673.2,3648.2,3971,3678,3512.8,3299.1,3409.1,3333.4,3463,3487.9,3240.3,3019.7,3242.9,3249.8,3250.7,3592.1,4290.6,4235.3,4235.6,4227.9,4164.6
3913.6,5617.4,3765.2,3726.1,3169.1,9.932,29.164,3.782,3654.9,4359,4376.3,0,3.464,0.676,3731.6,1.098,4064.3,4252.6,4238.7,4278.3,3386.3,4292.1,3403.9,4174.7,4393.3,4569.8,3667,3975.2,4109,3426.4,3747.3,3238.9,3260,3448,2994.7,3232.9,3280.8,3612.1,3589.2,3410.6,3718.6,3828.2,3600.9,3668.9,3733.3,4047.3,4025,4125.9,23.872,6.656,5.446,5.446,23.872,1.088,0.895,0.164,0.218,0.809,1.819,4130.4,4285.3,4263.7,4699.2,4214.6,4215.5,4592.6,4104.9,3910.8,3835.4,3608.4,3591.6,3362.7,3655.9,3629.2,3952,3659,3471,3228.3,3330.3,3199.1,3319.1,3342.8,3193.2,2955,3205.1,3210.7,3211.4,3552.5,4226.2,4235.4,4241.8,4256.8,38.292
4227.2,5931,4078.8,4039.7,3482.7,13.28,35.86,5.456,3968.5,4672.6,4689.9,3.464,0,3.812,4045.2,4.234,4377.9,4566.2,4552.3,4591.9,3699.9,4605.7,3717.5,4488.3,4706.9,4883.4,3980.6,4288.8,4422.6,3740,4060.9,3552.5,3573.6,3761.6,3308.3,3546.5,3594.4,3925.7,3902.8,3724.2,4032.2,4141.8,3914.5,3982.5,4046.9,4360.9,4338.6,4439.5,30.568,10.004,8.794,8.794,30.568,2.762,2.569,3.3,3.354,3.945,4.955,4444,4598.9,4577.3,5012.8,4528.2,4529.1,4906.2,4418.5,4224.4,4149,3922,3905.2,3676.3,3969.5,3942.8,4265.6,3972.6,3784.6,3541.9,3643.9,3512.7,3632.7,3656.4,3506.8,3268.6,3518.7,3524.3,3525,3866.1,4539.8,4549,4555.4,4570.4,44.988
3937.6,5641.4,3789.2,3750.1,3193.1,10.628,30.556,4.13,3678.9,4383,4400.3,0.676,3.812,0,3755.6,1.338,4088.3,4276.6,4262.7,4302.3,3410.3,4316.1,3427.9,4198.7,4417.3,4593.8,3691,3999.2,4133,3450.4,3771.3,3262.9,3284,3472,3018.7,3256.9,3304.8,3636.1,3613.2,3434.6,3742.6,3852.2,3624.9,3692.9,3757.3,4071.3,4049,4149.9,25.264,7.352,6.142,6.142,25.264,1.436,1.243,0.512,0.458,1.049,2.059,4154.4,4309.3,4287.7,4723.2,4238.6,4239.5,4616.6,4128.9,3934.8,3859.4,3632.4,3615.6,3386.7,3679.9,3653.2,3976,3683,3495,3252.3,3354.3,3223.1,3343.1,3366.8,3217.2,2979,3229.1,3234.7,3235.4,3576.5,4250.2,4259.4,4265.8,4280.8,39.684
3663.6,6317.3,4011.5,4091.5,3865.3,3720.7,3523.6,4077,4404.2,3876.2,3893.5,3731.6,4045.2,3755.6,0,3679.6,3802,3453.1,3439.1,3688.1,4162,3712.5,4167.2,3635.8,3952.8,3918.3,3689.6,3735.5,3704.8,3589.5,3592.7,3454.9,3475.8,3286.5,3322.7,3418.3,3466.2,4361.4,1.424,4222.4,4084,4081.3,4198.2,4078.1,3979.6,3755.8,3762.7,3867.6,3396.4,3557.2,3496.7,3496.4,3391.3,3807.6,3788.3,3715.2,3709.8,3650.7,3549.7,3647.6,3802.5,3530.6,3660,3415,3416,3640.8,3566,3506.6,3492.7,3453.8,3447.8,3201.2,3289.7,3379.2,3702,3409,3431.7,3621.2,3828.6,3899,4082.4,4118.5,3384.1,3283,3419.2,3426.5,3427.4,3575.1,3785.7,3655.8,3651.6,3605.3,3756.9
3861.6,5565.4,3713.2,3674.1,3117.1,11.472,32.244,4.552,3602.9,4307,4324.3,1.098,4.234,1.338,3679.6,0,4012.3,4200.6,4186.7,4226.3,3334.3,4240.1,3351.9,4122.7,4341.3,4517.8,3615,3923.2,4057,3374.4,3695.3,3186.9,3208,3396,2942.7,3180.9,3228.8,3560.1,3537.2,3358.6,3666.6,3776.2,3548.9,3616.9,3681.3,3995.3,3973,4073.9,26.952,8.196,6.986,6.986,26.952,1.858,1.665,0.934,0.88,0.289,1.299,4078.4,4233.3,4211.7,4647.2,4162.6,4163.5,4540.6,4052.9,3858.8,3783.4,3556.4,3539.6,3310.7,3603.9,3577.2,3900,3607,3419,3176.3,3278.3,3147.1,3267.1,3290.8,3141.2,2903,3153.1,3158.7,3159.4,3500.5,4174.2,4183.4,4189.8,4204.8,41.372
3573.8,5647.6,3864.2,3806.4,3214.6,3951.6,3500.6,4409.7,3743.6,4232.7,4250,4064.3,4377.9,4088.3,3802,4012.3,0,3785.5,3772.1,3893,3436.7,3916.8,3454.3,3794.5,4081.7,4142.6,3457.6,3657.2,3765.4,3241.8,3486,3091.6,3112.7,3190.2,2920.6,3080.6,3128.5,3700.8,3659.6,3461,3798.9,3885.9,3691.3,3767.9,3832.3,4508.2,0.393,4311.6,3372.9,3788.8,3728.3,3727.3,3368.3,4140.3,4121,4047.9,4042.5,3983.4,3882.4,4004.1,4159,3860.4,4110.9,3748,3748.4,4053.4,3724.7,3567.2,3505.3,3347.1,3330.8,3104.9,3285,3289.4,3612.2,3319.2,3210.1,3114.3,3255.3,3229.3,3369.5,3393.2,3033.2,2880.9,3057.6,3063.4,3064.1,3343.1,3914.6,3860.1,3856.5,3829.6,3733.4
3413.7,5372.8,3498.6,3434.3,2922,4163.7,3707.1,4598,3372.7,4143,4160.3,4252.6,4566.2,4276.6,3453.1,4200.6,3785.5,0,4672.4,3824.2,3126.3,3846.3,3145.5,3656.5,3998.5,4068.5,3305.3,3544.3,3586.6,3072.6,3306.4,2898.4,2919.1,3010.9,2697.2,2867.9,2915.8,3329.9,3310.7,3143.2,3426.8,3550,3316.7,3404.3,3466.7,3833,3746.2,3816.6,3580.1,4000.9,3940.4,3939.4,3574.8,4328.6,4309.3,4236.2,4230.8,4171.7,4070.7,3914.4,4069.3,4626,4618,4648.3,0.371,3989.4,3586.7,3388.4,3317.8,3167.5,3149.6,2925.6,3162.8,3129.3,3452.1,3159.1,3019.8,2888.3,2983.9,2954.5,3060.7,3082.8,2833.4,2657.5,2861.9,2869.8,2870.9,3190.8,3831.4,3789.6,3787.7,3755.5,3940.6
3401.3,5360.3,3485.3,3420.9,2908.9,4148.7,3693,4584.1,3359.1,4129.1,4146.4,4238.7,4552.3,4262.7,3439.1,4186.7,3772.1,4672.4,0,3812.1,3113.6,3834.5,3132.8,3643.5,3985,4055.8,3293.2,3531,3573.6,3060.6,3293.7,2885.7,2906.4,2998.5,2684.7,2855.7,2903.6,3316.3,3296.7,3130.4,3413.4,3536.2,3303.4,3391,3453.4,3819.1,3732.8,3803,3566.2,3985.7,3925.2,3924.4,3560.7,4314.7,4295.4,4222.3,4216.9,4157.8,4056.8,3900.5,4055.4,4597.4,4620.6,0.241,4635.3,3977.2,3573.7,3375.4,3304.8,3154.8,3137.1,2913.2,3150.5,3116.9,3439.7,3146.7,3006.6,2875.1,2970.9,2942,3048,3070.1,2821,2645,2849.2,2857.1,2858.2,3178.7,3817.9,3777.8,3775.6,3742.8,3926.7
3752.2,5664,3685.5,3637.4,3247.1,4041.2,3512.6,4623.7,3580.8,4254.8,4272.1,4278.3,4591.9,4302.3,3688.1,4226.3,3893,3824.2,3812.1,0,3458.4,4714.9,3477.5,3974.3,4455.5,4842,3652.4,3857.3,3921.3,3412.7,3692.6,3268.3,3289.4,3411.9,3080.1,3231.8,3279.7,3538,3545.7,3469.9,3629.9,3709.5,3529,3609,3653.6,3978,3853.7,3901.7,3383.6,3877.8,3817.3,3816.9,3380.3,4354.3,4335,4261.9,4256.5,4197.4,4096.4,4026.2,4181.1,4105,3958.2,3788,3787.1,4503,3904.5,3723.1,3651.7,3553.7,3535.1,3326.6,3493.3,3467.8,3790.6,3497.6,3345.3,3255.4,3351.4,3245.7,3392.7,3414.9,3199.1,3040.5,3234.4,3240.1,3240.8,3537.9,4288.4,4658.2,0.365,4529,3744.1
3721.1,6635,3582.8,3633.2,4191.6,3466.9,3414,3731.7,3880.1,3514.1,3531.4,3386.3,3699.9,3410.3,4162,3334.3,3436.7,3126.3,3113.6,3458.4,0,3486.8,4493.5,3499.9,3717,3670.3,3726.8,3683.2,3641.2,3791,3608.4,3589.8,3610.9,3296.6,3424.4,3553.4,3601.3,3837.3,4019.6,4341,3625.7,3636.2,3674.1,3606,3550.9,3342.2,3397.4,3514.5,3291.8,3303.4,3242.9,3242.6,3281.7,3462.3,3443,3369.9,3364.5,3305.4,3204.4,3285.5,3440.4,3189.9,3348.2,3089.5,3089.2,3363.9,3430.1,3443,3471.5,3469.5,3473.5,3211.3,3322.1,3436.7,3759.5,3466.5,3623.7,3938.8,4146.3,4216.7,4408.7,0.435,3530.8,3384.7,3555.5,3561.6,3562.3,3612.3,3549.9,3430.1,3421.9,3357.3,3652.3
3777.4,5694.4,3709.9,3655.4,3277.5,4060,3519.8,4637.5,3606.3,4274.7,4292,4292.1,4605.7,4316.1,3712.5,4240.1,3916.8,3846.3,3834.5,4714.9,3486.8,0,3506.6,4002.5,4504.6,4833.3,3678.7,3875.9,3952.7,3439.1,3723,3293.8,3314.9,3442.3,3108.1,3257.3,3305.2,3563.5,3570.1,3498.8,3647.9,3726.3,3554,3633.6,3678,3999.1,3877.5,3917.5,3390.8,3896.7,3836.2,3835.7,3387.5,4368.1,4348.8,4275.7,4270.3,4211.2,4110.2,4046.1,4201,4118.5,3982,3810.4,3809.2,4494.3,3932.7,3754.5,3683.3,3584.1,3564.1,3357,3515.1,3493,3815.8,3522.8,3369.1,3281.7,3377.5,3276.1,3421.8,3443.3,3225.2,3068.4,3260.3,3265.6,3266.3,3564.2,4337.5,0.567,4678.4,4520.3,3751.3
3768.5,6711.7,3596,3642.8,4269.1,3491.1,3444.4,3749.3,3885.2,3530.5,3547.8,3403.9,3717.5,3427.9,4167.2,3351.9,3454.3,3145.5,3132.8,3477.5,4493.5,3506.6,0,3530.3,3745,3689.8,3771.7,3718.7,3679,3855.3,3654.1,3643.3,3664.4,3340.4,3478.2,3609.4,3657.3,3842.4,4024.8,4346.1,3635.3,3645.8,3679.2,3615.6,3564.1,3355.5,3415,3527.8,3321.4,3327.7,3267.2,3266.8,3312.1,3479.9,3460.6,3387.5,3382.1,3323,3222,3301.9,3456.8,3207.6,3364.1,3108.7,3108.4,3384.1,3460.5,3480.8,3515.8,3515.2,3520,3255.1,3366.2,3484.1,3806.9,3513.9,3687.5,4015.5,4223,4293.4,0.848,4450,3586.9,3438.5,3609.7,3615.1,3615.8,3657.2,3577.9,3449.9,3441,3376.8,3681.9
4093.5,5752.1,3602.8,3517.5,3345.2,3899.4,3472.7,4520.1,3518.2,4139.4,4156.7,4174.7,4488.3,4198.7,3635.8,4122.7,3794.5,3656.5,3643.5,3974.3,3499.9,4002.5,3530.3,0,4307.9,4193.7,3895.1,4146,4237.3,3644.5,3943.5,3481.7,3502.4,3698.8,3250.9,3428.2,3476.1,3475.4,3493.4,3478.9,3510,3606.4,3449.8,3523.4,3570.9,3860.2,3755.2,3832.1,3345,3736.1,3675.6,3675.1,3340.4,4250.7,4231.4,4158.3,4152.9,4093.8,3992.8,3910.8,4065.7,4002.2,3783.7,3619.4,3619.4,4038.6,0.698,4039.1,3952.7,3804.6,3786.1,3613.5,3863.9,3809.1,4131.9,3838.9,3602.9,3459.3,3516.2,3333.8,3445.5,3456.4,3390,3211.2,3444.2,3453.1,3454.2,3780.6,4140.8,3945.8,3937.8,3880.7,3705.5
4144.1,5947.3,3898.9,3733.2,3553.4,4146,3472.9,4738.7,3846.8,4440.4,4457.7,4393.3,4706.9,4417.3,3952.8,4341.3,4081.7,3998.5,3985,4455.5,3717,4504.6,3745,4307.9,0,4573.9,3906.8,3989.2,4352.3,3666.8,4062.9,3561.2,3582.2,3797,3345.9,3539.4,3587.3,3804,3810.4,3711.7,3725.7,3799.8,3752,3819.3,3867,4196.2,4042.4,4018.5,3342.2,3982.8,3922.3,3921.7,3340.6,4469.3,4450,4376.9,4371.5,4312.4,4211.4,4211.8,4366.7,4205.3,4193.4,3960.9,3961.4,4235,4238.1,4154.1,4103.3,3924,3915,3711.7,3868.7,3859.7,4182.5,3889.5,3738,3611.5,3688.2,3529,3660.2,3673.5,3505.3,3306.2,3526.6,3532.9,3533.7,3792.3,1.671,4447.9,4419,4260.9,3702.7
3992.2,5877.1,3932.4,3876.3,3460.1,4312.8,3856.7,4915.2,3822.2,4523.6,4540.9,4569.8,4883.4,4593.8,3918.3,4517.8,4142.6,4068.5,4055.8,4842,3670.3,4833.3,3689.8,4193.7,4573.9,0,3881.5,4104.2,4127.3,3641.8,3890.4,3500.3,3521.1,3616.7,3296.5,3448.5,3496.4,3779.4,3775.9,3682.2,3868.8,3971.5,3774,3853.9,3900.5,4244.2,4103.3,4170.9,3730,4149.3,4088.8,4088.5,3724.4,4645.8,4626.5,4553.4,4548,4488.9,4387.9,4295,4449.9,4401.6,4186.7,4031.7,4031.4,4937.6,4123.9,3929.1,3856.8,3751.5,3737.9,3531.4,3737.1,3707.8,4030.6,3737.6,3576.1,3487.5,3582.8,3458.8,3605,3626.8,3413.9,3256.8,3462.8,3471.8,3472.8,3767,4406.8,4776.6,4805.5,3.13,4090.5
4346.7,6126.1,3397.5,3344.3,3696,3470.8,3190.7,4012.4,3487.7,3689.3,3706.6,3667,3980.6,3691,3689.6,3615,3457.6,3305.3,3293.2,3652.4,3726.8,3678.7,3771.7,3895.1,3906.8,3881.5,0,3990.1,4113.1,3893.8,4244.6,3844.6,3865.6,3955.5,3647.1,3864.1,3912,3444.9,3547.2,3667.7,3336.8,3390.1,3340.2,3352.7,3365.6,3447.1,3418.3,3478.3,3064.9,3307.1,3246.6,3246.5,3058.4,3743,3723.7,3650.6,3645.2,3586.1,3485.1,3460.7,3615.6,3487.5,3494.9,3269.1,3268.2,3646.3,3825.3,3914.9,4104.9,4105.7,4110.1,3870.2,3970.3,4062.3,4385.1,4092.1,4073.7,3883.8,3866.7,3707.8,3686.9,3683.3,3831.4,3607.4,3809.9,3816.3,3817.1,1.145,3739.7,3622,3615.9,3568.5,3425.4
4325,5959.1,3526.9,3359.1,3573.8,3707.4,3169,4320.6,3551.3,3986.2,4003.5,3975.2,4288.8,3999.2,3735.5,3923.2,3657.2,3544.3,3531,3857.3,3683.2,3875.9,3718.7,4146,3989.2,4104.2,3990.1,0,4318.9,3705.3,4255.8,3662.2,3683.6,3957.7,3463,3700.5,3748.4,3508.5,3593.1,3645.9,3351.6,3422.2,3415.6,3456.6,3495,3738.2,3617.9,3586.2,3040.8,3543.9,3483.4,3483.1,3036.7,4051.2,4031.9,3958.8,3953.4,3894.3,3793.3,3757.6,3912.5,3795.5,3723.8,3506.9,3507.2,3952.8,4076.2,4120.7,4127.5,4116.9,4109.8,3872.4,4027.5,4040.6,4363.4,4070.4,3937.9,3722.4,3723.6,3540.8,3633.9,3639.7,3651.7,3423.3,3630.5,3634.3,3634.7,3875.6,3822.1,3819.2,3820.8,3791.2,3401.3
4379,5978.1,3592.8,3489.4,3552.2,3834.7,3445.3,4454.4,3570,4078.9,4096.2,4109,4422.6,4133,3704.8,4057,3765.4,3586.6,3573.6,3921.3,3641.2,3952.7,3679,4237.3,4352.3,4127.3,4113.1,4318.9,0,3908.1,4248.9,3754.3,3775.5,4014.9,3525.4,3706.1,3754,3527.2,3562.4,3596.8,3481.9,3571.5,3464.5,3515.4,3560.9,3801.5,3726.1,3808.6,3317.9,3671.2,3610.7,3610.4,3313,4185,4165.7,4092.6,4087.2,4028.1,3927.1,3850.3,4005.2,3935.7,3723.8,3549.5,3549.5,3917.2,4167.5,1.982,4330.9,4110,4089.9,3929.6,4175.8,4094.6,4417.4,4124.4,3871.2,3721.7,3722.6,3559.8,3594.2,3597.7,3660.8,3485.7,3720.7,3726.2,3726.8,3998.6,4185.2,3896,3884.8,3814.3,3678.4
4271.3,6327.1,3198.5,3146.8,3887.8,3245.7,3007.9,3771.8,3345.5,3453.6,3470.9,3426.4,3740,3450.4,3589.5,3374.4,3241.8,3072.6,3060.6,3412.7,3791,3439.1,3855.3,3644.5,3666.8,3641.8,3893.8,3705.3,3908.1,0,4114.2,4181.6,4199.1,3806.4,4108.2,4361,4408.9,3302.7,3447.1,3679.7,3139.3,3182.4,3168.1,3157,3166.6,3216.8,3202.5,3246.2,2883.7,3082,3021.5,3021.4,2875.6,3502.4,3483.1,3410,3404.6,3345.5,3244.5,3225,3379.9,3244.8,3255.6,3036.5,3035.5,3394.5,3574.7,3709.9,3973.1,3975.3,3998.9,3721.1,3822,3986.9,4309.7,4016.7,4231.4,4206.9,4026.9,3908.8,3770.5,3747.5,4495.7,4068.6,4117.3,4149.8,4154.1,3779.3,3499.7,3382.4,3376.2,3328.8,3244.2
4658.2,5990,3383.8,3364.5,3581,3499.4,3309.8,4092.7,3414.3,3741.5,3758.8,3747.3,4060.9,3771.3,3592.7,3695.3,3486,3306.4,3293.7,3692.6,3608.4,3723,3654.1,3943.5,4062.9,3890.4,4244.6,4255.8,4248.9,4114.2,0,3947.4,3969.4,4317.2,3668.3,3850.1,3898,3371.5,3450.3,3544.9,3357,3433.8,3289.1,3328.1,3351.9,3482.3,3446.7,3566,3188.5,3336,3275.5,3275.1,3177.5,3823.3,3804,3730.9,3725.5,3666.4,3565.4,3512.9,3667.8,3571.7,3491.2,3269.6,3269.3,3658.5,3873.7,4050.7,4316.1,1.389,4280.2,4231.9,4585.9,4373.8,4696.6,4403.6,4015.1,3917.5,3800.5,3571.7,3569.3,3564.9,3792.2,3628.6,3920.3,3920.1,3919.9,4130.1,3895.8,3666.3,3656.1,3577.4,3549
4086.6,6087.5,3080.9,3086.3,3602.3,3085.5,2966.1,3584.3,3230.5,3260.9,3278.2,3238.9,3552.5,3262.9,3454.9,3186.9,3091.6,2898.4,2885.7,3268.3,3589.8,3293.8,3643.3,3481.7,3561.2,3500.3,3844.6,3662.2,3754.3,4181.6,3947.4,0,4341.6,3606.6,4248.5,4501.2,4549.1,3187.7,3312.5,3495.8,3078.8,3100.1,3061.3,3046.6,3049,3016.7,3052.3,3129.9,2842,2921.9,2861.4,2861.2,2833.8,3314.9,3295.6,3222.5,3217.1,3158,3057,3032.3,3187.2,3060,3115.9,2861.6,2861.3,3222.6,3411.9,3556.1,3805.7,3808.5,3837.9,3521.3,3616.5,3802.2,4125,3832,4371.6,3896.5,3797.1,3669.2,3558.5,3546.3,4635.9,4208.8,4259.9,4292.3,0.275,3730.1,3394.1,3237.1,3231.8,3187.3,3202.5
4108.8,6108.3,3101.8,3106.3,3623.4,3106.2,2986.8,3605.4,3251.2,3281.8,3299.1,3260,3573.6,3284,3475.8,3208,3112.7,2919.1,2906.4,3289.4,3610.9,3314.9,3664.4,3502.4,3582.2,3521.1,3865.6,3683.6,3775.5,4199.1,3969.4,4341.6,0,3628.9,4274.5,4527.3,4575.2,3208.4,3333.4,3516.8,3098.8,3120.5,3082,3067.1,3069.9,3037.4,3073.4,3150.3,2863,2942.6,2882.1,2881.9,2854.5,3336,3316.7,3243.6,3238.2,3179.1,3078.1,3053.2,3208.1,3081.1,3136.5,2882.3,2882,3243.5,3432.6,3577.3,3827.8,3830.5,3860,3543.6,3638.6,3824.4,4147.2,3854.2,4397.7,3918,3818.7,3690,3579.6,3567.4,4661.9,4234.8,4286,0.493,4314.1,3751.1,3415.1,3258.2,3252.9,3208.1,3223.5
4284.1,5714.6,3071.2,3067,3246.2,3193.4,3014.5,3793.4,3103.7,3444.5,3461.8,3448,3761.6,3472,3286.5,3396,3190.2,3010.9,2998.5,3411.9,3296.6,3442.3,3340.4,3698.8,3797,3616.7,3955.5,3957.7,4014.9,3806.4,4317.2,3606.6,3628.9,0,3328.7,3504.6,3552.5,3060.9,3144.1,3237,3059.5,3146.6,2970.6,3020.7,3039.3,3185.4,3150.9,3281.7,2893.2,3029.8,2969.3,2969.1,2882.2,3524,3504.7,3431.6,3426.2,3367.1,3266.1,3215.9,3370.8,3273.5,3218.5,2974.4,2973.8,3414.5,3629,3816.7,4174.8,4178.3,4667.2,0.853,4625,3999.7,4322.5,4029.5,3640.9,3501.3,3467.2,3296.3,3255.6,3253.1,3442.4,3289,3581.5,3579.6,3579.1,3841,3629.9,3385.6,3375.4,3303.7,3253.7
3829.3,5894.9,2939.4,2930.3,3427.4,2928.3,2843.3,3340.1,3098.6,3042.1,3059.4,2994.7,3308.3,3018.7,3322.7,2942.7,2920.6,2697.2,2684.7,3080.1,3424.4,3108.1,3478.2,3250.9,3345.9,3296.5,3647.1,3463,3525.4,4108.2,3668.3,4248.5,4274.5,3328.7,0,4122.9,4170.8,3055.8,3180.3,3342.5,2922.8,2938.1,2928.1,2905.7,2907.5,2810.1,2881.3,2949.5,2717.8,2764.7,2704.2,2704,2711,3070.7,3051.4,2978.3,2972.9,2913.8,2812.8,2813.5,2968.4,2811.1,2921.8,2660.6,2660.1,2996.6,3181.1,3327.2,3526.6,3529.4,3558.7,3243.4,3362.1,3544.9,3867.7,3574.7,3993.3,3691.3,3615.6,3476.6,3393.4,3380.9,4750.1,0.397,4744.3,4225.2,4221,3532.6,3178.8,3051.4,3043.7,2983.5,3078.3
3981.7,6025.6,3047.9,2971.7,3586.9,3065.1,2850.6,3578.3,3186.3,3270.8,3288.1,3232.9,3546.5,3256.9,3418.3,3180.9,3080.6,2867.9,2855.7,3231.8,3553.4,3257.3,3609.4,3428.2,3539.4,3448.5,3864.1,3700.5,3706.1,4361,3850.1,4501.2,4527.3,3504.6,4122.9,0,0.479,3143.5,3275.9,3467.5,2964.2,2988.1,3008.4,2994.1,3016,3020.1,3041.3,3073,2722.7,2901.6,2841.1,2840.8,2718.3,3308.9,3289.6,3216.5,3211.1,3152,3051,3042.2,3197.1,3051.3,3065,2831.6,2830.8,3175.2,3358.4,3507.9,3708.5,3711.2,3740.9,3419.3,3511.7,3697.3,4020.1,3727.1,4136.8,3858.8,3741.6,3607.3,3524.6,3509.9,4131.6,4083.2,4509.7,4478,4473.7,3749.6,3372.3,3200.6,3195.3,3135.5,3083.2
4029.6,6073.5,3095.8,3019.6,3634.8,3113,2898.5,3626.2,3234.2,3318.7,3336,3280.8,3594.4,3304.8,3466.2,3228.8,3128.5,2915.8,2903.6,3279.7,3601.3,3305.2,3657.3,3476.1,3587.3,3496.4,3912,3748.4,3754,4408.9,3898,4549.1,4575.2,3552.5,4170.8,0.479,0,3191.4,3323.8,3515.4,3012.1,3036,3056.3,3042,3063.9,3068,3089.2,3120.9,2770.6,2949.5,2889,2888.7,2766.2,3356.8,3337.5,3264.4,3259,3199.9,3098.9,3090.1,3245,3099.2,3112.9,2879.5,2878.7,3223.1,3406.3,3555.8,3756.4,3759.1,3788.8,3467.2,3559.6,3745.2,4068,3775,4184.7,3906.7,3789.5,3655.2,3572.5,3557.8,4179.5,4131.1,4557.6,4525.9,4521.6,3797.5,3420.2,3248.5,3243.2,3183.4,3131.1
3425.4,5996.3,3979,4064.5,3540.5,3628.4,3318.8,3957.5,0.428,3770.5,3787.8,3612.1,3925.7,3636.1,4361.4,3560.1,3700.8,3329.9,3316.3,3538,3837.3,3563.5,3842.4,3475.4,3804,3779.4,3444.9,3508.5,3527.2,3302.7,3371.5,3187.7,3208.4,3060.9,3055.8,3143.5,3191.4,0,4219,3897.6,4057,4054.3,4238.2,4078.4,3947.1,3674.1,3661.5,3813.7,3189.4,3465,3404.5,3404.1,3186.5,3688.1,3668.8,3595.7,3590.3,3531.2,3430.2,3541.9,3696.8,3409.8,3577.2,3292.2,3292.8,3558,3405.6,3329,3291.6,3232.6,3223.2,2975.6,3067.5,3141,3463.8,3170.8,3147.4,3300.1,3507.6,3578,3757.6,3793.8,3105.6,3016.1,3150.5,3159.1,3160.2,3330.4,3636.9,3506.8,3501.5,3466.4,3549.9
3521.2,6174.9,3869.1,3949.1,3722.9,3578.3,3381.2,3934.6,4261.8,3733.8,3751.1,3589.2,3902.8,3613.2,1.424,3537.2,3659.6,3310.7,3296.7,3545.7,4019.6,3570.1,4024.8,3493.4,3810.4,3775.9,3547.2,3593.1,3562.4,3447.1,3450.3,3312.5,3333.4,3144.1,3180.3,3275.9,3323.8,4219,0,4080,3941.6,3938.9,4055.8,3935.7,3837.2,3613.4,3620.3,3725.2,3254,3414.8,3354.3,3354,3248.9,3665.2,3645.9,3572.8,3567.4,3508.3,3407.3,3505.2,3660.1,3388.2,3517.6,3272.6,3273.6,3498.4,3423.6,3364.2,3350.3,3311.4,3305.4,3058.8,3147.3,3236.8,3559.6,3266.6,3289.3,3478.8,3686.2,3756.6,3940,3976.1,3241.7,3140.6,3276.8,3284.1,3285,3432.7,3643.3,3513.4,3509.2,3462.9,3614.5
3649.5,6489.7,3619.8,3680.9,4044.2,3469.9,3397.8,3756,3940.4,3538.5,3555.8,3410.6,3724.2,3434.6,4222.4,3358.6,3461,3143.2,3130.4,3469.9,4341,3498.8,4346.1,3478.9,3711.7,3682.2,3667.7,3645.9,3596.8,3679.7,3544.9,3495.8,3516.8,3237,3342.5,3467.5,3515.4,3897.6,4080,0,3673.4,3683.9,3734.5,3653.7,3587.9,3379.3,3421.7,3548.9,3275.4,3306.4,3245.9,3245.6,3265.5,3486.6,3467.3,3394.2,3388.8,3329.7,3228.7,3309.9,3464.8,3214.2,3372.3,3106.3,3106.1,3374.6,3409.1,3398.6,3417.7,3406,3405.8,3151.7,3258.2,3365.1,3687.9,3394.9,3512.9,3793.5,4001,4071.4,4261.3,4297.5,3437.8,3302.8,3461,3467.5,3468.3,3553.2,3544.6,3442.1,3433.4,3369.2,3635.9
3310.4,5807.8,4078.2,0.075,3359.9,3604.6,3290.5,4064,4099.8,3874.4,3891.7,3718.6,4032.2,3742.6,4084,3666.6,3798.9,3426.8,3413.4,3629.9,3625.7,3647.9,3635.3,3510,3725.7,3868.8,3336.8,3351.6,3481.9,3139.3,3357,3078.8,3098.8,3059.5,2922.8,2964.2,3012.1,4057,3941.6,3673.4,0,4632,4286.4,4225,4046.3,3814.3,3759.6,3932.8,3169.9,3441.2,3380.7,3380.3,3158.2,3794.6,3775.3,3702.2,3696.8,3637.7,3536.7,3645.8,3800.7,3517,3672.2,3389.3,3389.7,3628.3,3440.2,3283.7,3220.2,3218.1,3205.9,2974.2,3013.3,3026,3348.8,3055.8,2967.2,3128.8,3311.1,3389.5,3550.5,3582.2,2956,2883.1,3036.2,3049.5,3051.3,3222.3,3558.6,3591.2,3593.4,3555.8,3530.4
3364.7,5819.3,4191.8,4639.5,3370.5,3736.9,3416,4173.6,4097.1,3988.3,4005.6,3828.2,4141.8,3852.2,4081.3,3776.2,3885.9,3550,3536.2,3709.5,3636.2,3726.3,3645.8,3606.4,3799.8,3971.5,3390.1,3422.2,3571.5,3182.4,3433.8,3100.1,3120.5,3146.6,2938.1,2988.1,3036,4054.3,3938.9,3683.9,4632,0,4220.1,4269,4159.9,3944.6,3846.6,3971.5,3294.4,3573.4,3512.9,3512.6,3283.7,3904.2,3884.9,3811.8,3806.4,3747.3,3646.3,3759.7,3914.6,3627.3,3794.7,3512.1,3512.9,3750.3,3536.6,3373.3,3304.5,3294.9,3278,3061.3,3103.1,3080.3,3403.1,3110.1,2999.5,3148.1,3329.6,3401,3561,3592.7,2985.5,2898.4,3060.1,3071.2,3072.6,3275.6,3632.7,3669.6,3673,3658.5,3654.9
3313.8,5836.4,4076.7,4293.9,3377.4,3614.2,3245.6,3946.3,4281,3771.3,3788.6,3600.9,3914.5,3624.9,4198.2,3548.9,3691.3,3316.7,3303.4,3529,3674.1,3554,3679.2,3449.8,3752,3774,3340.2,3415.6,3464.5,3168.1,3289.1,3061.3,3082,2970.6,2928.1,3008.4,3056.3,4238.2,4055.8,3734.5,4286.4,4220.1,0,4278.8,4044.8,3736.2,3652,3870.6,3116.1,3451.7,3391.2,3389.9,3113.3,3676.9,3657.6,3584.5,3579.1,3520,3419,3542.7,3697.6,3397,3647.3,3279.3,3279.6,3616.7,3380,3266.3,3212.1,3150.2,3139,2885.3,2987.5,3029.4,3352.2,3059.2,3014.6,3140.3,3347.7,3418.1,3594.4,3630.6,2973.3,2888.4,3024.1,3032.7,3033.8,3225.7,3584.9,3497.3,3492.5,3461,3476.6
3365.2,5783,4220.8,4232.5,3334,3699.5,3357.2,4014.3,4121.2,3843.8,3861.1,3668.9,3982.5,3692.9,4078.1,3616.9,3767.9,3404.3,3391,3609,3606,3633.6,3615.6,3523.4,3819.3,3853.9,3352.7,3456.6,3515.4,3157,3328.1,3046.6,3067.1,3020.7,2905.7,2994.1,3042,4078.4,3935.7,3653.7,4225,4269,4278.8,0,4188.9,3791.1,3728.6,3966.7,3232.2,3536.4,3475.9,3475.2,3224.9,3744.9,3725.6,3652.5,3647.1,3588,3487,3615.2,3770.1,3464.5,3732.9,3366.9,3367.2,3686.7,3453.6,3317.2,3258.5,3189.2,3176.5,2935.4,3074,3080.8,3403.6,3110.6,3028.1,3121.3,3308.2,3364.7,3530.8,3562.5,2965.5,2866,3007.9,3017.8,3019.1,3238.2,3652.2,3576.9,3572.5,3540.9,3592.7
3407.4,5756.3,0.319,4053.8,3301.6,3767.9,3415.6,4078.7,3989.9,3908.1,3925.4,3733.3,4046.9,3757.3,3979.6,3681.3,3832.3,3466.7,3453.4,3653.6,3550.9,3678,3564.1,3570.9,3867,3900.5,3365.6,3495,3560.9,3166.6,3351.9,3049,3069.9,3039.3,2907.5,3016,3063.9,3947.1,3837.2,3587.9,4046.3,4159.9,4044.8,4188.9,0,3886.7,3793,4000.4,3290.7,3605.5,3545,3543.6,3283.3,3809.3,3790,3716.9,3711.5,3652.4,3551.4,3679.5,3834.4,3528.9,3806.3,3429.3,3429.6,3755.4,3501.1,3362.7,3303.9,3213,3201.2,2954,3118.6,3123,3445.8,3152.8,3063,3113.2,3279.9,3338,3479.3,3507.4,2983.2,2867.8,3013,3020.6,3021.5,3251.1,3699.9,3621.3,3617.1,3587.5,3651.2
3652.7,5530.8,3918.6,3821.8,3102.3,3999.1,3608.5,4392.7,3716.9,4253.5,4270.8,4047.3,4360.9,4071.3,3755.8,3995.3,4508.2,3833,3819.1,3978,3342.2,3999.1,3355.5,3860.2,4196.2,4244.2,3447.1,3738.2,3801.5,3216.8,3482.3,3016.7,3037.4,3185.4,2810.1,3020.1,3068,3674.1,3613.4,3379.3,3814.3,3944.6,3736.2,3791.1,3886.7,0,4468.9,4100.8,3480.2,3836.4,3775.9,3774.8,3476.2,4123.3,4104,4030.9,4025.5,3966.4,3865.4,4024.9,4179.8,3839.1,4279.6,3795,3795.9,4173,3790.4,3603.3,3536.3,3343.4,3325.1,3100.1,3392.1,3368.3,3691.1,3398.1,3256.4,3060.2,3189.8,3112.5,3270.7,3298.7,2976.8,2770.4,2980.2,2988.1,2989.2,3332.6,4029.1,3942.4,3941.5,3931.2,3840.7
3534.5,5608.3,3824.9,3767.1,3175.3,3912.3,3461.3,4370.4,3704.3,4193.4,4210.7,4025,4338.6,4049,3762.7,3973,0.393,3746.2,3732.8,3853.7,3397.4,3877.5,3415,3755.2,4042.4,4103.3,3418.3,3617.9,3726.1,3202.5,3446.7,3052.3,3073.4,3150.9,2881.3,3041.3,3089.2,3661.5,3620.3,3421.7,3759.6,3846.6,3652,3728.6,3793,4468.9,0,4272.3,3333.6,3749.5,3689,3688,3329,4101,4081.7,4008.6,4003.2,3944.1,3843.1,3964.8,4119.7,3821.1,4071.6,3708.7,3709.1,4014.1,3685.4,3527.9,3466,3307.8,3291.5,3065.6,3245.7,3250.1,3572.9,3279.9,3170.8,3075,3216,3190,3330.2,3353.9,2993.9,2841.6,3018.3,3024.1,3024.8,3303.8,3875.3,3820.8,3817.2,3790.3,3694.1
3579.4,5688.5,4032.3,3940.3,3269,3975.2,3418.9,4471.3,3856.5,4262,4279.3,4125.9,4439.5,4149.9,3867.6,4073.9,4311.6,3816.6,3803,3901.7,3514.5,3917.5,3527.8,3832.1,4018.5,4170.9,3478.3,3586.2,3808.6,3246.2,3566,3129.9,3150.3,3281.7,2949.5,3073,3120.9,3813.7,3725.2,3548.9,3932.8,3971.5,3870.6,3966.7,4000.4,4100.8,4272.3,0,3289.4,3811.9,3751.4,3750.9,3286.6,4201.9,4182.6,4109.5,4104.1,4045,3944,4033.4,4188.3,3927.9,4056.1,3778.9,3779.5,4036.1,3762.3,3610.4,3546.6,3427.1,3411.1,3196.4,3325.4,3295,3617.8,3324.8,3180.4,3168.7,3318.4,3270.2,3443,3471,3041.4,2909.8,3090.6,3101,3102.4,3363.8,3851.4,3860.8,3865.2,3857.9,3649.9
3060.5,5624.2,3322.6,3177.4,3116.8,28.492,7.926,30.296,3232.2,3786.8,3804.1,23.872,30.568,25.264,3396.4,26.952,3372.9,3580.1,3566.2,3383.6,3291.8,3390.8,3321.4,3345,3342.2,3730,3064.9,3040.8,3317.9,2883.7,3188.5,2842,2863,2893.2,2717.8,2722.7,2770.6,3189.4,3254,3275.4,3169.9,3294.4,3116.1,3232.2,3290.7,3480.2,3333.6,3289.4,0,5.28,6.49,19.52,5.28,19.52,20.292,23.216,23.432,25.796,29.836,3558.2,3713.1,3683.3,3980.3,3542.1,3543,3887,3275.2,3119.7,3058.2,3049.6,3035.1,2807.9,2779.7,2776.1,3098.9,2805.9,2702.2,2849.3,3044.2,3205.9,3236.6,3248.3,2721.1,2678.1,2806.3,2813.7,2814.5,2950.4,3175.1,3334.1,3347.1,3417,3.605
3391.3,5608.7,3637.4,3448.7,3110.2,8.966,7.926,9.868,3507.8,4146.4,4163.7,6.656,10.004,7.352,3557.2,8.196,3788.8,4000.9,3985.7,3877.8,3303.4,3896.7,3327.7,3736.1,3982.8,4149.3,3307.1,3543.9,3671.2,3082,3336,2921.9,2942.6,3029.8,2764.7,2901.6,2949.5,3465,3414.8,3306.4,3441.2,3573.4,3451.7,3536.4,3605.5,3836.4,3749.5,3811.9,5.28,0,0.605,4.48,5.28,4.48,4.866,6.328,6.436,7.618,9.638,3917.8,4072.7,4048.4,4346.9,3961.6,3963.8,4244.8,3666.3,3473,3403.7,3197.1,3175,2944.5,3125.7,3106.9,3429.7,3136.7,3025.7,2933.6,3093.3,3190.4,3242.9,3259.9,2868,2725,2884.4,2893.3,2894.4,3192.6,3815.8,3840,3841.3,3836.3,12.49
3330.8,5548.2,3576.9,3388.2,3049.7,7.756,9.136,8.658,3447.3,4085.9,4103.2,5.446,8.794,6.142,3496.7,6.986,3728.3,3940.4,3925.2,3817.3,3242.9,3836.2,3267.2,3675.6,3922.3,4088.8,3246.6,3483.4,3610.7,3021.5,3275.5,2861.4,2882.1,2969.3,2704.2,2841.1,2889,3404.5,3354.3,3245.9,3380.7,3512.9,3391.2,3475.9,3545,3775.9,3689,3751.4,6.49,0.605,0,3.27,6.49,3.27,3.656,5.118,5.226,6.408,8.428,3857.3,4012.2,3987.9,4286.4,3901.1,3903.3,4184.3,3605.8,3412.5,3343.2,3136.6,3114.5,2884,3065.2,3046.4,3369.2,3076.2,2965.2,2873.1,3032.8,3129.9,3182.4,3199.4,2807.5,2664.5,2823.9,2832.8,2833.9,3132.1,3755.3,3779.5,3780.8,3775.8,13.7
3330.6,5547.3,3575.5,3387.8,3049.2,2.243,24.812,8.658,3446.9,4084.8,4102.1,5.446,8.794,6.142,3496.4,6.986,3727.3,3939.4,3924.4,3816.9,3242.6,3835.7,3266.8,3675.1,3921.7,4088.5,3246.5,3483.1,3610.4,3021.4,3275.1,2861.2,2881.9,2969.1,2704,2840.8,2888.7,3404.1,3354,3245.6,3380.3,3512.6,3389.9,3475.2,3543.6,3774.8,3688,3750.9,19.52,4.48,3.27,0,19.52,3.27,3.656,5.118,5.226,6.408,8.428,3856.2,4011.1,3986.8,4286.1,3900.3,3902.3,4184,3605.3,3412.2,3342.8,3136.2,3114.3,2883.8,3065.1,3046.2,3369,3076,2965.1,2872.6,3032.5,3129,3182,3199.1,2807.2,2664.3,2823.4,2832.6,2833.7,3132,3754.6,3779,3780.4,3775.5,33.94
3058.2,5608.8,3315.2,3165.7,3105,28.492,1.323,30.296,3229.3,3782.8,3800.1,23.872,30.568,25.264,3391.3,26.952,3368.3,3574.8,3560.7,3380.3,3281.7,3387.5,3312.1,3340.4,3340.6,3724.4,3058.4,3036.7,3313,2875.6,3177.5,2833.8,2854.5,2882.2,2711,2718.3,2766.2,3186.5,3248.9,3265.5,3158.2,3283.7,3113.3,3224.9,3283.3,3476.2,3329,3286.6,5.28,5.28,6.49,19.52,0,19.52,20.292,23.216,23.432,25.796,29.836,3554.2,3709.1,3679.4,3969.1,3536.6,3537.7,3875.8,3270.6,3114.8,3054.9,3038.6,3024.4,2796.9,2771.4,2773.8,3096.6,2803.6,2701.3,2841,3034.6,3190.5,3227.3,3238.2,2710.8,2671.3,2796.3,2805.2,2806.3,2943.9,3173.5,3330.8,3343.8,3411.4,12.49
3989.6,5693.4,3841.2,3802.1,3245.1,7.756,24.812,2.694,3730.9,4435,4452.3,1.088,2.762,1.436,3807.6,1.858,4140.3,4328.6,4314.7,4354.3,3462.3,4368.1,3479.9,4250.7,4469.3,4645.8,3743,4051.2,4185,3502.4,3823.3,3314.9,3336,3524,3070.7,3308.9,3356.8,3688.1,3665.2,3486.6,3794.6,3904.2,3676.9,3744.9,3809.3,4123.3,4101,4201.9,19.52,4.48,3.27,3.27,19.52,0,0.193,0.924,0.978,1.569,2.579,4206.4,4361.3,4339.7,4775.2,4290.6,4291.5,4668.6,4180.9,3986.8,3911.4,3684.4,3667.6,3438.7,3731.9,3705.2,4028,3735,3547,3304.3,3406.3,3275.1,3395.1,3418.8,3269.2,3031,3281.1,3286.7,3287.4,3628.5,4302.2,4311.4,4317.8,4332.8,33.94
3970.3,5674.1,3821.9,3782.8,3225.8,8.142,25.584,2.887,3711.6,4415.7,4433,0.895,2.569,1.243,3788.3,1.665,4121,4309.3,4295.4,4335,3443,4348.8,3460.6,4231.4,4450,4626.5,3723.7,4031.9,4165.7,3483.1,3804,3295.6,3316.7,3504.7,3051.4,3289.6,3337.5,3668.8,3645.9,3467.3,3775.3,3884.9,3657.6,3725.6,3790,4104,4081.7,4182.6,20.292,4.866,3.656,3.656,20.292,0.193,0,0.731,0.785,1.376,2.386,4187.1,4342,4320.4,4755.9,4271.3,4272.2,4649.3,4161.6,3967.5,3892.1,3665.1,3648.3,3419.4,3712.6,3685.9,4008.7,3715.7,3527.7,3285,3387,3255.8,3375.8,3399.5,3249.9,3011.7,3261.8,3267.4,3268.1,3609.2,4282.9,4292.1,4298.5,4313.5,34.712
3897.2,5601,3748.8,3709.7,3152.7,9.604,28.508,3.618,3638.5,4342.6,4359.9,0.164,3.3,0.512,3715.2,0.934,4047.9,4236.2,4222.3,4261.9,3369.9,4275.7,3387.5,4158.3,4376.9,4553.4,3650.6,3958.8,4092.6,3410,3730.9,3222.5,3243.6,3431.6,2978.3,3216.5,3264.4,3595.7,3572.8,3394.2,3702.2,3811.8,3584.5,3652.5,3716.9,4030.9,4008.6,4109.5,23.216,6.328,5.118,5.118,23.216,0.924,0.731,0,0.054,0.645,1.655,4114,4268.9,4247.3,4682.8,4198.2,4199.1,4576.2,4088.5,3894.4,3819,3592,3575.2,3346.3,3639.5,3612.8,3935.6,3642.6,3454.6,3211.9,3313.9,3182.7,3302.7,3326.4,3176.8,2938.6,3188.7,3194.3,3195,3536.1,4209.8,4219,4225.4,4240.4,37.636
3891.8,5595.6,3743.4,3704.3,3147.3,9.712,28.724,3.672,3633.1,4337.2,4354.5,0.218,3.354,0.458,3709.8,0.88,4042.5,4230.8,4216.9,4256.5,3364.5,4270.3,3382.1,4152.9,4371.5,4548,3645.2,3953.4,4087.2,3404.6,3725.5,3217.1,3238.2,3426.2,2972.9,3211.1,3259,3590.3,3567.4,3388.8,3696.8,3806.4,3579.1,3647.1,3711.5,4025.5,4003.2,4104.1,23.432,6.436,5.226,5.226,23.432,0.978,0.785,0.054,0,0.591,1.601,4108.6,4263.5,4241.9,4677.4,4192.8,4193.7,4570.8,4083.1,3889,3813.6,3586.6,3569.8,3340.9,3634.1,3607.4,3930.2,3637.2,3449.2,3206.5,3308.5,3177.3,3297.3,3321,3171.4,2933.2,3183.3,3188.9,3189.6,3530.7,4204.4,4213.6,4220,4235,37.852
3832.7,5536.5,3684.3,3645.2,3088.2,10.894,31.088,4.263,3574,4278.1,4295.4,0.809,3.945,1.049,3650.7,0.289,3983.4,4171.7,4157.8,4197.4,3305.4,4211.2,3323,4093.8,4312.4,4488.9,3586.1,3894.3,4028.1,3345.5,3666.4,3158,3179.1,3367.1,2913.8,3152,3199.9,3531.2,3508.3,3329.7,3637.7,3747.3,3520,3588,3652.4,3966.4,3944.1,4045,25.796,7.618,6.408,6.408,25.796,1.569,1.376,0.645,0.591,0,1.01,4049.5,4204.4,4182.8,4618.3,4133.7,4134.6,4511.7,4024,3829.9,3754.5,3527.5,3510.7,3281.8,3575,3548.3,3871.1,3578.1,3390.1,3147.4,3249.4,3118.2,3238.2,3261.9,3112.3,2874.1,3124.2,3129.8,3130.5,3471.6,4145.3,4154.5,4160.9,4175.9,40.216
3731.7,5435.5,3583.3,3544.2,2987.2,12.914,35.128,5.273,3473,4177.1,4194.4,1.819,4.955,2.059,3549.7,1.299,3882.4,4070.7,4056.8,4096.4,3204.4,4110.2,3222,3992.8,4211.4,4387.9,3485.1,3793.3,3927.1,3244.5,3565.4,3057,3078.1,3266.1,2812.8,3051,3098.9,3430.2,3407.3,3228.7,3536.7,3646.3,3419,3487,3551.4,3865.4,3843.1,3944,29.836,9.638,8.428,8.428,29.836,2.579,2.386,1.655,1.601,1.01,0,3948.5,4103.4,4081.8,4517.3,4032.7,4033.6,4410.7,3923,3728.9,3653.5,3426.5,3409.7,3180.8,3474,3447.3,3770.1,3477.1,3289.1,3046.4,3148.4,3017.2,3137.2,3160.9,3011.3,2773.1,3023.2,3028.8,3029.5,3370.6,4044.3,4053.5,4059.9,4074.9,44.256
3686.7,5505.8,3711.4,3653.3,3062.5,4080.5,3686.5,4475.8,3584.7,2.286,2.459,4130.4,4444,4154.4,3647.6,4078.4,4004.1,3914.4,3900.5,4026.2,3285.5,4046.1,3301.9,3910.8,4211.8,4295,3460.7,3757.6,3850.3,3225,3512.9,3032.3,3053.2,3215.9,2813.5,3042.2,3090.1,3541.9,3505.2,3309.9,3645.8,3759.7,3542.7,3615.2,3679.5,4024.9,3964.8,4033.4,3558.2,3917.8,3857.3,3856.2,3554.2,4206.4,4187.1,4114,4108.6,4049.5,3948.5,0,1.549,3922.2,4361,3876.4,3877.3,4254.4,3841,3652.1,3583.8,3374,3356.3,3130.6,3427.3,3402.3,3725.1,3432.1,3266.8,3053.2,3163.2,3087.5,3217.1,3242,2994.4,2773.8,2997,3003.9,3004.8,3346.2,4044.7,3989.4,3989.7,3982,3918.7
3841.6,5660.7,3866.3,3808.2,3217.4,4235.4,3841.4,4630.7,3739.6,0.737,0.91,4285.3,4598.9,4309.3,3802.5,4233.3,4159,4069.3,4055.4,4181.1,3440.4,4201,3456.8,4065.7,4366.7,4449.9,3615.6,3912.5,4005.2,3379.9,3667.8,3187.2,3208.1,3370.8,2968.4,3197.1,3245,3696.8,3660.1,3464.8,3800.7,3914.6,3697.6,3770.1,3834.4,4179.8,4119.7,4188.3,3713.1,4072.7,4012.2,4011.1,3709.1,4361.3,4342,4268.9,4263.5,4204.4,4103.4,1.549,0,4077.1,4515.9,4031.3,4032.2,4409.3,3995.9,3807,3738.7,3528.9,3511.2,3285.5,3582.2,3557.2,3880,3587,3421.7,3208.1,3318.1,3242.4,3372,3396.9,3149.3,2928.7,3151.9,3158.8,3159.7,3501.1,4199.6,4144.3,4144.6,4136.9,4073.6
3737.5,5420.5,3560.8,3524.5,2973.9,4211.1,3811.7,4609.1,3452.6,4150.8,4168.1,4263.7,4577.3,4287.7,3530.6,4211.7,3860.4,4626,4597.4,4105,3189.9,4118.5,3207.6,4002.2,4205.3,4401.6,3487.5,3795.5,3935.7,3244.8,3571.7,3060,3081.1,3273.5,2811.1,3051.3,3099.2,3409.8,3388.2,3214.2,3517,3627.3,3397,3464.5,3528.9,3839.1,3821.1,3927.9,3683.3,4048.4,3987.9,3986.8,3679.4,4339.7,4320.4,4247.3,4241.9,4182.8,4081.8,3922.2,4077.1,0,4543,4573.3,4588.9,4436.4,3932.4,3737.5,3662,3432.8,3415.9,3188.2,3477.1,3453.1,3775.9,3482.9,3291.2,3044.3,3144.4,3002.2,3122.8,3146.4,3010.5,2771.4,3026.4,3031.8,3032.5,3373,4038.2,4061.8,4068.5,4088.6,4043.8
3598.9,5540.4,3838.2,3679.7,3124.2,4510.4,4101.4,5044.6,3620,4589.6,4606.9,4699.2,5012.8,4723.2,3660,4647.2,4110.9,4618,4620.6,3958.2,3348.2,3982,3364.1,3783.7,4193.4,4186.7,3494.9,3723.8,3723.8,3255.6,3491.2,3115.9,3136.5,3218.5,2921.8,3065,3112.9,3577.2,3517.6,3372.3,3672.2,3794.7,3647.3,3732.9,3806.3,4279.6,4071.6,4056.1,3980.3,4346.9,4286.4,4286.1,3969.1,4775.2,4755.9,4682.8,4677.4,4618.3,4517.3,4361,4515.9,4543,0,4596.5,4580.9,3999.2,3713.9,3525.6,3453.3,3352.3,3338.3,3133.2,3339.6,3314.5,3637.3,3344.3,3186.8,3111.6,3219.8,3122.1,3279.3,3304.7,3036.5,2882.1,3077.9,3087.2,3088.4,3380.4,4026.3,3925.3,3921.7,3873.7,4340.8
3377.2,5336.2,3461.2,3396.8,2884.8,4124.6,3668.9,4560,3335,4105,4122.3,4214.6,4528.2,4238.6,3415,4162.6,3748,4648.3,0.241,3788,3089.5,3810.4,3108.7,3619.4,3960.9,4031.7,3269.1,3506.9,3549.5,3036.5,3269.6,2861.6,2882.3,2974.4,2660.6,2831.6,2879.5,3292.2,3272.6,3106.3,3389.3,3512.1,3279.3,3366.9,3429.3,3795,3708.7,3778.9,3542.1,3961.6,3901.1,3900.3,3536.6,4290.6,4271.3,4198.2,4192.8,4133.7,4032.7,3876.4,4031.3,4573.3,4596.5,0,4611.2,3953.1,3549.6,3351.3,3280.7,3130.7,3113,2889.1,3126.4,3092.8,3415.6,3122.6,2982.5,2851,2946.8,2917.9,3023.9,3046,2796.9,2620.9,2825.1,2833,2834.1,3154.6,3793.8,3753.7,3751.5,3718.7,3902.6
