0,5881.1,3396.5,3265.7,3478.9,3580.6,3190.9,4132.9,3331.5,3863.6,3880.9,3787.5,4101.1,3811.5,3459.2,3735.5,3671.4,3450.2,3436.7,3757.4,3449.6,3775.8,3502.7,4030.4,3932.2,4029.7,4009.5,4078.8,4275.5,3956.2,4471.4,3826.7,3848.9,4070.7,3573.8,3729.2,3777.1,3288.6,3316.8,3369.8,3313.4,3396.3,3269.3,3267.1,3364.6,3641.8,3632.1,3555.7,3060.5,3416.8,3356.3,3356.3,3058.6,3863.5,3844.2,3771.1,3765.7,3706.6,3605.6,3635,3789.9,3599,3696.5,3412.6,3413.1,3792.2,3960.6,4077.3,4329,4332.5,4371.1,3985.4,4035.1,2.844,5.476,2.546,3885.3,3732.3,3582.9,3462.8,3417.9,3406.1,3663.2,3534.1,3802.2,3799.6,3799.2,3895,3765.1,3719.1,3720.9,3716.7,3421
5881.1,0,6049.4,5911.2,6826.1,5670.5,5607.2,5870.3,6009.1,5666.3,5683.6,5524.9,5838.5,5548.9,6142,5472.9,5589.8,5288.7,5275.3,5589.1,6147.1,5618.8,6223.9,5620.4,5867.8,5806.7,5880.3,5799.7,5776,5948.9,5741.7,5744,5764.6,5444.1,5547.7,5676.9,5724.8,5966.3,5999.6,6001.9,5948.3,6012.3,5942.1,5920,6017.5,5477.4,5550.5,5714,5483.5,5507.1,5446.6,5446.2,5474.9,5600.9,5581.6,5508.5,5503.1,5444,5343,5437.7,5592.6,5325,5499.3,5251.2,5251.6,5488.4,5550.6,5577.9,5602.1,5602.8,5609.2,5358.8,5480.1,5596.7,5919.5,5626.5,5759.1,6091.6,6511.9,24.183,6139.1,6103.6,5656.3,5508,5706.7,5715.3,5716.5,5765.8,5700.7,5562.1,5552.6,5493.7,5844
3396.5,6049.4,0,3992.4,3680.9,3578,3365.1,3840.4,4467,3658.8,3676.1,3495,3808.6,3519,4479.3,3443,3598.8,3256.9,3242.4,3447.6,3962.1,3472.6,3969.5,3340.5,3624.6,3675.3,3365.8,3360.7,3335.9,3270.2,3220.2,3172.3,3193.2,3028.1,3005.8,3118.9,3166.8,4424.2,4336.9,4142,4238.6,4309.9,4636.3,1.294,0.319,3484.8,3559.5,3686.5,3236.9,3415.1,3354.6,3353.7,3232.8,3571,3551.7,3478.6,3473.2,3414.1,3313.1,3430.2,3585.1,3292.9,3415.7,3218.3,3219.8,3359.2,3270.7,3137.7,3081.8,3081.3,3076.5,2942.8,3031.6,3112.1,3434.9,3141.9,3135.7,3441.7,3623.3,3631.1,3884.7,3918.6,3085.8,2966.1,3136.6,3143.9,3144.8,3251.3,3457.5,3415.9,3411.1,3362.3,3597.4
3265.7,5911.2,3992.4,0,3494.3,3301,3143.1,3566.5,3987.3,3377.4,3394.7,3221.1,3534.7,3245.1,4087.3,3169.1,3325.3,2973.1,2959.6,3271,3780.7,3298.5,3787.3,3223.5,3476.4,3499.3,3249.4,3229.8,3258.1,3169,3152.3,3040.4,3061.2,2917.8,2858.3,2984.5,3032.4,3944.5,3944.9,3960.5,3956.7,3910.6,3909.3,3863,3960.5,3198.9,3286,3524.7,3017.4,3137.8,3077.3,3076.7,3010.8,3297.1,3277.8,3204.7,3199.3,3140.2,3039.2,3148.8,3303.7,3019,3227.2,2935.5,2936,3191.2,3153.7,3059.9,3013.6,3013.4,3011.5,2832.5,2923.1,2981.3,3304.1,3011.1,3045,3274.7,3464.9,3492.9,3702.5,3737.2,2966.7,2818.6,3003.5,3011.9,3012.9,3134.9,3309.3,3241.8,3234.5,3186.3,3377.9
3478.9,6826.1,3680.9,3494.3,0,3180.7,3121.7,3452.1,3644,3257.3,3274.5,3106.7,3420.3,3130.7,3745.4,3054.7,3194.1,2868.9,2855.9,3219.2,3695.3,3246.4,3772.8,3269.9,3521.9,3448.7,3470.2,3441,3410.3,3554.6,3394.6,3321.7,3342.1,3043.3,3124.6,3285.7,3333.6,3601.2,3603,3548,3540.6,3678.7,3564.8,3551.5,3649,3075.6,3154.8,3352,3000.8,3017.1,2956.6,2956.4,2989.4,3182.7,3163.4,3090.3,3084.9,3025.8,2924.8,3028.7,3183.6,2907.2,3140.2,2831.8,2831.8,3161.6,3200,3212.1,3286,3255.7,3254,2958,3089.5,3194.5,3517.3,3224.3,3433.1,3703.8,3911.2,4407.8,3688,3651.8,3267.7,3084.9,3281.4,3292.8,3294.2,3355.7,3354.8,3189.7,3182.7,3135.7,3361.3
3580.6,5670.5,3578,3301,3180.7,0,33.784,13.144,3481.6,4480.1,4497.4,9.932,13.28,10.628,3565,11.472,4041.4,4333.7,4319.8,4004.2,3321.4,4010,3351.6,3927,3903.1,4344.5,3418.8,3575.6,3844.4,3172.2,3523.1,3070.7,3091.3,3242.1,2930.4,3047.8,3095.7,3438.8,3422.6,3299.4,3352.1,3496.6,3428.9,3448.6,3546.1,4170.1,4002.1,3641.5,28.492,8.966,7.756,2.243,28.492,7.756,8.142,9.604,9.712,10.894,12.914,4251.5,4406.4,4382,4676.6,4295.7,4296.6,4574.5,3857.2,3646.2,3571.9,3384.2,3361.7,3156.8,3342.8,3296.2,3619,3326,3146.9,3050,3154.1,3252.2,3266.8,3277.9,3014.1,2890.7,3032.4,3042,3043.2,3304.3,3736,3953.3,3967.7,4031.5,42.912
3190.9,5607.2,3365.1,3143.1,3121.7,33.784,0,35.588,3291.4,4194.6,4211.9,29.164,35.86,30.556,3393.5,32.244,3766.3,3976.3,3962.4,3626.7,3201.4,3632.1,3243.9,3560,3505.4,3972.1,3217.4,3171.5,3495.2,3006.4,3343.9,2967.7,2988.4,3034.3,2844.9,2851.4,2899.3,3248.6,3251.1,3142.1,3191.5,3386.8,3215.8,3235.7,3333.2,3888,3727,3381.4,7.926,7.926,9.136,24.812,1.323,24.812,25.584,28.508,28.724,31.088,35.128,3966,4120.9,4091.1,4277.6,3938.3,3939.2,4184.4,3490.2,3297,3229.9,3205,3185.7,2949,2924.5,2906.5,3229.3,2936.3,2829.8,2950.1,3079.8,3188.9,3159.1,3157.9,2846.2,2805.2,2930.3,2939.1,2940.2,3102.9,3338.3,3575.4,3590.2,3659.1,15.136
4132.9,5870.3,3840.4,3566.5,3452.1,13.144,35.588,0,3770.6,4871.8,4889.1,3.782,5.456,4.13,3854.8,4.552,4427.9,4765.2,4751.3,4453.6,3600.3,4458.5,3628.3,4397.8,4367.3,4803.4,3849.6,3996.9,4315.9,3620.2,3992.8,3495.1,3516.3,3754.2,3271.5,3475,3522.9,3727.8,3712.4,3595,3618.1,3732.1,3699.5,3711,3808.5,4560.1,4388.6,4020.5,30.296,9.868,8.658,8.658,30.296,2.694,2.887,3.618,3.672,4.263,5.273,4643.2,4798.1,4776.5,5164.7,4727.2,4728.1,5058.1,4328,4117.7,4038.3,3853.9,3837.7,3668.9,3882.1,3848.5,4171.3,3878.3,3658.7,3529.2,3534.8,3452,3543.5,3556.8,3422.3,3231.8,3462.3,3467,3467.6,3735.1,4200.2,4401.8,4417.1,4490.4,44.716
3331.5,6009.1,4467,3987.3,3644,3481.6,3291.4,3770.6,0,3584.9,3602.2,3425.2,3738.8,3449.2,4716.4,3373.2,3522.4,3176.4,3162.3,3378,3930.4,3404.2,3937.1,3258.5,3561.6,3594.2,3324.1,3311.6,3264.9,3251.5,3152.8,3139.8,3160.5,2968.3,2977.1,3091.5,3139.4,0.428,4574,4252.7,4167.4,4132.6,4593.2,4337.6,4435.1,3410.1,3483.1,3637.8,3165.6,3318.3,3257.8,3257.3,3159.1,3501.2,3481.9,3408.8,3403.4,3344.3,3243.3,3356.3,3511.2,3223.1,3329.2,3138.2,3139.3,3272.1,3188.7,3066.7,3014.2,3013.9,3010.2,2883,2958.7,3047.1,3369.9,3076.8,3092.9,3404.8,3594.9,3590.8,3852.3,3886.9,3053,2937.4,3102.6,3111.2,3112.3,3209.6,3394.5,3347.5,3341.5,3281.2,3526.1
3863.6,5666.3,3658.8,3377.4,3257.3,4480.1,4194.6,4871.8,3584.9,0,1.647,4526.4,4840,4550.4,3670.7,4474.4,4288.7,4310.3,4296.3,4161,3412.5,4168.5,3440.5,4101.3,4119.2,4493.5,3605.4,3751.4,4030.1,3377.4,3729.2,3243.6,3264.6,3490.1,3029.2,3226.6,3274.5,3542.1,3528.3,3407.2,3428.8,3541.7,3518.4,3529.4,3626.9,4420.9,4249.4,3881.3,4065.9,4316.8,4256.3,4255.8,4062.3,4602.4,4583.1,4510,4504.6,4445.5,4344.5,2.286,0.737,4318.2,4709.7,4272.2,4273.2,4603.1,4031.5,3831.9,3757.4,3590.3,3572.6,3404.8,3614.9,3579.2,3902,3609,3415.8,3308.7,3318.1,3248,3355.7,3369,3180,2989.5,3208.8,3215.3,3216.1,3490.9,3952.1,4111.8,4124.5,4180.5,4426.4
3880.9,5683.6,3676.1,3394.7,3274.5,4497.4,4211.9,4889.1,3602.2,1.647,0,4543.7,4857.3,4567.7,3688,4491.7,4306,4327.6,4313.6,4178.3,3429.8,4185.8,3457.8,4118.6,4136.5,4510.8,3622.7,3768.7,4047.4,3394.7,3746.5,3260.9,3281.9,3507.4,3046.5,3243.9,3291.8,3559.4,3545.6,3424.5,3446.1,3559,3535.7,3546.7,3644.2,4438.2,4266.7,3898.6,4083.2,4334.1,4273.6,4273.1,4079.6,4619.7,4600.4,4527.3,4521.9,4462.8,4361.8,2.459,0.91,4335.5,4727,4289.5,4290.5,4620.4,4048.8,3849.2,3774.7,3607.6,3589.9,3422.1,3632.2,3596.5,3919.3,3626.3,3433.1,3326,3335.4,3265.3,3373,3386.3,3197.3,3006.8,3226.1,3232.6,3233.4,3508.2,3969.4,4129.1,4141.8,4197.8,4443.7
3787.5,5524.9,3495,3221.1,3106.7,9.932,29.164,3.782,3425.2,4526.4,4543.7,0,3.464,0.676,3509.4,1.098,4082.5,4419.8,4405.9,4108.2,3254.9,4113.1,3282.9,4052.4,4021.9,4458,3504.2,3651.5,3970.5,3274.8,3647.4,3149.7,3170.9,3408.8,2926.1,3129.6,3177.5,3382.4,3367,3249.6,3272.7,3386.7,3354.1,3365.6,3463.1,4214.7,4043.2,3675.1,23.872,6.656,5.446,5.446,23.872,1.088,0.895,0.164,0.218,0.809,1.819,4297.8,4452.7,4431.1,4819.3,4381.8,4382.7,4712.7,3982.6,3772.3,3692.9,3508.5,3492.3,3323.5,3536.7,3503.1,3825.9,3532.9,3313.3,3183.8,3189.4,3106.6,3198.1,3211.4,3076.9,2886.4,3116.9,3121.6,3122.2,3389.7,3854.8,4056.4,4071.7,4145,38.292
4101.1,5838.5,3808.6,3534.7,3420.3,13.28,35.86,5.456,3738.8,4840,4857.3,3.464,0,3.812,3823,4.234,4396.1,4733.4,4719.5,4421.8,3568.5,4426.7,3596.5,4366,4335.5,4771.6,3817.8,3965.1,4284.1,3588.4,3961,3463.3,3484.5,3722.4,3239.7,3443.2,3491.1,3696,3680.6,3563.2,3586.3,3700.3,3667.7,3679.2,3776.7,4528.3,4356.8,3988.7,30.568,10.004,8.794,8.794,30.568,2.762,2.569,3.3,3.354,3.945,4.955,4611.4,4766.3,4744.7,5132.9,4695.4,4696.3,5026.3,4296.2,4085.9,4006.5,3822.1,3805.9,3637.1,3850.3,3816.7,4139.5,3846.5,3626.9,3497.4,3503,3420.2,3511.7,3525,3390.5,3200,3430.5,3435.2,3435.8,3703.3,4168.4,4370,4385.3,4458.6,44.988
3811.5,5548.9,3519,3245.1,3130.7,10.628,30.556,4.13,3449.2,4550.4,4567.7,0.676,3.812,0,3533.4,1.338,4106.5,4443.8,4429.9,4132.2,3278.9,4137.1,3306.9,4076.4,4045.9,4482,3528.2,3675.5,3994.5,3298.8,3671.4,3173.7,3194.9,3432.8,2950.1,3153.6,3201.5,3406.4,3391,3273.6,3296.7,3410.7,3378.1,3389.6,3487.1,4238.7,4067.2,3699.1,25.264,7.352,6.142,6.142,25.264,1.436,1.243,0.512,0.458,1.049,2.059,4321.8,4476.7,4455.1,4843.3,4405.8,4406.7,4736.7,4006.6,3796.3,3716.9,3532.5,3516.3,3347.5,3560.7,3527.1,3849.9,3556.9,3337.3,3207.8,3213.5,3130.6,3222.1,3235.4,3100.9,2910.4,3140.9,3145.6,3146.2,3413.7,3878.8,4080.4,4095.7,4169,39.684
3459.2,6142,4479.3,4087.3,3745.4,3565,3393.5,3854.8,4716.4,3670.7,3688,3509.4,3823,3533.4,0,3457.4,3610.7,3258.2,3244.5,3492.7,4031.8,3519.9,4038.4,3390,3686.4,3710.6,3439,3425.2,3397.5,3356.5,3285,3260.7,3281.6,3098.4,3090.7,3203.8,3251.7,4673.6,1.424,4534.7,4210.9,4203.7,4510.5,4349.9,4447.4,3489.9,3571.4,3745.7,3265.1,3401.5,3341,3340.7,3261.2,3585.4,3566.1,3493,3487.6,3428.5,3327.5,3442.1,3597,3307.1,3450.5,3220.4,3221.1,3390.8,3320.2,3199.3,3146.6,3146.1,3139.8,3013.1,3090.7,3174.8,3497.6,3204.6,3221.9,3503,3693.2,3723.7,3953.6,3988.3,3179.9,3051,3224.7,3232.3,3233.2,3324.5,3519.3,3463.2,3456.2,3397.6,3625.6
3735.5,5472.9,3443,3169.1,3054.7,11.472,32.244,4.552,3373.2,4474.4,4491.7,1.098,4.234,1.338,3457.4,0,4030.5,4367.8,4353.9,4056.2,3202.9,4061.1,3230.9,4000.4,3969.9,4406,3452.2,3599.5,3918.5,3222.8,3595.4,3097.7,3118.9,3356.8,2874.1,3077.6,3125.5,3330.4,3315,3197.6,3220.7,3334.7,3302.1,3313.6,3411.1,4162.7,3991.2,3623.1,26.952,8.196,6.986,6.986,26.952,1.858,1.665,0.934,0.88,0.289,1.299,4245.8,4400.7,4379.1,4767.3,4329.8,4330.7,4660.7,3930.6,3720.3,3640.9,3456.5,3440.3,3271.5,3484.7,3451.1,3773.9,3480.9,3261.3,3131.8,3137.4,3054.6,3146.1,3159.4,3024.9,2834.4,3064.9,3069.6,3070.2,3337.7,3802.8,4004.4,4019.7,4093,41.372
3671.4,5589.8,3598.8,3325.3,3194.1,4041.4,3766.3,4427.9,3522.4,4288.7,4306,4082.5,4396.1,4106.5,3610.7,4030.5,0,3871.5,3857.6,3924.8,3371.7,3935.4,3399.6,3860.1,3945,4231.3,3453.8,3590.5,3803.2,3251.4,3534,3096.4,3117.5,3290.2,2901.4,3077.1,3125,3479.6,3468.3,3366.3,3375.2,3476.6,3462.3,3469.4,3566.9,4143.2,0.393,3946.6,3637.5,3878.1,3817.6,3817.1,3634,4158.5,4139.2,4066.1,4060.7,4001.6,3900.6,4060.1,4215,3874.3,4271,3833.5,3834.4,4164.4,3790.3,3605,3532.9,3395.1,3376.6,3204.9,3405.6,3387,3709.8,3416.8,3273.5,3244.1,3253.5,3171.5,3314.8,3328.2,3030.1,2861.7,3062.6,3068.2,3068.9,3339.3,3777.9,3878.7,3888.3,3918.3,3998
3450.2,5288.7,3256.9,2973.1,2868.9,4333.7,3976.3,4765.2,3176.4,4310.3,4327.6,4419.8,4733.4,4443.8,3258.2,4367.8,3871.5,0,4792.5,3779.3,3009.3,3788,3040.3,3690.7,3735.2,4098,3229.3,3376.5,3610.7,2979,3325.5,2856.2,2877.4,3082.9,2671.3,2840.1,2888,3133.6,3115.8,2995.5,3032.2,3165.3,3115.5,3127.5,3225,4000.2,3832.2,3471.7,3846.6,4170.4,4109.9,4109.4,3844,4495.8,4476.5,4403.4,4398,4338.9,4237.9,4081.7,4236.6,4746.1,4738.1,4768.4,0.371,4156.7,3620.9,3412.5,3335,3186.6,3171.7,2997.6,3213,3165.8,3488.6,3195.6,2982.6,2856.9,2894.3,2870.4,2955.5,2965.8,2791.9,2631.6,2823.3,2828.1,2828.7,3114.8,3568.1,3731.3,3742.8,3785,4207.1
3436.7,5275.3,3242.4,2959.6,2855.9,4319.8,3962.4,4751.3,3162.3,4296.3,4313.6,4405.9,4719.5,4429.9,3244.5,4353.9,3857.6,4792.5,0,3766.4,2995.8,3775.3,3026.8,3677.4,3722,4085.5,3215.4,3363.3,3597.8,2965.9,3312.5,2842.8,2864.1,3069.5,2658.3,2827,2874.9,3119.5,3102.1,2982,3019,3151.8,3101,3113,3210.5,3986.3,3818.3,3457.8,3833,4156.4,4095.9,4095.5,3830.1,4481.9,4462.6,4389.5,4384.1,4325,4224,4067.7,4222.6,4717.5,4740.7,0.241,4755.4,4144.4,3607.6,3399.6,3322,3173.6,3158.4,2984.2,3199.8,3152.3,3475.1,3182.1,2969.6,2843.5,2880.9,2857,2942,2952.3,2778.9,2618.6,2809.7,2814.8,2815.3,3100.9,3554.9,3718.6,3729.9,3772.5,4193.5
3757.4,5589.1,3447.6,3271,3219.2,4004.2,3626.7,4453.6,3378,4161,4178.3,4108.2,4421.8,4132.2,3492.7,4056.2,3924.8,3779.3,3766.4,0,3374.8,4479.1,3402.8,3931.7,4219.7,4606.2,3524.3,3659.9,3873.6,3306.7,3637.9,3200.2,3221.2,3408.2,3003.9,3179.5,3227.4,3335.2,3350.3,3359,3328.5,3413.7,3308,3318.2,3415.7,3924.3,3885.5,3700.1,3500.1,3840.9,3780.4,3779.9,3494.4,4184.2,4164.9,4091.8,4086.4,4027.3,3926.3,3932.4,4087.3,3922.6,3955.3,3742.3,3742.2,4267.2,3861.9,3675.4,3599.6,3499,3482.5,3322.9,3499.5,3473,3795.8,3502.8,3317.4,3289,3294.2,3170.8,3318,3331.3,3133.9,2964.2,3165.6,3171.9,3172.7,3409.8,4052.6,4422.4,0.365,4293.2,3860.6
3449.6,6147.1,3962.1,3780.7,3695.3,3321.4,3201.4,3600.3,3930.4,3412.5,3429.8,3254.9,3568.5,3278.9,4031.8,3202.9,3371.7,3009.3,2995.8,3374.8,0,3403,3997.2,3356.2,3658.5,3592.3,3454.4,3496.4,3435.2,3434.5,3354.7,3245,3265.8,3046,3073.3,3227.2,3275.1,3887.6,3889.4,3844.7,3827,3959.9,3851.2,3832.7,3930.2,3238.2,3332.4,3633.2,3076.9,3158,3097.5,3097.1,3069.1,3330.9,3311.6,3238.5,3233.1,3174,3073,3183.9,3338.8,3053,3311.6,2971.7,2972.2,3295.6,3286.4,3237,3257.2,3215.8,3211,2960.7,3087.4,3165.2,3488,3195,3325.3,3499.2,3706.7,3728.8,3912.4,0.435,3201,3033.6,3208.5,3216.5,3217.5,3339.9,3491.4,3346.3,3338.3,3279.3,3437.4
3775.8,5618.8,3472.6,3298.5,3246.4,4010,3632.1,4458.5,3404.2,4168.5,4185.8,4113.1,4426.7,4137.1,3519.9,4061.1,3935.4,3788,3775.3,4479.1,3403,0,3431.4,3946.6,4268.8,4597.5,3545.3,3680.8,3890.9,3329.5,3657.8,3220.4,3241.4,3426.7,3027.3,3200.8,3248.7,3361.4,3377.5,3386,3356.1,3439.3,3334.1,3343.2,3440.7,3933.1,3896.1,3717.6,3505.1,3846.7,3786.2,3785.7,3499.8,4189.1,4169.8,4096.7,4091.3,4032.2,3931.2,3939.9,4094.8,3927,3968,3751.2,3750.9,4258.5,3876.8,3692.7,3617.2,3518.9,3502.8,3341.4,3516.7,3491.4,3814.2,3521.2,3340.8,3314.5,3320.9,3200.5,3346.6,3359.5,3155.9,2987.6,3185.8,3192.1,3192.9,3430.8,4101.7,0.567,4442.6,4284.5,3865.6
3502.7,6223.9,3969.5,3787.3,3772.8,3351.6,3243.9,3628.3,3937.1,3440.5,3457.8,3282.9,3596.5,3306.9,4038.4,3230.9,3399.6,3040.3,3026.8,3402.8,3997.2,3431.4,0,3394.2,3686.5,3623.1,3507.5,3538.9,3483.3,3499.4,3409.3,3305.5,3326.3,3096.2,3130.1,3283.5,3331.4,3894.3,3896,3849.8,3833.6,3967.3,3857.9,3840.1,3937.6,3266.2,3360.3,3640.6,3120.9,3188.2,3127.7,3127.3,3111.6,3358.9,3339.6,3266.5,3261.1,3202,3101,3211.9,3366.8,3081.1,3337,3002.7,3003.2,3326.9,3324.4,3285.1,3308.8,3270.4,3265.6,3010.9,3138.9,3218.3,3541.1,3248.1,3390.2,3575.9,3783.4,3805.6,0.848,3953.7,3261.4,3090.4,3269,3277,3278,3393,3519.4,3374.7,3366.3,3310.1,3481.4
4030.4,5620.4,3340.5,3223.5,3269.9,3927,3560,4397.8,3258.5,4101.3,4118.6,4052.4,4366,4076.4,3390,4000.4,3860.1,3690.7,3677.4,3931.7,3356.2,3946.6,3394.2,0,4011.7,4221.8,3669.9,3841.6,4209,3494.8,3856.8,3388.9,3410.4,3653.1,3155.4,3353.6,3401.5,3215.7,3247.6,3313.5,3276.8,3365.3,3192.6,3211.1,3308.6,3863.4,3820.8,3624.4,3431.1,3763.4,3702.9,3702.7,3427.7,4128.4,4109.1,4036,4030.6,3971.5,3870.5,3872.7,4027.6,3866.4,3868.2,3653.3,3653.6,4010.3,0.698,4010.8,3924.4,3717.9,3700.1,3567.8,3795.5,3746,4068.8,3775.8,3530.5,3475.7,3367.7,3202.1,3309.4,3312.7,3296.4,3115.7,3358.4,3361.1,3361.4,3555.4,3844.6,3889.9,3895.2,3908.8,3791.6
3932.2,5867.8,3624.6,3476.4,3521.9,3903.1,3505.4,4367.3,3561.6,4119.2,4136.5,4021.9,4335.5,4045.9,3686.4,3969.9,3945,3735.2,3722,4219.7,3658.5,4268.8,3686.5,4011.7,0,4338.1,3727.5,3795.4,4011.8,3590.3,3770.4,3422.9,3443.7,3538.4,3159.3,3387.2,3435.1,3518.8,3544,3651.2,3527.3,3565.8,3503.9,3495.2,3592.7,3905.2,3905.7,3832.2,3378.7,3739.6,3679.1,3678.8,3373.1,4097.9,4078.6,4005.5,4000.1,3941,3840,3890.6,4045.5,3828.8,3983.7,3697.9,3698.1,3999.2,3941.9,3813.6,3755.1,3631.5,3619.8,3453.1,3637.3,3647.8,3970.6,3677.6,3609.3,3836.8,3736.5,3449.5,3601.7,3615,3346.8,3119.6,3386.8,3394.4,3395.4,3613,1.671,4212.1,4183.2,4025.1,3739.2
4029.7,5806.7,3675.3,3499.3,3448.7,4344.5,3972.1,4803.4,3594.2,4493.5,4510.8,4458,4771.6,4482,3710.6,4406,4231.3,4098,4085.5,4606.2,3592.3,4597.5,3623.1,4221.8,4338.1,0,3778.6,3916.1,4148.2,3561.9,3892.4,3462,3483.2,3668.2,3252.8,3425.4,3473.3,3551.4,3568.2,3574.9,3555.4,3646.3,3531.8,3545.9,3643.4,4249.3,4192,3976.7,3844.6,4181.2,4120.7,4120.2,3839.8,4534,4514.7,4441.6,4436.2,4377.1,4276.1,4264.9,4419.8,4275.8,4256.3,4061.4,4060.9,4701.8,4152,3950,3872.6,3753.5,3739.1,3582.9,3775.1,3745.3,4068.1,3775.1,3563.3,3532.7,3533.3,3388.4,3538.3,3548.8,3380.6,3213.1,3429.1,3433.9,3434.5,3664.1,4171,4540.8,4569.7,3.13,4205.1
4009.5,5880.3,3365.8,3249.4,3470.2,3418.8,3217.4,3849.6,3324.1,3605.4,3622.7,3504.2,3817.8,3528.2,3439,3452.2,3453.8,3229.3,3215.4,3524.3,3454.4,3545.3,3507.5,3669.9,3727.5,3778.6,0,3851.7,3819.4,3755.5,3860,3606.7,3627.4,3607.5,3374.5,3579.7,3627.6,3281.3,3296.6,3373,3290.6,3341.1,3247.2,3236.4,3333.9,3395.3,3414.5,3406.4,3091.7,3255.5,3195,3194.5,3085.1,3580.2,3560.9,3487.8,3482.4,3423.3,3322.3,3376.8,3531.7,3311.1,3452.6,3191.3,3192.2,3508.6,3600.1,3621.2,3723.7,3721.1,3721.7,3522.2,3655.1,3725.1,4047.9,3754.9,3748.8,3720.4,3569.8,3462,3422.7,3410.9,3553.7,3334.8,3567.8,3578.1,3579.2,1.145,3560.4,3488.6,3487.8,3465.6,3452.2
4078.8,5799.7,3360.7,3229.8,3441,3575.6,3171.5,3996.9,3311.6,3751.4,3768.7,3651.5,3965.1,3675.5,3425.2,3599.5,3590.5,3376.5,3363.3,3659.9,3496.4,3680.8,3538.9,3841.6,3795.4,3916.1,3851.7,0,3993.8,3566.9,3921.8,3494.5,3515.2,3698.2,3227.4,3460.9,3508.8,3268.8,3282.8,3443.3,3291.2,3312.2,3249.3,3231.3,3328.8,3538.7,3551.2,3503.5,3042.5,3412.4,3351.9,3351.3,3039.2,3727.5,3708.2,3635.1,3629.7,3570.6,3469.6,3522.8,3677.7,3458.4,3582.2,3339.2,3339.4,3669.1,3771.8,3795.6,3799.8,3782.9,3767.5,3612.9,3794.2,3794.4,4117.2,3824.2,3675.2,3695.9,3559.6,3381.4,3454.1,3452.9,3422,3187.7,3458,3465.9,3467,3737.2,3628.3,3624.1,3623.4,3603.1,3403
4275.5,5776,3335.9,3258.1,3410.3,3844.4,3495.2,4315.9,3264.9,4030.1,4047.4,3970.5,4284.1,3994.5,3397.5,3918.5,3803.2,3610.7,3597.8,3873.6,3435.2,3890.9,3483.3,4209,4011.8,4148.2,3819.4,3993.8,0,3686.5,4107,3589.9,3611.5,3910,3359.9,3554.3,3602.2,3222.1,3255.1,3370.5,3315.1,3394.3,3191,3206.5,3304,3796.2,3763.9,3605.9,3365.7,3680.9,3620.4,3620.1,3362.9,4046.5,4027.2,3954.1,3948.7,3889.6,3788.6,3801.5,3956.4,3782.2,3796.4,3573.7,3573.6,3888.9,4139.2,1.982,4302.6,3968.1,3945,3824.7,4065.7,3991.1,4313.9,4020.9,3751.6,3609.2,3501.2,3357.7,3398.5,3391.7,3491.2,3320.2,3560.2,3562.2,3562.4,3704.9,3844.7,3834.2,3837.1,3835.2,3726.2
3956.2,5948.9,3270.2,3169,3554.6,3172.2,3006.4,3620.2,3251.5,3377.4,3394.7,3274.8,3588.4,3298.8,3356.5,3222.8,3251.4,2979,2965.9,3306.7,3434.5,3329.5,3499.4,3494.8,3590.3,3561.9,3755.5,3566.9,3686.5,0,3805.3,3894.7,3912.2,3491.5,3824.6,4128.9,4176.8,3208.7,3214.1,3319.9,3226.4,3371.3,3164.9,3140.8,3238.3,3173.7,3212.1,3369,2882.1,3008.9,2948.4,2947.9,2874.1,3350.8,3331.5,3258.4,3253,3193.9,3092.9,3148.8,3303.7,3081.8,3225.8,2941.8,2941.9,3313.8,3425,3488.3,3665.8,3666.4,3686.8,3406.2,3514.2,3671.8,3994.6,3701.6,3999.3,3882.9,3618.3,3530.6,3414.6,3391,4263.6,3784.9,3830.5,3862.9,3867.2,3641,3423.2,3272.8,3270.2,3248.9,3242.6
4471.4,5741.7,3220.2,3152.3,3394.6,3523.1,3343.9,3992.8,3152.8,3729.2,3746.5,3647.4,3961,3671.4,3285,3595.4,3534,3325.5,3312.5,3637.9,3354.7,3657.8,3409.3,3856.8,3770.4,3892.4,3860,3921.8,4107,3805.3,0,3704.1,3726,4104,3419.2,3614.6,3662.5,3110,3142.6,3273,3209.9,3274.2,3077.5,3090.8,3188.3,3505.2,3494.7,3378.2,3223.4,3359.6,3299.1,3298.8,3211.6,3723.4,3704.1,3631,3625.6,3566.5,3465.5,3500.6,3655.5,3456.9,3558.5,3288.4,3288.4,3617.8,3787,3908.8,4102.5,1.389,4066.7,4018.7,4399.1,4187,4509.8,4216.8,3828.3,3730.2,3516.5,3323.4,3324.5,3311.2,3548.3,3379.5,3676.9,3676.7,3676.6,3745.5,3603.3,3601.1,3601.4,3579.4,3583.9
3826.7,5744,3172.3,3040.4,3321.7,3070.7,2967.7,3495.1,3139.8,3243.6,3260.9,3149.7,3463.3,3173.7,3260.7,3097.7,3096.4,2856.2,2842.8,3200.2,3245,3220.4,3305.5,3388.9,3422.9,3462,3606.7,3494.5,3589.9,3894.7,3704.1,0,4054.8,3355.4,3964.8,4269.1,4317,3097,3118.3,3146,3073.2,3109.8,3056.9,3042.9,3140.4,3033.6,3057.1,3088.7,2844.1,2907.4,2846.9,2846.4,2835.4,3225.7,3206.4,3133.3,3127.9,3068.8,2967.8,3015,3169.9,2957.3,3128.5,2818.7,2819.1,3194.5,3319.1,3391.7,3562.9,3565.2,3590.9,3270.1,3366.2,3542.3,3865.1,3572.1,4139.5,3652.1,3411.7,3325.7,3220.7,3201.5,4403.8,3925.1,3973,4005.5,0.275,3492.2,3255.8,3163.7,3163.7,3149,3204.6
3848.9,5764.6,3193.2,3061.2,3342.1,3091.3,2988.4,3516.3,3160.5,3264.6,3281.9,3170.9,3484.5,3194.9,3281.6,3118.9,3117.5,2877.4,2864.1,3221.2,3265.8,3241.4,3326.3,3410.4,3443.7,3483.2,3627.4,3515.2,3611.5,3912.2,3726,4054.8,0,3377.3,3990.9,4295.2,4343.1,3117.7,3139.2,3166.9,3093.9,3129.9,3077.6,3063.8,3161.3,3054.7,3078.2,3109.1,2865.1,2928,2867.5,2867,2856.1,3246.9,3227.6,3154.5,3149.1,3090,2989,3036,3190.9,2978.6,3150,2840,2840.3,3215.8,3340.6,3413.3,3584.7,3587.1,3613,3292,3388.2,3564.5,3887.3,3594.3,4165.6,3672.8,3432.3,3346.3,3241.5,3222.3,4429.8,3951.2,3999.1,0.493,4027.3,3512.9,3276.6,3184.7,3184.7,3170.2,3225.6
4070.7,5444.1,3028.1,2917.8,3043.3,3242.1,3034.3,3754.2,2968.3,3490.1,3507.4,3408.8,3722.4,3432.8,3098.4,3356.8,3290.2,3082.9,3069.5,3408.2,3046,3426.7,3096.2,3653.1,3538.4,3668.2,3607.5,3698.2,3910,3491.5,4104,3355.4,3377.3,0,3098.9,3269.7,3317.6,2925.5,2956,2975.5,2955.6,3040.3,2879.9,2898.7,2996.2,3264.5,3250.9,3143.2,2913.8,3078.7,3018.2,3017.8,2902,3484.8,3465.5,3392.4,3387,3327.9,3226.9,3261.5,3416.4,3218.3,3334.1,3045.4,3045.8,3412,3583.3,3711.8,3961.6,3965.1,4480.4,0.853,4438.2,3786.3,4109.1,3816.1,3427.6,3296.4,3173.6,3025.8,3011.4,3002.5,3202.5,3059.2,3328.7,3328,3327.9,3493,3371.3,3370,3371.7,3355.2,3274.3
3573.8,5547.7,3005.8,2858.3,3124.6,2930.4,2844.9,3271.5,2977.1,3029.2,3046.5,2926.1,3239.7,2950.1,3090.7,2874.1,2901.4,2671.3,2658.3,3003.9,3073.3,3027.3,3130.1,3155.4,3159.3,3252.8,3374.5,3227.4,3359.9,3824.6,3419.2,3964.8,3990.9,3098.9,0,3839.1,3887,2934.3,2948.3,2979.6,2887.7,2893.6,2888,2876.4,2973.9,2825.4,2862.1,2835.3,2719.2,2766.7,2706.2,2706.1,2712.6,3002.1,2982.8,2909.7,2904.3,2845.2,2744.2,2800.6,2955.5,2733,2918.3,2634.2,2634.2,2954.9,3085.6,3161.7,3278,3280.3,3305.2,3013.6,3118.1,3289.4,3612.2,3319.2,3709.5,3392.3,3234.1,3129.4,3045.3,3029.8,4518,0.397,4512.2,3941.6,3937.3,3260,2992.2,2970.6,2967.4,2939.8,3079.7
3729.2,5676.9,3118.9,2984.5,3285.7,3047.8,2851.4,3475,3091.5,3226.6,3243.9,3129.6,3443.2,3153.6,3203.8,3077.6,3077.1,2840.1,2827,3179.5,3227.2,3200.8,3283.5,3353.6,3387.2,3425.4,3579.7,3460.9,3554.3,4128.9,3614.6,4269.1,4295.2,3269.7,3839.1,0,0.479,3048.7,3061.4,3128.1,3028.9,3071.6,3004,2989.5,3087,3015.3,3037.8,3070.3,2723.7,2884.3,2823.8,2823.5,2719.1,3205.6,3186.3,3113.2,3107.8,3048.7,2947.7,2998,3152.9,2937.2,3085.9,2802.9,2803,3151.4,3283.8,3356.1,3473.4,3475.7,3500.6,3184.4,3273.6,3444.8,3767.6,3474.6,3850,3569.8,3354.5,3258.6,3198.7,3183.7,3844.8,3799.4,4277.6,4245.9,4241.6,3465.2,3220.1,3144.1,3143,3112.4,3084.2
3777.1,5724.8,3166.8,3032.4,3333.6,3095.7,2899.3,3522.9,3139.4,3274.5,3291.8,3177.5,3491.1,3201.5,3251.7,3125.5,3125,2888,2874.9,3227.4,3275.1,3248.7,3331.4,3401.5,3435.1,3473.3,3627.6,3508.8,3602.2,4176.8,3662.5,4317,4343.1,3317.6,3887,0.479,0,3096.6,3109.3,3176,3076.8,3119.5,3051.9,3037.4,3134.9,3063.2,3085.7,3118.2,2771.6,2932.3,2871.8,2871.4,2767,3253.5,3234.2,3161.1,3155.7,3096.6,2995.6,3045.9,3200.8,2985.1,3133.8,2850.8,2850.9,3199.3,3331.7,3404,3521.3,3523.6,3548.5,3232.3,3321.5,3492.7,3815.5,3522.5,3897.9,3617.7,3402.4,3306.5,3246.6,3231.6,3892.7,3847.3,4325.5,4293.8,4289.5,3513.1,3268,3192,3190.9,3160.3,3132.1
3288.6,5966.3,4424.2,3944.5,3601.2,3438.8,3248.6,3727.8,0.428,3542.1,3559.4,3382.4,3696,3406.4,4673.6,3330.4,3479.6,3133.6,3119.5,3335.2,3887.6,3361.4,3894.3,3215.7,3518.8,3551.4,3281.3,3268.8,3222.1,3208.7,3110,3097,3117.7,2925.5,2934.3,3048.7,3096.6,0,4531.2,4209.9,4124.6,4089.8,4550.4,4294.8,4392.3,3367.3,3440.3,3595,3122.8,3275.5,3215,3214.5,3116.3,3458.4,3439.1,3366,3360.6,3301.5,3200.5,3313.5,3468.4,3180.3,3286.4,3095.4,3096.5,3229.3,3145.9,3023.9,2971.4,2971.1,2967.4,2840.2,2915.9,3004.3,3327,3034.1,3050.1,3362,3552.1,3548,3809.5,3844.1,3010.2,2894.6,3059.8,3068.4,3069.5,3166.8,3351.7,3304.7,3298.7,3238.4,3483.3
3316.8,5999.6,4336.9,3944.9,3603,3422.6,3251.1,3712.4,4574,3528.3,3545.6,3367,3680.6,3391,1.424,3315,3468.3,3115.8,3102.1,3350.3,3889.4,3377.5,3896,3247.6,3544,3568.2,3296.6,3282.8,3255.1,3214.1,3142.6,3118.3,3139.2,2956,2948.3,3061.4,3109.3,4531.2,0,4392.3,4068.5,4061.3,4368.1,4207.5,4305,3347.5,3429,3603.3,3122.7,3259.1,3198.6,3198.3,3118.8,3443,3423.7,3350.6,3345.2,3286.1,3185.1,3299.7,3454.6,3164.7,3308.1,3078,3078.7,3248.4,3177.8,3056.9,3004.2,3003.7,2997.4,2870.7,2948.3,3032.4,3355.2,3062.2,3079.5,3360.6,3550.8,3581.3,3811.2,3845.9,3037.5,2908.6,3082.3,3089.9,3090.8,3182.1,3376.9,3320.8,3313.8,3255.2,3483.2
3369.8,6001.9,4142,3960.5,3548,3299.4,3142.1,3595,4252.7,3407.2,3424.5,3249.6,3563.2,3273.6,4534.7,3197.6,3366.3,2995.5,2982,3359,3844.7,3386,3849.8,3313.5,3651.2,3574.9,3373,3443.3,3370.5,3319.9,3273,3146,3166.9,2975.5,2979.6,3128.1,3176,4209.9,4392.3,0,3953.2,4013.9,4046.7,4012.6,4110.1,3232.8,3327,3687.2,3016.4,3136,3075.5,3075.1,3009.8,3325.6,3306.3,3233.2,3227.8,3168.7,3067.7,3178.6,3333.5,3047.7,3304.8,2957.9,2958.4,3275.7,3243.7,3172.3,3184,3134.1,3129.3,2890.2,3009.6,3085.4,3408.2,3115.2,3214,3354,3561.4,3583.6,3765,3801.2,3098.5,2939.9,3109.4,3117.6,3118.5,3258.5,3484.1,3329.3,3322.5,3261.9,3376.9
3313.4,5948.3,4238.6,3956.7,3540.6,3352.1,3191.5,3618.1,4167.4,3428.8,3446.1,3272.7,3586.3,3296.7,4210.9,3220.7,3375.2,3032.2,3019,3328.5,3827,3356.1,3833.6,3276.8,3527.3,3555.4,3290.6,3291.2,3315.1,3226.4,3209.9,3073.2,3093.9,2955.6,2887.7,3028.9,3076.8,4124.6,4068.5,3953.2,0,3950.8,4168.2,4109.2,4206.7,3251,3335.9,3554.9,3067.4,3189,3128.5,3127.8,3059.2,3348.7,3329.4,3256.3,3250.9,3191.8,3090.8,3200.2,3355.1,3070.9,3286.8,2994.9,2995.1,3249.6,3207.1,3116.9,3073,3071,3064.6,2870.3,2979.1,3029,3351.8,3058.8,3107.7,3355,3545.2,3530,3748.8,3783.5,3006.6,2848,3036.1,3044.6,3045.7,3176.1,3360.2,3299.4,3292,3242.4,3427.9
3396.3,6012.3,4309.9,3910.6,3678.7,3496.6,3386.8,3732.1,4132.6,3541.7,3559,3386.7,3700.3,3410.7,4203.7,3334.7,3476.6,3165.3,3151.8,3413.7,3959.9,3439.3,3967.3,3365.3,3565.8,3646.3,3341.1,3312.2,3394.3,3371.3,3274.2,3109.8,3129.9,3040.3,2893.6,3071.6,3119.5,4089.8,4061.3,4013.9,3950.8,0,4114.1,4180.5,4278,3360.2,3437.3,3557.1,3268.6,3333.6,3273.1,3272.3,3254.5,3462.7,3443.4,3370.3,3364.9,3305.8,3204.8,3313.1,3468,3184.6,3386,3127.7,3128.2,3340.6,3295.5,3196.1,3143.2,3135.3,3124.2,2955,3076.5,3111.9,3434.7,3141.7,3323.4,1908,2007.4,3594,3882.5,3916.4,3045,2853.9,3067.5,3080.6,3082.3,3226.6,3398.7,3382.6,3377.2,3333.3,3629.1
3269.3,5942.1,4636.3,3909.3,3564.8,3428.9,3215.8,3699.5,4593.2,3518.4,3535.7,3354.1,3667.7,3378.1,4510.5,3302.1,3462.3,3115.5,3101,3308,3851.2,3334.1,3857.9,3192.6,3503.9,3531.8,3247.2,3249.3,3191,3164.9,3077.5,3056.9,3077.6,2879.9,2888,3004,3051.9,4550.4,4368.1,4046.7,4168.2,4114.1,0,4506.9,4604.4,3345.5,3423,3560.8,3088.1,3265.5,3205,3204.6,3083.5,3430.1,3410.8,3337.7,3332.3,3273.2,3172.2,3289.8,3444.7,3151.3,3271,3076.9,3078.4,3213.6,3122.8,2992.8,2938.9,2938.6,2935.4,2794.6,2890.6,2984.9,3307.7,3014.7,3022.5,3329.9,3520.1,3523.8,3773.1,3807.7,2972.8,2848.3,3019.3,3028.3,3029.4,3132.7,3336.8,3277.4,3271.5,3218.8,3448.6
3267.1,5920,1.294,3863,3551.5,3448.6,3235.7,3711,4337.6,3529.4,3546.7,3365.6,3679.2,3389.6,4349.9,3313.6,3469.4,3127.5,3113,3318.2,3832.7,3343.2,3840.1,3211.1,3495.2,3545.9,3236.4,3231.3,3206.5,3140.8,3090.8,3042.9,3063.8,2898.7,2876.4,2989.5,3037.4,4294.8,4207.5,4012.6,4109.2,4180.5,4506.9,0,0.975,3355.4,3430.1,3557.1,3107.5,3285.7,3225.2,3224.3,3103.4,3441.6,3422.3,3349.2,3343.8,3284.7,3183.7,3300.8,3455.7,3163.5,3286.3,3088.9,3090.4,3229.8,3141.3,3008.3,2952.4,2951.9,2947.1,2813.4,2902.2,2982.7,3305.5,3012.5,3006.3,3312.3,3493.9,3501.7,3755.3,3789.2,2956.4,2836.7,3007.2,3014.5,3015.4,3121.9,3328.1,3286.5,3281.7,3232.9,3468
3364.6,6017.5,0.319,3960.5,3649,3546.1,3333.2,3808.5,4435.1,3626.9,3644.2,3463.1,3776.7,3487.1,4447.4,3411.1,3566.9,3225,3210.5,3415.7,3930.2,3440.7,3937.6,3308.6,3592.7,3643.4,3333.9,3328.8,3304,3238.3,3188.3,3140.4,3161.3,2996.2,2973.9,3087,3134.9,4392.3,4305,4110.1,4206.7,4278,4604.4,0.975,0,3452.9,3527.6,3654.6,3205,3383.2,3322.7,3321.8,3200.9,3539.1,3519.8,3446.7,3441.3,3382.2,3281.2,3398.3,3553.2,3261,3383.8,3186.4,3187.9,3327.3,3238.8,3105.8,3049.9,3049.4,3044.6,2910.9,2999.7,3080.2,3403,3110,3103.8,3409.8,3591.4,3599.2,3852.8,3886.7,3053.9,2934.2,3104.7,3112,3112.9,3219.4,3425.6,3384,3379.2,3330.4,3565.5
3641.8,5477.4,3484.8,3198.9,3075.6,4170.1,3888,4560.1,3410.1,4420.9,4438.2,4214.7,4528.3,4238.7,3489.9,4162.7,4143.2,4000.2,3986.3,3924.3,3238.2,3933.1,3266.2,3863.4,3905.2,4249.3,3395.3,3538.7,3796.2,3173.7,3505.2,3033.6,3054.7,3264.5,2825.4,3015.3,3063.2,3367.3,3347.5,3232.8,3251,3360.2,3345.5,3355.4,3452.9,0,4103.9,3735.8,3759.2,4006.8,3946.3,3945.8,3755.7,4290.7,4271.4,4198.3,4192.9,4133.8,4032.8,4192.3,4347.2,4006.5,4399.7,3962.2,3963.1,4293.1,3793.6,3598,3523.9,3366.3,3349.4,3179.2,3390.5,3357.4,3680.2,3387.2,3207.1,3120.8,3130.2,3059.1,3181.4,3194.7,2966.6,2785.7,2999.6,3005.4,3006.1,3280.8,3738.1,3876.4,3887.8,3936.3,4119.7
3632.1,5550.5,3559.5,3286,3154.8,4002.1,3727,4388.6,3483.1,4249.4,4266.7,4043.2,4356.8,4067.2,3571.4,3991.2,0.393,3832.2,3818.3,3885.5,3332.4,3896.1,3360.3,3820.8,3905.7,4192,3414.5,3551.2,3763.9,3212.1,3494.7,3057.1,3078.2,3250.9,2862.1,3037.8,3085.7,3440.3,3429,3327,3335.9,3437.3,3423,3430.1,3527.6,4103.9,0,3907.3,3598.2,3838.8,3778.3,3777.8,3594.7,4119.2,4099.9,4026.8,4021.4,3962.3,3861.3,4020.8,4175.7,3835,4231.7,3794.2,3795.1,4125.1,3751,3565.7,3493.6,3355.8,3337.3,3165.6,3366.3,3347.7,3670.5,3377.5,3234.2,3204.8,3214.2,3132.2,3275.5,3288.9,2990.8,2822.4,3023.3,3028.9,3029.6,3300,3738.6,3839.4,3849,3879,3958.7
3555.7,5714,3686.5,3524.7,3352,3641.5,3381.4,4020.5,3637.8,3881.3,3898.6,3675.1,3988.7,3699.1,3745.7,3623.1,3946.6,3471.7,3457.8,3700.1,3633.2,3717.6,3640.6,3624.4,3832.2,3976.7,3406.4,3503.5,3605.9,3369,3378.2,3088.7,3109.1,3143.2,2835.3,3070.3,3118.2,3595,3603.3,3687.2,3554.9,3557.1,3560.8,3557.1,3654.6,3735.8,3907.3,0,3252.7,3478.2,3417.7,3417.2,3249.1,3751.1,3731.8,3658.7,3653.3,3594.2,3493.2,3652.7,3807.6,3466.9,3871.1,3433.7,3434.6,3764.5,3554.6,3407.7,3349.7,3239.3,3222.9,3057.9,3236,3271.3,3594.1,3301.1,2781.2,1744.7,1844.1,3295.7,3555.8,3589.7,3037.2,2795.6,3048.5,3059.8,3061.2,3291.9,3665.1,3660.9,3663.6,3663.7,3613.2
3060.5,5483.5,3236.9,3017.4,3000.8,28.492,7.926,30.296,3165.6,4065.9,4083.2,23.872,30.568,25.264,3265.1,26.952,3637.5,3846.6,3833,3500.1,3076.9,3505.1,3120.9,3431.1,3378.7,3844.6,3091.7,3042.5,3365.7,2882.1,3223.4,2844.1,2865.1,2913.8,2719.2,2723.7,2771.6,3122.8,3122.7,3016.4,3067.4,3268.6,3088.1,3107.5,3205,3759.2,3598.2,3252.7,0,5.28,6.49,19.52,5.28,19.52,20.292,23.216,23.432,25.796,29.836,3837.3,3992.2,3962.4,4150.9,3808.9,3809.5,4057.6,3361.3,3167.5,3100.5,3084.5,3065.1,2828.5,2795.5,2776.1,3098.9,2805.9,2699.3,2827,2960,3065.2,3036.1,3033.4,2724.5,2679.5,2808.5,2815.8,2816.6,2977.2,3211.6,3448.4,3463.6,3531.6,3.605
3416.8,5507.1,3415.1,3137.8,3017.1,8.966,7.926,9.868,3318.3,4316.8,4334.1,6.656,10.004,7.352,3401.5,8.196,3878.1,4170.4,4156.4,3840.9,3158,3846.7,3188.2,3763.4,3739.6,4181.2,3255.5,3412.4,3680.9,3008.9,3359.6,2907.4,2928,3078.7,2766.7,2884.3,2932.3,3275.5,3259.1,3136,3189,3333.6,3265.5,3285.7,3383.2,4006.8,3838.8,3478.2,5.28,0,0.605,4.48,5.28,4.48,4.866,6.328,6.436,7.618,9.638,4088.2,4243.1,4218.7,4513.3,4132.3,4133.3,4411.2,3693.6,3482.7,3408.6,3220.7,3198.2,2993.4,3179.5,3132.4,3455.2,3162.2,2983.9,2886.7,2991,3088.8,3103.4,3114.5,2850.7,2727,2869.1,2878.7,2879.9,3141,3572.5,3790,3804.4,3868.2,12.49
3356.3,5446.6,3354.6,3077.3,2956.6,7.756,9.136,8.658,3257.8,4256.3,4273.6,5.446,8.794,6.142,3341,6.986,3817.6,4109.9,4095.9,3780.4,3097.5,3786.2,3127.7,3702.9,3679.1,4120.7,3195,3351.9,3620.4,2948.4,3299.1,2846.9,2867.5,3018.2,2706.2,2823.8,2871.8,3215,3198.6,3075.5,3128.5,3273.1,3205,3225.2,3322.7,3946.3,3778.3,3417.7,6.49,0.605,0,3.27,6.49,3.27,3.656,5.118,5.226,6.408,8.428,4027.7,4182.6,4158.2,4452.8,4071.8,4072.8,4350.7,3633.1,3422.2,3348.1,3160.2,3137.7,2932.9,3119,3071.9,3394.7,3101.7,2923.4,2826.2,2930.5,3028.3,3042.9,3054,2790.2,2666.5,2808.6,2818.2,2819.4,3080.5,3512,3729.5,3743.9,3807.7,13.7
3356.3,5446.2,3353.7,3076.7,2956.4,2.243,24.812,8.658,3257.3,4255.8,4273.1,5.446,8.794,6.142,3340.7,6.986,3817.1,4109.4,4095.5,3779.9,3097.1,3785.7,3127.3,3702.7,3678.8,4120.2,3194.5,3351.3,3620.1,2947.9,3298.8,2846.4,2867,3017.8,2706.1,2823.5,2871.4,3214.5,3198.3,3075.1,3127.8,3272.3,3204.6,3224.3,3321.8,3945.8,3777.8,3417.2,19.52,4.48,3.27,0,19.52,3.27,3.656,5.118,5.226,6.408,8.428,4027.2,4182.1,4157.7,4452.3,4071.4,4072.3,4350.2,3632.9,3421.9,3347.6,3159.9,3137.4,2932.5,3118.5,3071.9,3394.7,3101.7,2922.6,2825.7,2929.8,3027.9,3042.5,3053.6,2789.8,2666.4,2808.1,2817.7,2818.9,3080,3511.7,3729,3743.4,3807.2,33.94
3058.6,5474.9,3232.8,3010.8,2989.4,28.492,1.323,30.296,3159.1,4062.3,4079.6,23.872,30.568,25.264,3261.2,26.952,3634,3844,3830.1,3494.4,3069.1,3499.8,3111.6,3427.7,3373.1,3839.8,3085.1,3039.2,3362.9,2874.1,3211.6,2835.4,2856.1,2902,2712.6,2719.1,2767,3116.3,3118.8,3009.8,3059.2,3254.5,3083.5,3103.4,3200.9,3755.7,3594.7,3249.1,5.28,5.28,6.49,19.52,0,19.52,20.292,23.216,23.432,25.796,29.836,3833.7,3988.6,3958.8,4145.3,3806,3806.9,4052.1,3357.9,3164.7,3097.6,3072.7,3053.4,2816.7,2792.2,2774.2,3097,2804,2697.5,2817.8,2947.5,3056.6,3026.8,3025.6,2713.9,2672.9,2798,2806.8,2807.9,2970.6,3206,3443.1,3457.9,3526.8,12.49
3863.5,5600.9,3571,3297.1,3182.7,7.756,24.812,2.694,3501.2,4602.4,4619.7,1.088,2.762,1.436,3585.4,1.858,4158.5,4495.8,4481.9,4184.2,3330.9,4189.1,3358.9,4128.4,4097.9,4534,3580.2,3727.5,4046.5,3350.8,3723.4,3225.7,3246.9,3484.8,3002.1,3205.6,3253.5,3458.4,3443,3325.6,3348.7,3462.7,3430.1,3441.6,3539.1,4290.7,4119.2,3751.1,19.52,4.48,3.27,3.27,19.52,0,0.193,0.924,0.978,1.569,2.579,4373.8,4528.7,4507.1,4895.3,4457.8,4458.7,4788.7,4058.6,3848.3,3768.9,3584.5,3568.3,3399.5,3612.7,3579.1,3901.9,3608.9,3389.3,3259.8,3265.5,3182.6,3274.1,3287.4,3152.9,2962.4,3192.9,3197.6,3198.2,3465.7,3930.8,4132.4,4147.7,4221,33.94
3844.2,5581.6,3551.7,3277.8,3163.4,8.142,25.584,2.887,3481.9,4583.1,4600.4,0.895,2.569,1.243,3566.1,1.665,4139.2,4476.5,4462.6,4164.9,3311.6,4169.8,3339.6,4109.1,4078.6,4514.7,3560.9,3708.2,4027.2,3331.5,3704.1,3206.4,3227.6,3465.5,2982.8,3186.3,3234.2,3439.1,3423.7,3306.3,3329.4,3443.4,3410.8,3422.3,3519.8,4271.4,4099.9,3731.8,20.292,4.866,3.656,3.656,20.292,0.193,0,0.731,0.785,1.376,2.386,4354.5,4509.4,4487.8,4876,4438.5,4439.4,4769.4,4039.3,3829,3749.6,3565.2,3549,3380.2,3593.4,3559.8,3882.6,3589.6,3370,3240.5,3246.1,3163.3,3254.8,3268.1,3133.6,2943.1,3173.6,3178.3,3178.9,3446.4,3911.5,4113.1,4128.4,4201.7,34.712
3771.1,5508.5,3478.6,3204.7,3090.3,9.604,28.508,3.618,3408.8,4510,4527.3,0.164,3.3,0.512,3493,0.934,4066.1,4403.4,4389.5,4091.8,3238.5,4096.7,3266.5,4036,4005.5,4441.6,3487.8,3635.1,3954.1,3258.4,3631,3133.3,3154.5,3392.4,2909.7,3113.2,3161.1,3366,3350.6,3233.2,3256.3,3370.3,3337.7,3349.2,3446.7,4198.3,4026.8,3658.7,23.216,6.328,5.118,5.118,23.216,0.924,0.731,0,0.054,0.645,1.655,4281.4,4436.3,4414.7,4802.9,4365.4,4366.3,4696.3,3966.2,3755.9,3676.5,3492.1,3475.9,3307.1,3520.3,3486.7,3809.5,3516.5,3296.9,3167.4,3173.1,3090.2,3181.7,3195,3060.5,2870,3100.5,3105.2,3105.8,3373.3,3838.4,4040,4055.3,4128.6,37.636
3765.7,5503.1,3473.2,3199.3,3084.9,9.712,28.724,3.672,3403.4,4504.6,4521.9,0.218,3.354,0.458,3487.6,0.88,4060.7,4398,4384.1,4086.4,3233.1,4091.3,3261.1,4030.6,4000.1,4436.2,3482.4,3629.7,3948.7,3253,3625.6,3127.9,3149.1,3387,2904.3,3107.8,3155.7,3360.6,3345.2,3227.8,3250.9,3364.9,3332.3,3343.8,3441.3,4192.9,4021.4,3653.3,23.432,6.436,5.226,5.226,23.432,0.978,0.785,0.054,0,0.591,1.601,4276,4430.9,4409.3,4797.5,4360,4360.9,4690.9,3960.8,3750.5,3671.1,3486.7,3470.5,3301.7,3514.9,3481.3,3804.1,3511.1,3291.5,3162,3167.6,3084.8,3176.3,3189.6,3055.1,2864.6,3095.1,3099.8,3100.4,3367.9,3833,4034.6,4049.9,4123.2,37.852
3706.6,5444,3414.1,3140.2,3025.8,10.894,31.088,4.263,3344.3,4445.5,4462.8,0.809,3.945,1.049,3428.5,0.289,4001.6,4338.9,4325,4027.3,3174,4032.2,3202,3971.5,3941,4377.1,3423.3,3570.6,3889.6,3193.9,3566.5,3068.8,3090,3327.9,2845.2,3048.7,3096.6,3301.5,3286.1,3168.7,3191.8,3305.8,3273.2,3284.7,3382.2,4133.8,3962.3,3594.2,25.796,7.618,6.408,6.408,25.796,1.569,1.376,0.645,0.591,0,1.01,4216.9,4371.8,4350.2,4738.4,4300.9,4301.8,4631.8,3901.7,3691.4,3612,3427.6,3411.4,3242.6,3455.8,3422.2,3745,3452,3232.4,3102.9,3108.6,3025.7,3117.2,3130.5,2996,2805.5,3036,3040.7,3041.3,3308.8,3773.9,3975.5,3990.8,4064.1,40.216
3605.6,5343,3313.1,3039.2,2924.8,12.914,35.128,5.273,3243.3,4344.5,4361.8,1.819,4.955,2.059,3327.5,1.299,3900.6,4237.9,4224,3926.3,3073,3931.2,3101,3870.5,3840,4276.1,3322.3,3469.6,3788.6,3092.9,3465.5,2967.8,2989,3226.9,2744.2,2947.7,2995.6,3200.5,3185.1,3067.7,3090.8,3204.8,3172.2,3183.7,3281.2,4032.8,3861.3,3493.2,29.836,9.638,8.428,8.428,29.836,2.579,2.386,1.655,1.601,1.01,0,4115.9,4270.8,4249.2,4637.4,4199.9,4200.8,4530.8,3800.7,3590.4,3511,3326.6,3310.4,3141.6,3354.8,3321.2,3644,3351,3131.4,3001.9,3007.5,2924.7,3016.2,3029.5,2895,2704.5,2935,2939.7,2940.3,3207.8,3672.9,3874.5,3889.8,3963.1,44.256
3635,5437.7,3430.2,3148.8,3028.7,4251.5,3966,4643.2,3356.3,2.286,2.459,4297.8,4611.4,4321.8,3442.1,4245.8,4060.1,4081.7,4067.7,3932.4,3183.9,3939.9,3211.9,3872.7,3890.6,4264.9,3376.8,3522.8,3801.5,3148.8,3500.6,3015,3036,3261.5,2800.6,2998,3045.9,3313.5,3299.7,3178.6,3200.2,3313.1,3289.8,3300.8,3398.3,4192.3,4020.8,3652.7,3837.3,4088.2,4027.7,4027.2,3833.7,4373.8,4354.5,4281.4,4276,4216.9,4115.9,0,1.549,4089.6,4481.1,4043.6,4044.6,4374.5,3802.9,3603.3,3528.8,3361.7,3344,3176.2,3386.3,3350.6,3673.4,3380.4,3187.2,3080.1,3089.5,3019.4,3127.1,3140.4,2951.4,2760.9,2980.2,2986.7,2987.5,3262.3,3723.5,3883.2,3895.9,3951.9,4197.8
3789.9,5592.6,3585.1,3303.7,3183.6,4406.4,4120.9,4798.1,3511.2,0.737,0.91,4452.7,4766.3,4476.7,3597,4400.7,4215,4236.6,4222.6,4087.3,3338.8,4094.8,3366.8,4027.6,4045.5,4419.8,3531.7,3677.7,3956.4,3303.7,3655.5,3169.9,3190.9,3416.4,2955.5,3152.9,3200.8,3468.4,3454.6,3333.5,3355.1,3468,3444.7,3455.7,3553.2,4347.2,4175.7,3807.6,3992.2,4243.1,4182.6,4182.1,3988.6,4528.7,4509.4,4436.3,4430.9,4371.8,4270.8,1.549,0,4244.5,4636,4198.5,4199.5,4529.4,3957.8,3758.2,3683.7,3516.6,3498.9,3331.1,3541.2,3505.5,3828.3,3535.3,3342.1,3235,3244.4,3174.3,3282,3295.3,3106.3,2915.8,3135.1,3141.6,3142.4,3417.2,3878.4,4038.1,4050.8,4106.8,4352.7
3599,5325,3292.9,3019,2907.2,4382,4091.1,4776.5,3223.1,4318.2,4335.5,4431.1,4744.7,4455.1,3307.1,4379.1,3874.3,4746.1,4717.5,3922.6,3053,3927,3081.1,3866.4,3828.8,4275.8,3311.1,3458.4,3782.2,3081.8,3456.9,2957.3,2978.6,3218.3,2733,2937.2,2985.1,3180.3,3164.7,3047.7,3070.9,3184.6,3151.3,3163.5,3261,4006.5,3835,3466.9,3962.4,4218.7,4158.2,4157.7,3958.8,4507.1,4487.8,4414.7,4409.3,4350.2,4249.2,4089.6,4244.5,0,4663.1,4693.4,4709,4556.5,3796.6,3584,3504.6,3318,3300.6,3133,3347.8,3314.6,3637.4,3344.4,3120.7,2989.1,2993.6,2906.7,2996.3,3009.5,2883.2,2693.3,2924.3,2929.3,2929.8,3196.6,3661.7,3870.3,3886.1,3962.8,4322.9
3696.5,5499.3,3415.7,3227.2,3140.2,4676.6,4277.6,5164.7,3329.2,4709.7,4727,4819.3,5132.9,4843.3,3450.5,4767.3,4271,4738.1,4740.7,3955.3,3311.6,3968,3337,3868.2,3983.7,4256.3,3452.6,3582.2,3796.4,3225.8,3558.5,3128.5,3150,3334.1,2918.3,3085.9,3133.8,3286.4,3308.1,3304.8,3286.8,3386,3271,3286.3,3383.8,4399.7,4231.7,3871.1,4150.9,4513.3,4452.8,4452.3,4145.3,4895.3,4876,4802.9,4797.5,4738.4,4637.4,4481.1,4636,4663.1,0,4716.6,4701,4166.6,3798.4,3598.2,3522.3,3419.6,3402.7,3248.8,3433.1,3412.1,3734.9,3441.9,3228.7,3228.8,3221.2,3081,3252.2,3268.1,3047.9,2878.6,3097.1,3100.7,3100.9,3338.1,3816.6,3911.3,3918.8,3943.3,4511.4
3412.6,5251.2,3218.3,2935.5,2831.8,4295.7,3938.3,4727.2,3138.2,4272.2,4289.5,4381.8,4695.4,4405.8,3220.4,4329.8,3833.5,4768.4,0.241,3742.3,2971.7,3751.2,3002.7,3653.3,3697.9,4061.4,3191.3,3339.2,3573.7,2941.8,3288.4,2818.7,2840,3045.4,2634.2,2802.9,2850.8,3095.4,3078,2957.9,2994.9,3127.7,3076.9,3088.9,3186.4,3962.2,3794.2,3433.7,3808.9,4132.3,4071.8,4071.4,3806,4457.8,4438.5,4365.4,4360,4300.9,4199.9,4043.6,4198.5,4693.4,4716.6,0,4731.3,4120.3,3583.5,3375.5,3297.9,3149.5,3134.3,2960.1,3175.7,3128.2,3451,3158,2945.5,2819.4,2856.8,2832.9,2917.9,2928.2,2754.8,2594.5,2785.6,2790.7,2791.2,3076.8,3530.8,3694.5,3705.8,3748.4,4169.4
