0,6167.8,3466.2,3402.1,3794.8,3886.4,3706.5,4214.6,3417,3853.4,3870.7,3869.2,4182.8,3893.2,3553.7,3817.2,3601.7,3550.9,3537.5,3785.2,3672.9,3804.8,3737.8,4082.1,3824.7,4026.5,4399.8,4321.2,4439.9,4183.6,4623.6,4149.7,4172.3,4367.1,3977.7,4095.6,4143.5,3374.2,3411.3,3561.6,3425,3392.6,3343.4,3387.1,3434.3,3579.7,3562.4,3542.4,3581.5,3723.1,3662.6,3662.1,3574.2,3945.2,3925.9,3852.8,3847.4,3788.3,3687.3,3624.8,3779.7,3692.9,3633.6,3513.4,3513.8,3782.5,4012.3,4241.7,4481.2,4484.7,4523.3,4281.8,4340.2,2.844,5.476,2.546,4190.4,4080.7,3887.4,3749.5,3653,3629.4,4028.3,3938,4127.5,4123,4122.2,4285.3,3657.6,3748.1,3748.7,3713.5,3942
6167.8,0,5981.7,6190.9,6990.7,5727.3,5643.6,6123.1,6264.7,5876.3,5893.6,5777.7,6091.3,5801.7,6427.2,5725.7,5751.1,5365.2,5352.2,5825.1,6476.6,5845.3,6553.3,3585.8,5953.3,6101.6,6193.4,6079.6,3747,6176.2,6167.2,6072.6,6094,5692.8,5917.9,6028,6075.9,6221.9,6284.8,6331.3,6184.9,6046.5,6126.4,6054,5949.8,5779.5,5711.8,5831.4,5520.2,5564.5,5504,5503,5511.3,5853.7,5834.4,5761.3,5755.9,5696.8,5595.8,5647.7,5802.6,5587.2,5753.1,5328.1,5328.1,3463.1,3539.8,3616.2,3642.7,6028.3,6030.7,5607.5,5729.9,5883.4,6206.2,5913.2,6107.8,6398.1,6676.5,24.183,6468.5,6433.1,6023,5878.2,6040.2,6044.7,6045.1,6078.9,5786.2,5788.6,5788.6,5788.6,5880.7
3466.2,5981.7,0,3904,3678.2,3786.5,3471,4115.5,4064.8,3961.5,3978.8,3770.1,4083.7,3794.1,4176.6,3718.1,3955.2,3501,3487.4,3903.6,3897.4,3941.1,3913.6,3625.9,4166.6,4073.8,3369.4,3263.2,3560.6,3232.8,3366,3193.3,3214.2,3126.6,3040.3,3133.8,3181.7,4022,4034.2,3937.7,4021.3,4136.5,4057.5,4165.2,0.319,3863,3915.9,4079.8,3347.3,3623.5,3563,3562.2,3338.7,3846.1,3826.8,3753.7,3748.3,3689.2,3588.2,3732.9,3887.8,3563.6,3833.5,3463.3,3463.9,3768.8,3556.1,3362.4,3295.4,3227.1,3218.2,3041.3,3132.2,3181.8,3504.6,3211.6,3160.2,3437.3,3530.4,3563.4,3828.8,3853.9,3104.8,3000.6,3157.1,3164.9,3165.8,3254.9,3999.5,3884.4,3867.1,3760.8,3707.8
3402.1,6190.9,3904,0,3761.3,3335.2,3061.5,3888.2,4226.1,3700.3,3717.6,3542.8,3856.4,3566.8,4346.2,3490.8,3633.3,3184.9,3171.6,3668.2,4032.2,3697,4041,3656.3,3854.1,3888.4,3359.2,3260.5,3652.1,3239.2,3400.8,3199.6,3220.6,3040.9,3064.8,3167.8,3215.7,4183.3,4203.8,4119.2,4115.3,3985.8,4087.9,4002.4,3872.1,3637.9,3594,3786.6,2934.1,3171.8,3111.3,3110.9,2929.2,3618.8,3599.5,3526.4,3521,3461.9,3360.9,3471.7,3626.6,3340.5,3589,3147.5,3147.8,3512.6,3586.5,3453.9,3408,3261.9,3254.1,2955.6,3043.5,3117.7,3440.5,3147.5,3195.2,3422.6,3591.8,3772.6,3956.2,3988.7,3149,3025.1,3164.3,3171.3,3172.1,3244.7,3687,3640.3,3631.7,3575.4,3294.6
3794.8,6990.7,3678.2,3761.3,0,3295.5,3196.7,4011,3904.5,3718.8,3736.1,3665.6,3979.2,3689.6,4026.2,3613.6,3521.8,3232.7,3219.8,3707,3999.5,3717.8,4077,1116.3,3707.4,4035.1,3721.2,3629.4,1185.6,3692.7,3882.9,3548.1,3568.9,3398.1,3396.4,3558.7,3606.6,3861.7,3883.8,3852.1,3756.8,3670.4,3764.6,3717.8,3646.3,3606.8,3482.5,3558.8,3075,3131.9,3071.4,3071.2,3064.4,3741.6,3722.3,3649.2,3643.8,3584.7,3483.7,3490.2,3645.1,3482.6,3677.3,3195.7,3195.6,1071.7,1087,1102.3,1107.6,3744,3727.9,3312.8,3466.6,3510.4,3833.2,3540.2,3678.6,3868.4,4075.9,4572.4,3992.2,3956,3527.3,3356.7,3510.7,3519.6,3520.6,3606.7,3540.3,3661.1,3670.5,3722.1,3435.5
3886.4,5727.3,3786.5,3335.2,3295.5,0,33.784,13.144,3525.3,4462.4,4479.7,9.932,13.28,10.628,3601,11.472,4098.9,4316.8,4301.6,4427.2,3370,4445.3,3406.9,4232.4,4370.1,4680,3614.8,3559.8,4167.1,3352.9,3861.2,3321.2,3342.8,3660.8,3169.2,3288.9,3336.8,3482.5,3458.6,3338.4,3432.6,3620.7,3538.7,3669.6,3754.6,4152.4,4059.6,4050.8,28.492,8.966,7.756,2.243,28.492,7.756,8.142,9.604,9.712,10.894,12.914,4233.8,4388.7,4364.4,4530.9,4277.5,4279.7,4428.8,4162.6,3968.9,3901.9,3722.3,3708.8,3575.5,3621.6,3602,3924.8,3631.8,3412.6,3303.6,3255.1,3309,3322.1,3326.5,3234.7,3129.5,3291.4,3293.5,3293.7,3500.3,4203,4388.6,4390.7,4367,42.912
3706.5,5643.6,3471,3061.5,3196.7,33.784,0,35.588,3184,4192.2,4209.5,29.164,35.86,30.556,3275.3,32.244,3763.5,3971.4,3957.1,4172.9,3172.3,4187.8,3232.7,4055.5,4079.8,4439.6,3386.2,3329.2,4051.4,3136.8,3732.1,3152.1,3174,3507.8,3095.9,3176.6,3224.5,3141.2,3132.9,3061.3,3136.1,3342.9,3200.9,3365,3439.1,3885.6,3724.2,3757.4,7.926,7.926,9.136,24.812,1.323,24.812,25.584,28.508,28.724,31.088,35.128,3963.6,4118.5,4088.7,4257.7,3933,3934.3,4164.4,3985.7,3853.2,3806.8,3593.2,3587.2,3422.5,3450.7,3422.1,3744.9,3451.9,3217.8,3083.7,3119.5,3225.3,3147.9,3128.8,3124.2,3056.2,3125.2,3124.7,3124.6,3271.7,3912.7,4131.1,4136.4,4126.6,15.136
4214.6,6123.1,4115.5,3888.2,4011,13.144,35.588,0,3907.8,4717.2,4734.5,3.782,5.456,4.13,4030.2,4.552,4426.3,4613.4,4599.3,4700.1,4188.8,4721,4210.9,4479.6,4713.3,4954.1,3977.6,3901.6,4383.7,3748.7,4102.6,3723.3,3744.7,3921.7,3511,3668.2,3716.1,3865,3887.8,4208.9,3984.4,4035,3895.2,3997.2,4083.6,4405.5,4387,4401,30.296,9.868,8.658,8.658,30.296,2.694,2.887,3.618,3.672,4.263,5.273,4488.6,4643.5,4621.8,4916.1,4575.2,4576.3,4809.5,4409.8,4185.5,4107.9,3963.7,3952.5,3836.4,3938.7,3930.2,4253,3960,3770.8,3949.4,3958,3704.8,4126.1,4145.3,3617.6,3471.3,3692.1,3695.4,3695.8,3863.1,4546.2,4664.3,4663.6,4641.1,44.716
3417,6264.7,4064.8,4226.1,3904.5,3525.3,3184,3907.8,0,3743,3760.3,3562.4,3876,3586.4,4781.6,3510.4,3729.7,3226.8,3213.4,3671.3,4175.4,3706.9,4184.3,3494.9,3959.8,3853.3,3413,3287.9,3490.7,3332.7,3322.9,3290.5,3311.3,3039.2,3170.4,3243,3290.9,0.428,4639.2,4317.9,4274,4164.6,4658.4,4314.2,4032.9,3683.6,3690.4,3918.8,3059.1,3362,3301.5,3301,3051.7,3638.4,3619.1,3546,3540.6,3481.5,3380.5,3514.4,3669.3,3358,3582.4,3189.3,3189.7,3369.9,3425.1,3292.5,3246.7,3184,3180.8,2953.9,3031,3132.6,3455.4,3162.4,3219.2,3550.4,3714.6,3846.4,4099.5,4131.9,3215.4,3130.7,3254,3262,3263,3298.5,3792.7,3650.2,3634.8,3540.3,3419.6
3853.4,5876.3,3961.5,3700.3,3718.8,4462.4,4192.2,4717.2,3743,0,1.647,4371.8,4685.4,4395.8,3865,4319.8,4272.4,4158.5,4144.3,4372,3896.6,4399.2,3918.7,4107,4490.7,4587.7,3643.6,3561.3,4011.1,3434,3758,3406.1,3427.4,3567,3204.7,3351.5,3399.4,3700.2,3722.6,3916.7,3799,3871.9,3735.3,3843,3929.6,4266.3,4233.1,4234,4072.8,4299.3,4238.8,4238.1,4059.9,4447.8,4428.5,4355.4,4350,4290.9,4189.9,2.286,0.737,4163.6,4461.1,4120.2,4121.4,4354.6,4037.2,3812.9,3735.3,3619.1,3603.1,3481.7,3568.9,3569,3891.8,3598.8,3444,3645.9,3659.3,3458,3833.9,3853.1,3315.1,3165,3374.1,3378.1,3378.6,3529.1,4323.6,4342.5,4335.5,4274.7,4433.3
3870.7,5893.6,3978.8,3717.6,3736.1,4479.7,4209.5,4734.5,3760.3,1.647,0,4389.1,4702.7,4413.1,3882.3,4337.1,4289.7,4175.8,4161.6,4389.3,3913.9,4416.5,3936,4124.3,4508,4605,3660.9,3578.6,4028.4,3451.3,3775.3,3423.4,3444.7,3584.3,3222,3368.8,3416.7,3717.5,3739.9,3934,3816.3,3889.2,3752.6,3860.3,3946.9,4283.6,4250.4,4251.3,4090.1,4316.6,4256.1,4255.4,4077.2,4465.1,4445.8,4372.7,4367.3,4308.2,4207.2,2.459,0.91,4180.9,4478.4,4137.5,4138.7,4371.9,4054.5,3830.2,3752.6,3636.4,3620.4,3499,3586.2,3586.3,3909.1,3616.1,3461.3,3663.2,3676.6,3475.3,3851.2,3870.4,3332.4,3182.3,3391.4,3395.4,3395.9,3546.4,4340.9,4359.8,4352.8,4292,4450.6
3869.2,5777.7,3770.1,3542.8,3665.6,9.932,29.164,3.782,3562.4,4371.8,4389.1,0,3.464,0.676,3684.8,1.098,4080.9,4268,4253.9,4354.7,3843.4,4375.6,3865.5,4134.2,4367.9,4608.7,3632.2,3556.2,4038.3,3403.3,3757.2,3377.9,3399.3,3576.3,3165.6,3322.8,3370.7,3519.6,3542.4,3863.5,3639,3689.6,3549.8,3651.8,3738.2,4060.1,4041.6,4055.6,23.872,6.656,5.446,5.446,23.872,1.088,0.895,0.164,0.218,0.809,1.819,4143.2,4298.1,4276.4,4570.7,4229.8,4230.9,4464.1,4064.4,3840.1,3762.5,3618.3,3607.1,3491,3593.3,3584.8,3907.6,3614.6,3425.4,3604,3612.6,3359.4,3780.7,3799.9,3272.2,3125.9,3346.7,3350,3350.4,3517.7,4200.8,4318.9,4318.2,4295.7,38.292
4182.8,6091.3,4083.7,3856.4,3979.2,13.28,35.86,5.456,3876,4685.4,4702.7,3.464,0,3.812,3998.4,4.234,4394.5,4581.6,4567.5,4668.3,4157,4689.2,4179.1,4447.8,4681.5,4922.3,3945.8,3869.8,4351.9,3716.9,4070.8,3691.5,3712.9,3889.9,3479.2,3636.4,3684.3,3833.2,3856,4177.1,3952.6,4003.2,3863.4,3965.4,4051.8,4373.7,4355.2,4369.2,30.568,10.004,8.794,8.794,30.568,2.762,2.569,3.3,3.354,3.945,4.955,4456.8,4611.7,4590,4884.3,4543.4,4544.5,4777.7,4378,4153.7,4076.1,3931.9,3920.7,3804.6,3906.9,3898.4,4221.2,3928.2,3739,3917.6,3926.2,3673,4094.3,4113.5,3585.8,3439.5,3660.3,3663.6,3664,3831.3,4514.4,4632.5,4631.8,4609.3,44.988
3893.2,5801.7,3794.1,3566.8,3689.6,10.628,30.556,4.13,3586.4,4395.8,4413.1,0.676,3.812,0,3708.8,1.338,4104.9,4292,4277.9,4378.7,3867.4,4399.6,3889.5,4158.2,4391.9,4632.7,3656.2,3580.2,4062.3,3427.3,3781.2,3401.9,3423.3,3600.3,3189.6,3346.8,3394.7,3543.6,3566.4,3887.5,3663,3713.6,3573.8,3675.8,3762.2,4084.1,4065.6,4079.6,25.264,7.352,6.142,6.142,25.264,1.436,1.243,0.512,0.458,1.049,2.059,4167.2,4322.1,4300.4,4594.7,4253.8,4254.9,4488.1,4088.4,3864.1,3786.5,3642.3,3631.1,3515,3617.3,3608.8,3931.6,3638.6,3449.4,3628,3636.6,3383.4,3804.7,3823.9,3296.2,3149.9,3370.7,3374,3374.4,3541.7,4224.8,4342.9,4342.2,4319.7,39.684
3553.7,6427.2,4176.6,4346.2,4026.2,3601,3275.3,4030.2,4781.6,3865,3882.3,3684.8,3998.4,3708.8,0,3632.8,3848.7,3348.5,3334.9,3808.3,4297.1,3841.8,4306,3668.9,4066.5,4002.7,3550.8,3435.6,3664.8,3446,3495.2,3429.6,3450.4,3169.5,3307.6,3368,3415.9,4738.8,1.424,4599.9,4366.8,4255.8,4575.7,4358.6,4144.7,3803.4,3809.4,4034.5,3144.7,3437.4,3376.9,3376.7,3143,3760.8,3741.5,3668.4,3663,3603.9,3502.9,3636.4,3791.3,3480.9,3721.4,3310.8,3311.4,3532.5,3599.1,3466.6,3420.7,3356.3,3352.5,3084.2,3161.6,3269.3,3592.1,3299.1,3349,3667.2,3831.5,4008.9,4221.2,4253.6,3355.9,3267.9,3393,3401.1,3402.1,3436.3,3899.4,3785.1,3771.8,3689.7,3505.2
3817.2,5725.7,3718.1,3490.8,3613.6,11.472,32.244,4.552,3510.4,4319.8,4337.1,1.098,4.234,1.338,3632.8,0,4028.9,4216,4201.9,4302.7,3791.4,4323.6,3813.5,4082.2,4315.9,4556.7,3580.2,3504.2,3986.3,3351.3,3705.2,3325.9,3347.3,3524.3,3113.6,3270.8,3318.7,3467.6,3490.4,3811.5,3587,3637.6,3497.8,3599.8,3686.2,4008.1,3989.6,4003.6,26.952,8.196,6.986,6.986,26.952,1.858,1.665,0.934,0.88,0.289,1.299,4091.2,4246.1,4224.4,4518.7,4177.8,4178.9,4412.1,4012.4,3788.1,3710.5,3566.3,3555.1,3439,3541.3,3532.8,3855.6,3562.6,3373.4,3552,3560.6,3307.4,3728.7,3747.9,3220.2,3073.9,3294.7,3298,3298.4,3465.7,4148.8,4266.9,4266.2,4243.7,41.372
3601.7,5751.1,3955.2,3633.3,3521.8,4098.9,3763.5,4426.3,3729.7,4272.4,4289.7,4080.9,4394.5,4104.9,3848.7,4028.9,0,3807.3,3793.7,4095.7,3699.6,4130,3721.7,3818,4336.3,4275.2,3438.5,3353.4,3752.7,3245.8,3534.7,3223.7,3245.2,3333.6,3047.5,3177.3,3225.2,3686.9,3706.3,3717.7,3744.8,3848.8,3730.3,3847.9,3923.3,4506.5,0.393,4309.9,3637.1,3935.4,3874.9,3874.6,3631.2,4156.9,4137.6,4064.5,4059.1,4000,3899,4043.8,4198.7,3874.4,4054.6,3769.6,3770.2,3968.6,3748.2,3554.5,3487.4,3395.8,3385.3,3248.3,3299.6,3317.3,3640.1,3347.1,3244.5,3400.3,3420.2,3332.8,3636.9,3656.1,3137.6,3007.8,3192.4,3195.9,3196.2,3324,4169.2,4073.3,4059.2,3962.2,3997.6
3550.9,5365.2,3501,3184.9,3232.7,4316.8,3971.4,4613.4,3226.8,4158.5,4175.8,4268,4581.6,4292,3348.5,4216,3807.3,0,4543.9,4040,3369.2,4065,3397.2,3804.5,4083.4,4263.5,3328.2,3263.1,3728.9,3066.7,3487.1,3046.5,3067.9,3314.7,2872.6,2988,3035.9,3184,3206.1,3364.8,3311.2,3407.3,3243.2,3383.9,3469.1,3848.4,3768,3772.7,3850.6,4154.1,4093.6,4092.5,3839.1,4344,4324.7,4251.6,4246.2,4187.1,4086.1,3929.9,4084.8,4497.5,4489.6,4519.8,0.371,4004.8,3734.7,3530.7,3460.2,3348.2,3336.9,3229.4,3278.3,3266.5,3589.3,3296.3,3092.7,3119.8,3074.7,2946.9,3312.4,3325.7,2938.8,2832.9,3015.8,3018.6,3019,3213.7,3916.3,4008.3,4003.5,3950.5,4211.1
3537.5,5352.2,3487.4,3171.6,3219.8,4301.6,3957.1,4599.3,3213.4,4144.3,4161.6,4253.9,4567.5,4277.9,3334.9,4201.9,3793.7,4543.9,0,4027.4,3356.3,4052.5,3384.3,3791.1,4069,4250.4,3315.7,3251.5,3715.6,3053.4,3474.6,3033.7,3055.1,3302.7,2859.9,2975.3,3023.2,3170.6,3192.5,3352.1,3298.2,3393.6,3230,3370.4,3455.5,3834.3,3754.4,3759.1,3835.9,4138.9,4078.4,4077.3,3824.8,4329.9,4310.6,4237.5,4232.1,4173,4072,3915.7,4070.6,4468.9,4492.1,0.241,4506.8,3992.8,3721.3,3517.4,3446.9,3335.7,3325,3217.4,3265.3,3253.1,3575.9,3282.9,3079.3,3106.8,3062,2933.9,3299.5,3312.8,2926.9,2820.2,3002.7,3005.8,3006.2,3201.2,3901.9,3995.8,3990.9,3937.4,4196.4
3785.2,5825.1,3903.6,3668.2,3707,4427.2,4172.9,4700.1,3671.3,4372,4389.3,4354.7,4668.3,4378.7,3808.3,4302.7,4095.7,4040,4027.4,0,3884.9,4773.9,3907,4011.9,4514.5,4901,3563.3,3495.8,3931.3,3322.5,3728,3328.1,3349.7,3548.6,3166.1,3252.9,3300.8,3628.5,3665.9,3903.2,3801.9,3846.7,3693.9,3819.1,3871.7,4113.3,4056.4,4165.2,4053,4263.8,4203.3,4202.9,4040.6,4430.7,4411.4,4338.3,4332.9,4273.8,4172.8,4143.4,4298.3,4174.6,4096.7,4003.3,4002.9,4562,3942.1,3733.1,3660.8,3589.1,3580.8,3463.3,3509.8,3500.8,3823.6,3530.6,3322.4,3480.2,3488.8,3406.8,3822.2,3841.4,3210.7,3126.4,3297.8,3300.4,3300.6,3448.8,4347.4,4717.2,0.365,4588,4413.5
3672.9,6476.6,3897.4,4032.2,3999.5,3370,3172.3,4188.8,4175.4,3896.6,3913.9,3843.4,4157,3867.4,4297.1,3791.4,3699.6,3369.2,3356.3,3884.9,0,3895.6,4301.4,1119.1,3885.3,4213,3599.3,3507.5,1188.3,3529.5,3761.1,3426.2,3447,3307.3,3305.5,3436.8,3484.7,4132.6,4154.7,4148.9,4027.7,3920.6,4035.5,3968,3865.5,3826,3660.3,3778,3045.7,3206.4,3145.9,3145.7,3040,3919.4,3900.1,3827,3821.6,3762.5,3661.5,3668,3822.9,3660.5,3855.2,3332.2,3332.1,1074.5,1089.8,1105.1,1110.4,3622.2,3606.1,3222,3344.7,3388.5,3711.3,3418.3,3515.4,3663.8,3871.3,4058.3,4216.6,0.435,3405.4,3265.8,3388.9,3397.7,3398.7,3484.8,3718.2,3838.9,3848.4,3900,3406.2
3804.8,5845.3,3941.1,3697,3717.8,4445.3,4187.8,4721,3706.9,4399.2,4416.5,4375.6,4689.2,4399.6,3841.8,4323.6,4130,4065,4052.5,4773.9,3895.6,0,3917.8,4040.5,4563.6,4892.3,3581.9,3517.1,3959.9,3343.8,3757,3350.8,3372.6,3572.3,3192.5,3279.5,3327.4,3664.1,3699.4,3913.9,3831,3881,3728.3,3855.9,3909.2,4144.5,4090.7,4214.3,4067.2,4281.9,4221.4,4221,4055.5,4451.6,4432.3,4359.2,4353.8,4294.7,4193.7,4170.6,4325.5,4194.3,4129,4028.4,4027.9,4553.3,3970.7,3761.7,3689.4,3618.1,3608,3487,3531.7,3520.4,3843.2,3550.2,3343.3,3495.1,3503.7,3427,3833,3852.1,3236.2,3152.8,3322.1,3323.3,3323.3,3467.4,4396.5,0.567,4737.4,4579.3,4427.7
3737.8,6553.3,3913.6,4041,4077,3406.9,3232.7,4210.9,4184.3,3918.7,3936,3865.5,4179.1,3889.5,4306,3813.5,3721.7,3397.2,3384.3,3907,4301.4,3917.8,0,1138.7,3907.4,4235.1,3664.2,3572.4,1207.9,3600.3,3826,3491.2,3511.9,3367.8,3366,3501.7,3549.6,4141.5,4163.6,4154,4036.6,3932.4,4044.3,3979.8,3881.7,3842.2,3682.4,3794.2,3107.4,3243.2,3182.7,3182.6,3100.4,3941.5,3922.2,3849.1,3843.7,3784.6,3683.6,3690.1,3845,3682.6,3877.3,3360.2,3360.1,1094,1109.3,1124.6,1129.9,3687.1,3671,3282.5,3409.6,3453.4,3776.2,3483.2,3586.2,3740.6,3948,4135,0.848,4257.9,3470.3,3326.3,3453.8,3462.6,3463.7,3549.7,3740.3,3861.1,3870.5,3922.1,3467.9
4082.1,3585.8,3625.9,3656.3,1116.3,4232.4,4055.5,4479.6,3494.9,4107,4124.3,4134.2,4447.8,4158.2,3668.9,4082.2,3818,3804.5,3791.1,4011.9,1119.1,4040.5,1138.7,0,4085.4,4226.9,3834.1,3764.2,4227.4,3588.3,3971.4,3565.1,3586.3,3837.8,3343.3,3481.2,3529.1,3452.1,3526.5,1094.5,3807,3610.7,3499.1,3552.1,3594,3831.1,3778.7,3788.9,3934.5,4069.1,4008.6,4008.1,3923.2,4210.2,4190.9,4117.8,4112.4,4053.3,3952.3,3878.4,4033.3,3960,3824.7,3767,3767.4,4028.7,0.698,4029.2,3942.8,3832.5,3824.4,3752.5,3843.5,3797.7,4120.5,3827.5,3577.5,1811.7,1727.4,1989.7,1103,1100.8,3423.3,3303.6,3531.9,3537,3537.6,3719.6,3918.3,3983.8,3975.4,3913.9,4295
3824.7,5953.3,4166.6,3854.1,3707.4,4370.1,4079.8,4713.3,3959.8,4490.7,4508,4367.9,4681.5,4391.9,4066.5,4315.9,4336.3,4083.4,4069,4514.5,3885.3,4563.6,3907.4,4085.4,0,4632.9,3630.6,3557.2,4004.8,3418.1,3794.5,3400.7,3422.1,3578.6,3276.5,3354.9,3402.8,3917,3924.1,3903.6,3978.6,4109.2,3960.5,4086.2,4134.7,4297.7,4297,4694.5,3955.4,4206.8,4146.3,4145.8,3947.5,4443.9,4424.6,4351.5,4346.1,4287,4186,4262.1,4417,4168.3,4261.9,4044.9,4046.3,4294,4015.6,3806.6,3734.3,3655.6,3644.4,3493.3,3544.2,3540.3,3863.1,3570.1,3400.2,3524.1,3546.2,3535,3822.6,3841.8,3308.7,3236.8,3369,3372.8,3373.2,3516.1,1.671,4506.9,4478,4319.9,4315.9
4026.5,6101.6,4073.8,3888.4,4035.1,4680,4439.6,4954.1,3853.3,4587.7,4605,4608.7,4922.3,4632.7,4002.7,4556.7,4275.2,4263.5,4250.4,4901,4213,4892.3,4235.1,4226.9,4632.9,0,3822.8,3752.1,4146.3,3569,3939.2,3568.6,3590.2,3785.9,3387.9,3488.3,3536.2,3810.5,3860.3,4231.3,4022,4029.8,3883.9,3989.3,4041.9,4313.8,4235.9,4283.7,4319.2,4516.9,4456.4,4455.7,4307.3,4684.7,4665.4,4592.3,4586.9,4527.8,4426.8,4359.1,4514,4434.2,4293.2,4226.3,4226.4,4996.6,4157.1,3948.1,3875.8,3800.3,3796.3,3700.6,3750.6,3742.1,4064.9,3771.9,3562.1,3785.7,3794.4,3683.3,4150.3,4169.5,3440.6,3348.2,3538,3540.9,3541.1,3708.3,4465.8,4835.6,4864.5,3.13,4679.7
4399.8,6193.4,3369.4,3359.2,3721.2,3614.8,3386.2,3977.6,3413,3643.6,3660.9,3632.2,3945.8,3656.2,3550.8,3580.2,3438.5,3328.2,3315.7,3563.3,3599.3,3581.9,3664.2,3834.1,3630.6,3822.8,0,4504.4,4181.7,4408.2,4200.2,4176.2,4196.8,3978.7,4004.8,4109.4,4157.3,3370.2,3408.4,3488,3368.1,3305.8,3307.3,3305,3337.5,3391.8,3399.2,3388.6,3256.1,3451.5,3391,3390.5,3253.9,3708.2,3688.9,3615.8,3610.4,3551.3,3450.3,3415,3569.9,3453.7,3443.9,3291.6,3291.1,3544.7,3764.3,3983.5,4101.3,4061.3,4081.1,3893.4,3977.7,4115.4,4438.2,4145.2,4172.7,4160.3,3919.8,3775.1,3579.4,3555.8,4098.2,3965.1,4136.6,4147.5,4148.7,1.145,3463.5,3525.2,3526.8,3509.8,3616.6
4321.2,6079.6,3263.2,3260.5,3629.4,3559.8,3329.2,3901.6,3287.9,3561.3,3578.6,3556.2,3869.8,3580.2,3435.6,3504.2,3353.4,3263.1,3251.5,3495.8,3507.5,3517.1,3572.4,3764.2,3557.2,3752.1,4504.4,0,4111.8,4219.6,4130.1,4038.4,4058.9,3926.9,3860.1,3963.4,4011.3,3245.1,3293.2,3396.2,3273,3215.8,3191.9,3198.3,3231.3,3304.3,3314.1,3307.2,3199.1,3396.5,3336,3335.5,3196.9,3632.2,3612.9,3539.8,3534.4,3475.3,3374.3,3332.7,3487.6,3377.6,3372.4,3227.4,3226,3474.7,3694.4,3913.6,4060.9,3991.2,4009.8,3841.6,3921.7,4036.8,4359.6,4066.6,4039.8,4046,3813.3,3661.3,3487.6,3464,3945.2,3820.4,3999.8,4009.6,4010.9,4389.9,3390.1,3460.4,3459.3,3439.1,3559.6
4439.9,3747,3560.6,3652.1,1185.6,4167.1,4051.4,4383.7,3490.7,4011.1,4028.4,4038.3,4351.9,4062.3,3664.8,3986.3,3752.7,3728.9,3715.6,3931.3,1188.3,3959.9,1207.9,4227.4,4004.8,4146.3,4181.7,4111.8,0,3935.9,4319,3902.6,3923.7,4180.3,3665.5,3818.6,3866.5,3447.9,3522.4,1163.7,3772.3,3545.4,3464.3,3486.8,3528.7,3735.2,3713.4,3708.3,3930.4,4003.8,3943.3,3942.8,3919.1,4114.3,4095,4021.9,4016.5,3957.4,3856.4,3782.5,3937.4,3864,3744.1,3691.5,3691.8,3907.3,4157.6,1.982,4321,4180.1,4172,4095,4201.3,4155.5,4478.3,4185.3,3935.3,1984.3,1900,2151,1172.3,1170.1,3760.7,3625.8,3869.3,3874.4,3875.1,4067.2,3837.7,3903.2,3894.8,3833.3,4290.9
4183.6,6176.2,3232.8,3239.2,3692.7,3352.9,3136.8,3748.7,3332.7,3434,3451.3,3403.3,3716.9,3427.3,3446,3351.3,3245.8,3066.7,3053.4,3322.5,3529.5,3343.8,3600.3,3588.3,3418.1,3569,4408.2,4219.6,3935.9,0,3955.5,4288.3,4305.7,3699.3,4216.2,4351.1,4399,3289.9,3303.6,3401.2,3239.7,3151.8,3213.1,3188.2,3200.9,3207.3,3206.5,3193.4,3007.8,3189.6,3129.1,3128.6,3004.5,3479.3,3460,3386.9,3381.5,3322.4,3221.4,3205.4,3360.3,3220.9,3196.3,3029.3,3029.6,3298.8,3518.5,3737.7,3816.5,3816.6,3849.1,3614,3709.5,3899.2,4222,3929,4221.5,4124.7,3847.9,3757.9,3515.5,3486,4485.8,4176.5,4224,4256.4,4260.8,4293.7,3251,3287.1,3286,3256,3368.3
4623.6,6167.2,3366,3400.8,3882.9,3861.2,3732.1,4102.6,3322.9,3758,3775.3,3757.2,4070.8,3781.2,3495.2,3705.2,3534.7,3487.1,3474.6,3728,3761.1,3757,3826,3971.4,3794.5,3939.2,4200.2,4130.1,4319,3955.5,0,3919.3,3940.6,4403.1,3676.2,3837.3,3885.2,3280.1,3352.8,3649.7,3449.3,3376.3,3264,3294,3334.1,3492.3,3495.4,3498.5,3603.7,3698.1,3637.6,3636.9,3599.8,3833.2,3813.9,3740.8,3735.4,3676.3,3575.3,3529.4,3684.3,3580.6,3547.2,3450.5,3450,3681.9,3901.6,4120.8,4407.6,1.389,4371.8,4317.8,4551.3,4339.2,4662,4369,3980.4,4162.3,3941.3,3748.9,3741.2,3717.6,3776.9,3636.5,3887.3,3891.3,3891.8,4085.7,3627.4,3700.3,3691.5,3626.2,3964.2
4149.7,6072.6,3193.3,3199.6,3548.1,3321.2,3152.1,3723.3,3290.5,3406.1,3423.4,3377.9,3691.5,3401.9,3429.6,3325.9,3223.7,3046.5,3033.7,3328.1,3426.2,3350.8,3491.2,3565.1,3400.7,3568.6,4176.2,4038.4,3902.6,4288.3,3919.3,0,4448.3,3660.5,4356.4,4491.3,4539.2,3247.7,3287.2,3314.9,3196.8,3120.2,3166.1,3140.2,3161.4,3162.2,3184.4,3158.4,3021.4,3157.8,3097.3,3096.9,3019.8,3453.9,3434.6,3361.5,3356.1,3297,3196,3177.5,3332.4,3196.9,3191.1,3009.6,3009.4,3285.9,3495.3,3704.4,3778.2,3780.4,3814.3,3575.2,3665.2,3865.3,4188.1,3895.1,4361.7,4015.5,3783.5,3654.3,3406.4,3382.7,4626,4316.7,4366.6,4399,0.275,4061.7,3233.6,3294.1,3291.6,3255.6,3381.9
4172.3,6094,3214.2,3220.6,3568.9,3342.8,3174,3744.7,3311.3,3427.4,3444.7,3399.3,3712.9,3423.3,3450.4,3347.3,3245.2,3067.9,3055.1,3349.7,3447,3372.6,3511.9,3586.3,3422.1,3590.2,4196.8,4058.9,3923.7,4305.7,3940.6,4448.3,0,3683,4382.4,4517.3,4565.2,3268.5,3308,3335.6,3217.8,3141,3186.7,3161,3182.3,3183.4,3205.9,3179.2,3043.4,3179.5,3119,3118.5,3041.7,3475.3,3456,3382.9,3377.5,3318.4,3217.4,3198.8,3353.7,3218.3,3212.3,3031,3030.8,3307.1,3516.5,3725.5,3799.4,3801.7,3835.6,3597.7,3687.3,3887.9,4210.7,3917.7,4387.7,4035.6,3804.6,3675.7,3427.1,3403.5,4652,4342.7,4392.7,0.493,4420.8,4082.3,3255,3315.9,3313.2,3277.2,3403.9
4367.1,5692.8,3126.6,3040.9,3398.1,3660.8,3507.8,3921.7,3039.2,3567,3584.3,3576.3,3889.9,3600.3,3169.5,3524.3,3333.6,3314.7,3302.7,3548.6,3307.3,3572.3,3367.8,3837.8,3578.6,3785.9,3978.7,3926.9,4180.3,3699.3,4403.1,3660.5,3683,0,3464.6,3600.3,3648.2,2996.4,3027.1,3208.6,3092.7,3075.1,2971.2,3034.3,3094.7,3299.5,3294.3,3268.9,3383.1,3497.5,3437,3436.5,3375.5,3652.3,3633,3559.9,3554.5,3495.4,3394.4,3338.4,3493.3,3400,3397.2,3278.6,3277.6,3553.5,3768,3982.1,4260.7,4264.2,4632.6,0.853,4590.3,4082.7,4405.5,4112.5,3723.9,3642.7,3477.1,3274.5,3283,3263.8,3543.7,3424.9,3636.4,3633.7,3633,3864.2,3411.5,3515.6,3512.1,3472.9,3743.6
3977.7,5917.9,3040.3,3064.8,3396.4,3169.2,3095.9,3511,3170.4,3204.7,3222,3165.6,3479.2,3189.6,3307.6,3113.6,3047.5,2872.6,2859.9,3166.1,3305.5,3192.5,3366,3343.3,3276.5,3387.9,4004.8,3860.1,3665.5,4216.2,3676.2,4356.4,4382.4,3464.6,0,4230.7,4278.6,3127.6,3165.2,3206.9,3062.4,2974.6,3027.5,2988,3008.4,2959.8,3008.2,3016.4,2975.4,3005.6,2945.1,2944.9,2963.6,3241.6,3222.3,3149.2,3143.8,3084.7,2983.7,2976.1,3131,2982.1,3014.6,2835.8,2835.5,3079.4,3273.5,3467.3,3534.3,3537.3,3571.1,3379.3,3490.1,3693.3,4016.1,3723.1,4101.1,3849.4,3665.5,3499.6,3281.2,3262,4740.1,0.397,4734.3,4333.1,4328.9,3890.3,3109.4,3135.8,3129.6,3074.9,3335.9
4095.6,6028,3133.8,3167.8,3558.7,3288.9,3176.6,3668.2,3243,3351.5,3368.8,3322.8,3636.4,3346.8,3368,3270.8,3177.3,2988,2975.3,3252.9,3436.8,3279.5,3501.7,3481.2,3354.9,3488.3,4109.4,3963.4,3818.6,4351.1,3837.3,4491.3,4517.3,3600.3,4230.7,0,0.479,3200.2,3225.6,3325.4,3164.9,3066.8,3108,3076.1,3101.9,3099.2,3138,3106.1,3056.7,3125.6,3065.1,3064.6,3044.3,3398.8,3379.5,3306.4,3301,3241.9,3140.9,3122.9,3277.8,3139.6,3122.6,2951.2,2950.9,3202,3411.4,3620.4,3695.2,3698.4,3733.7,3515,3603.5,3811.2,4134,3841,4243.5,3977.2,3749.9,3609.7,3416.9,3393.3,4238.3,4191,4499.8,4468,4463.8,3994.9,3187.8,3222.8,3216.4,3175.3,3417.2
4143.5,6075.9,3181.7,3215.7,3606.6,3336.8,3224.5,3716.1,3290.9,3399.4,3416.7,3370.7,3684.3,3394.7,3415.9,3318.7,3225.2,3035.9,3023.2,3300.8,3484.7,3327.4,3549.6,3529.1,3402.8,3536.2,4157.3,4011.3,3866.5,4399,3885.2,4539.2,4565.2,3648.2,4278.6,0.479,0,3248.1,3273.5,3373.3,3212.8,3114.7,3155.9,3124,3149.8,3147.1,3185.9,3154,3104.6,3173.5,3113,3112.5,3092.2,3446.7,3427.4,3354.3,3348.9,3289.8,3188.8,3170.8,3325.7,3187.5,3170.5,2999.1,2998.8,3249.9,3459.3,3668.3,3743.1,3746.3,3781.6,3562.9,3651.4,3859.1,4181.9,3888.9,4291.4,4025.1,3797.8,3657.6,3464.8,3441.2,4286.2,4238.9,4547.7,4515.9,4511.7,4042.8,3235.7,3270.7,3264.3,3223.2,3465.1
3374.2,6221.9,4022,4183.3,3861.7,3482.5,3141.2,3865,0.428,3700.2,3717.5,3519.6,3833.2,3543.6,4738.8,3467.6,3686.9,3184,3170.6,3628.5,4132.6,3664.1,4141.5,3452.1,3917,3810.5,3370.2,3245.1,3447.9,3289.9,3280.1,3247.7,3268.5,2996.4,3127.6,3200.2,3248.1,0,4596.4,4275.1,4231.2,4121.8,4615.6,4271.4,3990.1,3640.8,3647.6,3876,3016.3,3319.2,3258.7,3258.2,3008.9,3595.6,3576.3,3503.2,3497.8,3438.7,3337.7,3471.6,3626.5,3315.2,3539.6,3146.5,3146.9,3328.8,3382.3,3249.7,3203.9,3141.2,3138,2911.1,2988.2,3089.8,3412.6,3119.6,3176.4,3507.6,3671.8,3803.6,4056.7,4089.1,3172.6,3087.9,3211.2,3219.2,3220.2,3255.7,3749.9,3607.4,3592,3497.5,3376.8
3411.3,6284.8,4034.2,4203.8,3883.8,3458.6,3132.9,3887.8,4639.2,3722.6,3739.9,3542.4,3856,3566.4,1.424,3490.4,3706.3,3206.1,3192.5,3665.9,4154.7,3699.4,4163.6,3526.5,3924.1,3860.3,3408.4,3293.2,3522.4,3303.6,3352.8,3287.2,3308,3027.1,3165.2,3225.6,3273.5,4596.4,0,4457.5,4224.4,4113.4,4433.3,4216.2,4002.3,3661,3667,3892.1,3002.3,3295,3234.5,3234.3,3000.6,3618.4,3599.1,3526,3520.6,3461.5,3360.5,3494,3648.9,3338.5,3579,3168.4,3169,3395.8,3456.7,3324.2,3278.3,3213.9,3210.1,2941.8,3019.2,3126.9,3449.7,3156.7,3206.6,3524.8,3689.1,3866.5,4078.8,4111.2,3213.5,3125.5,3250.6,3258.7,3259.7,3293.9,3757,3642.7,3629.4,3547.3,3362.8
3561.6,6331.3,3937.7,4119.2,3852.1,3338.4,3061.3,4208.9,4317.9,3916.7,3934,3863.5,4177.1,3887.5,4599.9,3811.5,3717.7,3364.8,3352.1,3903.2,4148.9,3913.9,4154,1094.5,3903.6,4231.3,3488,3396.2,1163.7,3401.2,3649.7,3314.9,3335.6,3208.6,3206.9,3325.4,3373.3,4275.1,4457.5,0,4111.8,3986.3,4111.9,4026.2,3905.8,3878.4,3678.4,3815.1,2934,3175,3114.5,3114.1,2929,3939.5,3920.2,3847.1,3841.7,3782.6,3681.6,3688.1,3843,3680.5,3873.5,3328,3327.7,1049.8,1065.2,1080.5,1085.7,3510.8,3494.7,3123.3,3233.4,3277.2,3600,3307,3387.1,3518.6,3726,3913,4069.2,4105.4,3294.1,3167.2,3277.5,3286.3,3287.4,3373.5,3736.5,3857.2,3866.7,3918.3,3294.5
3425,6184.9,4021.3,4115.3,3756.8,3432.6,3136.1,3984.4,4274,3799,3816.3,3639,3952.6,3663,4366.8,3587,3744.8,3311.2,3298.2,3801.9,4027.7,3831,4036.6,3807,3978.6,4022,3368.1,3273,3772.3,3239.7,3449.3,3196.8,3217.8,3092.7,3062.4,3164.9,3212.8,4231.2,4224.4,4111.8,0,4127.5,4188.5,4141.4,3989.4,3728.9,3705.5,3892.9,3008.5,3269,3208.5,3208.3,3003.8,3715,3695.7,3622.6,3617.2,3558.1,3457.1,3570.4,3725.3,3436.1,3727.2,3274.1,3274.1,3350.7,3737.2,3574.1,3517.6,3310.4,3298.2,3007.4,3096,3140.6,3463.4,3170.4,3202.4,3421.7,3590,3766.6,3951.8,3984.2,3145.4,3022.7,3161,3168.5,3169.3,3253.6,3811.5,3774.3,3765.4,3709,3369
3392.6,6046.5,4136.5,3985.8,3670.4,3620.7,3342.9,4035,4164.6,3871.9,3889.2,3689.6,4003.2,3713.6,4255.8,3637.6,3848.8,3407.3,3393.6,3846.7,3920.6,3881,3932.4,3610.7,4109.2,4029.8,3305.8,3215.8,3545.4,3151.8,3376.3,3120.2,3141,3075.1,2974.6,3066.8,3114.7,4121.8,4113.4,3986.3,4127.5,0,4146.5,4192.7,4104.6,3799.8,3809.5,3995,3218.4,3457.3,3396.8,3396.4,3210.6,3765.6,3746.3,3673.2,3667.8,3608.7,3507.7,3643.3,3798.2,3484,3759.5,3369.5,3370.2,3739.9,3540.9,3347.2,3280.2,3237.4,3224.8,2989.8,3086.2,3108.2,3431,3138,3098.6,3352.5,3483.4,3628.2,3847.6,3877.1,3045.6,2934.9,3082.8,3091.7,3092.7,3191.3,3942.1,3824.3,3810.2,3716.8,3578.9
3343.4,6126.4,4057.5,4087.9,3764.6,3538.7,3200.9,3895.2,4658.4,3735.3,3752.6,3549.8,3863.4,3573.8,4575.7,3497.8,3730.3,3243.2,3230,3693.9,4035.5,3728.3,4044.3,3499.1,3960.5,3883.9,3307.3,3191.9,3464.3,3213.1,3264,3166.1,3186.7,2971.2,3027.5,3108,3155.9,4615.6,4433.3,4111.9,4188.5,4146.5,0,4311.7,4025.6,3662.1,3691,3888.6,3073.6,3375.6,3315.1,3314.4,3068.6,3625.8,3606.5,3533.4,3528,3468.9,3367.9,3506.7,3661.6,3344.3,3619,3205.9,3206.1,3109.8,3429.3,3266.1,3209.7,3125.1,3118.7,2885.9,2976,3059,3381.8,3088.8,3108.7,3437.5,3601.8,3708.1,3959.5,3992,3083.9,2987.8,3128.1,3137.4,3138.6,3192.8,3793.4,3671.6,3657.4,3570.9,3434.1
3387.1,6054,4165.2,4002.4,3717.8,3669.6,3365,3997.2,4314.2,3843,3860.3,3651.8,3965.4,3675.8,4358.6,3599.8,3847.9,3383.9,3370.4,3819.1,3968,3855.9,3979.8,3552.1,4086.2,3989.3,3305,3198.3,3486.8,3188.2,3294,3140.2,3161,3034.3,2988,3076.1,3124,4271.4,4216.2,4026.2,4141.4,4192.7,4311.7,0,4133.3,3735.6,3808.6,4006,3241.3,3506.5,3446,3445.3,3232.7,3727.8,3708.5,3635.4,3630,3570.9,3469.9,3614.4,3769.3,3445.3,3740.9,3346.3,3346.8,3697.1,3482.3,3288.6,3221.5,3155.1,3146.4,2949,3049.7,3102.7,3425.5,3132.5,3096.8,3426.6,3564.9,3635.7,3895,3924.5,3051.8,2948.3,3102.6,3111.7,3112.7,3190.5,3919.1,3799.2,3782.6,3676.3,3601.8
3434.3,5949.8,0.319,3872.1,3646.3,3754.6,3439.1,4083.6,4032.9,3929.6,3946.9,3738.2,4051.8,3762.2,4144.7,3686.2,3923.3,3469.1,3455.5,3871.7,3865.5,3909.2,3881.7,3594,4134.7,4041.9,3337.5,3231.3,3528.7,3200.9,3334.1,3161.4,3182.3,3094.7,3008.4,3101.9,3149.8,3990.1,4002.3,3905.8,3989.4,4104.6,4025.6,4133.3,0,3831.1,3884,4047.9,3315.4,3591.6,3531.1,3530.3,3306.8,3814.2,3794.9,3721.8,3716.4,3657.3,3556.3,3701,3855.9,3531.7,3801.6,3431.4,3432,3736.9,3524.2,3330.5,3263.5,3195.2,3186.3,3009.4,3100.3,3149.9,3472.7,3179.7,3128.3,3405.4,3498.5,3531.5,3796.9,3822,3072.9,2968.7,3125.2,3133,3133.9,3223,3967.6,3852.5,3835.2,3728.9,3675.9
3579.7,5779.5,3863,3637.9,3606.8,4152.4,3885.6,4405.5,3683.6,4266.3,4283.6,4060.1,4373.7,4084.1,3803.4,4008.1,4506.5,3848.4,3834.3,4113.3,3826,4144.5,3842.2,3831.1,4297.7,4313.8,3391.8,3304.3,3735.2,3207.3,3492.3,3162.2,3183.4,3299.5,2959.8,3099.2,3147.1,3640.8,3661,3878.4,3728.9,3799.8,3662.1,3735.6,3831.1,0,4467.2,4099.1,3766.1,3989.3,3928.8,3928.1,3753.3,4136.1,4116.8,4043.7,4038.3,3979.2,3878.2,4037.7,4192.6,3851.9,4151.1,3810.2,3811.3,4044.5,3761.3,3537,3459.4,3353.4,3338.8,3214.2,3293.6,3295.3,3618.1,3325.1,3189.2,2856.4,2904,3361.2,3757.4,3782.5,3061.5,2920.1,3127.7,3134.1,3134.7,3277.3,4130.6,4087.8,4076.8,4000.8,4126.6
3562.4,5711.8,3915.9,3594,3482.5,4059.6,3724.2,4387,3690.4,4233.1,4250.4,4041.6,4355.2,4065.6,3809.4,3989.6,0.393,3768,3754.4,4056.4,3660.3,4090.7,3682.4,3778.7,4297,4235.9,3399.2,3314.1,3713.4,3206.5,3495.4,3184.4,3205.9,3294.3,3008.2,3138,3185.9,3647.6,3667,3678.4,3705.5,3809.5,3691,3808.6,3884,4467.2,0,4270.6,3597.8,3896.1,3835.6,3835.3,3591.9,4117.6,4098.3,4025.2,4019.8,3960.7,3859.7,4004.5,4159.4,3835.1,4015.3,3730.3,3730.9,3929.3,3708.9,3515.2,3448.1,3356.5,3346,3209,3260.3,3278,3600.8,3307.8,3205.2,3361,3380.9,3293.5,3597.6,3616.8,3098.3,2968.5,3153.1,3156.6,3156.9,3284.7,4129.9,4034,4019.9,3922.9,3958.3
3542.4,5831.4,4079.8,3786.6,3558.8,4050.8,3757.4,4401,3918.8,4234,4251.3,4055.6,4369.2,4079.6,4034.5,4003.6,4309.9,3772.7,3759.1,4165.2,3778,4214.3,3794.2,3788.9,4694.5,4283.7,3388.6,3307.2,3708.3,3193.4,3498.5,3158.4,3179.2,3268.9,3016.4,3106.1,3154,3876,3892.1,3815.1,3892.9,3995,3888.6,4006,4047.9,4099.1,4270.6,0,3632.1,3887.5,3827,3826.5,3625.1,4131.6,4112.3,4039.2,4033.8,3974.7,3873.7,4005.4,4160.3,3850.6,4004.4,3735,3735.6,3944.7,3719.1,3510.1,3437.8,3359.6,3348.4,3183.6,3254.8,3258,3580.8,3287.8,3152.1,3339.6,3425.3,3413.1,3709.4,3734.5,3063,2976.7,3122.1,3129.9,3130.9,3274.1,4527.4,4157.6,4128.7,3970.7,3992.6
3581.5,5520.2,3347.3,2934.1,3075,28.492,7.926,30.296,3059.1,4072.8,4090.1,23.872,30.568,25.264,3144.7,26.952,3637.1,3850.6,3835.9,4053,3045.7,4067.2,3107.4,3934.5,3955.4,4319.2,3256.1,3199.1,3930.4,3007.8,3603.7,3021.4,3043.4,3383.1,2975.4,3056.7,3104.6,3016.3,3002.3,2934,3008.5,3218.4,3073.6,3241.3,3315.4,3766.1,3597.8,3632.1,0,5.28,6.49,19.52,5.28,19.52,20.292,23.216,23.432,25.796,29.836,3844.2,3999.1,3969.3,4135.5,3811.8,3813.5,4042.3,3864.7,3732.2,3686.3,3464.8,3459.7,3297.8,3328.6,3297.1,3619.9,3326.9,3090.9,2955.6,2996.2,3101.9,3022.6,3002.2,3002,2935.7,2994.7,2994.1,2993.9,3141.6,3788.3,4010.5,4016.5,4006.2,3.605
3723.1,5564.5,3623.5,3171.8,3131.9,8.966,7.926,9.868,3362,4299.3,4316.6,6.656,10.004,7.352,3437.4,8.196,3935.4,4154.1,4138.9,4263.8,3206.4,4281.9,3243.2,4069.1,4206.8,4516.9,3451.5,3396.5,4003.8,3189.6,3698.1,3157.8,3179.5,3497.5,3005.6,3125.6,3173.5,3319.2,3295,3175,3269,3457.3,3375.6,3506.5,3591.6,3989.3,3896.1,3887.5,5.28,0,0.605,4.48,5.28,4.48,4.866,6.328,6.436,7.618,9.638,4070.7,4225.6,4201.3,4367.7,4114.8,4117,4265.6,3999.3,3805.6,3738.5,3559.2,3545.5,3412.2,3458.3,3438.7,3761.5,3468.5,3249.3,3140.2,3091.7,3146.2,3158.4,3162.9,3071.2,2965.9,3128.4,3130.2,3130.3,3337,4039.7,4225.2,4227.3,4203.9,12.49
3662.6,5504,3563,3111.3,3071.4,7.756,9.136,8.658,3301.5,4238.8,4256.1,5.446,8.794,6.142,3376.9,6.986,3874.9,4093.6,4078.4,4203.3,3145.9,4221.4,3182.7,4008.6,4146.3,4456.4,3391,3336,3943.3,3129.1,3637.6,3097.3,3119,3437,2945.1,3065.1,3113,3258.7,3234.5,3114.5,3208.5,3396.8,3315.1,3446,3531.1,3928.8,3835.6,3827,6.49,0.605,0,3.27,6.49,3.27,3.656,5.118,5.226,6.408,8.428,4010.2,4165.1,4140.7,4307.2,4054.3,4056.5,4205.1,3938.8,3745.1,3678,3498.7,3485,3351.7,3397.8,3378.2,3701,3408,3188.8,3079.7,3031.2,3085.7,3097.9,3102.4,3010.7,2905.4,3067.9,3069.7,3069.8,3276.5,3979.2,4164.7,4166.8,4143.4,13.7
3662.1,5503,3562.2,3110.9,3071.2,2.243,24.812,8.658,3301,4238.1,4255.4,5.446,8.794,6.142,3376.7,6.986,3874.6,4092.5,4077.3,4202.9,3145.7,4221,3182.6,4008.1,4145.8,4455.7,3390.5,3335.5,3942.8,3128.6,3636.9,3096.9,3118.5,3436.5,2944.9,3064.6,3112.5,3258.2,3234.3,3114.1,3208.3,3396.4,3314.4,3445.3,3530.3,3928.1,3835.3,3826.5,19.52,4.48,3.27,0,19.52,3.27,3.656,5.118,5.226,6.408,8.428,4009.5,4164.4,4140.1,4306.6,4053.2,4055.4,4204.5,3938.3,3744.6,3677.6,3498,3484.5,3351.2,3397.3,3377.7,3700.5,3407.5,3188.3,3079.3,3030.8,3084.7,3097.8,3102.2,3010.4,2905.2,3067.1,3069.2,3069.4,3276,3978.7,4164.3,4166.4,4142.7,33.94
3574.2,5511.3,3338.7,2929.2,3064.4,28.492,1.323,30.296,3051.7,4059.9,4077.2,23.872,30.568,25.264,3143,26.952,3631.2,3839.1,3824.8,4040.6,3040,4055.5,3100.4,3923.2,3947.5,4307.3,3253.9,3196.9,3919.1,3004.5,3599.8,3019.8,3041.7,3375.5,2963.6,3044.3,3092.2,3008.9,3000.6,2929,3003.8,3210.6,3068.6,3232.7,3306.8,3753.3,3591.9,3625.1,5.28,5.28,6.49,19.52,0,19.52,20.292,23.216,23.432,25.796,29.836,3831.3,3986.2,3956.4,4125.4,3800.7,3802,4032.1,3853.4,3720.9,3674.5,3460.9,3454.9,3290.2,3318.4,3289.8,3612.6,3319.6,3085.5,2951.4,2987.2,3093,3015.6,2996.5,2991.9,2923.9,2992.9,2992.4,2992.3,3139.4,3780.4,3998.8,4004.1,3994.3,12.49
3945.2,5853.7,3846.1,3618.8,3741.6,7.756,24.812,2.694,3638.4,4447.8,4465.1,1.088,2.762,1.436,3760.8,1.858,4156.9,4344,4329.9,4430.7,3919.4,4451.6,3941.5,4210.2,4443.9,4684.7,3708.2,3632.2,4114.3,3479.3,3833.2,3453.9,3475.3,3652.3,3241.6,3398.8,3446.7,3595.6,3618.4,3939.5,3715,3765.6,3625.8,3727.8,3814.2,4136.1,4117.6,4131.6,19.52,4.48,3.27,3.27,19.52,0,0.193,0.924,0.978,1.569,2.579,4219.2,4374.1,4352.4,4646.7,4305.8,4306.9,4540.1,4140.4,3916.1,3838.5,3694.3,3683.1,3567,3669.3,3660.8,3983.6,3690.6,3501.4,3680,3688.6,3435.4,3856.7,3875.9,3348.2,3201.9,3422.7,3426,3426.4,3593.7,4276.8,4394.9,4394.2,4371.7,33.94
3925.9,5834.4,3826.8,3599.5,3722.3,8.142,25.584,2.887,3619.1,4428.5,4445.8,0.895,2.569,1.243,3741.5,1.665,4137.6,4324.7,4310.6,4411.4,3900.1,4432.3,3922.2,4190.9,4424.6,4665.4,3688.9,3612.9,4095,3460,3813.9,3434.6,3456,3633,3222.3,3379.5,3427.4,3576.3,3599.1,3920.2,3695.7,3746.3,3606.5,3708.5,3794.9,4116.8,4098.3,4112.3,20.292,4.866,3.656,3.656,20.292,0.193,0,0.731,0.785,1.376,2.386,4199.9,4354.8,4333.1,4627.4,4286.5,4287.6,4520.8,4121.1,3896.8,3819.2,3675,3663.8,3547.7,3650,3641.5,3964.3,3671.3,3482.1,3660.7,3669.3,3416.1,3837.4,3856.6,3328.9,3182.6,3403.4,3406.7,3407.1,3574.4,4257.5,4375.6,4374.9,4352.4,34.712
3852.8,5761.3,3753.7,3526.4,3649.2,9.604,28.508,3.618,3546,4355.4,4372.7,0.164,3.3,0.512,3668.4,0.934,4064.5,4251.6,4237.5,4338.3,3827,4359.2,3849.1,4117.8,4351.5,4592.3,3615.8,3539.8,4021.9,3386.9,3740.8,3361.5,3382.9,3559.9,3149.2,3306.4,3354.3,3503.2,3526,3847.1,3622.6,3673.2,3533.4,3635.4,3721.8,4043.7,4025.2,4039.2,23.216,6.328,5.118,5.118,23.216,0.924,0.731,0,0.054,0.645,1.655,4126.8,4281.7,4260,4554.3,4213.4,4214.5,4447.7,4048,3823.7,3746.1,3601.9,3590.7,3474.6,3576.9,3568.4,3891.2,3598.2,3409,3587.6,3596.2,3343,3764.3,3783.5,3255.8,3109.5,3330.3,3333.6,3334,3501.3,4184.4,4302.5,4301.8,4279.3,37.636
3847.4,5755.9,3748.3,3521,3643.8,9.712,28.724,3.672,3540.6,4350,4367.3,0.218,3.354,0.458,3663,0.88,4059.1,4246.2,4232.1,4332.9,3821.6,4353.8,3843.7,4112.4,4346.1,4586.9,3610.4,3534.4,4016.5,3381.5,3735.4,3356.1,3377.5,3554.5,3143.8,3301,3348.9,3497.8,3520.6,3841.7,3617.2,3667.8,3528,3630,3716.4,4038.3,4019.8,4033.8,23.432,6.436,5.226,5.226,23.432,0.978,0.785,0.054,0,0.591,1.601,4121.4,4276.3,4254.6,4548.9,4208,4209.1,4442.3,4042.6,3818.3,3740.7,3596.5,3585.3,3469.2,3571.5,3563,3885.8,3592.8,3403.6,3582.2,3590.8,3337.6,3758.9,3778.1,3250.4,3104.1,3324.9,3328.2,3328.6,3495.9,4179,4297.1,4296.4,4273.9,37.852
3788.3,5696.8,3689.2,3461.9,3584.7,10.894,31.088,4.263,3481.5,4290.9,4308.2,0.809,3.945,1.049,3603.9,0.289,4000,4187.1,4173,4273.8,3762.5,4294.7,3784.6,4053.3,4287,4527.8,3551.3,3475.3,3957.4,3322.4,3676.3,3297,3318.4,3495.4,3084.7,3241.9,3289.8,3438.7,3461.5,3782.6,3558.1,3608.7,3468.9,3570.9,3657.3,3979.2,3960.7,3974.7,25.796,7.618,6.408,6.408,25.796,1.569,1.376,0.645,0.591,0,1.01,4062.3,4217.2,4195.5,4489.8,4148.9,4150,4383.2,3983.5,3759.2,3681.6,3537.4,3526.2,3410.1,3512.4,3503.9,3826.7,3533.7,3344.5,3523.1,3531.7,3278.5,3699.8,3719,3191.3,3045,3265.8,3269.1,3269.5,3436.8,4119.9,4238,4237.3,4214.8,40.216
3687.3,5595.8,3588.2,3360.9,3483.7,12.914,35.128,5.273,3380.5,4189.9,4207.2,1.819,4.955,2.059,3502.9,1.299,3899,4086.1,4072,4172.8,3661.5,4193.7,3683.6,3952.3,4186,4426.8,3450.3,3374.3,3856.4,3221.4,3575.3,3196,3217.4,3394.4,2983.7,3140.9,3188.8,3337.7,3360.5,3681.6,3457.1,3507.7,3367.9,3469.9,3556.3,3878.2,3859.7,3873.7,29.836,9.638,8.428,8.428,29.836,2.579,2.386,1.655,1.601,1.01,0,3961.3,4116.2,4094.5,4388.8,4047.9,4049,4282.2,3882.5,3658.2,3580.6,3436.4,3425.2,3309.1,3411.4,3402.9,3725.7,3432.7,3243.5,3422.1,3430.7,3177.5,3598.8,3618,3090.3,2944,3164.8,3168.1,3168.5,3335.8,4018.9,4137,4136.3,4113.8,44.256
3624.8,5647.7,3732.9,3471.7,3490.2,4233.8,3963.6,4488.6,3514.4,2.286,2.459,4143.2,4456.8,4167.2,3636.4,4091.2,4043.8,3929.9,3915.7,4143.4,3668,4170.6,3690.1,3878.4,4262.1,4359.1,3415,3332.7,3782.5,3205.4,3529.4,3177.5,3198.8,3338.4,2976.1,3122.9,3170.8,3471.6,3494,3688.1,3570.4,3643.3,3506.7,3614.4,3701,4037.7,4004.5,4005.4,3844.2,4070.7,4010.2,4009.5,3831.3,4219.2,4199.9,4126.8,4121.4,4062.3,3961.3,0,1.549,3935,4232.5,3891.6,3892.8,4126,3808.6,3584.3,3506.7,3390.5,3374.5,3253.1,3340.3,3340.4,3663.2,3370.2,3215.4,3417.3,3430.7,3229.4,3605.3,3624.5,3086.5,2936.4,3145.5,3149.5,3150,3300.5,4095,4113.9,4106.9,4046.1,4204.7
3779.7,5802.6,3887.8,3626.6,3645.1,4388.7,4118.5,4643.5,3669.3,0.737,0.91,4298.1,4611.7,4322.1,3791.3,4246.1,4198.7,4084.8,4070.6,4298.3,3822.9,4325.5,3845,4033.3,4417,4514,3569.9,3487.6,3937.4,3360.3,3684.3,3332.4,3353.7,3493.3,3131,3277.8,3325.7,3626.5,3648.9,3843,3725.3,3798.2,3661.6,3769.3,3855.9,4192.6,4159.4,4160.3,3999.1,4225.6,4165.1,4164.4,3986.2,4374.1,4354.8,4281.7,4276.3,4217.2,4116.2,1.549,0,4089.9,4387.4,4046.5,4047.7,4280.9,3963.5,3739.2,3661.6,3545.4,3529.4,3408,3495.2,3495.3,3818.1,3525.1,3370.3,3572.2,3585.6,3384.3,3760.2,3779.4,3241.4,3091.3,3300.4,3304.4,3304.9,3455.4,4249.9,4268.8,4261.8,4201,4359.6
3692.9,5587.2,3563.6,3340.5,3482.6,4364.4,4088.7,4621.8,3358,4163.6,4180.9,4276.4,4590,4300.4,3480.9,4224.4,3874.4,4497.5,4468.9,4174.6,3660.5,4194.3,3682.6,3960,4168.3,4434.2,3453.7,3377.6,3864,3220.9,3580.6,3196.9,3218.3,3400,2982.1,3139.6,3187.5,3315.2,3338.5,3680.5,3436.1,3484,3344.3,3445.3,3531.7,3851.9,3835.1,3850.6,3969.3,4201.3,4140.8,4140.1,3956.4,4352.4,4333.1,4260,4254.6,4195.5,4094.5,3935,4089.9,0,4414.5,4444.8,4460.4,4308,3890.2,3665.8,3588.2,3441.7,3430.7,3314.7,3418.5,3408.5,3731.3,3438.3,3245.3,3422.1,3430.7,3168.9,3597.8,3617,3089.3,2942.4,3165.9,3169,3169.4,3339.2,4001.2,4137.6,4138.1,4121.2,4329.8
3633.6,5753.1,3833.5,3589,3677.3,4530.9,4257.7,4916.1,3582.4,4461.1,4478.4,4570.7,4884.3,4594.7,3721.4,4518.7,4054.6,4489.6,4492.1,4096.7,3855.2,4129,3877.3,3824.7,4261.9,4293.2,3443.9,3372.4,3744.1,3196.3,3547.2,3191.1,3212.3,3397.2,3014.6,3122.6,3170.5,3539.6,3579,3873.5,3727.2,3759.5,3619,3740.9,3801.6,4151.1,4015.3,4004.4,4135.5,4367.7,4307.2,4306.6,4125.4,4646.7,4627.4,4554.3,4548.9,4489.8,4388.8,4232.5,4387.4,4414.5,0,4468,4452.5,4012,3754.9,3545.9,3473.6,3408.3,3403.2,3311.9,3362.7,3349.2,3672,3379,3181.7,3420.5,3430.7,3334.8,3792.5,3811.7,3062.8,2974.9,3159.1,3163,3163.6,3329.4,4094.8,4072.3,4060.2,3980.2,4496
3513.4,5328.1,3463.3,3147.5,3195.7,4277.5,3933,4575.2,3189.3,4120.2,4137.5,4229.8,4543.4,4253.8,3310.8,4177.8,3769.6,4519.8,0.241,4003.3,3332.2,4028.4,3360.2,3767,4044.9,4226.3,3291.6,3227.4,3691.5,3029.3,3450.5,3009.6,3031,3278.6,2835.8,2951.2,2999.1,3146.5,3168.4,3328,3274.1,3369.5,3205.9,3346.3,3431.4,3810.2,3730.3,3735,3811.8,4114.8,4054.3,4053.2,3800.7,4305.8,4286.5,4213.4,4208,4148.9,4047.9,3891.6,4046.5,4444.8,4468,0,4482.7,3968.7,3697.2,3493.3,3422.8,3311.6,3300.9,3193.3,3241.2,3229,3551.8,3258.8,3055.2,3082.7,3037.9,2909.8,3275.4,3288.7,2902.8,2796.1,2978.6,2981.7,2982.1,3177.1,3877.8,3971.7,3966.8,3913.3,4172.3
