0,5965,3401.7,3229.1,3520.3,3699.8,3392.4,4174.2,3295.7,3836.8,3854.1,3828.8,4142.4,3852.8,3410.3,3776.8,3548.5,3406.8,3394.2,3683.5,3389.8,3711,3457.7,3964.4,3936.8,3911.3,3947.6,3952.4,4266.6,3794.2,4748.4,3939.1,4301.1,4397.5,4256.8,4350.8,4398.7,3252.9,3267.9,3270,3256.2,3320.2,3230.4,3323,3369.8,3576.2,3509.2,3552.3,3263.6,3536.5,3476,3475.5,3260.1,3904.8,3885.5,3812.4,3807,3747.9,3646.9,3608.2,3763.1,3651.7,3516.5,3370.1,3369.7,3677.8,3894.6,4068.4,4606,4609.5,4648.1,4312.2,4365.6,2.844,5.476,2.546,4215.8,3769.2,3594.4,3546.7,3372.9,3346.3,4491.1,4217.1,4218.7,4251.8,3911.6,3833.1,3769.7,3654.3,3647,3598.3,3624.1
5965,0,5725,5814.1,6804.4,5605.4,5476,5956.6,5855.3,5719.3,5736.6,5611.2,5924.8,5635.2,5998.5,5559.2,5602,5264.3,5251,5547.8,6087,5578,6163.8,5623.1,5837.8,5759.9,5898.9,5747,5818.7,5892.8,5788.1,6037.7,6046.4,5530.1,5999.3,6046.4,6094.3,5812.5,5856.1,5941.8,5834.7,5770.2,5765.6,5749.6,5693.1,5572.5,5562.7,5683.9,5348.6,5442.1,5381.6,5381.1,5343.7,5687.2,5667.9,5594.8,5589.4,5530.3,5429.3,5490.7,5645.6,5418.6,5421.5,5226.9,5227.2,5450.4,5553.3,5620.5,5646.4,5649.3,5680,5444.8,5489.7,5680.6,6003.4,5710.4,5911.4,6044.9,6490.3,24.183,6079,6043.5,6186.7,5959.6,5964,5997.1,6010.2,5784.4,5670.7,5521.3,5511.3,5446.9,5709.1
3401.7,5725,0,3501.6,3398,3419.5,3161.8,3834.6,3695.1,3654.4,3671.7,3489.2,3802.8,3513.2,3786.4,3437.2,3571.7,3196.3,3182.8,3458,3560.6,3481.2,3585.7,3436.2,3684.6,3708.4,3431.9,3430.8,3504.2,3286.7,3385.5,3431.6,3226.6,3000.7,3182.8,3369.9,3417.8,3652.3,3644,3617.1,3658,3777.7,3715.8,3882,0.319,3579.8,3532.4,3672.6,3035,3256.6,3196.1,3195.2,3029.5,3565.2,3545.9,3472.8,3467.4,3408.3,3307.3,3425.8,3580.7,3286.4,3523.1,3158.7,3159.2,3487.8,3366.4,3306,3274.4,3246.6,3253.1,2915.4,2995.7,3117.3,3440.1,3147.1,3234.9,3306.6,3352,3306.7,3500.9,3517.1,3510.2,3143.1,3144.2,3177.3,3404.1,3317.4,3517.5,3424.5,3421.5,3395.4,3395.5
3229.1,5814.1,3501.6,0,3414.4,3129.9,2937,3573.4,3785.2,3352.5,3369.8,3228,3541.6,3252,3921.2,3176,3248.8,2860.7,2847.9,3173.2,3675,3200.4,3685.3,3179.2,3421.2,3399.7,3267.6,3194.8,3274.3,3182.3,3194.9,3327.2,3232.2,2841.5,3187,3250,3297.9,3742.4,3778.8,3878.1,3874.3,3713.4,3700.6,3621,3469.7,3294.9,3209.5,3443.2,2811.1,2966.3,2905.8,2905.6,2804.7,3304,3284.7,3211.6,3206.2,3147.1,3046.1,3123.9,3278.8,3031.1,3157.4,2823.8,2823.6,3160.8,3109.4,3076.1,3055.6,3056,3067.3,2756.2,2789.6,2944.7,3267.5,2974.5,3115,3231.4,3397.4,3395.8,3600.5,3631.5,3390.3,3147.3,3149.8,3182.9,3299.7,3153.1,3254.1,3143.7,3136.7,3086.7,3171.6
3520.3,6804.4,3398,3414.4,0,3187.5,3023.5,3713.1,3485.5,3446.4,3463.7,3367.7,3681.3,3391.7,3616.7,3315.7,3284.5,2930.7,2917.7,3295.8,3650.6,3322,3728,3384.5,3624.8,3528.8,3610.3,3538.8,3532.7,3545.6,3509.6,3690.5,3528,3102.2,3481.5,3576.7,3624.6,3442.7,3474.3,3503.2,3445,3438.8,3408.3,3426.4,3366.1,3379.2,3245.2,3433.6,2897.7,3024.2,2963.7,2963.2,2891.2,3443.7,3424.4,3351.3,3345.9,3286.8,3185.8,3217.8,3372.6,3179.1,3243.6,2893.6,2893.6,3348.8,3314.7,3334.5,3373.2,3370.7,3384.8,3016.9,3063.9,3235.9,3558.7,3265.7,3441.7,3682.1,3889.6,4386.1,3643.2,3607.1,3717,3441.8,3445.6,3478.7,3663,3495.8,3457.7,3265.3,3259.3,3215.8,3258.2
3699.8,5605.4,3419.5,3129.9,3187.5,0,33.784,13.144,3242.8,4050.4,4067.7,9.932,13.28,10.628,3355.2,11.472,3670.5,3910.8,3896.8,3947.1,3209.2,3959.8,3260,3894.8,3931.3,4249.5,3562.3,3573.5,3872.2,3345.4,3692.4,3490.3,3387.7,3375.2,3343.2,3565.7,3613.6,3200,3212.8,3129.4,3204.3,3356.7,3215.5,3309.9,3387.6,3740.4,3631.2,3659.8,28.492,8.966,7.756,2.243,28.492,7.756,8.142,9.604,9.712,10.894,12.914,3821.8,3976.7,3952.4,4264.2,3872.7,3873.7,4162.1,3825,3674,3616.8,3553.5,3553.1,3289.9,3334.6,3415.4,3738.2,3445.2,3430.7,3247.7,3195.8,3187.1,3175.2,3165.7,3706,3303.5,3305.3,3338.4,3462.8,3447.8,3764.2,3903.1,3910.6,3936.5,42.912
3392.4,5476,3161.8,2937,3023.5,33.784,0,35.588,3062.2,3788.5,3805.8,29.164,35.86,30.556,3169.4,32.244,3410.3,3589.6,3575,3547.1,3030,3555.9,3086.2,3568.4,3462.8,3876.4,3239,3162.3,3574.8,3072.5,3432.1,3217.4,3268.7,3096.5,3222.2,3268.9,3316.8,3019.4,3027,2937,2972.7,3108.1,2991.4,3071.1,3129.9,3481.9,3371,3286.2,7.926,7.926,9.136,24.812,1.323,24.812,25.584,28.508,28.724,31.088,35.128,3559.9,3714.8,3685,3872.1,3550.8,3552.5,3778.9,3498.6,3376.6,3326.4,3293.2,3301,3011.2,3019.5,3108,3430.8,3137.8,3133.9,3016.4,3015,3057.7,3001.4,2986.5,3409.2,3182.5,3186.3,3219.4,3189.9,3124.5,3295.7,3499.2,3510.6,3563.4,15.136
4174.2,5956.6,3834.6,3573.4,3713.1,13.144,35.588,0,3638.3,4448.2,4465.5,3.782,5.456,4.13,3747.2,4.552,4087.8,4345.5,4331.8,4426.9,3753.5,4440.4,3798.2,4366.9,4440.9,4730.6,4010.3,4068.7,4326.8,3817.9,4129.5,3962.8,3790.9,3805,3747.1,4031.9,4079.8,3595.5,3604.8,3711.9,3681.8,3769.5,3632,3731.3,3802.7,4136.5,4048.5,4098.1,30.296,9.868,8.658,8.658,30.296,2.694,2.887,3.618,3.672,4.263,5.273,4219.6,4374.5,4352.8,4827.8,4307.7,4308.4,4721.2,4297.1,4128.6,4064.4,3990.6,3987.2,3719.7,3829.7,3889.8,4212.6,3919.6,3896.9,3756.9,3658.1,3538.3,3713.4,3710,4172.2,3707.4,3708.5,3741.6,3935.3,3895.8,4273.8,4383.7,4390.4,4417.6,44.716
3295.7,5855.3,3695.1,3785.2,3485.5,3242.8,3062.2,3638.3,0,3442.3,3459.6,3292.9,3606.5,3316.9,4463.3,3240.9,3345.4,2955,2942,3214.4,3745.9,3241.3,3756.3,3196.2,3479,3444.1,3308.6,3237,3287.4,3228.3,3202.3,3373.2,3328.9,2900.5,3283.1,3333.6,3381.5,0.428,4320.9,3999.5,3898.8,3769.3,4340.1,3941.6,3663.2,3373,3306.1,3485.4,2935.7,3079.2,3018.7,3018.5,2929.9,3368.9,3349.6,3276.5,3271.1,3212,3111,3213.7,3368.6,3093.3,3215.3,2917.9,2917.9,3196.7,3126.4,3089.2,3066.2,3063.4,3077.9,2815.2,2852.6,3011.3,3334.1,3041.1,3198.6,3263,3416.4,3437,3671.5,3702.4,3473.9,3243.4,3246.5,3279.6,3345.7,3194.1,3311.9,3184.6,3177.9,3131.1,3296.2
3836.8,5719.3,3654.4,3352.5,3446.3,4050.4,3788.5,4448.2,3442.3,0,1.647,4102.8,4416.4,4126.8,3543.3,4050.8,3907.1,3890.5,3876.8,4065.5,3514.3,4079.8,3554.4,4006.7,4135,4360.2,3728.9,3776,3979.6,3544.6,3794.9,3689.5,3455.3,3450,3410.6,3716.7,3764.6,3399.5,3400.9,3488.4,3466.6,3565.1,3440.1,3550.3,3622.5,3997.3,3867.8,3887.9,3662.7,3886.9,3826.4,3826.1,3656.2,4178.8,4159.5,4086.4,4081,4021.9,3920.9,2.286,0.737,3894.6,4372.8,3852.7,3853.4,4266.2,3936.9,3781.4,3720.2,3656,3652.7,3364.7,3476.1,3552.4,3875.2,3582.2,3581.7,3496.1,3413.1,3301,3469.6,3470.8,3857,3370.9,3372.9,3406,3662,3614.4,3967.9,4023.1,4029,4047.2,4023.2
3854.1,5736.6,3671.7,3369.8,3463.7,4067.7,3805.8,4465.5,3459.6,1.647,0,4120.1,4433.7,4144.1,3560.6,4068.1,3924.4,3907.8,3894.1,4082.8,3531.6,4097.1,3571.7,4024,4152.3,4377.5,3746.2,3793.3,3996.9,3561.9,3812.2,3706.8,3472.6,3467.3,3427.9,3734,3781.9,3416.8,3418.2,3505.7,3483.9,3582.4,3457.4,3567.6,3639.8,4014.6,3885.1,3905.2,3680,3904.2,3843.7,3843.4,3673.5,4196.1,4176.8,4103.7,4098.3,4039.2,3938.2,2.459,0.91,3911.9,4390.1,3870,3870.7,4283.5,3954.2,3798.7,3737.5,3673.3,3670,3382,3493.4,3569.7,3892.5,3599.5,3599,3513.4,3430.4,3318.3,3486.9,3488.1,3874.3,3388.2,3390.2,3423.3,3679.3,3631.7,3985.2,4040.4,4046.3,4064.5,4040.5
3828.8,5611.2,3489.2,3228,3367.7,9.932,29.164,3.782,3292.9,4102.8,4120.1,0,3.464,0.676,3401.8,1.098,3742.4,4000.1,3986.4,4081.5,3408.1,4095,3452.8,4021.5,4095.5,4385.2,3664.9,3723.3,3981.4,3472.5,3784.1,3617.4,3445.5,3459.6,3401.7,3686.5,3734.4,3250.1,3259.4,3366.5,3336.4,3424.1,3286.6,3385.9,3457.3,3791.1,3703.1,3752.7,23.872,6.656,5.446,5.446,23.872,1.088,0.895,0.164,0.218,0.809,1.819,3874.2,4029.1,4007.4,4482.4,3962.3,3963,4375.8,3951.7,3783.2,3719,3645.2,3641.8,3374.3,3484.3,3544.4,3867.2,3574.2,3551.5,3411.5,3312.7,3192.9,3368,3364.6,3826.8,3362,3363.1,3396.2,3589.9,3550.4,3928.4,4038.3,4045,4072.2,38.292
4142.4,5924.8,3802.8,3541.6,3681.3,13.28,35.86,5.456,3606.5,4416.4,4433.7,3.464,0,3.812,3715.4,4.234,4056,4313.7,4300,4395.1,3721.7,4408.6,3766.4,4335.1,4409.1,4698.8,3978.5,4036.9,4295,3786.1,4097.7,3931,3759.1,3773.2,3715.3,4000.1,4048,3563.7,3573,3680.1,3650,3737.7,3600.2,3699.5,3770.9,4104.7,4016.7,4066.3,30.568,10.004,8.794,8.794,30.568,2.762,2.569,3.3,3.354,3.945,4.955,4187.8,4342.7,4321,4796,4275.9,4276.6,4689.4,4265.3,4096.8,4032.6,3958.8,3955.4,3687.9,3797.9,3858,4180.8,3887.8,3865.1,3725.1,3626.3,3506.5,3681.6,3678.2,4140.4,3675.6,3676.7,3709.8,3903.5,3864,4242,4351.9,4358.6,4385.8,44.988
3852.8,5635.2,3513.2,3252,3391.7,10.628,30.556,4.13,3316.9,4126.8,4144.1,0.676,3.812,0,3425.8,1.338,3766.4,4024.1,4010.4,4105.5,3432.1,4119,3476.8,4045.5,4119.5,4409.2,3688.9,3747.3,4005.4,3496.5,3808.1,3641.4,3469.5,3483.6,3425.7,3710.5,3758.4,3274.1,3283.4,3390.5,3360.4,3448.1,3310.6,3409.9,3481.3,3815.1,3727.1,3776.7,25.264,7.352,6.142,6.142,25.264,1.436,1.243,0.512,0.458,1.049,2.059,3898.2,4053.1,4031.4,4506.4,3986.3,3987,4399.8,3975.7,3807.2,3743,3669.2,3665.8,3398.3,3508.3,3568.4,3891.2,3598.2,3575.5,3435.5,3336.7,3216.9,3392,3388.6,3850.8,3386,3387.1,3420.2,3613.9,3574.4,3952.4,4062.3,4069,4096.2,39.684
3410.3,5998.5,3786.4,3921.2,3616.7,3355.2,3169.4,3747.2,4463.3,3543.3,3560.6,3401.8,3715.4,3425.8,0,3349.8,3463,3063.7,3050.5,3337.3,3877.3,3363.5,3887.6,3322.9,3589.6,3572.5,3431.3,3353.9,3416.7,3350.8,3338,3495.7,3466.9,3025.7,3420.3,3461.5,3509.4,4420.5,1.424,4281.5,3992.6,3873.6,4257.3,3988.9,3754.5,3488.3,3423.7,3620.4,3042.9,3191.7,3131.2,3130.9,3037.1,3477.8,3458.5,3385.4,3380,3320.9,3219.9,3314.7,3469.6,3203.5,3331.8,3026.4,3026.6,3315.1,3253.1,3218.5,3197.8,3199.1,3213.3,2940.4,2965.4,3125.9,3448.7,3155.7,3326.5,3393.1,3548.3,3580.2,3802.8,3833.8,3601.8,3380.6,3384.5,3417.6,3468.2,3316.8,3422.5,3306.8,3300.8,3259.5,3403.4
3776.8,5559.2,3437.2,3176,3315.7,11.472,32.244,4.552,3240.9,4050.8,4068.1,1.098,4.234,1.338,3349.8,0,3690.4,3948.1,3934.4,4029.5,3356.1,4043,3400.8,3969.5,4043.5,4333.2,3612.9,3671.3,3929.4,3420.5,3732.1,3565.4,3393.5,3407.6,3349.7,3634.5,3682.4,3198.1,3207.4,3314.5,3284.4,3372.1,3234.6,3333.9,3405.3,3739.1,3651.1,3700.7,26.952,8.196,6.986,6.986,26.952,1.858,1.665,0.934,0.88,0.289,1.299,3822.2,3977.1,3955.4,4430.4,3910.3,3911,4323.8,3899.7,3731.2,3667,3593.2,3589.8,3322.3,3432.3,3492.4,3815.2,3522.2,3499.5,3359.5,3260.7,3140.9,3316,3312.6,3774.8,3310,3311.1,3344.2,3537.9,3498.4,3876.4,3986.3,3993,4020.2,41.372
3548.5,5602,3571.7,3248.8,3284.5,3670.5,3410.3,4087.8,3345.4,3907.1,3924.4,3742.4,4056,3766.4,3463,3690.4,0,3443.6,3429.7,3634.7,3368.9,3655.7,3404.8,3597.3,3828.8,3894.2,3479,3470.8,3631.6,3318.6,3490.5,3463.5,3316.2,3185.9,3270.7,3494.7,3542.6,3302.6,3320.6,3354.8,3371.7,3475.4,3348.8,3472.9,3539.8,4169,0.393,3972.4,3287.3,3507.2,3446.7,3446.2,3278,3818.4,3799.1,3726,3720.6,3661.5,3560.5,3678.5,3833.4,3539.6,3740.8,3405.6,3406.5,3693.1,3527.5,3433.4,3391.1,3351.6,3355.6,3100.6,3152.7,3264.1,3586.9,3293.9,3359.7,3274.2,3248.4,3183.7,3320,3325.4,3635,3231,3233.8,3266.9,3436,3364.5,3661.7,3599,3598.2,3581.2,3647.8
3406.8,5264.3,3196.3,2860.7,2930.7,3910.8,3589.6,4345.5,2955,3890.5,3907.8,4000.1,4313.7,4024.1,3063.7,3948.1,3443.6,0,4455.6,3623.2,2974.5,3637.9,3016,3555.2,3644.7,3908.2,3270.2,3268.4,3535.3,3078.8,3374.8,3223.7,3128,3075.1,3083.7,3279.1,3327,2912.2,2921.3,2941.4,2982,3104.4,2960.1,3093.5,3164.4,3580.5,3404.3,3414.2,3463.2,3747.5,3687,3686.5,3457.3,4076.1,4056.8,3983.7,3978.3,3919.2,3818.2,3661.9,3816.8,4409.2,4401.2,4431.5,0.371,3737.1,3485.4,3337.1,3277.9,3235.9,3235.5,2989.8,3048.5,3122.4,3445.2,3152.2,3144.1,2979.4,2895.8,2846,2931.2,2931,3419.4,3044,3045.6,3078.7,3196.2,3155.7,3477.6,3581.2,3586.7,3595.2,3823.7
3394.2,5251,3182.8,2847.9,2917.7,3896.8,3574.9,4331.8,2942,3876.8,3894.1,3986.4,4300,4010.4,3050.5,3934.4,3429.7,4455.6,0,3610.9,2961.5,3625.5,3003.4,3542.2,3631.7,3895.2,3258.1,3255.9,3523,3065.4,3361.8,3210.3,3115.6,3062.5,3070.9,3266.1,3314,2899.2,2908.1,2928.4,2968.4,3091,2947,3079.8,3150.9,3566.8,3390.4,3401.2,3449,3733.5,3673,3672.5,3442.7,4062.4,4043.1,3970,3964.6,3905.5,3804.5,3648.2,3803.1,4380.6,4403.8,0.241,4418.5,3724.5,3472.4,3324.8,3265.8,3222.9,3222.9,2977.2,3035.5,3109.8,3432.6,3139.6,3131.1,2965.6,2882.8,2832.7,2918.6,2918,3406.4,3031.2,3033.2,3066.3,3182.8,3143.6,3464.6,3568.8,3574.4,3582.2,3809.5
3683.5,5547.8,3458,3173.2,3295.8,3947.1,3547.1,4426.9,3214.4,4065.5,4082.8,4081.5,4395.1,4105.5,3337.3,4029.5,3634.7,3623.2,3610.9,0,3332.5,4328.9,3378.3,3770.3,4069.5,4456,3540.1,3549.4,3771.8,3350,3629.2,3494.9,3447.8,3359.3,3402.9,3562.2,3610.1,3171.6,3194.9,3278.4,3297,3379.1,3222.7,3374.6,3426.1,3794.5,3595.4,3625.8,3421.3,3783.4,3722.9,3722.8,3414.8,4157.5,4138.2,4065.1,4059.7,4000.6,3899.6,3836.9,3991.8,3908.1,3701,3586.8,3586.1,4117.1,3700.5,3573.6,3519.1,3490.3,3492.7,3274,3329.1,3399.1,3721.9,3428.9,3427.2,3269.3,3189.6,3129.5,3293.5,3289,3702.5,3363.2,3365.4,3398.5,3467.4,3425.6,3902.4,4272.2,0.365,4143,3781.8
3389.8,6087,3560.6,3675,3650.6,3209.2,3030,3753.5,3745.9,3514.3,3531.6,3408.1,3721.7,3432.1,3877.3,3356.1,3368.9,2974.5,2961.5,3332.5,0,3355.5,3952.4,3354.8,3636.4,3572.7,3487.2,3465.3,3468.9,3404,3406,3548.9,3398,2994.2,3353.5,3436.8,3484.7,3703.1,3734.9,3799.9,3705.6,3668.4,3661.9,3641.4,3528.7,3494.5,3329.6,3563.1,2906.5,3046,2985.5,2984.9,2897.7,3484.1,3464.8,3391.7,3386.3,3327.2,3226.2,3285.7,3440.6,3215,3331.7,2937.4,2937.4,3412.9,3285,3270.7,3275.3,3267.1,3276.8,2908.9,2944.7,3105.4,3428.2,3135.2,3301.8,3477.6,3685,3668.7,3867.6,0.435,3577.1,3313.8,3315.6,3348.7,3521.4,3372.7,3469.3,3298.8,3296,3259.7,3267
3711,5578,3481.2,3200.4,3322,3959.8,3555.9,4440.4,3241.3,4079.8,4097.1,4095,4408.6,4119,3363.5,4043,3655.7,3637.9,3625.5,4328.9,3355.5,0,3402.1,3792.2,4118.7,4447.3,3566.8,3578.4,3795.1,3376,3655.8,3520.9,3476.1,3385.2,3430.9,3591.4,3639.3,3198.5,3221.1,3300.4,3319.7,3403.1,3249.2,3397.7,3449.3,3811.5,3616.4,3651.9,3427.9,3796.8,3736.3,3735.5,3423.6,4171,4151.7,4078.6,4073.2,4014.1,3913.1,3851.2,4006.1,3921,3715.9,3601.4,3600.8,4108.4,3722.4,3596.9,3544.6,3516.9,3519.4,3299.9,3352.7,3426.6,3749.4,3456.4,3456.4,3296.8,3214.6,3159.7,3317.3,3312,3731.7,3391.2,3393.7,3426.8,3493.4,3452.3,3951.6,0.567,4292.4,4134.3,3788.4
3457.7,6163.8,3585.7,3685.3,3728,3260,3086.2,3798.2,3756.3,3554.4,3571.7,3452.8,3766.4,3476.8,3887.6,3400.8,3404.8,3016,3003.4,3378.3,3952.4,3402.1,0,3409.3,3683,3617.4,3555.1,3525.6,3527.9,3471.9,3469.6,3616.8,3464.4,3059.2,3419.9,3504.7,3552.6,3713.5,3745.2,3805.1,3715.9,3683.1,3675.1,3659.1,3553.8,3527.7,3365.5,3594,2962.3,3097,3036.5,3035.7,2953.9,3528.8,3509.5,3436.4,3431,3371.9,3270.9,3325.8,3480.7,3260,3368.6,2979.3,2978.9,3451.3,3339.5,3329.7,3337.3,3330.7,3341.7,2973.9,3011.1,3173.3,3496.1,3203.1,3369.7,3554.3,3761.7,3745.5,0.848,3908.9,3645,3380.2,3382,3415.1,3589.3,3440.6,3515.9,3345.4,3341.8,3304.4,3322.8
3964.4,5623.1,3436.2,3179.2,3384.5,3894.8,3568.4,4366.9,3196.2,4006.7,4024,4021.5,4335.1,4045.5,3322.9,3969.5,3597.3,3555.2,3542.2,3770.3,3354.8,3792.2,3409.3,0,3915.1,4024.8,3702.8,3770.9,4133.1,3499.8,3917.2,3644.7,3625.6,3647.5,3579.4,3767.4,3815.3,3153.4,3180.5,3278,3288.5,3378.9,3204.3,3359.2,3404.3,3735.7,3558,3591.8,3440.3,3731.4,3670.9,3670.5,3436.1,4097.5,4078.2,4005.1,3999.7,3940.6,3839.6,3778.1,3933,3847.2,3627.2,3518.1,3518.1,3934.4,0.698,3934.9,3848.4,3778.3,3772,3562.2,3645.9,3680,4002.8,3709.8,3632.4,3413.3,3275.6,3204.8,3324.5,3311.3,3907.7,3539.7,3543.2,3576.3,3617.2,3588.3,3748,3735.5,3733.8,3711.8,3800.8
3936.8,5837.8,3684.6,3421.2,3624.8,3931.3,3462.8,4440.9,3479,4135,4152.3,4095.5,4409.1,4119.5,3589.6,4043.5,3828.8,3644.7,3631.7,4069.5,3636.4,4118.7,3683,3915.1,0,4188,3852.3,3888,3988.4,3645,3856.5,3789.9,3668.1,3582.6,3621.6,3825.9,3873.8,3436.2,3447.2,3581.2,3553.9,3618.5,3497.7,3624.7,3652.7,3909.7,3789.5,3912.6,3335.2,3768.1,3707.6,3707,3330.5,4171.5,4152.2,4079.1,4073.7,4014.6,3913.6,3906.4,4061.3,3912.2,3778.9,3607.6,3607.6,3849,3845.3,3790.2,3755.5,3717.6,3722.4,3497.3,3551.5,3652.4,3975.2,3682.2,3690.9,3578.1,3485.8,3419.5,3598.2,3592.9,3966.2,3581.9,3585.7,3618.8,3762.4,3737.8,1.671,4062,4033,3875,3695.7
3911.3,5759.9,3708.4,3399.7,3528.8,4249.5,3876.4,4730.6,3444.1,4360.2,4377.5,4385.2,4698.8,4409.2,3572.5,4333.2,3894.2,3908.2,3895.2,4456,3572.7,4447.3,3617.4,4024.8,4188,0,3769,3772.7,4006.2,3584.9,3854.7,3729.8,3662.1,3584.6,3615.2,3784.6,3832.5,3401.3,3430.1,3528.7,3532.9,3614.4,3463.4,3621,3676.5,4081.6,3854.9,3858.1,3749.3,4085.9,4025.4,4025.2,3744.1,4461.2,4441.9,4368.8,4363.4,4304.3,4203.3,4131.6,4286.5,4213.9,3978.8,3871.1,3871.1,4551.6,3955,3808,3748.5,3715.8,3715,3499.3,3552.1,3626.9,3949.7,3656.7,3649.6,3500.2,3419.3,3341.6,3532.6,3529.2,3924.9,3575.5,3579.7,3612.8,3702.3,3654.5,4020.9,4390.6,4419.5,3.13,4109.8
3947.6,5898.9,3431.9,3267.6,3610.3,3562.3,3239,4010.3,3308.6,3728.9,3746.2,3664.9,3978.5,3688.9,3431.3,3612.9,3479,3270.2,3258.1,3540.1,3487.2,3566.8,3555.1,3702.8,3852.3,3769,0,3969.2,3881.4,3873,3853.7,4017.9,3815.7,3569.8,3771.8,3895.2,3943.1,3265.8,3288.9,3367.4,3363.7,3431.1,3293.5,3400.3,3400,3525.1,3439.7,3529.6,3112.7,3399.1,3338.6,3338,3106.7,3740.9,3721.6,3648.5,3643.1,3584,3483,3500.3,3655.2,3477.6,3402.9,3234,3233.1,3502,3633,3683.2,3713.9,3714.8,3731.7,3484.5,3525.9,3663.2,3986,3693,3760.2,3723.1,3528.8,3480.6,3470.3,3443.7,4035.5,3732.1,3733.3,3766.4,3990.4,1.145,3685.2,3510.1,3503.6,3456,3473.2
3952.4,5747,3430.8,3194.8,3538.8,3573.5,3162.3,4068.7,3237,3776,3793.3,3723.3,4036.9,3747.3,3353.9,3671.3,3470.8,3268.4,3255.9,3549.4,3465.3,3578.4,3525.6,3770.9,3888,3772.7,3969.2,0,3987,3684.4,3942.5,3829.3,3678.9,3627.7,3633.5,3813.9,3861.8,3194.2,3211.5,3362,3339.3,3400,3264.6,3405.3,3398.9,3577.3,3431.5,3531.6,3032.9,3410.2,3349.7,3349.2,3030,3799.3,3780,3706.9,3701.5,3642.4,3541.4,3547.4,3702.3,3538.2,3399.1,3231.8,3231.3,3541.6,3701.1,3788.8,3829,3803.6,3798,3542.4,3599.9,3668,3990.8,3697.8,3678.9,3534.6,3385.9,3328.7,3440.8,3421.8,3954.2,3593.8,3596.5,3629.6,3801.8,3854.7,3720.9,3521.7,3512.9,3459.7,3393.4
4266.6,5818.7,3504.2,3274.3,3532.7,3872.2,3574.8,4326.8,3287.4,3979.6,3996.9,3981.4,4295,4005.4,3416.7,3929.4,3631.6,3535.3,3523,3771.8,3468.9,3795.1,3527.9,4133.1,3988.4,4006.2,3881.4,3987,0,3685.5,4236.6,3830.4,3906.6,3975.8,3859.5,4029.7,4077.6,3244.6,3274.3,3375.7,3376.1,3463.1,3303.7,3436.9,3472.3,3725.8,3592.3,3649.3,3446.2,3708.5,3648,3647.9,3442.5,4057.4,4038.1,3965,3959.6,3900.5,3799.5,3751,3905.9,3806,3606,3498.9,3498.2,3813,4063.3,1.982,4226.6,4097.7,4086.2,3890.5,3973.2,3982.2,4305,4012,3894.7,3629.6,3458.6,3400.4,3443.1,3425.4,4170,3819.8,3824.2,3857.3,3802.9,3766.9,3821.3,3738.4,3735.3,3693.2,3806.7
3794.2,5892.8,3286.7,3182.3,3545.6,3345.4,3072.5,3817.9,3228.3,3544.6,3561.9,3472.5,3786.1,3496.5,3350.8,3420.5,3318.6,3078.8,3065.4,3350,3404,3376,3471.9,3499.8,3645,3584.9,3873,3684.4,3685.5,0,3679.1,1.449,3794,3381.3,3745.8,3820.8,3868.7,3185.5,3208.4,3277.6,3250.2,3293.7,3181.9,3267.9,3254.8,3363.4,3279.3,3364.5,2947.5,3181.7,3121.2,3121.1,2940.2,3548.5,3529.2,3456.1,3450.7,3391.6,3290.6,3316,3470.9,3285.3,3223.8,3041.3,3041.7,3315.2,3430,3487.3,3537.9,3540.2,3565.5,3296,3335.7,3509.8,3832.6,3539.6,3685.8,3779,3512.9,3474.5,3387.1,3360.5,3961.1,3706.1,3711.6,3744.7,1.174,3758.5,3477.9,3319.3,3313.5,3271.9,3308
4748.4,5788.1,3385.5,3194.9,3509.6,3692.4,3432.1,4129.5,3202.3,3794.9,3812.2,3784.1,4097.7,3808.1,3338,3732.1,3490.5,3374.8,3361.8,3629.2,3406,3655.8,3469.6,3917.2,3856.5,3854.7,3853.7,3942.5,4236.6,3679.1,0,3824,4005.2,4431.5,3958.9,4240.2,4288.1,3159.5,3195.6,3292.6,3289.3,3367.7,3209.3,3326.3,3353.6,3539.9,3451.2,3520.7,3303.3,3528.6,3468.1,3468.1,3299.8,3860.1,3840.8,3767.7,3762.3,3703.2,3602.2,3566.3,3721.2,3606.1,3461.9,3337.7,3337.7,3626.7,3847.4,4038.4,4433,1.389,4397.2,4346.2,4676.1,4464,4786.8,4493.8,4105.2,3667.8,3439,3369.9,3384.8,3362.5,4380.5,3919.2,3922.8,3955.9,3796.5,3739.2,3689.4,3599.1,3592.7,3541.7,3663.8
3939.1,6037.7,3431.6,3327.2,3690.5,3490.3,3217.4,3962.8,3373.2,3689.5,3706.8,3617.4,3931,3641.4,3495.7,3565.4,3463.5,3223.7,3210.3,3494.9,3548.9,3520.9,3616.8,3644.7,3789.9,3729.8,4017.9,3829.3,3830.4,1.449,3824,0,3938.9,3526.2,3890.7,3965.7,4013.6,3330.4,3353.3,3422.5,3395.1,3438.6,3326.8,3412.8,3399.7,3508.3,3424.2,3509.4,3092.4,3326.6,3266.1,3266,3085.1,3693.4,3674.1,3601,3595.6,3536.5,3435.5,3460.9,3615.8,3430.2,3368.7,3186.2,3186.6,3460.1,3574.9,3632.2,3682.8,3685.1,3710.4,3440.9,3480.6,3654.7,3977.5,3684.5,3830.7,3923.9,3657.8,3619.4,3532,3505.4,4106,3851,3856.5,3889.6,0.275,3903.4,3622.8,3464.2,3458.4,3416.8,3452.9
4301.1,6046.4,3226.6,3232.2,3528,3387.7,3268.7,3790.9,3328.9,3455.3,3472.6,3445.5,3759.1,3469.5,3466.9,3393.5,3316.2,3128,3115.6,3447.8,3398,3476.1,3464.4,3625.6,3668.1,3662.1,3815.7,3678.9,3906.6,3794,4005.2,3938.9,0,3822.7,4.857,6.869,7.827,3286.1,3324.5,3277.4,3240.2,3247.9,3197.4,3174.9,3194.7,3202.6,3276.9,3326.3,3142.5,3224.6,3164.1,3163.4,3136.4,3521.5,3502.2,3429.1,3423.7,3364.6,3263.6,3226.7,3381.6,3268.9,3267.8,3091.5,3090.9,3355.7,3555.8,3708.4,3863,3866.3,3903.3,3737.4,3804.7,4016.7,4339.5,4046.5,9.569,3938,3671.1,3628.1,3379.6,3354.5,4.063,4.063,0.824,0.493,3911.4,3701.2,3501,3419.4,3411.3,3349.1,3503
4397.5,5530.1,3000.7,2841.5,3102.2,3375.2,3096.5,3805,2900.5,3450,3467.3,3459.6,3773.2,3483.6,3025.7,3407.6,3185.9,3075.1,3062.5,3359.3,2994.2,3385.2,3059.2,3647.5,3582.6,3584.6,3569.8,3627.7,3975.8,3381.3,4431.5,3526.2,3822.7,0,3772.7,3889.4,3937.3,2857.7,2883.3,2878.9,2877.9,2962.7,2839.1,2921.6,2968.8,3181.4,3146.6,3187.3,2970.5,3211.7,3151.2,3150.9,2964.2,3535.6,3516.3,3443.2,3437.8,3378.7,3277.7,3221.4,3376.3,3285.2,3186.7,3038.4,3038,3355.9,3577.7,3777.6,4289.2,4292.6,4757.4,0.853,4715.1,4113.1,4435.9,4142.9,3754.4,3316.9,3164.1,3111.8,2974.4,2950.7,4029.7,3733,3740.3,3773.4,3498.7,3455.3,3415.5,3328.5,3322.8,3271.6,3331
4256.8,5999.3,3182.8,3187,3481.5,3343.2,3222.2,3747.1,3283.1,3410.6,3427.9,3401.7,3715.3,3425.7,3420.3,3349.7,3270.7,3083.7,3070.9,3402.9,3353.5,3430.9,3419.9,3579.4,3621.6,3615.2,3771.8,3633.5,3859.5,3745.8,3958.9,3890.7,4.857,3772.7,0,6.015,6.973,3240.3,3277.9,3234.2,3196.6,3201.6,3150.8,3130,3150.9,3157.7,3231.4,3282,3096.9,3179.5,3119,3118.9,3089.9,3477.7,3458.4,3385.3,3379.9,3320.8,3219.8,3182,3336.9,3224.3,3223.4,3046.8,3046.6,3309.7,3509.6,3661.3,3816.7,3820,3857,3687.4,3760.3,3972.4,4295.2,4002.2,8.715,3893.7,3625.2,3581,3335.1,3310,3.209,0.397,3.209,3.871,3863.2,3657.3,3454.5,3374.2,3366.4,3302.2,3457.4
4350.8,6046.4,3369.9,3250,3576.7,3565.7,3268.9,4031.9,3333.6,3716.7,3734,3686.5,4000.1,3710.5,3461.5,3634.5,3494.7,3279.1,3266.1,3562.2,3436.8,3591.4,3504.7,3767.4,3825.9,3784.6,3895.2,3813.9,4029.7,3820.8,4240.2,3965.7,6.869,3889.4,6.015,0,0.479,3290.8,3319.1,3314.2,3273.1,3307.8,3259.4,3306.4,3338,3489.2,3455.4,3475.1,3141,3402,3341.5,3341.4,3136.6,3762.5,3743.2,3670.1,3664.7,3605.6,3504.6,3488.1,3643,3505.7,3398.8,3242,3242,3519.2,3697.6,3831.5,4097.9,4101.3,4139.9,3804.1,3849.9,4066.4,4389.2,4096.2,1.35,3986.1,3666,3628.1,3419.9,3393.3,1.403,5.221,5.221,5.883,3938.2,3780.7,3658.8,3534.7,3525.7,3471.6,3501.5
4398.7,6094.3,3417.8,3297.9,3624.6,3613.6,3316.8,4079.8,3381.5,3764.6,3781.9,3734.4,4048,3758.4,3509.4,3682.4,3542.6,3327,3314,3610.1,3484.7,3639.3,3552.6,3815.3,3873.8,3832.5,3943.1,3861.8,4077.6,3868.7,4288.1,4013.6,7.827,3937.3,6.973,0.479,0,3338.7,3367,3362.1,3321,3355.7,3307.3,3354.3,3385.9,3537.1,3503.3,3523,3188.9,3449.9,3389.4,3389.3,3184.5,3810.4,3791.1,3718,3712.6,3653.5,3552.5,3536,3690.9,3553.6,3446.7,3289.9,3289.9,3567.1,3745.5,3879.4,4145.8,4149.2,4187.8,3852,3897.8,4114.3,4437.1,4144.1,1.829,4034,3713.9,3676,3467.8,3441.2,1.882,6.179,6.179,6.841,3986.1,3828.6,3706.7,3582.6,3573.6,3519.5,3549.4
3252.9,5812.5,3652.3,3742.4,3442.7,3200,3019.4,3595.5,0.428,3399.5,3416.8,3250.1,3563.7,3274.1,4420.5,3198.1,3302.6,2912.2,2899.2,3171.6,3703.1,3198.5,3713.5,3153.4,3436.2,3401.3,3265.8,3194.2,3244.6,3185.5,3159.5,3330.4,3286.1,2857.7,3240.3,3290.8,3338.7,0,4278.1,3956.7,3856,3726.5,4297.3,3898.8,3620.4,3330.2,3263.3,3442.6,2892.9,3036.4,2975.9,2975.7,2887.1,3326.1,3306.8,3233.7,3228.3,3169.2,3068.2,3170.9,3325.8,3050.5,3172.5,2875.1,2875.1,3153.9,3083.6,3046.4,3023.4,3020.6,3035.1,2772.4,2809.8,2968.5,3291.3,2998.3,3155.8,3220.2,3373.6,3394.2,3628.7,3659.6,3431.1,3200.6,3203.7,3236.8,3302.9,3151.3,3269.1,3141.8,3135.1,3088.3,3253.4
3267.9,5856.1,3644,3778.8,3474.3,3212.8,3027,3604.8,4320.9,3400.9,3418.2,3259.4,3573,3283.4,1.424,3207.4,3320.6,2921.3,2908.1,3194.9,3734.9,3221.1,3745.2,3180.5,3447.2,3430.1,3288.9,3211.5,3274.3,3208.4,3195.6,3353.3,3324.5,2883.3,3277.9,3319.1,3367,4278.1,0,4139.1,3850.2,3731.2,4114.9,3846.5,3612.1,3345.9,3281.3,3478,2900.5,3049.3,2988.8,2988.5,2894.7,3335.4,3316.1,3243,3237.6,3178.5,3077.5,3172.3,3327.2,3061.1,3189.4,2884,2884.2,3172.7,3110.7,3076.1,3055.4,3056.7,3070.9,2798,2823,2983.5,3306.3,3013.3,3184.1,3250.7,3405.9,3437.8,3660.4,3691.4,3459.4,3238.2,3242.1,3275.2,3325.8,3174.4,3280.1,3164.4,3158.4,3117.1,3261
3270,5941.8,3617.1,3878.1,3503.2,3129.4,2937,3711.9,3999.5,3488.4,3505.7,3366.5,3680.1,3390.5,4281.5,3314.5,3354.8,2941.4,2928.4,3278.4,3799.9,3300.4,3805.1,3278,3581.2,3528.7,3367.4,3362,3375.7,3277.6,3292.6,3422.5,3277.4,2878.9,3234.2,3314.2,3362.1,3956.7,4139.1,0,3870.8,3768.9,3793.6,3745.3,3585.2,3528.2,3315.5,3580.8,2811.1,2965.6,2905.1,2905.1,2804.7,3442.5,3423.2,3350.1,3344.7,3285.6,3184.6,3259.8,3414.7,3170.8,3336.6,2904.3,2904.3,3234.9,3208.2,3177.5,3180.6,3153.7,3161.7,2793.6,2825.2,2985.6,3308.4,3015.4,3179.2,3332.3,3539.8,3523.5,3720.3,3756.4,3454.5,3194.5,3195,3228.1,3395,3252.9,3414.1,3243.7,3241.9,3215.7,3171.6
3256.2,5834.7,3658,3874.3,3445,3204.3,2972.7,3681.8,3898.8,3466.6,3483.9,3336.4,3650,3360.4,3992.6,3284.4,3371.7,2982,2968.4,3297,3705.6,3319.7,3715.9,3288.5,3553.9,3532.9,3363.7,3339.3,3376.1,3250.2,3289.3,3395.1,3240.2,2877.9,3196.6,3273.1,3321,3856,3850.2,3870.8,0,3880.6,3889.4,3826,3626.1,3422.2,3332.4,3553.1,2843.7,3041,2980.5,2980,2840.4,3412.4,3393.1,3320,3314.6,3255.5,3154.5,3238,3392.9,3138.9,3309.4,2944.3,2944.9,3315.3,3218.7,3177.9,3162.5,3150.4,3153.3,2792.6,2830.6,2971.8,3294.6,3001.6,3138.1,3291.8,3448.4,3416.4,3631.1,3662.1,3413.4,3156.9,3157.8,3190.9,3367.6,3249.2,3386.8,3263,3260.5,3219.9,3204.2
3320.2,5770.2,3777.7,3713.4,3438.8,3356.7,3108.1,3769.5,3769.3,3565.1,3582.4,3424.1,3737.7,3448.1,3873.6,3372.1,3475.4,3104.4,3091,3379.1,3668.4,3403.1,3683.1,3378.9,3618.5,3614.4,3431.1,3400,3463.1,3293.7,3367.7,3438.6,3247.9,2962.7,3201.6,3307.8,3355.7,3726.5,3731.2,3768.9,3880.6,0,3791.4,3885.3,3745.8,3515.5,3436.1,3588.5,2985,3193.4,3132.9,3132.4,2975.8,3500.1,3480.8,3407.7,3402.3,3343.2,3242.2,3336.5,3491.4,3225.6,3395.3,3066.9,3067.3,3386.1,3309.1,3264.9,3246.3,3228.8,3228.5,2877.4,2926.2,3035.8,3358.6,3065.6,3172.8,3344.7,3439.8,3351.9,3598.3,3624.9,3448.1,3161.9,3165.5,3198.6,3411.1,3316.6,3451.4,3346.4,3342.6,3301.4,3345.5
3230.4,5765.6,3715.8,3700.6,3408.3,3215.5,2991.4,3632,4340.1,3440.1,3457.4,3286.6,3600.2,3310.6,4257.3,3234.6,3348.8,2960.1,2947,3222.7,3661.9,3249.2,3675.1,3204.3,3497.7,3463.4,3293.5,3264.6,3303.7,3181.9,3209.3,3326.8,3197.4,2839.1,3150.8,3259.4,3307.3,4297.3,4114.9,3793.6,3889.4,3791.4,0,3987.5,3683.9,3369.8,3309.5,3470,2866.9,3052.1,2991.6,2991.2,2859.1,3362.6,3343.3,3270.2,3264.8,3205.7,3104.7,3211.5,3366.4,3085.4,3257.7,2922.9,2923,3237.7,3134.5,3105.5,3089.3,3070.4,3080.5,2753.8,2794.2,2946,3268.8,2975.8,3124.4,3224.7,3371.6,3347.3,3590.3,3618.4,3399.7,3111.1,3115,3148.1,3299.3,3179,3330.6,3192.5,3186.2,3150.4,3227.4
3323,5749.6,3882,3621,3426.4,3309.9,3071.1,3731.3,3941.6,3550.3,3567.6,3385.9,3699.5,3409.9,3988.9,3333.9,3472.9,3093.5,3079.8,3374.6,3641.4,3397.7,3659.1,3359.2,3624.7,3621,3400.3,3405.3,3436.9,3267.9,3326.3,3412.8,3174.9,2921.6,3130,3306.4,3354.3,3898.8,3846.5,3745.3,3826,3885.3,3987.5,0,3850.1,3452.3,3433.6,3611.8,2944.6,3146.9,3086.4,3085.6,2938.8,3461.9,3442.6,3369.5,3364.1,3305,3204,3321.7,3476.6,3183.1,3421.8,3055.7,3056.4,3397.7,3289.4,3238.7,3213.6,3187.4,3191.4,2836.3,2914.4,3038.6,3361.4,3068.4,3171.4,3357.4,3438.7,3331.3,3574.3,3597.9,3446.7,3090.3,3092.5,3125.6,3385.3,3285.8,3457.6,3341,3338.1,3308,3305.1
3369.8,5693.1,0.319,3469.7,3366.1,3387.6,3129.9,3802.7,3663.2,3622.5,3639.8,3457.3,3770.9,3481.3,3754.5,3405.3,3539.8,3164.4,3150.9,3426.1,3528.7,3449.3,3553.8,3404.3,3652.7,3676.5,3400,3398.9,3472.3,3254.8,3353.6,3399.7,3194.7,2968.8,3150.9,3338,3385.9,3620.4,3612.1,3585.2,3626.1,3745.8,3683.9,3850.1,0,3547.9,3500.5,3640.7,3003.1,3224.7,3164.2,3163.3,2997.6,3533.3,3514,3440.9,3435.5,3376.4,3275.4,3393.9,3548.8,3254.5,3491.2,3126.8,3127.3,3455.9,3334.5,3274.1,3242.5,3214.7,3221.2,2883.5,2963.8,3085.4,3408.2,3115.2,3203,3274.7,3320.1,3274.8,3469,3485.2,3478.3,3111.2,3112.3,3145.4,3372.2,3285.5,3485.6,3392.6,3389.6,3363.5,3363.6
3576.2,5572.5,3579.8,3294.9,3379.2,3740.4,3481.9,4136.5,3373,3997.3,4014.6,3791.1,4104.7,3815.1,3488.3,3739.1,4169,3580.5,3566.8,3794.5,3494.5,3811.5,3527.7,3735.7,3909.7,4081.6,3525.1,3577.3,3725.8,3363.4,3539.9,3508.3,3202.6,3181.4,3157.7,3489.2,3537.1,3330.2,3345.9,3528.2,3422.2,3515.5,3369.8,3452.3,3547.9,0,4129.7,3761.6,3356.1,3576.9,3516.4,3516.1,3349.6,3867.1,3847.8,3774.7,3769.3,3710.2,3609.2,3768.7,3923.6,3582.9,4062.8,3542.7,3543.4,3956.2,3665.9,3527.6,3471.5,3401,3397.1,3096.1,3213.4,3291.8,3614.6,3321.6,3354.2,2660.6,3377.4,3154.2,3442.9,3451,3629.5,3118,3120.2,3153.3,3480.8,3410.6,3742.6,3754.8,3758,3768.6,3716.6
3509.2,5562.7,3532.4,3209.5,3245.2,3631.2,3371,4048.5,3306.1,3867.8,3885.1,3703.1,4016.7,3727.1,3423.7,3651.1,0.393,3404.3,3390.4,3595.4,3329.6,3616.4,3365.5,3558,3789.5,3854.9,3439.7,3431.5,3592.3,3279.3,3451.2,3424.2,3276.9,3146.6,3231.4,3455.4,3503.3,3263.3,3281.3,3315.5,3332.4,3436.1,3309.5,3433.6,3500.5,4129.7,0,3933.1,3248,3467.9,3407.4,3406.9,3238.7,3779.1,3759.8,3686.7,3681.3,3622.2,3521.2,3639.2,3794.1,3500.3,3701.5,3366.3,3367.2,3653.8,3488.2,3394.1,3351.8,3312.3,3316.3,3061.3,3113.4,3224.8,3547.6,3254.6,3320.4,3234.9,3209.1,3144.4,3280.7,3286.1,3595.7,3191.7,3194.5,3227.6,3396.7,3325.2,3622.4,3559.7,3558.9,3541.9,3608.5
3552.3,5683.9,3672.6,3443.2,3433.6,3659.8,3286.2,4098.1,3485.4,3887.9,3905.2,3752.7,4066.3,3776.7,3620.4,3700.7,3972.4,3414.2,3401.2,3625.8,3563.1,3651.9,3594,3591.8,3912.6,3858.1,3529.6,3531.6,3649.3,3364.5,3520.7,3509.4,3326.3,3187.3,3282,3475.1,3523,3442.6,3478,3580.8,3553.1,3588.5,3470,3611.8,3640.7,3761.6,3933.1,0,3160.5,3496.4,3435.9,3435.5,3153.9,3828.7,3809.4,3736.3,3730.9,3671.8,3570.8,3659.3,3814.2,3554.7,3656.8,3377.1,3377.1,3651.8,3522,3451.1,3418.6,3381.8,3386.2,3102,3166.7,3267.9,3590.7,3297.7,3340.1,3368.8,3376.2,3265.6,3509.2,3519.6,3615.4,3242.3,3243.9,3277,3481.9,3415.1,3745.5,3595.2,3589.3,3545.1,3521
3263.6,5348.6,3035,2811.1,2897.7,28.492,7.926,30.296,2935.7,3662.7,3680,23.872,30.568,25.264,3042.9,26.952,3287.3,3463.2,3449,3421.3,2906.5,3427.9,2962.3,3440.3,3335.2,3749.3,3112.7,3032.9,3446.2,2947.5,3303.3,3092.4,3142.5,2970.5,3096.9,3141,3188.9,2892.9,2900.5,2811.1,2843.7,2985,2866.9,2944.6,3003.1,3356.1,3248,3160.5,0,5.28,6.49,19.52,5.28,19.52,20.292,23.216,23.432,25.796,29.836,3434.1,3589,3559.3,3744.4,3424.9,3426.1,3651.2,3370.5,3248,3198,3164.4,3173,2885.2,2893.3,2979.2,3302,3009,3006,2892.1,2885.2,2930.3,2877.5,2863,3281.3,3057.2,3060.1,3093.2,3064.9,2998.2,3168.1,3371.2,3384.8,3436.3,3.605
3536.5,5442.1,3256.6,2966.3,3024.2,8.966,7.926,9.868,3079.2,3886.9,3904.2,6.656,10.004,7.352,3191.7,8.196,3507.2,3747.5,3733.5,3783.4,3046,3796.8,3097,3731.4,3768.1,4085.9,3399.1,3410.2,3708.5,3181.7,3528.6,3326.6,3224.6,3211.7,3179.5,3402,3449.9,3036.4,3049.3,2965.6,3041,3193.4,3052.1,3146.9,3224.7,3576.9,3467.9,3496.4,5.28,0,0.605,4.48,5.28,4.48,4.866,6.328,6.436,7.618,9.638,3658.3,3813.2,3788.9,4100.7,3709.4,3710.4,3998.6,3661.6,3510.3,3453.4,3389.7,3389.4,3126.4,3171.3,3252.1,3574.9,3281.9,3267,3083.9,3032,3023.8,3012.2,3002.5,3542.3,3139.8,3142.2,3175.3,3299.1,3284.6,3601,3740.1,3746.9,3772.9,12.49
3476,5381.6,3196.1,2905.8,2963.7,7.756,9.136,8.658,3018.7,3826.4,3843.7,5.446,8.794,6.142,3131.2,6.986,3446.7,3687,3673,3722.9,2985.5,3736.3,3036.5,3670.9,3707.6,4025.4,3338.6,3349.7,3648,3121.2,3468.1,3266.1,3164.1,3151.2,3119,3341.5,3389.4,2975.9,2988.8,2905.1,2980.5,3132.9,2991.6,3086.4,3164.2,3516.4,3407.4,3435.9,6.49,0.605,0,3.27,6.49,3.27,3.656,5.118,5.226,6.408,8.428,3597.8,3752.7,3728.4,4040.2,3648.9,3649.9,3938.1,3601.1,3449.8,3392.9,3329.2,3328.9,3065.9,3110.8,3191.6,3514.4,3221.4,3206.5,3023.4,2971.5,2963.3,2951.7,2942,3481.8,3079.3,3081.7,3114.8,3238.6,3224.1,3540.5,3679.6,3686.4,3712.4,13.7
3475.5,5381.1,3195.2,2905.6,2963.2,2.243,24.812,8.658,3018.5,3826.1,3843.4,5.446,8.794,6.142,3130.9,6.986,3446.2,3686.5,3672.5,3722.8,2984.9,3735.5,3035.7,3670.5,3707,4025.2,3338,3349.2,3647.9,3121.1,3468.1,3266,3163.4,3150.9,3118.9,3341.4,3389.3,2975.7,2988.5,2905.1,2980,3132.4,2991.2,3085.6,3163.3,3516.1,3406.9,3435.5,19.52,4.48,3.27,0,19.52,3.27,3.656,5.118,5.226,6.408,8.428,3597.5,3752.4,3728.1,4039.9,3648.4,3649.4,3937.8,3600.7,3449.7,3392.5,3329.2,3328.8,3065.6,3110.3,3191.1,3513.9,3220.9,3206.4,3023.4,2971.5,2962.8,2950.9,2941.4,3481.7,3079.2,3081,3114.1,3238.5,3223.5,3539.9,3678.8,3686.3,3712.2,33.94
3260.1,5343.7,3029.5,2804.7,2891.2,28.492,1.323,30.296,2929.9,3656.2,3673.5,23.872,30.568,25.264,3037.1,26.952,3278,3457.3,3442.7,3414.8,2897.7,3423.6,2953.9,3436.1,3330.5,3744.1,3106.7,3030,3442.5,2940.2,3299.8,3085.1,3136.4,2964.2,3089.9,3136.6,3184.5,2887.1,2894.7,2804.7,2840.4,2975.8,2859.1,2938.8,2997.6,3349.6,3238.7,3153.9,5.28,5.28,6.49,19.52,0,19.52,20.292,23.216,23.432,25.796,29.836,3427.6,3582.5,3552.7,3739.8,3418.6,3420.2,3646.6,3366.3,3244.3,3194.1,3160.9,3168.7,2878.9,2887.2,2975.7,3298.5,3005.5,3001.6,2884.1,2882.7,2925.4,2869.1,2854.2,3276.9,3050.2,3054,3087.1,3057.6,2992.2,3163.4,3366.9,3378.3,3431.1,12.49
3904.8,5687.2,3565.2,3304,3443.7,7.756,24.812,2.694,3368.9,4178.8,4196.1,1.088,2.762,1.436,3477.8,1.858,3818.4,4076.1,4062.4,4157.5,3484.1,4171,3528.8,4097.5,4171.5,4461.2,3740.9,3799.3,4057.4,3548.5,3860.1,3693.4,3521.5,3535.6,3477.7,3762.5,3810.4,3326.1,3335.4,3442.5,3412.4,3500.1,3362.6,3461.9,3533.3,3867.1,3779.1,3828.7,19.52,4.48,3.27,3.27,19.52,0,0.193,0.924,0.978,1.569,2.579,3950.2,4105.1,4083.4,4558.4,4038.3,4039,4451.8,4027.7,3859.2,3795,3721.2,3717.8,3450.3,3560.3,3620.4,3943.2,3650.2,3627.5,3487.5,3388.7,3268.9,3444,3440.6,3902.8,3438,3439.1,3472.2,3665.9,3626.4,4004.4,4114.3,4121,4148.2,33.94
3885.5,5667.9,3545.9,3284.7,3424.4,8.142,25.584,2.887,3349.6,4159.5,4176.8,0.895,2.569,1.243,3458.5,1.665,3799.1,4056.8,4043.1,4138.2,3464.8,4151.7,3509.5,4078.2,4152.2,4441.9,3721.6,3780,4038.1,3529.2,3840.8,3674.1,3502.2,3516.3,3458.4,3743.2,3791.1,3306.8,3316.1,3423.2,3393.1,3480.8,3343.3,3442.6,3514,3847.8,3759.8,3809.4,20.292,4.866,3.656,3.656,20.292,0.193,0,0.731,0.785,1.376,2.386,3930.9,4085.8,4064.1,4539.1,4019,4019.7,4432.5,4008.4,3839.9,3775.7,3701.9,3698.5,3431,3541,3601.1,3923.9,3630.9,3608.2,3468.2,3369.4,3249.6,3424.7,3421.3,3883.5,3418.7,3419.8,3452.9,3646.6,3607.1,3985.1,4095,4101.7,4128.9,34.712
3812.4,5594.8,3472.8,3211.6,3351.3,9.604,28.508,3.618,3276.5,4086.4,4103.7,0.164,3.3,0.512,3385.4,0.934,3726,3983.7,3970,4065.1,3391.7,4078.6,3436.4,4005.1,4079.1,4368.8,3648.5,3706.9,3965,3456.1,3767.7,3601,3429.1,3443.2,3385.3,3670.1,3718,3233.7,3243,3350.1,3320,3407.7,3270.2,3369.5,3440.9,3774.7,3686.7,3736.3,23.216,6.328,5.118,5.118,23.216,0.924,0.731,0,0.054,0.645,1.655,3857.8,4012.7,3991,4466,3945.9,3946.6,4359.4,3935.3,3766.8,3702.6,3628.8,3625.4,3357.9,3467.9,3528,3850.8,3557.8,3535.1,3395.1,3296.3,3176.5,3351.6,3348.2,3810.4,3345.6,3346.7,3379.8,3573.5,3534,3912,4021.9,4028.6,4055.8,37.636
3807,5589.4,3467.4,3206.2,3345.9,9.712,28.724,3.672,3271.1,4081,4098.3,0.218,3.354,0.458,3380,0.88,3720.6,3978.3,3964.6,4059.7,3386.3,4073.2,3431,3999.7,4073.7,4363.4,3643.1,3701.5,3959.6,3450.7,3762.3,3595.6,3423.7,3437.8,3379.9,3664.7,3712.6,3228.3,3237.6,3344.7,3314.6,3402.3,3264.8,3364.1,3435.5,3769.3,3681.3,3730.9,23.432,6.436,5.226,5.226,23.432,0.978,0.785,0.054,0,0.591,1.601,3852.4,4007.3,3985.6,4460.6,3940.5,3941.2,4354,3929.9,3761.4,3697.2,3623.4,3620,3352.5,3462.5,3522.6,3845.4,3552.4,3529.7,3389.7,3290.9,3171.1,3346.2,3342.8,3805,3340.2,3341.3,3374.4,3568.1,3528.6,3906.6,4016.5,4023.2,4050.4,37.852
3747.9,5530.3,3408.3,3147.1,3286.8,10.894,31.088,4.263,3212,4021.9,4039.2,0.809,3.945,1.049,3320.9,0.289,3661.5,3919.2,3905.5,4000.6,3327.2,4014.1,3371.9,3940.6,4014.6,4304.3,3584,3642.4,3900.5,3391.6,3703.2,3536.5,3364.6,3378.7,3320.8,3605.6,3653.5,3169.2,3178.5,3285.6,3255.5,3343.2,3205.7,3305,3376.4,3710.2,3622.2,3671.8,25.796,7.618,6.408,6.408,25.796,1.569,1.376,0.645,0.591,0,1.01,3793.3,3948.2,3926.5,4401.5,3881.4,3882.1,4294.9,3870.8,3702.3,3638.1,3564.3,3560.9,3293.4,3403.4,3463.5,3786.3,3493.3,3470.6,3330.6,3231.8,3112,3287.1,3283.7,3745.9,3281.1,3282.2,3315.3,3509,3469.5,3847.5,3957.4,3964.1,3991.3,40.216
3646.9,5429.3,3307.3,3046.1,3185.8,12.914,35.128,5.273,3111,3920.9,3938.2,1.819,4.955,2.059,3219.9,1.299,3560.5,3818.2,3804.5,3899.6,3226.2,3913.1,3270.9,3839.6,3913.6,4203.3,3483,3541.4,3799.5,3290.6,3602.2,3435.5,3263.6,3277.7,3219.8,3504.6,3552.5,3068.2,3077.5,3184.6,3154.5,3242.2,3104.7,3204,3275.4,3609.2,3521.2,3570.8,29.836,9.638,8.428,8.428,29.836,2.579,2.386,1.655,1.601,1.01,0,3692.3,3847.2,3825.5,4300.5,3780.4,3781.1,4193.9,3769.8,3601.3,3537.1,3463.3,3459.9,3192.4,3302.4,3362.5,3685.3,3392.3,3369.6,3229.6,3130.8,3011,3186.1,3182.7,3644.9,3180.1,3181.2,3214.3,3408,3368.5,3746.5,3856.4,3863.1,3890.3,44.256
3608.2,5490.7,3425.8,3123.9,3217.8,3821.8,3559.9,4219.6,3213.7,2.286,2.459,3874.2,4187.8,3898.2,3314.7,3822.2,3678.5,3661.9,3648.2,3836.9,3285.7,3851.2,3325.8,3778.1,3906.4,4131.6,3500.3,3547.4,3751,3316,3566.3,3460.9,3226.7,3221.4,3182,3488.1,3536,3170.9,3172.3,3259.8,3238,3336.5,3211.5,3321.7,3393.9,3768.7,3639.2,3659.3,3434.1,3658.3,3597.8,3597.5,3427.6,3950.2,3930.9,3857.8,3852.4,3793.3,3692.3,0,1.549,3666,4144.2,3624.1,3624.8,4037.6,3708.3,3552.8,3491.6,3427.4,3424.1,3136.1,3247.5,3323.8,3646.6,3353.6,3353.1,3267.5,3184.5,3072.4,3241,3242.2,3628.4,3142.3,3144.3,3177.4,3433.4,3385.8,3739.3,3794.5,3800.4,3818.6,3794.6
3763.1,5645.6,3580.7,3278.8,3372.6,3976.7,3714.8,4374.5,3368.6,0.737,0.91,4029.1,4342.7,4053.1,3469.6,3977.1,3833.4,3816.8,3803.1,3991.8,3440.6,4006.1,3480.7,3933,4061.3,4286.5,3655.2,3702.3,3905.9,3470.9,3721.2,3615.8,3381.6,3376.3,3336.9,3643,3690.9,3325.8,3327.2,3414.7,3392.9,3491.4,3366.4,3476.6,3548.8,3923.6,3794.1,3814.2,3589,3813.2,3752.7,3752.4,3582.5,4105.1,4085.8,4012.7,4007.3,3948.2,3847.2,1.549,0,3820.9,4299.1,3779,3779.7,4192.5,3863.2,3707.7,3646.5,3582.3,3579,3291,3402.4,3478.7,3801.5,3508.5,3508,3422.4,3339.4,3227.3,3395.9,3397.1,3783.3,3297.2,3299.2,3332.3,3588.3,3540.7,3894.2,3949.4,3955.3,3973.5,3949.5
3651.7,5418.6,3286.4,3031.1,3179.1,3952.4,3685,4352.8,3093.3,3894.6,3911.9,4007.4,4321,4031.4,3203.5,3955.4,3539.6,4409.2,4380.6,3908.1,3215,3921,3260,3847.2,3912.2,4213.9,3477.6,3538.2,3806,3285.3,3606.1,3430.2,3268.9,3285.2,3224.3,3505.7,3553.6,3050.5,3061.1,3170.8,3138.9,3225.6,3085.4,3183.1,3254.5,3582.9,3500.3,3554.7,3559.3,3788.9,3728.4,3728.1,3552.7,4083.4,4064.1,3991,3985.6,3926.5,3825.5,3666,3820.9,0,4326.2,4356.5,4372.1,4219.6,3777.4,3607.8,3543.6,3467.2,3464.2,3199.9,3309.9,3367.3,3690.1,3397.1,3370.7,3222.6,3120.8,3000.3,3175.2,3171.5,3646,3184.6,3186.5,3219.6,3402.7,3363.1,3745.1,3864.3,3871.6,3900.9,3919.8
3516.5,5421.5,3523.1,3157.4,3243.6,4264.2,3872.1,4827.8,3215.3,4372.8,4390.1,4482.4,4796,4506.4,3331.8,4430.4,3740.8,4401.2,4403.8,3701,3331.7,3715.9,3368.6,3627.2,3778.9,3978.8,3402.9,3399.1,3606,3223.8,3461.9,3368.7,3267.8,3186.7,3223.4,3398.8,3446.7,3172.5,3189.4,3336.6,3309.4,3395.3,3257.7,3421.8,3491.2,4062.8,3701.5,3656.8,3744.4,4100.7,4040.2,4039.9,3739.8,4558.4,4539.1,4466,4460.6,4401.5,4300.5,4144.2,4299.1,4326.2,0,4379.7,4364.1,3743,3557.4,3407.8,3347.6,3323,3322.3,3101.4,3151.1,3232.1,3554.9,3261.9,3263.8,3156,3100.5,3003.2,3283.8,3288.2,3539.1,3183.7,3185.4,3218.5,3341.2,3288.4,3611.8,3659.2,3664.5,3665.8,4104.9
3370.1,5226.9,3158.7,2823.8,2893.6,3872.7,3550.8,4307.7,2917.9,3852.7,3870,3962.3,4275.9,3986.3,3026.4,3910.3,3405.6,4431.5,0.241,3586.8,2937.4,3601.4,2979.3,3518.1,3607.6,3871.1,3234,3231.8,3498.9,3041.3,3337.7,3186.2,3091.5,3038.4,3046.8,3242,3289.9,2875.1,2884,2904.3,2944.3,3066.9,2922.9,3055.7,3126.8,3542.7,3366.3,3377.1,3424.9,3709.4,3648.9,3648.4,3418.6,4038.3,4019,3945.9,3940.5,3881.4,3780.4,3624.1,3779,4356.5,4379.7,0,4394.4,3700.4,3448.3,3300.7,3241.7,3198.8,3198.8,2953.1,3011.4,3085.7,3408.5,3115.5,3107,2941.5,2858.7,2808.6,2894.5,2893.9,3382.3,3007.1,3009.1,3042.2,3158.7,3119.5,3440.5,3544.7,3550.3,3558.1,3785.4
