0,3046.1,1565.3,1616.2,1793.7,1742,1700.9,1872.2,1609.6,1701.7,1710.4,1699.5,1856.3,1711.5,1689.8,1673.5,1635.3,1570.2,1563.7,1725.2,1717.3,1744.1,1752,1780.7,1851.7,1813.1,1980.6,1890.1,1928.7,2166.7,1923,2234.4,2247.3,1802.2,2116.1,2203.7,2227.6,1588.2,1618.6,1655.3,1625.2,1621.5,1551.1,1538.9,1549.4,1571.5,1615.7,1667.9,1638.8,1660.8,1630.6,1629.9,1634.7,1737.5,1727.9,1691.3,1688.6,1659.1,1608.6,1587.4,1664.9,1610.2,1615.6,1551.7,1551.7,1647.1,1745.8,1829.6,1851.7,1853.5,1873.6,1759.5,1767.3,2.844,5.476,2.546,6.581,2049.7,1885.7,1837,1709.6,1695.5,2136.3,2096.3,2237.9,2222.7,2220.7,1923.4,1768.1,1715.8,1706.9,1656.6,1819.1
3046.1,0,2569.2,2650.6,3117.5,2626.8,2628.8,2749.3,2661.7,2607.5,2616.1,2576.6,2733.4,2588.6,2743.4,2550.6,2540.9,2429.2,2423,2527.3,2797.6,2541,2835.2,2585.8,2631.8,2637,2675.3,2589.3,2696.8,2684.1,2674.8,2698.6,2710.8,2589.7,2603.5,2680,2703.9,2640.3,2672.2,2727,2659.5,2623.6,2600.1,2566.7,2553.2,2490.3,2521.3,2563.3,2567.6,2544.9,2514.7,2514.7,2562.6,2614.6,2604.9,2568.4,2565.7,2536.1,2485.6,2493.2,2570.6,2482.4,2464.3,2411,2410.7,2474.7,2550.9,2597.7,2603.6,2605.4,2625.5,2547,2553.5,2903.9,3065.3,2918.8,2717.1,2775.4,2963.6,24.183,2792.8,2775.8,2631.6,2583.6,2695.3,2686.1,2684.8,2618,2548.3,2512.6,2509.1,2480.5,2747.9
1565.3,2569.2,0,1443.1,1398.9,1469.7,1391.5,1657,1536.1,1553.7,1562.4,1484.3,1641.1,1496.3,1580.3,1458.3,1490.7,1323.4,1316.2,1432,1458.2,1441,1474.9,1468.4,1478.2,1567.2,1386.5,1331.4,1525.9,1320.4,1487.5,1290.7,1301.5,1321.1,1180.1,1215.5,1239.4,1514.7,1509.1,1463.3,1515.3,1601.4,1547.5,1655.8,0.319,1507.8,1471.1,1538.8,1328,1388,1357.8,1357.6,1325.3,1522.3,1512.6,1476.1,1473.4,1443.8,1393.3,1439.4,1516.9,1384.8,1444.3,1304.2,1304.8,1428.6,1433.5,1426.8,1416.3,1418.1,1438.2,1278.4,1285.8,1423.1,1584.5,1438,1236.3,1323.7,1350.3,1360,1432.5,1436.4,1190,1160.3,1275.5,1276.9,1277,1329.2,1394.6,1412.6,1413.8,1410.7,1508.2
1616.2,2650.6,1443.1,0,1462.8,1358.3,1296.6,1510,1615.9,1396.7,1405.3,1337.3,1494.1,1349.3,1682.3,1311.3,1332.9,1162.4,1155.9,1265.9,1579.3,1277.9,1587.5,1298.5,1344.5,1388.6,1327.7,1254.5,1378.7,1302,1354.3,1287.9,1299.3,1249.9,1201.6,1253.2,1277.1,1594.5,1611.1,1641.1,1639.3,1535.3,1550.7,1494,1427.1,1327.9,1313.3,1371,1234.5,1276.7,1246.5,1246.1,1230.5,1375.3,1365.7,1329.1,1326.4,1296.9,1246.4,1282.4,1359.8,1239.4,1232.3,1143.9,1143.9,1232.4,1263.6,1279.6,1283.1,1284.9,1305,1207.2,1215.6,1474,1635.4,1488.9,1287.1,1342.2,1412.8,1441.5,1545.1,1557.6,1210.8,1181.8,1277.9,1274.6,1274.2,1270.5,1260.9,1249.5,1247.6,1232.1,1414.8
1793.7,3117.5,1398.9,1462.8,0,1409.6,1354.6,1529.1,1491.9,1403.9,1412.5,1356.4,1513.2,1368.4,1558.8,1330.4,1351.2,1210.4,1203.6,1328.8,1589.1,1344.5,1627.5,1374.8,1467.5,1428.8,1523.4,1437.4,1475.3,1532.2,1454.5,1489.7,1501,1338.1,1361.1,1435.2,1459.1,1470.5,1487.6,1516.5,1472.8,1456,1425.8,1403.4,1383,1303.4,1331.6,1395.3,1290.9,1328.1,1297.8,1297.5,1288.5,1394.4,1384.7,1348.2,1345.5,1315.9,1265.4,1289.6,1367,1260,1255.7,1191.5,1191.8,1265.9,1339.9,1376.2,1383.2,1385,1405.1,1295.5,1297.1,1651.5,1812.9,1666.4,1464.7,1565.7,1665.1,1908.3,1585.1,1567.4,1387.2,1341.2,1479.5,1476.3,1475.9,1466.1,1383.9,1316.1,1310.5,1272.3,1471.2
1742,2626.8,1469.7,1358.3,1409.6,0,33.784,13.144,1419.2,1784.8,1793.5,9.932,13.28,10.628,1473.5,11.472,1599.1,1683.9,1676.8,1706.7,1406.9,1712.7,1435.3,1735.4,1676.2,1863.8,1566.5,1523.2,1766.6,1484.9,1718.2,1442.4,1453.7,1487.3,1368.9,1392.4,1416.3,1397.8,1402.3,1358.3,1372.4,1449.6,1386.2,1424.5,1453.8,1631.5,1579.4,1578.3,28.492,8.966,7.756,2.243,28.492,7.756,8.142,9.604,9.712,10.894,12.914,1670.5,1748,1733.1,1847,1664.7,1665.4,1800.4,1700.5,1667.5,1646.9,1648.7,1668.8,1444.6,1451.7,1599.8,1761.2,1614.7,1413,1386.3,1401.8,1417.7,1392.9,1385.1,1354.5,1349.1,1432.4,1429.1,1428.6,1509.3,1592.6,1684.3,1688.5,1707.3,42.912
1700.9,2628.8,1391.5,1296.6,1354.6,33.784,0,35.588,1357.3,1642.5,1651.2,29.164,35.86,30.556,1421.5,32.244,1443.9,1489.2,1482.3,1465.4,1347.6,1469.3,1375.8,1516.5,1433.9,1627.9,1404.8,1335.4,1558,1367.4,1514.5,1407.9,1419.7,1281.9,1318.6,1339.6,1363.6,1335.9,1350.3,1297.4,1295.6,1312.7,1316.5,1350.3,1375.5,1492.6,1424.2,1349,7.926,7.926,9.136,24.812,1.323,24.812,25.584,28.508,28.724,31.088,35.128,1528.2,1605.7,1585.4,1611.5,1470.3,1470.6,1573.7,1481.6,1458.9,1443.3,1445.1,1465.2,1239.3,1243.4,1558.7,1720.1,1573.6,1371.8,1355.6,1361.6,1419.6,1333.4,1325.9,1297.5,1298.8,1400.4,1395,1394.1,1347.6,1350.4,1441,1447.1,1471.4,15.136
1872.2,2749.3,1657,1510,1529.1,13.144,35.588,0,1562.5,1993.1,2001.7,3.782,5.456,4.13,1620.7,4.552,1802.1,1922.4,1914.4,1968.4,1543.7,1971.5,1566.6,2002.3,1937.6,2134.9,1762.7,1738.5,2008.1,1653,1953.8,1581.3,1592.3,1743.6,1481.7,1521.6,1545.6,1541.1,1549.5,1509.7,1544,1624.5,1551.3,1602.8,1641,1838.1,1782.5,1799.8,30.296,9.868,8.658,8.658,30.296,2.694,2.887,3.618,3.672,4.263,5.273,1878.8,1956.2,1944.1,2105.3,1902.4,1903.8,2054.2,1967.4,1909,1882.5,1884.3,1904.4,1701,1707.9,1730,1891.4,1744.9,1543.2,1548,1527,1540.1,1524.2,1522,1492.5,1461.8,1567.3,1567.6,1567.5,1705.5,1854,1943.1,1950.2,1978.4,44.716
1609.6,2661.7,1536.1,1615.9,1491.9,1419.2,1357.3,1562.5,0,1455.7,1464.4,1389.8,1546.6,1401.8,1915.7,1363.8,1390.5,1218.3,1211.5,1311.3,1601.5,1323.1,1609.6,1361,1369.8,1434.9,1341.6,1269.5,1436.8,1306.5,1403.2,1306.9,1318.3,1318.8,1206.8,1253.5,1277.5,0.428,1844.5,1687.1,1655.5,1590.4,1853.9,1639.9,1520.1,1389.2,1370.9,1403.7,1292.1,1337.5,1307.2,1307.1,1291.1,1427.8,1418.1,1381.6,1378.9,1349.3,1298.8,1341.4,1418.9,1291.3,1288.7,1199.4,1199.7,1282.5,1326.1,1337.7,1331.9,1333.7,1353.8,1276.2,1287.3,1467.4,1628.8,1482.3,1280.5,1360.7,1424.5,1452.5,1567.2,1579.8,1217.7,1187,1296.9,1293.6,1293.2,1284.4,1286.3,1294.8,1293,1278.4,1472.4
1701.7,2607.5,1553.7,1396.7,1403.9,1784.8,1642.5,1993.1,1455.7,0,1.647,1820.4,1977.2,1832.4,1509.9,1794.4,1697,1698.1,1690.2,1768.8,1427.5,1771.9,1448.9,1801.7,1753.6,1928.9,1591.4,1563,1824.1,1485.5,1772.7,1420.8,1431.9,1554.8,1316.8,1349.5,1373.4,1434.3,1438.7,1396.7,1436.3,1515.4,1443,1498.8,1537.8,1766.9,1677.4,1675.4,1578.7,1703.2,1673,1672.7,1576.4,1858.4,1848.7,1812.2,1809.5,1779.9,1729.4,2.286,0.737,1716.6,1881,1678.2,1679.6,1830,1766.8,1725,1701.4,1703.2,1723.3,1512.2,1520,1559.5,1720.9,1574.4,1372.7,1401.1,1391.8,1398.3,1406.5,1405.8,1320.9,1296.9,1407.7,1407.2,1407,1534.2,1670,1743.5,1750.6,1772.4,1758.9
1710.4,2616.1,1562.4,1405.3,1412.5,1793.5,1651.2,2001.7,1464.4,1.647,0,1829,1985.8,1841,1518.6,1803,1705.7,1706.8,1698.9,1777.5,1436.2,1780.5,1457.6,1810.4,1762.2,1937.6,1600.1,1571.6,1832.7,1494.2,1781.3,1429.4,1440.5,1563.5,1325.4,1358.1,1382.1,1443,1447.4,1405.3,1444.9,1524,1451.6,1507.5,1546.4,1775.5,1686,1684.1,1587.3,1711.9,1681.6,1681.3,1585,1867,1857.4,1820.8,1818.1,1788.6,1738.1,2.459,0.91,1725.2,1889.7,1686.8,1688.2,1838.6,1775.5,1733.6,1710.1,1711.9,1732,1520.8,1528.7,1568.2,1729.6,1583.1,1381.3,1409.7,1400.5,1407,1415.2,1414.4,1329.5,1305.6,1416.4,1415.9,1415.7,1542.8,1678.7,1752.2,1759.2,1781.1,1767.6
1699.5,2576.6,1484.3,1337.3,1356.4,9.932,29.164,3.782,1389.8,1820.4,1829,0,3.464,0.676,1448,1.098,1629.4,1749.7,1741.7,1795.7,1371,1798.8,1393.9,1829.6,1764.9,1962.2,1590,1565.8,1835.4,1480.3,1781.1,1408.6,1419.6,1570.9,1309,1348.9,1372.9,1368.4,1376.8,1337,1371.3,1451.8,1378.6,1430.1,1468.3,1665.4,1609.8,1627.1,23.872,6.656,5.446,5.446,23.872,1.088,0.895,0.164,0.218,0.809,1.819,1706.1,1783.5,1771.4,1932.6,1729.7,1731.1,1881.5,1794.7,1736.3,1709.8,1711.6,1731.7,1528.3,1535.2,1557.3,1718.7,1572.2,1370.5,1375.3,1354.3,1367.4,1351.5,1349.3,1319.8,1289.1,1394.6,1394.9,1394.8,1532.8,1681.3,1770.4,1777.5,1805.7,38.292
1856.3,2733.4,1641.1,1494.1,1513.2,13.28,35.86,5.456,1546.6,1977.2,1985.8,3.464,0,3.812,1604.8,4.234,1786.2,1906.5,1898.5,1952.5,1527.8,1955.6,1550.7,1986.4,1921.7,2119,1746.8,1722.6,1992.2,1637.1,1937.9,1565.4,1576.4,1727.7,1465.8,1505.7,1529.7,1525.2,1533.6,1493.8,1528.1,1608.6,1535.4,1586.9,1625.1,1822.2,1766.6,1783.9,30.568,10.004,8.794,8.794,30.568,2.762,2.569,3.3,3.354,3.945,4.955,1862.9,1940.3,1928.2,2089.4,1886.5,1887.9,2038.3,1951.5,1893.1,1866.6,1868.4,1888.5,1685.1,1692,1714.1,1875.5,1729,1527.3,1532.1,1511.1,1524.2,1508.3,1506.1,1476.6,1445.9,1551.4,1551.7,1551.6,1689.6,1838.1,1927.2,1934.3,1962.5,44.988
1711.5,2588.6,1496.3,1349.3,1368.4,10.628,30.556,4.13,1401.8,1832.4,1841,0.676,3.812,0,1460,1.338,1641.4,1761.7,1753.7,1807.7,1383.1,1810.8,1405.9,1841.6,1776.9,1974.2,1602,1577.8,1847.4,1492.3,1793.1,1420.6,1431.6,1582.9,1321,1360.9,1384.9,1380.4,1388.8,1349,1383.3,1463.8,1390.6,1442.1,1480.3,1677.4,1621.8,1639.1,25.264,7.352,6.142,6.142,25.264,1.436,1.243,0.512,0.458,1.049,2.059,1718.1,1795.5,1783.4,1944.6,1741.7,1743.1,1893.5,1806.7,1748.3,1721.8,1723.6,1743.7,1540.3,1547.2,1569.3,1730.7,1584.2,1382.5,1387.3,1366.3,1379.4,1363.5,1361.3,1331.8,1301.1,1406.6,1406.9,1406.8,1544.8,1693.3,1782.4,1789.5,1817.7,39.684
1689.8,2743.4,1580.3,1682.3,1558.8,1473.5,1421.5,1620.7,1915.6,1509.9,1518.6,1448,1604.8,1460,0,1422,1447.2,1269.5,1263,1369.7,1668.4,1381,1676.5,1407.9,1424.6,1491.1,1398.8,1327.2,1485.5,1368.5,1457.1,1373,1384.3,1378.9,1286.3,1335.1,1359,1894.2,1.424,1826.2,1711.6,1641.6,1814.3,1668.2,1564.3,1442.2,1427.6,1463,1359.2,1391.9,1361.7,1361.3,1355.4,1486,1476.3,1439.8,1437.1,1407.5,1357,1395.6,1473.1,1350,1338.6,1251,1251,1335,1373,1386.4,1385.8,1387.6,1407.7,1336.2,1341.7,1547.6,1709,1562.5,1360.7,1430.8,1495.6,1534.2,1634.1,1646.6,1296.9,1266.4,1362.5,1359.7,1359.2,1341.6,1341.1,1352.6,1351.5,1334.6,1539.5
1673.5,2550.6,1458.3,1311.3,1330.4,11.472,32.244,4.552,1363.8,1794.4,1803,1.098,4.234,1.338,1422,0,1603.4,1723.7,1715.7,1769.7,1345.1,1772.8,1367.9,1803.6,1738.9,1936.2,1564,1539.8,1809.4,1454.3,1755.1,1382.6,1393.6,1544.9,1283,1322.9,1346.9,1342.4,1350.8,1311,1345.3,1425.8,1352.6,1404.1,1442.3,1639.4,1583.8,1601.1,26.952,8.196,6.986,6.986,26.952,1.858,1.665,0.934,0.88,0.289,1.299,1680.1,1757.5,1745.4,1906.6,1703.7,1705.1,1855.5,1768.7,1710.3,1683.8,1685.6,1705.7,1502.3,1509.2,1531.3,1692.7,1546.2,1344.5,1349.3,1328.3,1341.4,1325.5,1323.3,1293.8,1263.1,1368.6,1368.9,1368.8,1506.8,1655.3,1744.4,1751.5,1779.7,41.372
1635.3,2540.9,1490.7,1332.9,1351.2,1599.1,1443.9,1802.1,1390.5,1697,1705.7,1629.4,1786.2,1641.4,1447.2,1603.4,0,1462.2,1455.4,1547,1370.8,1555.9,1393.3,1586.7,1568.5,1687.8,1473.1,1421.5,1634.2,1393.2,1590.9,1349.2,1360.1,1421.5,1254.2,1285.4,1309.3,1369.1,1376,1340.1,1371.5,1442.8,1379.2,1438.6,1474.8,1772.4,0.393,1676.1,1378.6,1517.3,1487.1,1486.9,1377.7,1667.4,1657.8,1621.2,1618.5,1589,1538.5,1582.7,1660.2,1529.9,1574.3,1443.3,1443.6,1559,1551.8,1535.1,1519.6,1521.4,1541.5,1378.9,1387.6,1493.1,1654.5,1508,1306.3,1335.4,1329.2,1331.8,1350.9,1349,1253.5,1234.4,1335.2,1335.4,1335.4,1415.9,1484.9,1527.5,1528.7,1531.3,1558.8
1570.2,2429.2,1323.4,1162.4,1210.4,1683.9,1489.2,1922.4,1218.3,1698.1,1706.8,1749.7,1906.5,1761.7,1269.5,1723.7,1462.2,0,1918,1559.4,1202.9,1564.2,1229.7,1594.1,1522.8,1721.7,1398.9,1363.6,1620.4,1303.5,1571.7,1269.9,1281.3,1371.8,1182.5,1215.7,1239.6,1196.9,1198.3,1162.1,1198.7,1288.9,1203.3,1270.5,1307.4,1544.8,1442.5,1440.1,1425.1,1602.3,1572.1,1571.8,1423,1787.7,1778,1741.5,1738.8,1709.2,1658.7,1583.8,1661.3,1895,1891.1,1905.9,0.371,1619.3,1559.2,1521.3,1500.4,1502.2,1522.3,1329.1,1333.1,1428,1589.4,1442.9,1241.2,1200.8,1194.8,1220.1,1187.3,1181.1,1181.2,1162.6,1259.8,1256.6,1256.1,1341.7,1439.3,1535.9,1541.2,1565.2,1605.4
1563.7,2423,1316.2,1155.9,1203.6,1676.8,1482.3,1914.4,1211.5,1690.2,1698.9,1741.7,1898.5,1753.7,1263,1715.7,1455.4,1918,0,1553.7,1196.4,1558.5,1223.2,1588.3,1517,1715.9,1392.4,1356.9,1614.7,1297,1565.8,1263.9,1275.2,1365.3,1176,1209.2,1233.1,1190.1,1191.8,1155.6,1192.2,1282.1,1196.8,1263.6,1300.3,1536.9,1435.7,1433.4,1418.3,1595.2,1565,1564.6,1416.2,1779.7,1770.1,1733.5,1730.8,1701.3,1650.8,1575.9,1653.4,1880.8,1892.2,0.241,1899.4,1613.8,1553.4,1515.6,1494.6,1496.4,1516.5,1322.6,1326.9,1421.5,1582.9,1436.4,1234.7,1194.3,1188.6,1213.9,1180.8,1174.6,1175,1156.1,1253.6,1250.6,1250.1,1335.2,1433.4,1530.1,1535.4,1559.4,1598.6
1725.2,2527.3,1432,1265.9,1328.8,1706.7,1465.4,1968.4,1311.3,1768.8,1777.5,1795.7,1952.5,1807.7,1369.7,1769.7,1547,1559.4,1553.7,0,1317.3,1839.7,1345.3,1690.7,1713.7,1904.5,1529.2,1490.9,1724.3,1430,1681.3,1407.2,1418.9,1521.6,1332.6,1374.2,1398.1,1289.9,1298.5,1272.8,1303.4,1376,1311.1,1381.5,1416.1,1625,1527.3,1514.1,1400.9,1625,1594.7,1594.6,1399.2,1833.7,1824.1,1787.5,1784.8,1755.3,1704.8,1654.5,1732,1710.7,1601,1541.6,1540.9,1735.3,1655.8,1625.2,1610,1611.8,1631.9,1479,1483.2,1583,1744.4,1597.9,1396.1,1344.4,1320.2,1318.2,1302.9,1295.6,1338.1,1312.8,1400,1394.2,1393.4,1472,1630.2,1811.3,0.365,1748,1581.1
1717.3,2797.6,1458.2,1579.3,1589.1,1406.9,1347.6,1543.7,1601.5,1427.5,1436.2,1371,1527.8,1383.1,1668.4,1345,1370.8,1202.9,1196.4,1317.3,0,1330.9,1737.9,1349.1,1439.5,1433.5,1446.9,1361,1436.6,1455.7,1415.8,1413.2,1424.6,1303.9,1295,1358.8,1382.7,1580.1,1597.2,1662.3,1589.2,1538.6,1535.5,1494.1,1442.2,1351.2,1351.1,1433.2,1285,1325.5,1295.3,1294.7,1281.5,1409,1399.4,1362.9,1360.2,1330.6,1280.1,1313.2,1390.7,1274.2,1265,1184.3,1184.3,1270.8,1314.2,1337.5,1344.6,1346.4,1366.5,1261.3,1269.6,1575.1,1736.5,1590,1388.2,1468.6,1568,1588.4,1695.5,0.435,1310.8,1275.1,1403.1,1399.9,1399.5,1389.7,1356,1302.5,1299.1,1277,1465.2
1744.1,2541,1441,1277.9,1344.5,1712.7,1469.3,1971.5,1323.1,1771.9,1780.5,1798.8,1955.6,1810.8,1381,1772.8,1555.9,1564.2,1558.5,1839.7,1330.9,0,1359,1696.6,1738,1900.5,1542.4,1503.9,1733.2,1445.4,1690.2,1422.6,1434.3,1532.9,1348.6,1391.9,1415.8,1301.7,1309.8,1285.7,1314.7,1385.5,1321.6,1390.4,1425,1628.7,1536.2,1523.7,1404.5,1630.9,1600.7,1600.5,1403.2,1836.8,1827.1,1790.6,1787.9,1758.3,1707.8,1657.6,1735,1713.7,1605.2,1546.4,1545.7,1731.3,1661.7,1634.1,1618.9,1620.7,1640.8,1490.3,1496.2,1601.9,1763.3,1616.8,1415.1,1360.4,1335.1,1331.8,1316.6,1309.1,1355,1328.8,1415.4,1409.6,1408.9,1485.1,1654.5,0.567,1821.4,1744,1584.7
1752,2835.2,1474.9,1587.5,1627.5,1435.3,1375.8,1566.6,1609.6,1448.9,1457.6,1393.9,1550.7,1405.9,1676.5,1367.9,1393.3,1229.7,1223.2,1345.3,1737.9,1359,0,1377.9,1468.3,1457.3,1481.6,1395.6,1466.9,1490.4,1446.1,1447.9,1459.2,1334.2,1328.2,1393.4,1417.4,1588.2,1605.3,1665.2,1597.3,1551.1,1543.6,1505.1,1459,1369.5,1373.7,1451.6,1312.9,1354,1323.8,1323.1,1309.6,1431.9,1422.3,1385.7,1383,1353.5,1303,1334.6,1412.1,1297.1,1288.6,1211.1,1211.1,1294.4,1343,1367.8,1374.8,1376.6,1396.7,1291.5,1301.1,1609.8,1771.2,1624.7,1422.9,1506.2,1605.6,1626,0.848,1716.1,1345.5,1308.3,1437.8,1434.6,1434.1,1424.4,1384.8,1330.6,1327.1,1300.8,1493.1
1780.7,2585.8,1468.4,1298.5,1374.8,1735.4,1516.5,2002.3,1361,1801.7,1810.4,1829.6,1986.4,1841.6,1407.9,1803.6,1586.7,1594.1,1588.3,1690.7,1349.1,1696.6,1377.9,0,1717,1838.6,1620.3,1610,1948.8,1510.9,1878.6,1473.7,1485,1696.8,1391.7,1430.5,1454.5,1339.6,1336.7,1302.5,1332.3,1408.5,1354.2,1418.1,1452.5,1657.6,1567,1550,1453.4,1653.5,1623.3,1623.3,1450.3,1867.6,1858,1821.4,1818.7,1789.2,1738.7,1687.4,1764.9,1744.6,1642.2,1576.2,1575.6,1849.5,0.698,1849.7,1807.4,1809.2,1829.3,1654.2,1662,1638.5,1799.9,1653.4,1451.7,1412,1380.6,1376.6,1335.5,1327.4,1394.5,1371.8,1462.7,1460.3,1460,1563.1,1633.4,1668.3,1672.4,1682.1,1633.7
1851.7,2631.8,1478.2,1344.5,1467.5,1676.2,1433.9,1937.6,1369.8,1753.6,1762.2,1764.9,1921.7,1776.9,1424.6,1738.9,1568.5,1522.8,1517,1713.7,1439.5,1738,1468.3,1717,0,1774.6,1671.6,1637,1801.9,1560.1,1770.3,1540.7,1551.9,1614.5,1455.1,1506.8,1530.7,1348.4,1353.4,1390.5,1385.7,1424.8,1360.3,1437.7,1462.2,1612.9,1548.8,1568.1,1369.1,1594.3,1564,1564,1367.8,1802.9,1793.2,1756.7,1754,1724.4,1673.9,1639.3,1716.7,1678.8,1565.2,1504.9,1504.3,1605.4,1682.1,1702.8,1699.1,1700.9,1721,1571.8,1575.7,1709.5,1870.9,1724.4,1522.6,1508.3,1449.3,1422.7,1425.9,1417.8,1470.5,1435.2,1529.9,1527.3,1526.9,1614.4,1.671,1709.7,1695.5,1618.1,1549.4
1813.1,2637,1567.2,1388.6,1428.8,1863.8,1627.9,2134.9,1434.9,1928.9,1937.6,1962.2,2119,1974.2,1491.1,1936.2,1687.8,1721.7,1715.9,1904.5,1433.5,1900.5,1457.3,1838.6,1774.6,0,1632.7,1600.5,1863,1530.3,1815.2,1504,1515.2,1641.1,1426.3,1462.6,1486.6,1413.5,1419.9,1392.4,1430.2,1508.9,1438.9,1516.7,1551.3,1782.8,1668.2,1644.7,1564.5,1781.9,1751.7,1751.7,1561.8,2000.2,1990.6,1954,1951.3,1921.8,1871.3,1814.6,1892.1,1880.4,1766.1,1703.9,1703.1,1951,1803.7,1763.9,1744,1745.8,1765.9,1598.4,1601.2,1670.9,1832.3,1685.8,1484,1447.7,1419.1,1427.9,1414.9,1411.8,1425.4,1406.5,1492.6,1490.6,1490.3,1575.4,1691,1872.1,1886.3,3.13,1744.7
1980.6,2675.3,1386.5,1327.7,1523.4,1566.5,1404.8,1762.7,1341.6,1591.4,1600.1,1590,1746.8,1602,1398.8,1564,1473.1,1398.9,1392.4,1529.2,1446.9,1542.4,1481.6,1620.3,1671.6,1632.7,0,1712.4,1750.3,1665.3,1730.2,1653,1664.6,1599.6,1577.9,1632.7,1656.6,1320.2,1327.6,1384.9,1349,1362.4,1308.9,1346.2,1370.5,1461.2,1453.5,1457.7,1341.1,1485.1,1454.8,1454.4,1338.7,1628,1618.4,1581.8,1579.1,1549.6,1499.1,1477.1,1554.6,1500.2,1435.9,1380.4,1380.4,1479.5,1585.4,1651.2,1659,1660.8,1680.9,1556.9,1563.2,1838.4,1999.8,1853.3,1651.6,1608.8,1513.7,1466.1,1439.2,1425.2,1600.6,1558.1,1644.3,1640,1639.2,1.145,1588.1,1514,1511,1476.2,1521.4
1890.1,2589.3,1331.4,1254.5,1437.4,1523.2,1335.4,1738.5,1269.5,1563,1571.6,1565.8,1722.6,1577.8,1327.2,1539.8,1421.5,1363.6,1356.9,1490.9,1361,1503.9,1395.6,1610,1637,1600.5,1712.4,0,1796.5,1571.7,1811,1562.5,1574.1,1630.6,1488.9,1542.2,1566.1,1248.1,1256,1298.9,1277.8,1307.8,1241.5,1290.5,1315.4,1430.2,1401.9,1411.1,1272.2,1441.8,1411.5,1411,1269.3,1603.8,1594.2,1557.6,1554.9,1525.4,1474.9,1448.7,1526.1,1476.5,1400.6,1344.9,1345,1452.5,1575.1,1697.4,1739.7,1741.5,1761.6,1587.9,1595.7,1747.9,1909.3,1762.8,1561.1,1518.3,1423.2,1380.1,1353.2,1339.2,1510.1,1469.1,1553.8,1549.5,1548.7,1655.1,1553.5,1475.6,1472.6,1444,1452.4
1928.7,2696.8,1525.9,1378.7,1475.3,1766.6,1558,2008.1,1436.8,1824.1,1832.7,1835.4,1992.2,1847.4,1485.5,1809.4,1634.2,1620.4,1614.7,1724.3,1436.6,1733.2,1466.9,1948.8,1801.9,1863,1750.3,1796.5,0,1640.9,2065.2,1612.9,1624.6,1878.3,1529.8,1575,1598.9,1415.4,1414.3,1387.3,1406.4,1466.8,1413.1,1475.4,1509.9,1682.7,1614.5,1614.2,1495.1,1685,1654.8,1654.4,1491.8,1873.4,1863.7,1827.2,1824.5,1794.9,1744.4,1709.8,1787.2,1748.2,1665,1602.6,1601.9,1791.3,1913.9,1.982,1993.9,1995.7,2015.8,1835.7,1843.4,1786.5,1947.9,1801.4,1599.6,1543.4,1505.6,1487.7,1424.5,1414.9,1540.7,1509.9,1605.2,1599.9,1599.1,1693.1,1718.4,1704.9,1706,1706.5,1675.4
2166.7,2684.1,1320.4,1302,1532.2,1484.9,1367.4,1653,1306.5,1485.5,1494.2,1480.3,1637.1,1492.3,1368.5,1454.3,1393.2,1303.5,1297,1430,1455.7,1445.4,1490.4,1510.9,1560.1,1530.3,1665.3,1571.7,1640.9,0,1620.9,1896.8,1905.6,1519.7,1841.9,1899.7,1923.7,1285.1,1297.3,1393.7,1318.1,1296.5,1268.7,1282.8,1304.5,1355.9,1373.6,1375.8,1303.3,1403.5,1373.2,1372.8,1301.3,1518.3,1508.6,1472.1,1469.4,1439.8,1389.3,1371.2,1448.7,1389.3,1333.5,1284.9,1284.9,1370.1,1476,1541.8,1549.6,1551.4,1571.5,1477.1,1483.5,2024.5,2185.9,2039.4,1837.6,1628,1532.9,1474.9,1448,1434,1964.3,1822,1865.1,1881,1883.1,1608,1476.6,1417.1,1411.8,1373.8,1483.5
1923,2674.8,1487.5,1354.3,1454.5,1718.2,1514.5,1953.8,1403.2,1772.7,1781.3,1781.1,1937.9,1793.1,1457.1,1755.1,1590.9,1571.7,1565.8,1681.3,1415.8,1690.2,1446.1,1878.6,1770.3,1815.2,1730.2,1811,2065.2,1620.9,0,1601.7,1613.6,9.228,1521.7,1570.1,1594,1381.8,1385.9,1366.5,1376.9,1431.3,1376.3,1439,1471.6,1633.7,1571.2,1577.4,1451.4,1636.6,1606.3,1606,1448.4,1819.1,1809.4,1772.9,1770.2,1740.6,1690.1,1658.4,1735.8,1693.9,1615,1553.8,1553.1,1721.1,1843.7,1966.1,1.425,1.389,1.791,7.522,7.522,1780.8,1942.2,1795.7,1593.9,1527.9,1486.8,1465.7,1403.7,1394.1,1533.9,1501.9,1595,1588.9,1588,1673,1686.8,1661.8,1663,1658.7,1631.6
2234.4,2698.6,1290.7,1287.9,1489.7,1442.4,1407.9,1581.3,1306.9,1420.8,1429.4,1408.6,1565.4,1420.6,1373,1382.6,1349.2,1269.9,1263.9,1407.2,1413.2,1422.6,1447.9,1473.7,1540.7,1504,1653,1562.5,1612.9,1896.8,1601.7,0,1975.7,1489.1,1909.6,1967.5,1991.4,1285.5,1301.8,1351.2,1298.8,1290.8,1255.6,1257.4,1274.8,1291.5,1329.5,1364.9,1347.6,1360.6,1330.4,1330.2,1341.7,1446.6,1436.9,1400.4,1397.7,1368.1,1317.6,1306.5,1383.9,1318.2,1308.6,1251.8,1251.3,1338.6,1438.8,1513.8,1530.5,1532.3,1552.4,1446.5,1455.2,2092.2,2253.6,2107.1,1905.4,1695.8,1543.5,1489.4,1405.5,1391.5,2032,1889.8,1935.2,1951.1,0.275,1595.7,1457.1,1394.3,1388.9,1347.5,1527.8
2247.3,2710.8,1301.5,1299.3,1501,1453.7,1419.7,1592.3,1318.3,1431.9,1440.5,1419.6,1576.4,1431.6,1384.3,1393.6,1360.1,1281.3,1275.2,1418.9,1424.6,1434.3,1459.2,1485,1551.9,1515.2,1664.6,1574.1,1624.6,1905.6,1613.6,1975.7,0,1500.8,1922.5,1980.4,2004.3,1296.9,1313.1,1362.5,1310.2,1302.2,1266.6,1268.2,1285.6,1302.2,1340.4,1376.1,1359.5,1372,1341.7,1341.6,1353.5,1457.6,1447.9,1411.4,1408.7,1379.1,1328.6,1317.6,1395,1329.2,1319.8,1263.2,1262.7,1349.7,1450.1,1525.5,1542.3,1544.1,1564.2,1458.1,1467,2105.1,2266.5,2120,1918.3,1708.7,1555.7,1501.6,1416.8,1402.8,2044.9,1902.7,1948.2,0.493,1962,1607.4,1468.4,1405.9,1400.6,1358.7,1539.7
1802.2,2589.7,1321.1,1249.9,1338.1,1487.3,1281.9,1743.6,1318.8,1554.8,1563.5,1570.9,1727.7,1582.9,1378.9,1544.9,1421.5,1371.8,1365.3,1521.6,1303.9,1532.9,1334.2,1696.8,1614.5,1641.1,1599.6,1630.6,1878.3,1519.7,9.228,1489.1,1500.8,0,1401.1,1458.6,1482.6,1297.4,1307.7,1252.7,1257.4,1279.4,1265.3,1280.5,1305.1,1417.5,1401.9,1393.3,1217.4,1405.5,1375.3,1375.1,1215.8,1608.9,1599.3,1562.7,1560,1530.5,1480,1440.5,1518,1485.8,1440.7,1353.2,1353.2,1544.5,1661.9,1779.2,6.522,6.45,5.646,0.853,5.646,1660,1821.3,1674.8,1473.1,1420.4,1390.9,1380.5,1291.8,1282.2,1419.4,1381.2,1481.1,1476.1,1475.4,1542.3,1530.9,1504.6,1503.4,1484.6,1397.7
2116.1,2603.5,1180.1,1201.6,1361.1,1368.9,1318.6,1481.7,1206.8,1316.8,1325.4,1309,1465.8,1321,1286.3,1283,1254.2,1182.5,1176,1332.6,1295,1348.6,1328.2,1391.7,1455.1,1426.3,1577.9,1488.9,1529.8,1841.9,1521.7,1909.6,1922.5,1401.1,0,1849.2,1873.1,1185.4,1215.1,1237.2,1210.1,1206.4,1147.7,1144.7,1164.2,1191.7,1234.6,1275.7,1256.1,1287.3,1257.1,1256.8,1252.5,1347,1337.3,1300.8,1298.1,1268.5,1218,1202.5,1279.9,1219.6,1234.2,1163.9,1163.9,1261.8,1356.8,1430.7,1450.5,1452.3,1472.4,1358.4,1369.6,1973.9,2135.3,1988.8,1787.1,1577.4,1458.2,1394.3,1285.8,1273.2,2087.7,0.397,2084.8,1897.9,1895.9,1520.7,1371.5,1320.3,1314.4,1269.8,1436.3
2203.7,2680,1215.5,1253.2,1435.2,1392.4,1339.6,1521.6,1253.5,1349.5,1358.1,1348.9,1505.7,1360.9,1335.1,1322.9,1285.4,1215.7,1209.2,1374.2,1358.8,1391.9,1393.4,1430.5,1506.8,1462.6,1632.7,1542.2,1575,1899.7,1570.1,1967.5,1980.4,1458.6,1849.2,0,0.479,1232.1,1263.9,1296.7,1264.6,1263,1198,1186.5,1199.5,1223.1,1265.7,1313.8,1274.9,1310.6,1280.4,1280.2,1273.5,1386.9,1377.3,1340.7,1338,1308.5,1258,1235.2,1312.6,1261.7,1262.6,1197.1,1197.1,1297.3,1395.6,1475.9,1498.8,1500.6,1520.7,1416,1425.9,2061.5,2222.9,2076.4,1874.6,1655.9,1523.5,1470.8,1351,1337,1872.1,1829.3,1971,1955.7,1953.7,1575.4,1423.2,1363.5,1355.9,1306.1,1455.2
2227.6,2703.9,1239.4,1277.1,1459.1,1416.3,1363.6,1545.6,1277.5,1373.4,1382.1,1372.9,1529.7,1384.9,1359,1346.9,1309.3,1239.6,1233.1,1398.1,1382.7,1415.8,1417.4,1454.5,1530.7,1486.6,1656.6,1566.1,1598.9,1923.7,1594,1991.4,2004.3,1482.6,1873.1,0.479,0,1256.1,1287.8,1320.7,1288.6,1286.9,1221.9,1210.4,1223.5,1247.1,1289.7,1337.8,1298.9,1334.6,1304.3,1304.2,1297.4,1410.9,1401.2,1364.7,1362,1332.4,1281.9,1259.1,1336.6,1285.7,1286.5,1221.1,1221.1,1321.3,1419.6,1499.8,1522.8,1524.6,1544.7,1439.9,1449.8,2085.4,2246.8,2100.3,1898.6,1679.8,1547.5,1494.8,1375,1361,1896,1853.3,1994.9,1979.7,1977.7,1599.4,1447.2,1387.5,1379.9,1330.1,1479.1
1588.2,2640.3,1514.7,1594.5,1470.5,1397.8,1335.9,1541.1,0.428,1434.3,1443,1368.4,1525.2,1380.4,1894.2,1342.4,1369.1,1196.9,1190.1,1289.9,1580.1,1301.7,1588.2,1339.6,1348.4,1413.5,1320.2,1248.1,1415.4,1285.1,1381.8,1285.5,1296.9,1297.4,1185.4,1232.1,1256.1,0,1823.1,1665.7,1634.1,1569,1832.5,1618.5,1498.7,1367.8,1349.5,1382.3,1270.7,1316.1,1285.8,1285.7,1269.7,1406.4,1396.7,1360.2,1357.5,1327.9,1277.4,1320,1397.5,1269.9,1267.3,1178,1178.3,1261.1,1304.7,1316.3,1310.5,1312.3,1332.4,1254.8,1265.9,1446,1607.4,1460.9,1259.1,1339.3,1403.1,1431.1,1545.8,1558.4,1196.3,1165.6,1275.5,1272.2,1271.8,1263,1264.9,1273.4,1271.6,1257,1451
1618.6,2672.2,1509.1,1611.1,1487.6,1402.3,1350.3,1549.5,1844.5,1438.7,1447.4,1376.8,1533.6,1388.8,1.424,1350.8,1376,1198.3,1191.8,1298.5,1597.2,1309.8,1605.3,1336.7,1353.4,1419.9,1327.6,1256,1414.3,1297.3,1385.9,1301.8,1313.1,1307.7,1215.1,1263.9,1287.8,1823,0,1755,1640.4,1570.4,1743.1,1597,1493.1,1371,1356.4,1391.8,1288,1320.7,1290.5,1290.1,1284.2,1414.8,1405.1,1368.6,1365.9,1336.3,1285.8,1324.4,1401.9,1278.8,1267.4,1179.8,1179.8,1263.8,1301.8,1315.2,1314.6,1316.4,1336.5,1265,1270.5,1476.4,1637.8,1491.3,1289.5,1359.6,1424.4,1463,1562.9,1575.4,1225.7,1195.2,1291.3,1288.5,1288,1270.4,1269.9,1281.4,1280.3,1263.4,1468.3
1655.3,2727,1463.3,1641.1,1516.5,1358.3,1297.4,1509.7,1687.1,1396.7,1405.3,1337,1493.8,1349,1826.2,1311,1340.1,1162.1,1155.6,1272.8,1662.3,1285.7,1665.2,1302.5,1390.5,1392.4,1384.9,1298.9,1387.3,1393.7,1366.5,1351.2,1362.5,1252.7,1237.2,1296.7,1320.7,1665.7,1755,0,1637.5,1553.9,1585.7,1525.9,1447.3,1335.9,1320.4,1417.6,1235.3,1276.7,1246.5,1246.1,1231.2,1375,1365.3,1328.8,1326.1,1296.5,1246,1282.4,1359.8,1239,1233.6,1143.5,1143.5,1238.4,1267.6,1288.2,1295.3,1297.1,1317.2,1210,1216.1,1513.1,1674.5,1528,1326.2,1398.1,1497.5,1517.9,1622.8,1640.5,1248.8,1217.4,1341.1,1337.9,1337.4,1327.7,1306.9,1257.4,1254.5,1235.9,1415.6
1625.2,2659.5,1515.3,1639.3,1472.8,1372.4,1295.6,1544,1655.5,1436.3,1444.9,1371.3,1528.1,1383.3,1711.6,1345.3,1371.5,1198.7,1192.2,1303.4,1589.2,1314.7,1597.3,1332.3,1385.7,1430.2,1349,1277.8,1406.4,1318.1,1376.9,1298.8,1310.2,1257.4,1210.1,1264.6,1288.6,1634.1,1640.4,1637.5,0,1604.6,1620.3,1590.5,1499.4,1381.9,1351.9,1415,1232.9,1290.5,1260.3,1260.3,1229.4,1409.3,1399.6,1363.1,1360.4,1330.8,1280.3,1322,1399.4,1272.8,1288,1180.2,1180.2,1284.6,1297.4,1307.3,1305.6,1307.4,1327.5,1214.8,1221.7,1483,1644.4,1497.9,1296.1,1359.2,1429.2,1450.3,1554.9,1567.4,1220.5,1190.2,1288.8,1285.5,1285.1,1291.8,1302.2,1286.3,1285.1,1273.7,1413.2
1621.5,2623.6,1601.4,1535.3,1456,1449.6,1312.7,1624.5,1590.4,1515.4,1524,1451.8,1608.6,1463.8,1641.6,1425.8,1442.8,1288.9,1282.1,1376,1538.6,1385.5,1551.1,1408.5,1424.8,1508.9,1362.4,1307.8,1466.8,1296.5,1431.3,1290.8,1302.2,1279.4,1206.4,1263,1286.9,1569,1570.4,1553.9,1604.6,0,1601.1,1617.7,1585.5,1471.1,1423.1,1447.2,1250.5,1368.2,1338,1337.5,1246.5,1489.8,1480.2,1443.6,1440.9,1411.4,1360.9,1401.1,1478.5,1353.4,1374.1,1270,1270.3,1372.2,1373.6,1367.7,1360.1,1361.9,1382,1236.8,1241.5,1479.3,1640.7,1494.2,1292.4,1355.6,1398.7,1414.4,1508.7,1516.8,1216.3,1186.5,1281.5,1277.6,1277,1305.1,1341.2,1357.1,1357.7,1352.4,1430.8
1551.1,2600.1,1547.5,1550.7,1425.8,1386.2,1316.5,1551.3,1853.9,1443,1451.6,1378.6,1535.4,1390.6,1814.3,1352.6,1379.2,1203.3,1196.8,1311.1,1535.5,1321.6,1543.6,1354.2,1360.3,1438.9,1308.9,1241.5,1413.1,1268.7,1376.3,1255.6,1266.6,1265.3,1147.7,1198,1221.9,1832.5,1743.1,1585.7,1620.3,1601.1,0,1670.5,1531.5,1387.1,1359.6,1410.7,1252.8,1304.6,1274.4,1274.1,1250.4,1416.6,1406.9,1370.4,1367.7,1338.1,1287.6,1328.7,1406.1,1279.6,1302.8,1184.8,1184.8,1293.3,1319.3,1314,1305,1306.8,1326.9,1222.7,1228.8,1408.9,1570.3,1423.8,1222,1314.5,1372.4,1391,1501.2,1513.7,1168.4,1127.8,1242.6,1242,1241.9,1251.6,1276.8,1293.3,1292.8,1282.4,1433.1
1538.9,2566.7,1655.8,1494,1403.4,1424.5,1350.3,1602.8,1639.9,1498.8,1507.5,1430.1,1586.9,1442.1,1668.2,1404.1,1438.6,1270.5,1263.6,1381.5,1494.1,1390.4,1505.1,1418.1,1437.7,1516.7,1346.2,1290.5,1475.4,1282.8,1439,1257.4,1268.2,1280.5,1144.7,1186.5,1210.4,1618.5,1597,1525.9,1590.5,1617.7,1670.5,0,1639.9,1445,1418.9,1495.8,1286.7,1342.8,1312.6,1312.4,1284.2,1468.1,1458.5,1421.9,1419.2,1389.7,1339.2,1384.5,1462,1330.6,1390.1,1251.5,1252,1374.5,1383.2,1376.3,1367.7,1369.5,1389.6,1237.8,1245,1396.7,1558.1,1411.6,1209.9,1308.6,1348.4,1357.6,1462.7,1472.3,1159.9,1124.8,1242.9,1243.6,1243.7,1289,1354.1,1362.1,1363.3,1360.2,1466.9
1549.4,2553.2,0.319,1427.1,1383,1453.8,1375.5,1641,1520.1,1537.8,1546.4,1468.3,1625.1,1480.3,1564.3,1442.3,1474.8,1307.4,1300.3,1416.1,1442.2,1425,1459,1452.5,1462.2,1551.3,1370.5,1315.4,1509.9,1304.5,1471.6,1274.8,1285.6,1305.1,1164.2,1199.5,1223.5,1498.7,1493.1,1447.3,1499.4,1585.5,1531.5,1639.9,0,1491.8,1455.1,1522.9,1312,1372.1,1341.8,1341.6,1309.4,1506.3,1496.7,1460.1,1457.4,1427.9,1377.4,1423.5,1500.9,1368.8,1428.4,1288.2,1288.9,1412.7,1417.6,1410.8,1400.3,1402.1,1422.2,1262.5,1269.8,1407.2,1568.6,1422.1,1220.3,1307.7,1334.3,1344.1,1416.6,1420.5,1174,1144.3,1259.5,1260.9,1261,1313.3,1378.7,1396.7,1397.8,1394.8,1492.3
1571.5,2490.3,1507.8,1327.9,1303.4,1631.5,1492.6,1838.1,1389.2,1766.9,1775.5,1665.4,1822.2,1677.4,1442.2,1639.4,1772.4,1544.8,1536.9,1625,1351.2,1628.7,1369.5,1657.6,1612.9,1782.8,1461.2,1430.2,1682.7,1355.9,1633.7,1291.5,1302.2,1417.5,1191.7,1223.1,1247.1,1367.8,1371,1335.9,1381.9,1471.1,1387.1,1445,1491.8,0,1752.7,1572.4,1428.8,1549.9,1519.7,1519.4,1426.5,1703.4,1693.7,1657.2,1654.5,1624.9,1574.4,1652.6,1730,1561.6,1727.7,1524.8,1526.3,1676.7,1622.7,1583.6,1562.5,1564.3,1584.4,1374.9,1383.7,1429.3,1590.7,1444.2,1242.4,1280.2,1276.2,1281.2,1327.1,1329.5,1191.3,1171.9,1276.3,1277.6,1277.8,1404,1529.4,1600.4,1606.7,1626.3,1609
1615.7,2521.3,1471.1,1313.3,1331.6,1579.4,1424.2,1782.5,1370.9,1677.4,1686,1609.8,1766.6,1621.8,1427.6,1583.8,0.393,1442.5,1435.7,1527.3,1351.1,1536.2,1373.7,1567,1548.8,1668.2,1453.5,1401.9,1614.5,1373.6,1571.2,1329.5,1340.4,1401.9,1234.6,1265.7,1289.7,1349.5,1356.4,1320.4,1351.9,1423.1,1359.6,1418.9,1455.1,1752.7,0,1656.4,1358.9,1497.7,1467.4,1467.3,1358.1,1647.8,1638.1,1601.6,1598.9,1569.3,1518.8,1563.1,1640.5,1510.2,1554.7,1423.7,1424,1539.4,1532.1,1515.4,1500,1501.8,1521.9,1359.2,1368,1473.5,1634.9,1488.4,1286.6,1315.8,1309.6,1312.1,1331.3,1329.4,1233.8,1214.7,1315.6,1315.8,1315.8,1396.2,1465.3,1507.9,1509.1,1511.7,1539.2
1667.9,2563.3,1538.8,1371,1395.3,1578.3,1349,1799.8,1403.7,1675.4,1684.1,1627.1,1783.9,1639.1,1463,1601.1,1676.1,1440.1,1433.4,1514.1,1433.2,1523.7,1451.6,1550,1568.1,1644.7,1457.7,1411.1,1614.2,1375.8,1577.4,1364.9,1376.1,1393.3,1275.7,1313.8,1337.8,1382.3,1391.8,1417.6,1415,1447.2,1410.7,1495.8,1522.9,1572.4,1656.4,0,1285.4,1496.8,1466.5,1466.2,1282.9,1665.1,1655.4,1618.9,1616.2,1586.6,1536.1,1561.1,1638.6,1531.7,1510.2,1421.3,1421.5,1515,1515.1,1515.1,1506.2,1508,1528.1,1350.7,1353.7,1525.7,1687.1,1540.6,1338.8,1362.3,1361.9,1354.1,1409.2,1411.4,1283.2,1255.9,1353.1,1351.4,1351.2,1400.5,1484.6,1495.3,1495.9,1488.2,1465.6
1638.8,2567.6,1328,1234.5,1290.9,28.492,7.926,30.296,1292.1,1578.7,1587.3,23.872,30.568,25.264,1359.2,26.952,1378.6,1425.1,1418.3,1400.9,1285,1404.5,1312.9,1453.4,1369.1,1564.5,1341.1,1272.2,1495.1,1303.3,1451.4,1347.6,1359.5,1217.4,1256.1,1274.9,1298.9,1270.7,1288,1235.3,1232.9,1250.5,1252.8,1286.7,1312,1428.8,1358.9,1285.4,0,5.28,6.49,19.52,5.28,19.52,20.292,23.216,23.432,25.796,29.836,1464.4,1541.8,1521.5,1547.2,1406.3,1406.6,1509.5,1418.5,1396,1380.1,1381.9,1402,1174.8,1180.4,1496.6,1658,1511.5,1309.8,1295.6,1297.9,1358.5,1270.5,1263.2,1232.8,1236.2,1340.6,1334.8,1333.8,1283.9,1285.6,1376.1,1382.6,1408,3.605
1660.8,2544.9,1388,1276.7,1328.1,8.966,7.926,9.868,1337.5,1703.2,1711.9,6.656,10.004,7.352,1391.9,8.196,1517.3,1602.3,1595.2,1625,1325.5,1630.9,1354,1653.5,1594.3,1781.9,1485.1,1441.8,1685,1403.5,1636.6,1360.6,1372,1405.5,1287.3,1310.6,1334.6,1316.1,1320.7,1276.7,1290.5,1368.2,1304.6,1342.8,1372.1,1549.9,1497.7,1496.8,5.28,0,0.605,4.48,5.28,4.48,4.866,6.328,6.436,7.618,9.638,1588.9,1666.4,1651.5,1765.8,1583.2,1583.8,1719.1,1618.6,1585.9,1565.3,1567.1,1587.2,1362.9,1369.8,1518.6,1680,1533.5,1331.8,1304.5,1320.2,1335.8,1311.6,1303.8,1272.8,1267.5,1350.6,1347.3,1346.9,1427.8,1510.7,1602.6,1606.7,1625.4,12.49
1630.6,2514.7,1357.8,1246.5,1297.8,7.756,9.136,8.658,1307.2,1673,1681.6,5.446,8.794,6.142,1361.7,6.986,1487.1,1572.1,1565,1594.7,1295.3,1600.7,1323.8,1623.3,1564,1751.7,1454.8,1411.5,1654.8,1373.2,1606.3,1330.4,1341.7,1375.3,1257.1,1280.4,1304.3,1285.8,1290.5,1246.5,1260.3,1338,1274.4,1312.6,1341.8,1519.7,1467.4,1466.5,6.49,0.605,0,3.27,6.49,3.27,3.656,5.118,5.226,6.408,8.428,1558.7,1636.1,1621.3,1735.5,1552.9,1553.5,1688.9,1588.4,1555.7,1535.1,1536.9,1557,1332.6,1339.5,1488.4,1649.8,1503.3,1301.5,1274.3,1289.9,1305.5,1281.4,1273.5,1242.5,1237.2,1320.4,1317.1,1316.6,1397.6,1480.5,1572.3,1576.5,1595.2,13.7
1629.9,2514.7,1357.6,1246.1,1297.5,2.243,24.812,8.658,1307.1,1672.7,1681.3,5.446,8.794,6.142,1361.3,6.986,1486.9,1571.8,1564.6,1594.6,1294.7,1600.5,1323.1,1623.3,1564,1751.7,1454.4,1411,1654.4,1372.8,1606,1330.2,1341.6,1375.1,1256.8,1280.2,1304.2,1285.7,1290.1,1246.1,1260.3,1337.5,1274.1,1312.4,1341.6,1519.4,1467.3,1466.2,19.52,4.48,3.27,0,19.52,3.27,3.656,5.118,5.226,6.408,8.428,1558.4,1635.8,1620.9,1734.9,1552.6,1553.2,1688.3,1588.4,1555.3,1534.8,1536.6,1556.7,1332.5,1339.5,1487.7,1649.1,1502.6,1300.8,1274.1,1289.6,1305.5,1280.7,1273,1242.4,1236.9,1320.2,1316.9,1316.5,1397.1,1480.5,1572.2,1576.3,1595.2,33.94
1634.7,2562.6,1325.3,1230.5,1288.5,28.492,1.323,30.296,1291.1,1576.4,1585,23.872,30.568,25.264,1355.4,26.952,1377.7,1423,1416.2,1399.2,1281.5,1403.2,1309.6,1450.3,1367.8,1561.8,1338.7,1269.3,1491.8,1301.3,1448.4,1341.7,1353.5,1215.8,1252.5,1273.5,1297.4,1269.7,1284.2,1231.2,1229.4,1246.5,1250.4,1284.2,1309.4,1426.5,1358.1,1282.9,5.28,5.28,6.49,19.52,0,19.52,20.292,23.216,23.432,25.796,29.836,1462.1,1539.5,1519.2,1545.3,1404.1,1404.5,1507.6,1415.4,1392.7,1377.1,1378.9,1399,1173.1,1177.3,1492.5,1653.9,1507.4,1305.7,1289.5,1295.4,1353.5,1267.2,1259.7,1231.3,1232.6,1334.2,1328.9,1328,1281.4,1284.2,1374.8,1381,1405.3,12.49
1737.5,2614.6,1522.3,1375.3,1394.4,7.756,24.812,2.694,1427.8,1858.4,1867,1.088,2.762,1.436,1486,1.858,1667.4,1787.7,1779.7,1833.7,1409,1836.8,1431.9,1867.6,1802.9,2000.2,1628,1603.8,1873.4,1518.3,1819.1,1446.6,1457.6,1608.9,1347,1386.9,1410.9,1406.4,1414.8,1375,1409.3,1489.8,1416.6,1468.1,1506.3,1703.4,1647.8,1665.1,19.52,4.48,3.27,3.27,19.52,0,0.193,0.924,0.978,1.569,2.579,1744.1,1821.5,1809.4,1970.6,1767.7,1769.1,1919.5,1832.7,1774.3,1747.8,1749.6,1769.7,1566.3,1573.2,1595.3,1756.7,1610.2,1408.5,1413.3,1392.3,1405.4,1389.5,1387.3,1357.8,1327.1,1432.6,1432.9,1432.8,1570.8,1719.3,1808.4,1815.5,1843.7,33.94
1727.9,2604.9,1512.6,1365.7,1384.7,8.142,25.584,2.887,1418.1,1848.7,1857.4,0.895,2.569,1.243,1476.3,1.665,1657.8,1778,1770.1,1824.1,1399.4,1827.1,1422.3,1858,1793.2,1990.6,1618.4,1594.2,1863.7,1508.6,1809.4,1436.9,1447.9,1599.3,1337.3,1377.3,1401.2,1396.7,1405.1,1365.3,1399.6,1480.2,1406.9,1458.5,1496.7,1693.7,1638.1,1655.4,20.292,4.866,3.656,3.656,20.292,0.193,0,0.731,0.785,1.376,2.386,1734.4,1811.9,1799.7,1960.9,1758,1759.5,1909.9,1823.1,1764.6,1738.2,1740,1760.1,1556.6,1563.5,1585.7,1747.1,1600.6,1398.8,1403.7,1382.6,1395.8,1379.9,1377.7,1348.1,1317.5,1423,1423.3,1423.2,1561.1,1709.7,1798.8,1805.8,1834.1,34.712
1691.3,2568.4,1476.1,1329.1,1348.2,9.604,28.508,3.618,1381.6,1812.2,1820.8,0.164,3.3,0.512,1439.8,0.934,1621.2,1741.5,1733.5,1787.5,1362.9,1790.6,1385.7,1821.4,1756.7,1954,1581.8,1557.6,1827.2,1472.1,1772.9,1400.4,1411.4,1562.7,1300.8,1340.7,1364.7,1360.2,1368.6,1328.8,1363.1,1443.6,1370.4,1421.9,1460.1,1657.2,1601.6,1618.9,23.216,6.328,5.118,5.118,23.216,0.924,0.731,0,0.054,0.645,1.655,1697.9,1775.3,1763.2,1924.4,1721.5,1722.9,1873.3,1786.5,1728.1,1701.6,1703.4,1723.5,1520.1,1527,1549.1,1710.5,1564,1362.3,1367.1,1346.1,1359.2,1343.3,1341.1,1311.6,1280.9,1386.4,1386.7,1386.6,1524.6,1673.1,1762.2,1769.3,1797.5,37.636
1688.6,2565.7,1473.4,1326.4,1345.5,9.712,28.724,3.672,1378.9,1809.5,1818.1,0.218,3.354,0.458,1437.1,0.88,1618.5,1738.8,1730.8,1784.8,1360.2,1787.9,1383,1818.7,1754,1951.3,1579.1,1554.9,1824.5,1469.4,1770.2,1397.7,1408.7,1560,1298.1,1338,1362,1357.5,1365.9,1326.1,1360.4,1440.9,1367.7,1419.2,1457.4,1654.5,1598.9,1616.2,23.432,6.436,5.226,5.226,23.432,0.978,0.785,0.054,0,0.591,1.601,1695.2,1772.6,1760.5,1921.7,1718.8,1720.2,1870.6,1783.8,1725.4,1698.9,1700.7,1720.8,1517.4,1524.3,1546.4,1707.8,1561.3,1359.6,1364.4,1343.4,1356.5,1340.6,1338.4,1308.9,1278.2,1383.7,1384,1383.9,1521.9,1670.4,1759.5,1766.6,1794.8,37.852
1659.1,2536.1,1443.8,1296.9,1315.9,10.894,31.088,4.263,1349.3,1779.9,1788.6,0.809,3.945,1.049,1407.5,0.289,1589,1709.2,1701.3,1755.3,1330.6,1758.3,1353.5,1789.2,1724.4,1921.8,1549.6,1525.4,1794.9,1439.8,1740.6,1368.1,1379.1,1530.5,1268.5,1308.5,1332.4,1327.9,1336.3,1296.5,1330.8,1411.4,1338.1,1389.7,1427.9,1624.9,1569.3,1586.6,25.796,7.618,6.408,6.408,25.796,1.569,1.376,0.645,0.591,0,1.01,1665.6,1743.1,1730.9,1892.1,1689.2,1690.7,1841.1,1754.3,1695.8,1669.4,1671.2,1691.3,1487.8,1494.7,1516.9,1678.3,1531.8,1330,1334.9,1313.8,1327,1311.1,1308.9,1279.3,1248.7,1354.2,1354.5,1354.4,1492.3,1640.9,1730,1737,1765.3,40.216
1608.6,2485.6,1393.3,1246.4,1265.4,12.914,35.128,5.273,1298.8,1729.4,1738.1,1.819,4.955,2.059,1357,1.299,1538.5,1658.7,1650.8,1704.8,1280.1,1707.8,1303,1738.7,1673.9,1871.3,1499.1,1474.9,1744.4,1389.3,1690.1,1317.6,1328.6,1480,1218,1258,1281.9,1277.4,1285.8,1246,1280.3,1360.9,1287.6,1339.2,1377.4,1574.4,1518.8,1536.1,29.836,9.638,8.428,8.428,29.836,2.579,2.386,1.655,1.601,1.01,0,1615.1,1692.6,1680.4,1841.6,1638.7,1640.2,1790.6,1703.8,1645.3,1618.9,1620.7,1640.8,1437.3,1444.2,1466.4,1627.8,1481.3,1279.5,1284.4,1263.3,1276.5,1260.6,1258.4,1228.8,1198.2,1303.7,1304,1303.9,1441.8,1590.4,1679.5,1686.5,1714.8,44.256
1587.4,2493.2,1439.4,1282.4,1289.6,1670.5,1528.2,1878.8,1341.4,2.286,2.459,1706.1,1862.9,1718.1,1395.6,1680.1,1582.7,1583.8,1575.9,1654.5,1313.2,1657.6,1334.6,1687.4,1639.3,1814.6,1477.1,1448.7,1709.8,1371.2,1658.4,1306.5,1317.6,1440.5,1202.5,1235.2,1259.1,1320,1324.4,1282.4,1322,1401.1,1328.7,1384.5,1423.5,1652.6,1563.1,1561.1,1464.4,1588.9,1558.7,1558.4,1462.1,1744.1,1734.4,1697.9,1695.2,1665.6,1615.1,0,1.549,1602.3,1766.7,1563.9,1565.3,1715.7,1652.5,1610.7,1587.1,1588.9,1609,1397.9,1405.7,1445.2,1606.6,1460.1,1258.4,1286.8,1277.5,1284,1292.2,1291.5,1206.6,1182.6,1293.4,1292.9,1292.7,1419.9,1555.7,1629.2,1636.3,1658.1,1644.6
1664.9,2570.6,1516.9,1359.8,1367,1748,1605.7,1956.2,1418.9,0.737,0.91,1783.5,1940.3,1795.5,1473.1,1757.5,1660.2,1661.3,1653.4,1732,1390.7,1735,1412.1,1764.9,1716.7,1892.1,1554.6,1526.1,1787.2,1448.7,1735.8,1383.9,1395,1518,1279.9,1312.6,1336.6,1397.5,1401.9,1359.8,1399.4,1478.5,1406.1,1462,1500.9,1730,1640.5,1638.6,1541.8,1666.4,1636.1,1635.8,1539.5,1821.5,1811.9,1775.3,1772.6,1743.1,1692.6,1.549,0,1679.7,1844.2,1641.3,1642.7,1793.1,1730,1688.1,1664.6,1666.4,1686.5,1475.3,1483.2,1522.7,1684.1,1537.6,1335.8,1364.2,1355,1361.5,1369.7,1368.9,1284,1260.1,1370.9,1370.4,1370.2,1497.3,1633.2,1706.7,1713.7,1735.6,1722.1
1610.2,2482.4,1384.8,1239.4,1260,1733.1,1585.4,1944.1,1291.3,1716.6,1725.2,1771.4,1928.2,1783.4,1350,1745.4,1529.9,1895,1880.8,1710.7,1274.2,1713.7,1297.1,1744.6,1678.8,1880.4,1500.2,1476.5,1748.2,1389.3,1693.9,1318.2,1329.2,1485.8,1219.6,1261.7,1285.7,1269.9,1278.8,1239,1272.8,1353.4,1279.6,1330.6,1368.8,1561.6,1510.2,1531.7,1521.5,1651.5,1621.3,1620.9,1519.2,1809.4,1799.7,1763.2,1760.5,1730.9,1680.4,1602.3,1679.7,0,1854,1868.8,1876.4,1802.9,1709.7,1649.1,1622.6,1624.4,1644.5,1443.2,1449.1,1468,1629.4,1482.9,1281.1,1282.8,1260.6,1273.3,1254.7,1252.5,1230.9,1199.8,1305,1304.5,1304.4,1442.9,1595.2,1685.4,1692.4,1723.9,1701.7
1615.6,2464.3,1444.3,1232.3,1255.7,1847,1611.5,2105.3,1288.7,1881,1889.7,1932.6,2089.4,1944.6,1338.6,1906.6,1574.3,1891.1,1892.2,1601,1265,1605.2,1288.6,1642.2,1565.2,1766.1,1435.9,1400.6,1665,1333.5,1615,1308.6,1319.8,1440.7,1234.2,1262.6,1286.5,1267.3,1267.4,1233.6,1288,1374.1,1302.8,1390.1,1428.4,1727.7,1554.7,1510.2,1547.2,1765.8,1735.5,1734.9,1545.3,1970.6,1960.9,1924.4,1921.7,1892.1,1841.6,1766.7,1844.2,1854,0,1880.2,1872.5,1640,1607.3,1565.9,1543.8,1545.6,1565.7,1398.1,1399,1473.4,1634.8,1488.3,1286.5,1262,1233.1,1255.1,1246.2,1243.2,1228.7,1214.3,1297.1,1295.1,1294.8,1378.7,1481.6,1576.9,1582.8,1609.6,1727.5
