0,2693.1,1716.9,1422.9,1466.9,1480.6,1438.1,1731.1,1465.8,1607,1615.7,1558.4,1715.2,1570.4,1525,1532.4,1517.9,1398.5,1392,1583.1,1476.7,1593.8,1502.5,1699.5,1662.5,1708.7,1726.9,1731.3,1819.3,1706.6,1913,1635.2,1646.2,1740.6,1502.5,1580.5,1604.5,1444.4,1453.8,1438.6,1431.1,1453.6,1412.7,1420.5,1701,1498,1498.2,1466.1,1377.2,1398.7,1368.5,1368.5,1372,1596.4,1586.7,1550.2,1547.5,1517.9,1467.4,1492.7,1570.2,1462.6,1543,1379.9,1379.9,1587.3,1664.6,1720.2,1841.9,1843.6,1862.1,1698,1735.3,2.844,5.476,2.546,1662,1574.5,1537.8,1483.9,1460.1,1454.9,1549.1,1482.6,1622.2,1621.5,1621.4,1669.7,1578.9,1565.4,1564.8,1552.2,1557.5
2693.1,0,2796.9,2701.1,3176.3,2695.2,2677.8,2776.6,2791.2,2673.2,2681.8,2603.9,2760.7,2615.9,2837.4,2577.9,2620.4,2494.1,2487.4,2568,2846.5,2579.9,2884.1,2573.3,2642.6,2685.7,2649.5,2584.3,2615,2704.9,2572,2616.8,2627.5,2478,2519.9,2592.3,2616.2,2769.8,2766.2,2776,2719.1,2718.5,2744.2,2719.6,2781,2578,2600.8,2597.8,2614.9,2613.6,2583.4,2583,2611.7,2641.9,2632.3,2595.7,2593,2563.5,2513,2558.9,2636.3,2504.4,2542.1,2475.4,2475.5,2523.9,2538.4,2515.9,2502,2502.5,2508,2435.4,2495.2,2550.9,2712.3,2565.8,2627.2,2829.4,3022.4,24.183,2841.7,2824.7,2572.5,2500.1,2600.7,2602.8,2603.1,2592.3,2559,2551.5,2549.8,2529.2,2795.2
1716.9,2796.9,0,1626,1561.7,2050.2,1913,2245.5,1704.3,2174.3,2182.9,2072.8,2229.6,2084.8,1752.5,2046.8,2036.3,1949.7,1942.5,1903.1,1636.4,1908.7,1650.4,1860.1,1891.3,2057.6,1655.1,1710.4,1825.8,1531.9,1691.4,1485.7,1496,1561.4,1430.4,1468.2,1492.2,1682.9,1681.3,1629,1654.9,1731.7,1680.5,1691,0.319,4.378,2016.7,1836.4,1855.9,1968.4,1938.1,1938,1846.9,2110.8,2101.1,2064.6,2061.9,2032.3,1981.8,2060,2137.4,1969,2121,1930.5,1931.1,2069.9,1825.2,1726.7,1689.7,1622,1612.6,1518.8,1593.9,1574.7,1736.1,1589.6,1495.9,1481.3,1534.6,1587.8,1608,1614.6,1452.5,1410.5,1466.7,1471.3,1471.9,1597.9,1807.8,1880.3,1884.9,1901.1,2036.2
1422.9,2701.1,1626,0,1528.3,1461.6,1411.2,1592.1,1760.1,1497,1505.7,1419.4,1576.2,1431.4,1819.6,1393.4,1460.6,1289.9,1283,1387.1,1663.7,1400.7,1668.1,1359.6,1474.3,1499.3,1390,1357.9,1387.9,1345.5,1342.9,1299.6,1310,1251.1,1215.7,1259.1,1283.1,1738.7,1748.4,1734.4,1732.5,1685.4,1718.3,1690.7,1610,1407.1,1440.9,1516.5,1349.6,1379.9,1349.6,1349.4,1345,1457.4,1447.8,1411.2,1408.5,1379,1328.5,1382.7,1460.2,1319.1,1362.4,1270.9,1271.4,1340,1324.7,1288.8,1273.1,1273.4,1276.6,1208.5,1247.3,1280.7,1442.1,1295.6,1260.2,1402.8,1484.9,1491.9,1625.7,1642,1236.3,1195.8,1281.4,1285.3,1285.9,1332.8,1390.8,1372.4,1368.8,1342.8,1529.9
1466.9,3176.3,1561.7,1528.3,0,1454.3,1429.3,1531.3,1599.3,1435.1,1443.7,1358.6,1515.4,1370.6,1659.3,1332.6,1394.3,1250.1,1243.6,1351.2,1646.4,1365.4,1684.7,1351.4,1454.1,1462.6,1454.2,1405.2,1393.7,1510.2,1357.2,1394.9,1405.3,1244,1296.8,1367,1391,1577.9,1588.1,1573.7,1547.4,1557.6,1557.1,1546.6,1545.8,1342.8,1374.6,1408.4,1368.4,1372.7,1342.5,1342.2,1363.1,1396.6,1387,1350.4,1347.7,1318.2,1267.7,1320.8,1398.2,1258.6,1321.4,1231.6,1231.6,1301.4,1316.5,1294.6,1287.2,1287.7,1292.6,1201.3,1263.5,1324.7,1486.1,1339.6,1399.3,1624.6,1724,1967.2,1642.3,1624.6,1348.3,1277,1376.7,1380.6,1381.2,1397,1370.5,1337.1,1332.9,1306.1,1548.7
1480.6,2695.2,2050.2,1461.6,1454.3,0,33.784,13.144,1535.1,1984.6,1993.2,9.932,13.28,10.628,1584,11.472,1770.4,1874.2,1867.5,1702.2,1490.8,1704.6,1513.7,1666.2,1641.2,1873.9,1498.8,1472.5,1633.5,1394.4,1566.3,1375.3,1385.8,1411.5,1311.9,1313.5,1337.4,1513.7,1512.8,1461.1,1486.5,1589,1495.6,1505.6,2034.2,1831.3,1750.8,1578,28.492,8.966,7.756,2.243,28.492,7.756,8.142,9.604,9.712,10.894,12.914,1870.3,1947.7,1932.8,2027.8,1855.5,1855.6,1981.2,1631.3,1534.4,1500.9,1496.8,1487.1,1368.9,1349.6,1338.4,1499.8,1353.3,1300.4,1366.9,1434.6,1486,1471.3,1469.1,1315.6,1292.1,1358,1361.2,1361.5,1441.6,1557.6,1676.3,1683.9,1717.4,42.912
1438.1,2677.8,1913,1411.2,1429.3,33.784,0,35.588,1487.5,1844,1852.7,29.164,35.86,30.556,1542.9,32.244,1640.3,1672.3,1664.7,1533.1,1451.4,1535.5,1476.7,1535.7,1488.4,1713.2,1414.8,1364.8,1533.6,1340.1,1480.9,1357.3,1368,1279.2,1295.4,1302.5,1326.5,1466.1,1471.7,1411.5,1413.7,1479.3,1434.6,1442.4,1897.1,1694.1,1620.6,1462.9,7.926,7.926,9.136,24.812,1.323,24.812,25.584,28.508,28.724,31.088,35.128,1729.7,1807.2,1786.8,1785.8,1652.7,1653.8,1748.1,1500.8,1434.5,1411.6,1411.5,1410.7,1236.6,1230.5,1295.9,1457.3,1310.8,1312.7,1355.5,1412.6,1468.7,1434.3,1429.6,1271.2,1275.6,1340.8,1343.3,1343.6,1357.5,1404.8,1507.1,1514.8,1556.7,15.136
1731.1,2776.6,2245.5,1592.1,1531.3,13.144,35.588,0,1682.2,2181.6,2190.2,3.782,5.456,4.13,1723.9,4.552,1962.2,2108.3,2101.2,1943.5,1602.1,1946.5,1617.2,1904.6,1892.7,2113.9,1650.8,1729.2,1863.6,1527.6,1702.8,1476.9,1487.2,1562.3,1406.3,1465.1,1489.1,1660.8,1652.7,1591.2,1617.8,1690.3,1655.7,1666.1,2229.5,2026.6,1942.6,1762.3,30.296,9.868,8.658,8.658,30.296,2.694,2.887,3.618,3.672,4.263,5.273,2067.3,2144.7,2132.6,2279.6,2089.1,2089.8,2228.6,1869.7,1764.5,1727.5,1633.3,1621.9,1519.6,1612.8,1588.9,1750.3,1603.8,1515.3,1466.4,1518.8,1567.5,1574.8,1580.3,1448.6,1386.4,1457.9,1462.5,1463.2,1593.6,1809.2,1918.2,1925.3,1957.4,44.716
1465.8,2791.2,1704.3,1760.1,1599.3,1535.1,1487.5,1682.2,0,1581,1589.7,1509.5,1666.3,1521.5,2110.4,1483.5,1534.8,1370.1,1363.1,1488.6,1734.8,1500.8,1739.2,1470.8,1523.7,1601,1447.4,1384.7,1480.4,1377.7,1425.2,1352.5,1363,1357.1,1254.9,1307,1330.9,0.428,2039.2,1881.8,1841.5,1810.2,2048.6,1912.9,1688.4,1485.4,1515.1,1585.5,1427.1,1453.4,1423.2,1422.9,1421.3,1547.5,1537.9,1501.3,1498.6,1469.1,1418.6,1466.7,1544.2,1409.6,1460.8,1351.1,1351.5,1439.6,1435.9,1381.3,1355.9,1355.7,1352.5,1314.5,1309.7,1323.6,1485,1338.5,1295.8,1442.9,1525,1582.1,1696.8,1713,1300.2,1235,1335,1338.3,1338.8,1390.1,1440.2,1472.5,1470.3,1444.5,1607.4
1607,2673.2,2174.3,1497,1435.1,1984.6,1844,2181.6,1581,0,1.647,2008.9,2165.7,2020.9,1624.8,1982.9,1891,1884.1,1876.9,1802.1,1507.3,1806.3,1521.6,1759.9,1778.2,1961,1535.1,1602.6,1722.5,1411.8,1578.3,1364.7,1375,1443.3,1306.8,1348.4,1372.3,1559.6,1553.6,1497.2,1525.1,1599.9,1556.1,1566.4,2158.3,1955.4,1871.4,1691.1,1786.9,1902.8,1872.5,1872.4,1777.9,2046.9,2037.2,2000.7,1998,1968.4,1917.9,2.286,0.737,1905.1,2055.4,1864.9,1865.5,2004.3,1725,1623.4,1586.3,1508.9,1499.3,1400.6,1483.6,1464.8,1626.2,1479.7,1385.5,1359.8,1412.8,1464,1479.2,1485.6,1335.7,1287,1345.7,1350.3,1350.9,1477.8,1694.7,1777.9,1783.8,1804.5,1967.2
1615.7,2681.8,2182.9,1505.7,1443.7,1993.2,1852.7,2190.2,1589.7,1.647,0,2017.5,2174.3,2029.5,1633.5,1991.5,1899.7,1892.7,1885.6,1810.7,1516,1814.9,1530.3,1768.5,1786.9,1969.6,1543.7,1611.3,1731.1,1420.4,1587,1373.3,1383.6,1451.9,1315.5,1357,1381,1568.3,1562.3,1505.8,1533.7,1608.5,1564.7,1575,2167,1964,1880,1699.7,1795.6,1911.4,1881.2,1881.1,1786.5,2055.5,2045.9,2009.3,2006.6,1977.1,1926.6,2.459,0.91,1913.7,2064.1,1873.5,1874.2,2013,1733.6,1632,1595,1517.5,1508,1409.3,1492.3,1473.5,1634.9,1488.4,1394.2,1368.5,1421.4,1472.7,1487.9,1494.2,1344.4,1295.6,1354.3,1359,1359.6,1486.5,1703.3,1786.6,1792.5,1813.1,1975.8
1558.4,2603.9,2072.8,1419.4,1358.6,9.932,29.164,3.782,1509.5,2008.9,2017.5,0,3.464,0.676,1551.2,1.098,1789.5,1935.6,1928.5,1770.8,1429.4,1773.8,1444.5,1731.9,1720,1941.2,1478.1,1556.5,1690.9,1354.8,1530.1,1304.2,1314.5,1389.6,1233.6,1292.4,1316.4,1488.1,1480,1418.5,1445.1,1517.6,1483,1493.4,2056.8,1853.9,1769.9,1589.6,23.872,6.656,5.446,5.446,23.872,1.088,0.895,0.164,0.218,0.809,1.819,1894.6,1972,1959.9,2106.9,1916.4,1917.1,2055.9,1697,1591.8,1554.8,1460.6,1449.2,1346.9,1440.1,1416.2,1577.6,1431.1,1342.6,1293.7,1346.1,1394.8,1402.1,1407.6,1275.9,1213.7,1285.2,1289.8,1290.5,1420.9,1636.5,1745.5,1752.6,1784.7,38.292
1715.2,2760.7,2229.6,1576.2,1515.4,13.28,35.86,5.456,1666.3,2165.7,2174.3,3.464,0,3.812,1708,4.234,1946.3,2092.4,2085.3,1927.6,1586.2,1930.6,1601.3,1888.7,1876.8,2098,1634.9,1713.3,1847.7,1511.7,1686.9,1461,1471.3,1546.4,1390.4,1449.2,1473.2,1644.9,1636.8,1575.3,1601.9,1674.4,1639.8,1650.2,2213.6,2010.7,1926.7,1746.4,30.568,10.004,8.794,8.794,30.568,2.762,2.569,3.3,3.354,3.945,4.955,2051.4,2128.8,2116.7,2263.7,2073.2,2073.9,2212.7,1853.8,1748.6,1711.6,1617.4,1606,1503.7,1596.9,1573,1734.4,1587.9,1499.4,1450.5,1502.9,1551.6,1558.9,1564.4,1432.7,1370.5,1442,1446.6,1447.3,1577.7,1793.3,1902.3,1909.4,1941.5,44.988
1570.4,2615.9,2084.8,1431.4,1370.6,10.628,30.556,4.13,1521.5,2020.9,2029.5,0.676,3.812,0,1563.2,1.338,1801.5,1947.6,1940.5,1782.8,1441.4,1785.8,1456.5,1743.9,1732,1953.2,1490.1,1568.5,1702.9,1366.8,1542.1,1316.2,1326.5,1401.6,1245.6,1304.4,1328.4,1500.1,1492,1430.5,1457.1,1529.6,1495,1505.4,2068.8,1865.9,1781.9,1601.6,25.264,7.352,6.142,6.142,25.264,1.436,1.243,0.512,0.458,1.049,2.059,1906.6,1984,1971.9,2118.9,1928.4,1929.1,2067.9,1709,1603.8,1566.8,1472.6,1461.2,1358.9,1452.1,1428.2,1589.6,1443.1,1354.6,1305.7,1358.1,1406.8,1414.1,1419.6,1287.9,1225.7,1297.2,1301.8,1302.5,1432.9,1648.5,1757.5,1764.6,1796.7,39.684
1525,2837.4,1752.5,1819.6,1659.3,1584,1542.9,1723.9,2110.4,1624.8,1633.5,1551.2,1708,1563.2,0,1525.2,1588.2,1419.3,1412.4,1531.7,1794.7,1543.4,1799.2,1504.9,1585.1,1645.6,1501.7,1451,1527.3,1443,1474.8,1414.5,1424.9,1405.1,1320.9,1359,1382.9,2089,1.424,2020.9,1871.6,1843.1,2009.1,1924.7,1736.5,1533.6,1568.5,1647.7,1479.9,1502.3,1472,1471.9,1476.7,1589.2,1579.5,1543,1540.3,1510.7,1460.2,1510.5,1588,1451.1,1502.2,1400.4,1400.7,1482.2,1470,1428.2,1405.4,1405.4,1405.4,1362.4,1370.5,1382.8,1544.2,1397.7,1355.8,1511.4,1593.5,1628.2,1756.8,1773,1347.7,1301,1395.7,1400.2,1400.7,1444.4,1501.5,1515,1513.4,1489.1,1660.1
1532.4,2577.9,2046.8,1393.4,1332.6,11.472,32.244,4.552,1483.5,1982.9,1991.5,1.098,4.234,1.338,1525.2,0,1763.5,1909.6,1902.5,1744.8,1403.4,1747.8,1418.5,1705.9,1694,1915.2,1452.1,1530.5,1664.9,1328.8,1504.1,1278.2,1288.5,1363.6,1207.6,1266.4,1290.4,1462.1,1454,1392.5,1419.1,1491.6,1457,1467.4,2030.8,1827.9,1743.9,1563.6,26.952,8.196,6.986,6.986,26.952,1.858,1.665,0.934,0.88,0.289,1.299,1868.6,1946,1933.9,2080.9,1890.4,1891.1,2029.9,1671,1565.8,1528.8,1434.6,1423.2,1320.9,1414.1,1390.2,1551.6,1405.1,1316.6,1267.7,1320.1,1368.8,1376.1,1381.6,1249.9,1187.7,1259.2,1263.8,1264.5,1394.9,1610.5,1719.5,1726.6,1758.7,41.372
1517.9,2620.4,2036.3,1460.6,1394.3,1770.4,1640.3,1962.2,1534.8,1891,1899.7,1789.5,1946.3,1801.5,1588.2,1763.5,0,1669.9,1662.8,1681.8,1472.1,1688.4,1486.2,1639.5,1697.6,1833.8,1475.5,1503.8,1609.2,1353.5,1508.7,1311.7,1322.1,1381.1,1254.1,1288.6,1312.6,1513.4,1517,1468.8,1489.1,1567.1,1511,1519,2020.4,1817.4,0.393,1721.1,1583.2,1688.6,1658.4,1658.3,1574.1,1827.5,1817.9,1781.3,1778.6,1749.1,1698.6,1776.7,1854.2,1685.7,1841.3,1650.7,1651.4,1790.2,1604.6,1510.1,1474,1439.3,1429,1338.4,1393.6,1375.7,1537.1,1390.6,1301.2,1311.4,1360.7,1411.3,1443.8,1450.4,1273.7,1234.3,1293.4,1297.4,1297.9,1418.3,1614.1,1660,1663.5,1677.3,1763.4
1398.5,2494.1,1949.7,1289.9,1250.1,1874.2,1672.3,2108.3,1370.1,1884.1,1892.7,1935.6,2092.4,1947.6,1419.3,1909.6,1669.9,0,2092.3,1616.5,1304.5,1622.4,1321.4,1564.9,1585.4,1774,1367.9,1414.5,1530.1,1251.6,1390.2,1202.3,1212.5,1264.6,1132.5,1160.5,1184.4,1348.7,1348.1,1289,1319.9,1406.9,1347.4,1358.3,1933.7,1730.8,1650.3,1477.5,1613.6,1792.4,1762.2,1762,1606.2,1973.6,1964,1927.4,1924.7,1895.2,1844.7,1769.8,1847.2,2069.3,2065.4,2080.3,0.371,1805.6,1530,1431,1393.9,1320.7,1310.3,1222,1269.3,1256.3,1417.7,1271.2,1194,1183.8,1231.7,1284.9,1279,1282.7,1152.1,1112.6,1182.2,1187.9,1188.6,1310.6,1501.8,1594.1,1598.2,1617.5,1793.9
1392,2487.4,1942.5,1283,1243.6,1867.5,1664.7,2101.2,1363.1,1876.9,1885.6,1928.5,2085.3,1940.5,1412.4,1902.5,1662.8,2092.3,0,1609.8,1297.6,1615.8,1314.6,1558.4,1578.5,1767.9,1362,1407.6,1523.9,1245.7,1383.7,1195.8,1206.1,1258.3,1125.5,1154,1177.9,1341.7,1341.2,1282.1,1312.6,1399.5,1340.4,1351.1,1926.6,1723.6,1643.1,1470.3,1606.2,1785.6,1755.4,1755.4,1598.6,1966.5,1956.8,1920.3,1917.6,1888,1837.5,1762.6,1840.1,2055.2,2066.6,0.241,2073.8,1799.7,1523.5,1424.8,1387.8,1314.2,1303.8,1215.6,1262.8,1249.8,1411.2,1264.7,1187.5,1177.4,1225.5,1278.3,1272.2,1275.9,1145.6,1105.6,1176,1181.4,1182.1,1304.8,1494.9,1587.4,1591.5,1611.4,1786.4
1583.1,2568,1903.1,1387.1,1351.2,1702.2,1533.1,1943.5,1488.6,1802.1,1810.7,1770.8,1927.6,1782.8,1531.7,1744.8,1681.8,1616.5,1609.8,0,1412.1,1962.6,1430.3,1698.1,1836.6,2027.4,1525.3,1584.4,1663.8,1402.7,1545,1345.3,1355.8,1416,1257.6,1318.5,1342.5,1467.2,1460.5,1395,1414,1486.2,1461.2,1467.3,1887.2,1684.2,1662.1,1593.3,1476.1,1620.5,1590.2,1590,1466.9,1808.8,1799.2,1762.6,1759.9,1730.4,1679.9,1687.8,1765.2,1676.7,1724.2,1597.7,1597.9,1858.2,1663.2,1564.7,1529.4,1475.6,1467.1,1373.3,1452.3,1440.9,1602.3,1455.8,1366.7,1337.6,1358.1,1358.9,1387.9,1390.4,1301.2,1237.7,1327.8,1331.2,1331.6,1468,1753.1,1934.2,0.365,1870.9,1656.4
1476.7,2846.5,1636.4,1663.7,1646.4,1490.8,1451.4,1602.1,1734.8,1507.3,1516,1429.4,1586.2,1441.4,1794.7,1403.4,1472.1,1304.5,1297.6,1412.1,0,1426.3,1795.1,1383.5,1528,1524.6,1470.5,1436.1,1421.2,1466,1379.5,1393.3,1403.5,1278.5,1298,1347.4,1371.3,1713.4,1723.5,1719.5,1682.9,1687.8,1692.6,1676.9,1620.4,1417.5,1452.5,1538.7,1389.1,1409.1,1378.8,1378.7,1385.2,1467.4,1457.7,1421.2,1418.5,1388.9,1338.4,1393,1470.5,1329.3,1381.5,1285.6,1285.9,1361.5,1348.6,1322.1,1309.7,1310.1,1314.1,1235.8,1290,1334.5,1495.9,1349.4,1357.6,1527.4,1626.8,1637.3,1752.7,0.435,1333.3,1278.1,1373.5,1378.8,1379.5,1413.2,1444.5,1397.9,1393.9,1368.1,1569.4
1593.8,2579.9,1908.7,1400.7,1365.4,1704.6,1535.5,1946.5,1500.8,1806.3,1814.9,1773.8,1930.6,1785.8,1543.4,1747.8,1688.4,1622.4,1615.8,1962.6,1426.3,0,1443.9,1706.5,1860.9,2023.4,1538,1593.3,1672.7,1416.3,1555.5,1358.4,1368.9,1426.7,1268.8,1328.8,1352.7,1479.4,1472.2,1409.3,1427.1,1497.5,1472.5,1478.6,1892.7,1689.8,1668.7,1601,1478.5,1622.9,1592.7,1592.5,1469.3,1811.8,1802.2,1765.6,1762.9,1733.4,1682.9,1692,1769.4,1679.3,1730,1603.7,1603.9,1854.2,1671.6,1573.6,1538.3,1486,1478.2,1384,1462.2,1451.6,1613,1466.5,1376.9,1350.3,1371.5,1370.7,1401.5,1404.5,1312.5,1249,1340.9,1344.2,1344.6,1480.7,1777.4,0.567,1944.3,1866.9,1658.8
1502.5,2884.1,1650.4,1668.1,1684.7,1513.7,1476.7,1617.2,1739.2,1521.6,1530.3,1444.5,1601.3,1456.5,1799.1,1418.5,1486.2,1321.4,1314.6,1430.3,1795.1,1443.9,0,1403.4,1542.1,1542.6,1494.2,1457.5,1442.1,1496.2,1400.9,1419.1,1429.3,1297.9,1324.3,1376,1400,1717.8,1727.9,1722.5,1687.3,1693,1697,1682,1634.4,1431.5,1466.5,1543.8,1413.6,1432,1401.7,1401.5,1410.5,1482.5,1472.9,1436.3,1433.6,1404.1,1353.6,1407.3,1484.8,1344.5,1399.6,1302.5,1302.9,1379.7,1368.5,1343,1331.1,1331.5,1335.5,1255.3,1311.9,1360.3,1521.7,1375.2,1387.8,1565.1,1664.5,1675,0.848,1773.3,1361.6,1304.4,1399.3,1404.6,1405.3,1436.9,1458.5,1415.6,1412.1,1386.1,1593.9
1699.5,2573.3,1860.1,1359.6,1351.4,1666.2,1535.7,1904.6,1470.8,1759.8,1768.5,1731.9,1888.7,1743.9,1504.9,1705.9,1639.5,1564.9,1558.4,1698.1,1383.5,1706.5,1403.4,0,1726.7,1840.7,1582.5,1648.1,1834.3,1465.8,1654.5,1401.6,1411.9,1532.1,1306.5,1380.6,1404.6,1449.4,1433.7,1363.8,1385,1452.5,1427.5,1434,1844.1,1641.2,1619.9,1552.1,1478.8,1584.3,1554,1554,1469.5,1769.9,1760.3,1723.7,1721,1691.5,1641,1645.6,1723,1638.8,1668,1546.3,1546.3,1735,0.698,1735.2,1692.9,1585.1,1573,1489.5,1594.1,1557.3,1718.7,1572.2,1457.8,1388.5,1394.2,1364.2,1361,1361.7,1360.3,1286.6,1382.6,1387.3,1387.9,1525.3,1643.2,1678.1,1679.9,1684.2,1659
1662.5,2642.6,1891.3,1474.3,1454.1,1641.2,1488.4,1892.7,1523.7,1778.2,1786.9,1720,1876.8,1732,1585.1,1694,1697.6,1585.4,1578.5,1836.6,1528,1860.9,1542.1,1726.7,0,1897.5,1561,1613.4,1716.2,1447,1621.2,1408.6,1419.1,1494.2,1318.7,1389.2,1413.2,1502.3,1513.9,1521.8,1501.9,1550.3,1490.9,1493.6,1875.4,1672.4,1678,1635.3,1430.8,1559.5,1529.2,1529,1422.2,1758,1748.4,1711.8,1709.1,1679.6,1629.1,1663.9,1741.4,1622,1729,1566.4,1566.8,1728.3,1691.8,1617.1,1585,1551.8,1546.1,1451.5,1529.5,1520.3,1681.7,1535.2,1447.1,1433.8,1474.6,1433.4,1499.7,1506.3,1371.6,1298.9,1391,1394.4,1394.8,1503.8,1.671,1832.6,1818.4,1741,1611
1708.7,2685.7,2057.6,1499.3,1462.6,1873.9,1713.2,2113.9,1601,1961,1969.6,1941.2,2098,1953.2,1645.6,1915.2,1833.8,1774,1767.9,2027.4,1524.6,2023.4,1542.6,1840.7,1897.5,0,1639.4,1711.4,1803,1517.5,1672.2,1462.8,1473.3,1541.8,1378.6,1445.8,1469.7,1579.6,1574.4,1505.2,1530.8,1609.2,1575.8,1582.7,2041.6,1838.7,1814.2,1732.7,1656.3,1792.1,1761.9,1761.7,1647.1,1979.2,1969.5,1933,1930.3,1900.7,1850.2,1846.7,1924.1,1849.2,1872,1755.9,1755.4,2073.9,1805.8,1703.9,1666.2,1602.7,1594.7,1499.2,1586.3,1566.5,1727.9,1581.4,1497.2,1451.5,1475.9,1476.5,1500.2,1502.8,1425.1,1358.7,1445.1,1448.6,1449,1582.2,1813.9,1995,2009.2,3.13,1836.6
1726.9,2649.5,1655.1,1390,1454.2,1498.8,1414.8,1650.8,1447.4,1535.1,1543.7,1478.1,1634.9,1490.1,1501.7,1452.1,1475.5,1367.9,1362,1525.3,1470.5,1538,1494.2,1582.5,1561,1639.4,0,1586.4,1656.9,1539.3,1647.1,1495.6,1506.1,1515.7,1405.5,1496.6,1520.5,1426,1430.5,1437.5,1404,1412.4,1402.9,1403.3,1639.2,1436.2,1455.9,1414.7,1358.3,1417.2,1387,1386.7,1348.6,1516.1,1506.5,1469.9,1467.2,1437.7,1387.2,1420.8,1498.2,1380.8,1475.1,1350,1349.3,1491.5,1547.6,1557.8,1577.5,1577.7,1578.9,1473,1554.5,1584.7,1746.1,1599.6,1568.7,1513.6,1508.5,1440.4,1451.8,1448.7,1480.1,1385.7,1477,1481.5,1481.9,1.145,1477.5,1509.6,1507,1482.9,1538.6
1731.3,2584.3,1710.4,1357.9,1405.2,1472.5,1364.8,1729.2,1384.7,1602.6,1611.3,1556.5,1713.3,1568.5,1451,1530.5,1503.8,1414.5,1407.6,1584.4,1436.1,1593.3,1457.5,1648.1,1613.4,1711.4,1586.4,0,1713.1,1445.7,1674.7,1408.4,1419,1540.4,1317.2,1417.7,1441.7,1363.3,1379.8,1409.2,1379.8,1407.7,1347.1,1350.6,1694.4,1491.5,1484.1,1441.8,1308.6,1390.7,1360.5,1360.3,1298.6,1594.5,1584.8,1548.3,1545.6,1516,1465.5,1488.3,1565.8,1460.3,1555.2,1395.6,1395.9,1573.7,1613.2,1614,1605.5,1605.2,1600.4,1497.8,1606.9,1589.1,1750.5,1604,1505.2,1442.3,1450.9,1375.1,1415.1,1414.4,1396.2,1297.4,1392.4,1394.4,1394.6,1529.2,1529.8,1565,1566.1,1554.9,1488.9
1819.3,2615,1825.8,1387.9,1393.7,1633.5,1533.6,1863.6,1480.4,1722.5,1731.1,1690.9,1847.7,1702.9,1527.3,1664.9,1609.2,1530.1,1523.9,1663.8,1421.2,1672.7,1442.1,1834.3,1716.2,1803,1656.9,1713.1,0,1568.5,1775.2,1507.4,1518.1,1653.1,1401,1480.4,1504.4,1459,1456.1,1397.3,1406.3,1449.1,1427.7,1433.2,1809.9,1606.9,1589.6,1528.7,1476.7,1551.6,1521.4,1521.4,1467.5,1728.9,1719.3,1682.7,1680,1650.5,1600,1608.2,1685.6,1597.3,1630.5,1511.8,1511.5,1676.8,1799.4,1.982,1879.4,1705.8,1692.1,1610.4,1720.6,1677.1,1838.5,1692,1565,1479.9,1470.7,1405.8,1399.7,1399.4,1459.7,1381.2,1490.8,1493.4,1493.7,1599.7,1632.6,1644.4,1645.5,1646.5,1657
1706.6,2704.9,1531.9,1345.5,1510.2,1394.4,1340.1,1527.6,1377.7,1411.8,1420.4,1354.8,1511.6,1366.8,1443,1328.8,1353.5,1251.6,1245.7,1402.7,1466,1416.3,1496.2,1465.8,1447,1517.5,1539.3,1445.7,1568.5,0,1586.9,1652.7,1661.5,1450.3,1602.6,1726.9,1750.9,1356.3,1371.8,1414,1356.3,1335.8,1329.5,1327.2,1515.9,1313,1333.9,1307.8,1283.7,1312.8,1282.6,1282.3,1274,1392.8,1383.2,1346.6,1344,1314.4,1263.9,1297.5,1374.9,1257.5,1351.8,1233.6,1233,1363.6,1430.9,1469.5,1516.5,1517.4,1527.9,1407.6,1487,1564.4,1725.8,1579.3,1664.8,1645.6,1563.4,1495.7,1453.8,1444.2,1791.5,1582.7,1621,1636.9,1639,1482,1363.5,1388,1384.4,1361,1464
1913,2572,1691.4,1342.9,1357.2,1566.3,1480.9,1702.8,1425.2,1578.3,1587,1530.1,1686.9,1542.1,1474.8,1504.1,1508.7,1390.2,1383.7,1545,1379.5,1555.5,1400.9,1654.5,1621.2,1672.2,1647.1,1674.7,1775.2,1586.9,0,1523.4,1534.4,1754.1,1391.7,1488.6,1512.5,1403.8,1403.6,1353.7,1356.1,1388.1,1372.3,1378.3,1675.5,1472.5,1489.1,1461.1,1424.1,1484.9,1454.7,1454.1,1414.8,1568.1,1558.4,1521.9,1519.2,1489.6,1439.1,1464,1541.5,1433.2,1508.3,1371.6,1371.6,1538.7,1619.6,1676.1,1766.9,1.389,1749.3,1711.5,1872.5,1770.8,1932.2,1785.7,1598.9,1490.2,1444.9,1362.8,1358.5,1357.8,1459.3,1371.9,1510.4,1509.8,1509.7,1589.9,1537.7,1527.1,1526.8,1515.7,1604.3
1635.2,2616.8,1485.7,1299.6,1394.9,1375.3,1357.3,1476.9,1352.5,1364.7,1373.3,1304.2,1461,1316.2,1414.5,1278.2,1311.7,1202.3,1195.8,1345.3,1393.3,1358.4,1419.1,1401.6,1408.6,1462.8,1495.6,1408.4,1507.4,1652.7,1523.4,0,1731.6,1379.7,1670.3,1794.7,1818.6,1331.1,1343.3,1353.9,1310.8,1298.7,1307.8,1307.1,1469.7,1266.8,1292,1280,1297.7,1293.6,1263.4,1263.1,1291.2,1342.2,1332.6,1296,1293.3,1263.8,1213.3,1250.4,1327.8,1206,1299.6,1183.8,1183.8,1304.1,1366.7,1408.3,1452.9,1454,1466.1,1337.1,1407,1493,1654.4,1507.9,1732.6,1525.9,1467.9,1407.7,1376.7,1371.5,1859.2,1650.5,1691.1,1707,0.275,1438.4,1325,1330,1327.1,1306.3,1478
1646.2,2627.5,1496,1310,1405.3,1385.8,1368,1487.2,1363,1375,1383.6,1314.5,1471.3,1326.5,1424.9,1288.5,1322.1,1212.5,1206.1,1355.8,1403.5,1368.9,1429.3,1411.9,1419.1,1473.3,1506.1,1419,1518.1,1661.5,1534.4,1731.6,0,1390.8,1683.2,1807.6,1831.6,1341.6,1353.7,1364.1,1321,1309,1318.2,1317.7,1480,1277.1,1302.4,1290.4,1308.3,1304.3,1274,1273.7,1301.8,1352.5,1342.8,1306.3,1303.6,1274,1223.5,1260.7,1338.1,1216.3,1310,1194,1194,1314.6,1377,1419,1463.9,1465,1477,1348.1,1418,1504,1665.4,1518.9,1745.5,1536.6,1478.6,1418.3,1386.9,1381.7,1872.1,1663.4,1704.1,0.493,1717.9,1448.9,1335.5,1340.5,1337.6,1316.8,1488.5
1740.6,2478,1561.4,1251.1,1244,1411.5,1279.2,1562.3,1357.1,1443.3,1451.9,1389.6,1546.4,1401.6,1405.1,1363.6,1381.1,1264.6,1258.3,1416,1278.5,1426.7,1297.9,1532.1,1494.2,1541.8,1515.7,1540.4,1653.1,1450.3,1754.1,1379.7,1390.8,0,1252.6,1341.9,1365.9,1335.7,1333.9,1254.3,1260.6,1285.9,1305.5,1310.2,1545.5,1342.5,1361.4,1328.7,1216.3,1330.1,1299.9,1299.4,1213.1,1427.6,1417.9,1381.4,1378.7,1349.1,1298.6,1329,1406.4,1292.6,1377.1,1246.2,1246.1,1419.3,1497.2,1554,1683,1684.7,1911.3,0.853,1890.6,1598.4,1759.8,1613.3,1426.5,1334.5,1321.6,1268.9,1255.5,1256.7,1308.4,1232.8,1367.5,1366.1,1366,1458.4,1410.6,1398.3,1397.7,1385.3,1396.5
1502.5,2519.9,1430.4,1215.7,1296.8,1311.9,1295.4,1406.3,1254.9,1306.8,1315.5,1233.6,1390.4,1245.6,1320.9,1207.6,1254.1,1132.5,1125.5,1257.6,1298,1268.8,1324.3,1306.5,1318.7,1378.6,1405.5,1317.2,1401,1602.6,1391.7,1670.3,1683.2,1252.6,0,1609.5,1633.5,1233.5,1249.7,1257.6,1225.2,1217.3,1213.6,1213.9,1414.4,1211.5,1234.5,1196.2,1233.3,1230.2,1199.9,1199.8,1229.3,1271.6,1261.9,1225.4,1222.7,1193.1,1142.6,1192.5,1270,1132.8,1228.3,1113.4,1113.9,1218.4,1271.6,1301.9,1321.3,1322.3,1332.7,1210,1279.8,1360.3,1521.7,1375.2,1547.4,1421.1,1377.9,1310.8,1281.9,1276.2,1914.9,0.397,1912,1658.6,1656.6,1348.3,1235.2,1240.5,1239.3,1222.1,1413.5
1580.5,2592.3,1468.2,1259.1,1367,1313.5,1302.5,1465.1,1307,1348.4,1357,1292.4,1449.2,1304.4,1359,1266.4,1288.6,1160.5,1154,1318.5,1347.4,1328.8,1376,1380.6,1389.2,1445.8,1496.6,1417.7,1480.4,1726.9,1488.6,1794.7,1807.6,1341.9,1609.5,0,0.479,1285.6,1287.8,1302.3,1270.6,1263.3,1265.6,1258.6,1452.3,1249.3,1269,1238.3,1242.1,1231.8,1201.5,1201.3,1236.4,1330.4,1320.8,1284.2,1281.5,1252,1201.5,1234.1,1311.5,1194.6,1289.6,1141.9,1141.9,1285.5,1345.7,1381.3,1418,1419.1,1431.2,1299.3,1354.1,1438.3,1599.7,1453.2,1630.5,1499.6,1443.9,1383.1,1333.6,1325.6,1628,1589.7,1798.2,1783,1780.9,1439.3,1305.7,1300.4,1300.3,1289.3,1422.4
1604.5,2616.2,1492.2,1283.1,1391,1337.4,1326.5,1489.1,1330.9,1372.3,1381,1316.4,1473.2,1328.4,1382.9,1290.4,1312.6,1184.4,1177.9,1342.5,1371.3,1352.7,1400,1404.6,1413.2,1469.7,1520.5,1441.7,1504.4,1750.9,1512.5,1818.6,1831.6,1365.9,1633.5,0.479,0,1309.5,1311.7,1326.3,1294.5,1287.2,1289.5,1282.6,1476.2,1273.3,1292.9,1262.2,1266.1,1255.7,1225.5,1225.3,1260.3,1354.4,1344.7,1308.2,1305.5,1275.9,1225.4,1258,1335.5,1218.6,1313.5,1165.9,1165.9,1309.4,1369.7,1405.3,1442,1443.1,1455.1,1323.2,1378.1,1462.3,1623.7,1477.2,1654.5,1523.5,1467.8,1407.1,1357.6,1349.6,1651.9,1613.6,1822.1,1806.9,1804.9,1463.3,1329.6,1324.4,1324.2,1313.2,1446.3
1444.4,2769.8,1682.9,1738.7,1577.9,1513.7,1466.1,1660.8,0.428,1559.6,1568.3,1488.1,1644.9,1500.1,2089,1462.1,1513.4,1348.7,1341.7,1467.2,1713.4,1479.4,1717.8,1449.4,1502.3,1579.6,1426,1363.3,1459,1356.3,1403.8,1331.1,1341.6,1335.7,1233.5,1285.6,1309.5,0,2017.8,1860.4,1820.1,1788.8,2027.2,1891.5,1667,1464,1493.7,1564.1,1405.7,1432,1401.8,1401.5,1399.9,1526.1,1516.5,1479.9,1477.2,1447.7,1397.2,1445.3,1522.8,1388.2,1439.4,1329.7,1330.1,1418.2,1414.5,1359.9,1334.5,1334.3,1331.1,1293.1,1288.3,1302.2,1463.6,1317.1,1274.4,1421.5,1503.6,1560.7,1675.4,1691.6,1278.8,1213.6,1313.6,1316.9,1317.4,1368.7,1418.8,1451.1,1448.9,1423.1,1586
1453.8,2766.2,1681.3,1748.4,1588.1,1512.8,1471.7,1652.7,2039.2,1553.6,1562.3,1480,1636.8,1492,1.424,1454,1517,1348.1,1341.2,1460.5,1723.5,1472.2,1727.9,1433.7,1513.9,1574.4,1430.5,1379.8,1456.1,1371.8,1403.6,1343.3,1353.7,1333.9,1249.7,1287.8,1311.7,2017.8,0,1949.7,1800.4,1771.9,1937.9,1853.5,1665.3,1462.4,1497.3,1576.5,1408.7,1431.1,1400.8,1400.7,1405.5,1518,1508.3,1471.8,1469.1,1439.5,1389,1439.3,1516.8,1379.9,1431,1329.2,1329.5,1411,1398.8,1357,1334.2,1334.2,1334.2,1291.2,1299.3,1311.6,1473,1326.5,1284.6,1440.2,1522.3,1557,1685.5,1701.8,1276.5,1229.8,1324.5,1329,1329.5,1373.2,1430.3,1443.8,1442.2,1417.9,1588.9
1438.6,2776,1629,1734.4,1573.7,1461.1,1411.5,1591.2,1881.8,1497.2,1505.8,1418.5,1575.3,1430.5,2020.9,1392.5,1468.8,1289,1282.1,1395,1719.5,1409.3,1722.5,1363.8,1521.8,1505.2,1437.5,1409.2,1397.3,1414,1353.7,1353.9,1364.1,1254.3,1257.6,1302.3,1326.3,1860.4,1949.7,0,1730.8,1710.6,1780.5,1751.1,1613,1410.1,1449.2,1561.5,1350,1379.5,1349.2,1349,1345.4,1456.5,1446.8,1410.3,1407.6,1378,1327.5,1382.9,1460.3,1318.2,1366.1,1270.1,1270.4,1346.1,1328.9,1298.2,1284.1,1284.3,1286.7,1211.7,1257.3,1296.4,1457.8,1311.3,1307.3,1456.9,1556.3,1566.8,1680.1,1697.8,1288.3,1237.7,1333.1,1339.4,1340.2,1380.2,1438.3,1380.9,1376.8,1348.7,1530.3
1431.1,2719.1,1654.9,1732.5,1547.4,1486.5,1413.7,1617.8,1841.5,1525.1,1533.7,1445.1,1601.9,1457.1,1871.6,1419.1,1489.1,1319.9,1312.6,1414,1682.9,1427.1,1687.3,1385,1501.9,1530.8,1404,1379.8,1406.3,1356.3,1356.1,1310.8,1321,1260.6,1225.2,1270.6,1294.5,1820.1,1800.4,1730.8,0,1717.9,1837.3,1811,1639,1436,1469.4,1540.9,1350.8,1404.9,1374.6,1374.3,1347.5,1483.1,1473.5,1436.9,1434.2,1404.7,1354.2,1410.8,1488.2,1344.5,1397.1,1300.6,1301.3,1372.8,1350.1,1307.2,1286.5,1286.6,1287.8,1217.9,1258.3,1288.9,1450.3,1303.8,1271.5,1419.8,1501.9,1509.9,1644.9,1661.1,1248.1,1205.3,1291.8,1296.4,1297,1346.8,1418.4,1398.7,1395.8,1374.3,1531
1453.6,2718.5,1731.7,1685.4,1557.6,1589,1479.3,1690.3,1810.2,1599.9,1608.5,1517.6,1674.4,1529.6,1843.1,1491.6,1567.1,1406.9,1399.5,1486.2,1687.8,1497.5,1693,1452.5,1550.3,1609.2,1412.4,1407.7,1449.1,1335.8,1388.1,1298.7,1309,1285.9,1217.3,1263.3,1287.2,1788.8,1771.9,1710.6,1717.9,0,1811.7,1844.2,1715.7,1512.8,1547.5,1578.2,1415.6,1507.5,1477.3,1476.9,1413.2,1555.6,1545.9,1509.4,1506.7,1477.1,1426.6,1485.6,1563,1416.3,1482.5,1387.5,1388.3,1454.6,1417.6,1350,1318.9,1318.7,1316.2,1243.3,1290.1,1311.4,1472.8,1326.3,1273.3,1430.9,1504.3,1509.4,1650.6,1666.1,1240.9,1197.4,1279.9,1284.4,1284.9,1355.2,1466.8,1469.1,1467.9,1452.7,1595.9
1412.7,2744.2,1680.5,1718.3,1557.1,1495.6,1434.6,1655.7,2048.6,1556.1,1564.7,1483,1639.8,1495,2009.1,1457,1511,1347.4,1340.4,1461.2,1692.6,1472.5,1697,1427.5,1490.9,1575.8,1402.9,1347.1,1427.7,1329.5,1372.3,1307.8,1318.2,1305.5,1213.6,1265.6,1289.5,2027.2,1937.9,1780.5,1837.3,1811.7,0,2004.1,1664.6,1461.6,1491.3,1555.2,1371.9,1413.7,1383.4,1383.4,1368.5,1521,1511.3,1474.8,1472.1,1442.5,1392,1441.8,1519.2,1382.9,1438.6,1328.4,1328.9,1413.3,1392.6,1328.6,1303.1,1302.8,1299.5,1262.9,1258.7,1270.5,1431.9,1285.4,1257.2,1406.2,1488.3,1535.1,1654.6,1670.8,1255.4,1193.8,1289.1,1293.6,1294.1,1345.7,1407.3,1444.2,1443,1419.3,1552.1
1420.5,2719.6,1691,1690.7,1546.6,1505.6,1442.4,1666.1,1912.9,1566.4,1575,1493.4,1650.2,1505.4,1924.7,1467.4,1519,1358.3,1351.1,1467.3,1676.9,1478.6,1682.1,1434,1493.6,1582.7,1403.3,1350.6,1433.2,1327.2,1378.3,1307.1,1317.7,1310.2,1213.9,1258.6,1282.6,1891.5,1853.5,1751.1,1811,1844.2,2004.1,0,1675.1,1472.1,1499.3,1556.6,1379.1,1424.1,1393.8,1393.5,1376.3,1531.4,1521.7,1485.2,1482.5,1452.9,1402.4,1452.1,1529.5,1393.3,1444.4,1339,1339.8,1420,1399.1,1334.1,1308.9,1308.9,1307.6,1267.5,1266.9,1278.3,1439.7,1293.2,1253.6,1395.9,1469.4,1510.4,1639.7,1655.1,1250.6,1194.1,1290.3,1293.1,1293.3,1346,1410,1450.2,1449.1,1426.2,1559.3
1701,2781,0.319,1610,1545.8,2034.2,1897.1,2229.5,1688.4,2158.3,2167,2056.8,2213.6,2068.8,1736.5,2030.8,2020.4,1933.7,1926.6,1887.2,1620.4,1892.7,1634.4,1844.1,1875.4,2041.6,1639.2,1694.4,1809.8,1515.9,1675.5,1469.7,1480,1545.5,1414.4,1452.3,1476.2,1667,1665.3,1613,1639,1715.7,1664.6,1675.1,0,4.059,2000.7,1820.4,1840,1952.4,1922.2,1922.1,1830.9,2094.8,2085.2,2048.6,2045.9,2016.4,1965.9,2044,2121.5,1953,2105,1914.5,1915.2,2054,1809.2,1710.8,1673.7,1606,1596.7,1502.8,1578,1558.8,1720.2,1573.7,1480,1465.3,1518.6,1571.8,1592,1598.7,1436.6,1394.6,1450.7,1455.4,1456,1581.9,1791.8,1864.4,1868.9,1885.1,2020.2
1498,2578,4.378,1407.1,1342.8,1831.3,1694.1,2026.6,1485.4,1955.4,1964,1853.9,2010.7,1865.9,1533.6,1827.9,1817.4,1730.8,1723.6,1684.2,1417.5,1689.8,1431.5,1641.2,1672.4,1838.7,1436.2,1491.5,1606.9,1313,1472.5,1266.8,1277.1,1342.5,1211.5,1249.3,1273.3,1464,1462.4,1410.1,1436,1512.8,1461.6,1472.1,4.059,0,1797.8,1617.5,1637,1749.5,1719.2,1719.1,1628,1891.9,1882.2,1845.7,1843,1813.4,1762.9,1841.1,1918.5,1750.1,1902.1,1711.6,1712.2,1851,1606.3,1507.8,1470.8,1403.1,1393.7,1299.9,1375,1355.8,1517.2,1370.7,1277,1262.4,1315.7,1368.9,1389.1,1395.7,1233.6,1191.6,1247.8,1252.4,1253,1379,1588.9,1661.4,1666,1682.2,1817.3
1498.2,2600.8,2016.7,1440.9,1374.6,1750.8,1620.6,1942.6,1515.1,1871.4,1880,1769.9,1926.7,1781.9,1568.5,1743.9,0.393,1650.3,1643.1,1662.1,1452.5,1668.7,1466.5,1619.9,1678,1814.2,1455.9,1484.1,1589.6,1333.9,1489.1,1292,1302.4,1361.4,1234.5,1269,1292.9,1493.7,1497.3,1449.1,1469.4,1547.5,1491.3,1499.3,2000.7,1797.8,0,1701.5,1563.5,1669,1638.7,1638.6,1554.5,1807.9,1798.2,1761.7,1759,1729.4,1678.9,1757.1,1834.5,1666.1,1821.6,1631.1,1631.7,1770.5,1585,1490.5,1454.4,1419.6,1409.3,1318.8,1374,1356,1517.4,1370.9,1281.6,1291.7,1341.1,1391.6,1424.1,1430.7,1254.1,1214.6,1273.8,1277.8,1278.3,1398.6,1594.4,1640.4,1643.9,1657.7,1743.8
1466.1,2597.8,1836.4,1516.5,1408.4,1578,1462.9,1762.3,1585.5,1691.1,1699.7,1589.6,1746.4,1601.6,1647.7,1563.6,1721.1,1477.5,1470.3,1593.3,1538.7,1601,1543.8,1552.1,1635.3,1732.7,1414.7,1441.8,1528.7,1307.8,1461.1,1280,1290.4,1328.7,1196.2,1238.3,1262.2,1564.1,1576.5,1561.5,1540.9,1578.2,1555.2,1556.6,1820.4,1617.5,1701.5,0,1405.8,1496.2,1465.9,1465.9,1396.7,1627.6,1617.9,1581.4,1578.7,1549.1,1498.6,1576.8,1654.2,1485.8,1648.8,1458.3,1458.9,1597.8,1517.2,1429.6,1394.3,1391.7,1385.2,1286,1328.9,1323.9,1485.3,1338.8,1257.1,1310.1,1383.6,1388.6,1501.4,1516.9,1227,1176.3,1261.3,1265.7,1266.3,1357.5,1551.8,1572.7,1575,1576.2,1586
1377.2,2614.9,1855.9,1349.6,1368.4,28.492,7.926,30.296,1427.1,1786.9,1795.6,23.872,30.568,25.264,1479.9,26.952,1583.2,1613.6,1606.2,1476.1,1389.1,1478.5,1413.6,1478.8,1430.8,1656.3,1358.3,1308.6,1476.7,1283.7,1424.1,1297.7,1308.3,1216.3,1233.3,1242.1,1266.1,1405.7,1408.7,1350,1350.8,1415.6,1371.9,1379.1,1840,1637,1563.5,1405.8,0,5.28,6.49,19.52,5.28,19.52,20.292,23.216,23.432,25.796,29.836,1672.6,1750.1,1729.8,1720.5,1594.1,1595.1,1682.7,1443.9,1377.6,1354.7,1354.6,1353.8,1173.6,1168.5,1235,1396.4,1249.9,1251.5,1297.4,1352.5,1405.8,1371.2,1367.4,1208.1,1213.4,1280.6,1283.6,1284,1301.1,1347.2,1450.2,1457.9,1499.8,3.605
1398.7,2613.6,1968.4,1379.9,1372.7,8.966,7.926,9.868,1453.4,1902.8,1911.4,6.656,10.004,7.352,1502.3,8.196,1688.6,1792.4,1785.6,1620.5,1409.1,1622.9,1432,1584.3,1559.5,1792.1,1417.2,1390.7,1551.6,1312.8,1484.9,1293.6,1304.3,1330.1,1230.2,1231.8,1255.7,1432,1431.1,1379.5,1404.9,1507.5,1413.7,1424.1,1952.4,1749.5,1669,1496.2,5.28,0,0.605,4.48,5.28,4.48,4.866,6.328,6.436,7.618,9.638,1788.5,1865.9,1851,1946.3,1773.6,1773.9,1899.6,1549.4,1452.5,1419,1415.5,1405.7,1287.5,1268,1256.5,1417.9,1271.4,1218.6,1285.3,1353,1404.5,1389.6,1387.3,1234.1,1210.3,1276.6,1279.6,1279.9,1360,1475.9,1594.6,1602.2,1635.6,12.49
1368.5,2583.4,1938.1,1349.6,1342.5,7.756,9.136,8.658,1423.1,1872.5,1881.2,5.446,8.794,6.142,1472,6.986,1658.4,1762.2,1755.4,1590.2,1378.8,1592.7,1401.7,1554,1529.2,1761.9,1387,1360.5,1521.4,1282.6,1454.7,1263.4,1274,1299.9,1199.9,1201.5,1225.5,1401.8,1400.8,1349.2,1374.6,1477.3,1383.4,1393.8,1922.2,1719.2,1638.7,1465.9,6.49,0.605,0,3.27,6.49,3.27,3.656,5.118,5.226,6.408,8.428,1758.2,1835.7,1820.8,1916,1743.3,1743.6,1869.4,1519.1,1422.3,1388.8,1385.2,1375.5,1257.2,1237.7,1226.3,1387.7,1241.2,1188.4,1255,1322.7,1374.2,1359.3,1357.1,1203.9,1180.1,1246.4,1249.4,1249.6,1329.7,1445.7,1564.3,1572,1605.4,13.7
1368.5,2583,1938,1349.4,1342.2,2.243,24.812,8.658,1422.9,1872.4,1881.1,5.446,8.794,6.142,1471.9,6.986,1658.3,1762,1755.4,1590,1378.7,1592.5,1401.5,1554,1529,1761.7,1386.7,1360.3,1521.4,1282.3,1454.1,1263.1,1273.7,1299.4,1199.8,1201.3,1225.3,1401.5,1400.7,1349,1374.3,1476.9,1383.4,1393.5,1922.1,1719.1,1638.6,1465.9,19.52,4.48,3.27,0,19.52,3.27,3.656,5.118,5.226,6.408,8.428,1758.1,1835.6,1820.7,1915.7,1743.3,1743.5,1869.1,1519.1,1422.3,1388.8,1384.7,1375,1256.7,1237.5,1226.3,1387.7,1241.2,1188.2,1254.7,1322.4,1373.9,1359.1,1356.9,1203.4,1179.9,1245.9,1249,1249.4,1329.4,1445.5,1564.1,1571.8,1605.2,33.94
1372,2611.7,1846.9,1345,1363.1,28.492,1.323,30.296,1421.3,1777.9,1786.5,23.872,30.568,25.264,1476.7,26.952,1574.1,1606.2,1598.6,1466.9,1385.2,1469.3,1410.5,1469.5,1422.2,1647.1,1348.6,1298.6,1467.5,1274,1414.8,1291.2,1301.8,1213.1,1229.3,1236.4,1260.3,1399.9,1405.5,1345.4,1347.5,1413.2,1368.5,1376.3,1830.9,1628,1554.5,1396.7,5.28,5.28,6.49,19.52,0,19.52,20.292,23.216,23.432,25.796,29.836,1663.6,1741,1720.7,1719.7,1586.5,1587.6,1681.9,1434.6,1368.4,1345.4,1345.3,1344.5,1170.4,1164.4,1229.8,1391.2,1244.7,1246.5,1289.3,1346.5,1402.5,1368.1,1363.5,1205.1,1209.4,1274.6,1277.2,1277.4,1291.4,1338.7,1441,1448.7,1490.6,12.49
1596.4,2641.9,2110.8,1457.4,1396.6,7.756,24.812,2.694,1547.5,2046.9,2055.5,1.088,2.762,1.436,1589.2,1.858,1827.5,1973.6,1966.5,1808.8,1467.4,1811.8,1482.5,1769.9,1758,1979.2,1516.1,1594.5,1728.9,1392.8,1568.1,1342.2,1352.5,1427.6,1271.6,1330.4,1354.4,1526.1,1518,1456.5,1483.1,1555.6,1521,1531.4,2094.8,1891.9,1807.9,1627.6,19.52,4.48,3.27,3.27,19.52,0,0.193,0.924,0.978,1.569,2.579,1932.6,2010,1997.9,2144.9,1954.4,1955.1,2093.9,1735,1629.8,1592.8,1498.6,1487.2,1384.9,1478.1,1454.2,1615.6,1469.1,1380.6,1331.7,1384.1,1432.8,1440.1,1445.6,1313.9,1251.7,1323.2,1327.8,1328.5,1458.9,1674.5,1783.5,1790.6,1822.7,33.94
1586.7,2632.3,2101.1,1447.8,1387,8.142,25.584,2.887,1537.9,2037.2,2045.9,0.895,2.569,1.243,1579.5,1.665,1817.9,1964,1956.8,1799.2,1457.7,1802.2,1472.9,1760.3,1748.4,1969.5,1506.5,1584.8,1719.3,1383.2,1558.4,1332.6,1342.8,1417.9,1261.9,1320.8,1344.7,1516.5,1508.3,1446.8,1473.5,1545.9,1511.3,1521.7,2085.2,1882.2,1798.2,1617.9,20.292,4.866,3.656,3.656,20.292,0.193,0,0.731,0.785,1.376,2.386,1922.9,2000.4,1988.2,2135.3,1944.8,1945.4,2084.2,1725.4,1620.2,1583.1,1489,1477.6,1375.3,1468.5,1444.5,1605.9,1459.4,1371,1322,1374.4,1423.1,1430.5,1436,1304.2,1242.1,1313.6,1318.2,1318.8,1449.2,1664.8,1773.8,1780.9,1813,34.712
1550.2,2595.7,2064.6,1411.2,1350.4,9.604,28.508,3.618,1501.3,2000.7,2009.3,0.164,3.3,0.512,1543,0.934,1781.3,1927.4,1920.3,1762.6,1421.2,1765.6,1436.3,1723.7,1711.8,1933,1469.9,1548.3,1682.7,1346.6,1521.9,1296,1306.3,1381.4,1225.4,1284.2,1308.2,1479.9,1471.8,1410.3,1436.9,1509.4,1474.8,1485.2,2048.6,1845.7,1761.7,1581.4,23.216,6.328,5.118,5.118,23.216,0.924,0.731,0,0.054,0.645,1.655,1886.4,1963.8,1951.7,2098.7,1908.2,1908.9,2047.7,1688.8,1583.6,1546.6,1452.4,1441,1338.7,1431.9,1408,1569.4,1422.9,1334.4,1285.5,1337.9,1386.6,1393.9,1399.4,1267.7,1205.5,1277,1281.6,1282.3,1412.7,1628.3,1737.3,1744.4,1776.5,37.636
1547.5,2593,2061.9,1408.5,1347.7,9.712,28.724,3.672,1498.6,1998,2006.6,0.218,3.354,0.458,1540.3,0.88,1778.6,1924.7,1917.6,1759.9,1418.5,1762.9,1433.6,1721,1709.1,1930.3,1467.2,1545.6,1680,1344,1519.2,1293.3,1303.6,1378.7,1222.7,1281.5,1305.5,1477.2,1469.1,1407.6,1434.2,1506.7,1472.1,1482.5,2045.9,1843,1759,1578.7,23.432,6.436,5.226,5.226,23.432,0.978,0.785,0.054,0,0.591,1.601,1883.7,1961.1,1949,2096,1905.5,1906.2,2045,1686.1,1580.9,1543.9,1449.7,1438.3,1336,1429.2,1405.3,1566.7,1420.2,1331.7,1282.8,1335.2,1383.9,1391.2,1396.7,1265,1202.8,1274.3,1278.9,1279.6,1410,1625.6,1734.6,1741.7,1773.8,37.852
1517.9,2563.5,2032.3,1379,1318.2,10.894,31.088,4.263,1469.1,1968.4,1977.1,0.809,3.945,1.049,1510.7,0.289,1749.1,1895.2,1888,1730.4,1388.9,1733.4,1404.1,1691.5,1679.6,1900.7,1437.7,1516,1650.5,1314.4,1489.6,1263.8,1274,1349.1,1193.1,1252,1275.9,1447.7,1439.5,1378,1404.7,1477.1,1442.5,1452.9,2016.4,1813.4,1729.4,1549.1,25.796,7.618,6.408,6.408,25.796,1.569,1.376,0.645,0.591,0,1.01,1854.1,1931.6,1919.4,2066.5,1876,1876.6,2015.4,1656.6,1551.4,1514.3,1420.2,1408.8,1306.5,1399.7,1375.7,1537.1,1390.6,1302.2,1253.2,1305.6,1354.3,1361.7,1367.2,1235.4,1173.3,1244.8,1249.4,1250,1380.4,1596,1705,1712.1,1744.2,40.216
1467.4,2513,1981.8,1328.5,1267.7,12.914,35.128,5.273,1418.6,1917.9,1926.6,1.819,4.955,2.059,1460.2,1.299,1698.6,1844.7,1837.5,1679.9,1338.4,1682.9,1353.6,1641,1629.1,1850.2,1387.2,1465.5,1600,1263.9,1439.1,1213.3,1223.5,1298.6,1142.6,1201.5,1225.4,1397.2,1389,1327.5,1354.2,1426.6,1392,1402.4,1965.9,1762.9,1678.9,1498.6,29.836,9.638,8.428,8.428,29.836,2.579,2.386,1.655,1.601,1.01,0,1803.6,1881.1,1868.9,2016,1825.5,1826.1,1964.9,1606.1,1500.9,1463.8,1369.7,1358.3,1256,1349.2,1325.2,1486.6,1340.1,1251.7,1202.7,1255.1,1303.8,1311.2,1316.7,1184.9,1122.8,1194.3,1198.9,1199.5,1329.9,1545.5,1654.5,1661.6,1693.7,44.256
1492.7,2558.9,2060,1382.7,1320.8,1870.3,1729.7,2067.3,1466.7,2.286,2.459,1894.6,2051.4,1906.6,1510.5,1868.6,1776.7,1769.8,1762.6,1687.8,1393,1692,1407.3,1645.5,1663.9,1846.7,1420.8,1488.3,1608.2,1297.5,1464,1250.4,1260.7,1329,1192.5,1234.1,1258,1445.3,1439.3,1382.9,1410.8,1485.6,1441.8,1452.1,2044,1841.1,1757.1,1576.8,1672.6,1788.5,1758.2,1758.1,1663.6,1932.6,1922.9,1886.4,1883.7,1854.1,1803.6,0,1.549,1790.8,1941.1,1750.6,1751.2,1890,1610.7,1509.1,1472,1394.6,1385,1286.3,1369.3,1350.5,1511.9,1365.4,1271.2,1245.5,1298.5,1349.7,1364.9,1371.3,1221.4,1172.7,1231.4,1236,1236.6,1363.5,1580.4,1663.6,1669.5,1690.2,1852.9
1570.2,2636.3,2137.4,1460.2,1398.2,1947.7,1807.2,2144.7,1544.2,0.737,0.91,1972,2128.8,1984,1588,1946,1854.2,1847.2,1840.1,1765.2,1470.5,1769.4,1484.8,1723,1741.4,1924.1,1498.2,1565.8,1685.6,1374.9,1541.5,1327.8,1338.1,1406.4,1270,1311.5,1335.5,1522.8,1516.8,1460.3,1488.2,1563,1519.2,1529.5,2121.5,1918.5,1834.5,1654.2,1750.1,1865.9,1835.7,1835.6,1741,2010,2000.4,1963.8,1961.1,1931.6,1881.1,1.549,0,1868.2,2018.6,1828,1828.7,1967.5,1688.1,1586.5,1549.5,1472,1462.5,1363.8,1446.8,1428,1589.4,1442.9,1348.6,1323,1375.9,1427.2,1442.4,1448.7,1298.9,1250.1,1308.8,1313.5,1314.1,1441,1657.8,1741.1,1747,1767.6,1930.3
1462.6,2504.4,1969,1319.1,1258.6,1932.8,1786.8,2132.6,1409.6,1905.1,1913.7,1959.9,2116.7,1971.9,1451.1,1933.9,1685.7,2069.3,2055.2,1676.7,1329.3,1679.3,1344.5,1638.8,1622,1849.2,1380.8,1460.3,1597.3,1257.5,1433.2,1206,1216.3,1292.6,1132.8,1194.6,1218.6,1388.2,1379.9,1318.2,1344.5,1416.3,1382.9,1393.3,1953,1750.1,1666.1,1485.8,1729.8,1851,1820.8,1820.7,1720.7,1997.9,1988.2,1951.7,1949,1919.4,1868.9,1790.8,1868.2,0,2028.3,2043.2,2050.8,1977.3,1603.9,1498.2,1461,1363.8,1353.2,1249.9,1343.8,1320.4,1481.8,1335.3,1246.6,1193.6,1246.5,1295.2,1302.1,1307.6,1176.9,1113,1186.9,1191.6,1192.3,1323.5,1538.4,1650.9,1658.4,1692.7,1910
1543,2542.1,2121,1362.4,1321.4,2027.8,1785.8,2279.6,1460.8,2055.4,2064.1,2106.9,2263.7,2118.9,1502.2,2080.9,1841.3,2065.5,2066.6,1724.2,1381.5,1730,1399.6,1668,1729,1872,1475.1,1555.2,1630.5,1351.8,1508.3,1299.6,1310,1377.1,1228.3,1289.6,1313.5,1439.4,1431,1366.1,1397.1,1482.5,1438.6,1444.4,2105,1902.1,1821.6,1648.8,1720.5,1946.3,1916,1915.7,1719.7,2144.9,2135.3,2098.7,2096,2066.5,2016,1941.1,2018.6,2028.3,0,2054.5,2046.9,1828.5,1633.1,1531.4,1493.7,1438.8,1428.4,1334.4,1416.7,1400.8,1562.2,1415.7,1328.7,1290.4,1320,1333,1357.2,1359.7,1270.2,1208.5,1282.1,1285.4,1285.8,1417.8,1645.5,1701.7,1705.9,1715.5,1900.7
1379.9,2475.4,1930.5,1270.9,1231.6,1855.5,1652.7,2089.1,1351.1,1864.9,1873.5,1916.4,2073.2,1928.4,1400.4,1890.4,1650.7,2080.3,0.241,1597.7,1285.6,1603.7,1302.5,1546.3,1566.4,1755.9,1350,1395.6,1511.8,1233.6,1371.6,1183.8,1194,1246.2,1113.4,1141.9,1165.9,1329.7,1329.2,1270.1,1300.6,1387.5,1328.4,1339,1914.5,1711.6,1631.1,1458.3,1594.1,1773.6,1743.3,1743.3,1586.5,1954.4,1944.8,1908.2,1905.5,1876,1825.5,1750.6,1828,2043.2,2054.5,0,2061.7,1787.7,1511.4,1412.7,1375.7,1302.2,1291.7,1203.6,1250.8,1237.7,1399.1,1252.6,1175.5,1165.4,1213.4,1266.2,1260.1,1263.8,1133.5,1093.6,1163.9,1169.4,1170,1292.7,1482.9,1575.4,1579.5,1599.4,1774.4
