0,2804.7,1452,1431.6,1547.5,1582.8,1457.2,1791.2,1485.5,1613.6,1622.2,1618.5,1775.3,1630.5,1544.9,1592.5,1532.7,1470.9,1465.1,1634.1,1496.4,1647,1529.6,1744.3,1728.5,1742,1759.7,1728.7,1905.4,1701.4,2077.6,1773.8,1948.2,1986.3,1923.9,1978.8,2002.8,1464.1,1473.7,1438.6,1437,1448.2,1419.4,1418.1,1436.1,1480.7,1513.1,1524.4,1392.4,1501.1,1470.8,1470.6,1391,1656.5,1646.9,1610.3,1607.6,1578.1,1527.6,1499.3,1576.7,1530.7,1545.3,1453,1452.4,1603.5,1709.4,1806.3,2006.5,2008.1,2026.6,1943.7,1984.7,2.844,5.476,2.546,1911.3,1692.6,1617.6,1595.6,1487.2,1474.6,2049,1904,1907,1923.5,1760.1,1702.5,1644.9,1618.7,1615.8,1585.5,1572.7
2804.7,0,2600.1,2669.9,3145,2626.2,2628.8,2744.3,2711.7,2611.8,2620.4,2571.6,2728.4,2583.6,2777.2,2545.6,2554.3,2420.6,2414.4,2530.1,2819.7,2543.8,2857.3,2586.3,2640.3,2639,2686.4,2598.5,2684.3,2701.8,2656.5,2774.3,2838.1,2584.2,2814.2,2851.6,2875.5,2690.3,2706,2749.2,2680.6,2641.4,2648.3,2610.7,2584.2,2497.1,2534.6,2573,2567.6,2544.4,2514.2,2514,2562.6,2609.6,2599.9,2563.4,2560.7,2531.1,2480.6,2497.5,2574.9,2476.4,2462.6,2402.4,2402,2476,2551.4,2585.2,2585.7,2587.1,2602.4,2541.5,2570.1,2662.5,2823.9,2677.4,2784.1,2805.6,2991.1,24.183,2814.9,2797.9,2921.7,2794.4,2796.9,2813.5,2760.5,2629.2,2556.7,2515.4,2511.9,2482.5,2747.9
1452,2600.1,0,1465.5,1432.5,1469.7,1391.5,1652,1540.1,1553.3,1561.9,1479.3,1636.1,1491.3,1592.8,1453.3,1512,1320.7,1313.9,1444.8,1485.9,1456.2,1502.9,1429.9,1513.8,1561.3,1421.7,1364.9,1457.4,1370.4,1409.9,1442.9,1434.9,1288.7,1412.7,1441.6,1465.5,1518.7,1521.6,1486,1536.8,1622.6,1560.5,1662.1,0.319,1514.1,1492.4,1567.6,1328,1388,1357.8,1357.6,1325.3,1517.3,1507.6,1471.1,1468.4,1438.8,1388.3,1439,1516.4,1379.8,1435.1,1301.9,1302.1,1419.2,1395,1358.3,1340,1340.5,1345.7,1246.1,1248.1,1309.8,1471.2,1324.7,1374.1,1362.2,1384.2,1391,1460.5,1464.1,1511.7,1392.8,1393.7,1410.3,1429.1,1364.4,1430.2,1427.9,1426.5,1404.8,1508.2
1431.6,2669.9,1465.5,0,1487.4,1358.3,1296.6,1505.9,1648.7,1398.1,1406.8,1333.2,1490,1345.2,1719.3,1307.2,1341.2,1158.1,1151.6,1269.7,1603.4,1282.8,1611.6,1281,1362.9,1387.3,1351.4,1278.5,1353,1338.2,1324.1,1410.7,1483.7,1224.9,1459.2,1444.4,1468.4,1627.3,1648.1,1667.4,1665.5,1556,1593.4,1529.5,1449.5,1333.4,1321.5,1388.3,1234.5,1276.7,1246.5,1246.1,1230.5,1371.2,1361.5,1325,1322.3,1292.7,1242.2,1283.8,1361.3,1235.2,1231.7,1139.5,1139.5,1226.8,1246.1,1253.9,1253.4,1254.7,1268.8,1182.2,1201.6,1289.4,1450.8,1304.3,1376.9,1368.5,1440,1460.8,1569.2,1581.7,1514.6,1439.3,1442.5,1459,1396.9,1294.1,1279.3,1254.4,1251.5,1230.8,1414.8
1547.5,3145,1432.5,1487.4,0,1401,1354.6,1535.4,1524.6,1415.1,1423.7,1362.7,1519.5,1374.7,1595.8,1336.7,1367.3,1209.6,1202.8,1340.1,1621.4,1354.4,1659.8,1369.4,1464.5,1441.5,1508.2,1427.5,1459.4,1513.7,1436,1586.1,1590.9,1326.7,1566.9,1592.3,1616.3,1503.2,1524.6,1548.8,1499.6,1473.6,1468.6,1447.2,1416.6,1320.6,1347.7,1400,1290.9,1319.4,1289.1,1288.9,1288.5,1400.7,1391.1,1354.5,1351.8,1322.3,1271.8,1300.8,1378.2,1265.5,1271.5,1190.7,1191.1,1278.1,1334.5,1360.3,1365.2,1366.6,1381.9,1284,1310.2,1405.3,1566.7,1420.2,1524.8,1593.2,1692.6,1935.8,1617.4,1599.7,1662.5,1547.1,1549.7,1566.2,1572.4,1450.9,1380.9,1326,1321.9,1285,1471.2
1582.8,2626.2,1469.7,1358.3,1401,0,33.784,13.144,1419.2,1784.6,1793.2,9.932,13.28,10.628,1473.5,11.472,1597.1,1683.9,1676.7,1662.7,1406.9,1665.1,1434.8,1671.8,1619.3,1825.8,1508.6,1467.3,1674.3,1426.5,1603.4,1499,1523.2,1437.3,1500.4,1522.1,1546.1,1397.8,1402.3,1358.3,1372.4,1445.9,1386.2,1424.5,1453.8,1631.3,1577.5,1533.2,28.492,8.966,7.756,2.243,28.492,7.756,8.142,9.604,9.712,10.894,12.914,1670.3,1747.7,1732.8,1823.9,1664.7,1665.3,1777.3,1636.9,1575.2,1550.7,1533.9,1538,1394.7,1399.3,1440.6,1602,1455.5,1454.6,1399,1393.5,1417,1392.5,1385.1,1592.3,1480.6,1482,1498.5,1485.2,1451.4,1535.7,1636.8,1644.4,1669.3,42.912
1457.2,2628.8,1391.5,1296.6,1354.6,33.784,0,35.588,1357.3,1642.5,1651.2,29.164,35.86,30.556,1421.5,32.244,1443.9,1489.2,1482.3,1457.9,1347.6,1461.5,1375.8,1506.4,1414.9,1625.7,1393.7,1326.8,1535.3,1349,1485.8,1421.4,1530.3,1280.3,1506.4,1462.7,1486.6,1335.9,1350.3,1297.4,1295.6,1312.7,1316.5,1350.3,1375.5,1492.6,1424.2,1345.6,7.926,7.926,9.136,24.812,1.323,24.812,25.584,28.508,28.724,31.088,35.128,1528.2,1605.7,1585.4,1611.4,1470.3,1470.6,1573.7,1471.5,1436.2,1415.4,1416.4,1425.9,1237.7,1237.5,1315,1476.4,1329.9,1395.2,1345.1,1359.7,1419.6,1333.4,1325.9,1532.8,1486.6,1489.1,1505.7,1407.7,1336.5,1331.3,1433.1,1439.7,1469.2,15.136
1791.2,2744.3,1652,1505.9,1535.4,13.144,35.588,0,1562.5,1966.5,1975.1,3.782,5.456,4.13,1618.7,4.552,1776.8,1897,1890.2,1914.7,1546.2,1921.8,1571.9,1888.8,1907.3,2065.7,1722.6,1728.4,1877.2,1613.6,1787,1686,1635.8,1628.9,1612.4,1723.7,1747.7,1541.1,1547.5,1505.5,1543.6,1620,1549.2,1597,1636,1811.5,1757.1,1771.5,30.296,9.868,8.658,8.658,30.296,2.694,2.887,3.618,3.672,4.263,5.273,1852.2,1929.6,1917.4,2073.3,1878.2,1878.4,2022.2,1853.9,1778.1,1749.8,1717.5,1717.5,1586.3,1608.7,1649,1810.4,1663.9,1656.2,1564.6,1538.7,1535.1,1529.5,1524.5,1793.9,1592.6,1594.6,1611.2,1672.3,1665.4,1823.8,1893.5,1896.4,1909.2,44.716
1485.5,2711.7,1540.1,1648.7,1524.6,1419.2,1357.3,1562.5,0,1455.7,1464.4,1389.8,1546.6,1401.8,1951.8,1363.8,1397,1218.3,1211.5,1323.7,1634.2,1338.7,1642.3,1343.6,1397.4,1432.9,1378.3,1293.8,1407.3,1374.7,1371.5,1447.1,1491.1,1300.1,1468.4,1492.7,1516.7,0.428,1880.6,1723.2,1687.5,1618.5,1890,1673.1,1524.2,1393.4,1377.3,1442,1292.1,1337.5,1307.2,1307.1,1291.1,1427.8,1418.1,1381.6,1378.9,1349.3,1298.8,1341.4,1418.9,1291.3,1284.9,1199.4,1199.7,1278.2,1308.7,1308.2,1301.2,1302.1,1310.6,1257.4,1271.2,1343.3,1504.7,1358.2,1425.2,1392.1,1454.8,1502.5,1599.9,1612.5,1562.9,1448.5,1449.9,1466.4,1433.4,1321.1,1313.8,1310.4,1305.5,1276.4,1472.4
1613.6,2611.8,1553.3,1398.1,1415.1,1784.6,1642.5,1966.5,1455.7,0,1.647,1793.8,1950.6,1805.8,1509.9,1767.8,1678,1672.7,1666,1733.2,1434.5,1740.9,1458.1,1702.5,1742.8,1875.9,1571.7,1570.5,1696,1473.9,1617,1546.4,1496.2,1459.2,1472.5,1555.9,1579.9,1434.3,1438.7,1398.5,1439.8,1515.3,1442.9,1498.3,1537.3,1740.2,1658.4,1661.8,1578.7,1703,1672.8,1672.4,1576.4,1831.8,1822.1,1785.6,1782.9,1753.3,1702.8,2.286,0.737,1689.9,1849,1653.9,1654.2,1798,1667.6,1596.9,1568.8,1547.6,1546.8,1416.5,1435.6,1471.4,1632.8,1486.3,1488.4,1427.3,1405,1402.6,1415.7,1412.7,1626.1,1452.6,1455,1471.6,1532.6,1514.4,1659.3,1712.6,1714.9,1719.4,1758.9
1622.2,2620.4,1561.9,1406.8,1423.7,1793.2,1651.2,1975.1,1464.4,1.647,0,1802.4,1959.2,1814.4,1518.5,1776.4,1686.7,1681.4,1674.6,1741.8,1443.1,1749.6,1466.8,1711.1,1751.5,1884.5,1580.3,1579.2,1704.6,1482.6,1625.7,1555,1504.9,1467.8,1481.1,1564.6,1588.5,1443,1447.3,1407.1,1448.5,1524,1451.6,1507,1546,1748.9,1667,1670.4,1587.3,1711.7,1681.4,1681.1,1585,1840.4,1830.8,1794.2,1791.5,1762,1711.5,2.459,0.91,1698.6,1857.7,1662.6,1662.8,1806.6,1676.2,1605.5,1577.4,1556.2,1555.5,1425.2,1444.3,1480,1641.4,1494.9,1497.1,1435.9,1413.6,1411.3,1424.4,1421.4,1634.7,1461.3,1463.7,1480.2,1541.3,1523.1,1667.9,1721.2,1723.6,1728,1767.6
1618.5,2571.6,1479.3,1333.2,1362.7,9.932,29.164,3.782,1389.8,1793.8,1802.4,0,3.464,0.676,1446,1.098,1604.1,1724.3,1717.5,1742,1373.5,1749.1,1399.2,1716.1,1734.6,1893,1549.9,1555.7,1704.5,1440.9,1614.3,1513.3,1463.1,1456.2,1439.7,1551,1575,1368.4,1374.8,1332.8,1370.9,1447.3,1376.5,1424.3,1463.3,1638.8,1584.4,1598.8,23.872,6.656,5.446,5.446,23.872,1.088,0.895,0.164,0.218,0.809,1.819,1679.5,1756.9,1744.7,1900.6,1705.5,1705.7,1849.5,1681.2,1605.4,1577.1,1544.8,1544.8,1413.6,1436,1476.3,1637.7,1491.2,1483.5,1391.9,1366,1362.4,1356.8,1351.8,1621.2,1419.9,1421.9,1438.5,1499.6,1492.7,1651.1,1720.8,1723.7,1736.5,38.292
1775.3,2728.4,1636.1,1490,1519.5,13.28,35.86,5.456,1546.6,1950.6,1959.2,3.464,0,3.812,1602.8,4.234,1760.9,1881.1,1874.3,1898.8,1530.3,1905.9,1556,1872.9,1891.4,2049.8,1706.8,1712.5,1861.3,1597.7,1771.1,1670.1,1619.9,1613,1596.5,1707.8,1731.8,1525.2,1531.6,1489.6,1527.7,1604.1,1533.3,1581.1,1620.1,1795.6,1741.2,1755.6,30.568,10.004,8.794,8.794,30.568,2.762,2.569,3.3,3.354,3.945,4.955,1836.3,1913.7,1901.5,2057.4,1862.3,1862.5,2006.3,1838,1762.2,1733.9,1701.6,1701.6,1570.4,1592.8,1633.1,1794.5,1648,1640.3,1548.7,1522.8,1519.2,1513.6,1508.6,1778,1576.7,1578.7,1595.3,1656.4,1649.5,1807.9,1877.6,1880.5,1893.3,44.988
1630.5,2583.6,1491.3,1345.2,1374.7,10.628,30.556,4.13,1401.8,1805.8,1814.4,0.676,3.812,0,1458,1.338,1616.1,1736.3,1729.5,1754,1385.5,1761.1,1411.2,1728.1,1746.6,1905,1561.9,1567.7,1716.5,1452.9,1626.3,1525.3,1475.1,1468.2,1451.7,1563,1587,1380.4,1386.8,1344.8,1382.9,1459.3,1388.5,1436.3,1475.3,1650.8,1596.4,1610.8,25.264,7.352,6.142,6.142,25.264,1.436,1.243,0.512,0.458,1.049,2.059,1691.5,1768.9,1756.7,1912.6,1717.5,1717.7,1861.5,1693.2,1617.4,1589.1,1556.8,1556.8,1425.6,1448,1488.3,1649.7,1503.2,1495.5,1403.9,1378,1374.4,1368.8,1363.8,1633.2,1431.9,1433.9,1450.5,1511.6,1504.7,1663.1,1732.8,1735.7,1748.5,39.684
1544.9,2777.2,1592.8,1719.3,1595.8,1473.5,1421.5,1618.7,1951.8,1509.9,1518.5,1446,1602.8,1458,0,1420,1455,1269.5,1263,1374.6,1705.4,1387.1,1713.5,1394.6,1455.9,1490.1,1439,1358.5,1461.9,1432,1424.5,1504.4,1576.7,1360.4,1553.9,1561.8,1585.7,1930.4,1.424,1862.4,1745.1,1670.6,1850.5,1696.1,1576.8,1444.7,1435.3,1500.2,1359.2,1391.9,1361.7,1361.3,1355.4,1484,1474.4,1437.8,1435.1,1405.6,1355.1,1395.6,1473,1347.9,1336.5,1251,1251,1333.1,1359.7,1362.8,1353.9,1355,1367.1,1317.8,1322.3,1402.7,1564.1,1417.6,1494.3,1463.8,1528.7,1568,1671.1,1683.6,1631.9,1534.1,1535.5,1552,1490.7,1381.8,1372.4,1358.7,1356.4,1333.6,1539.5
1592.5,2545.6,1453.3,1307.2,1336.7,11.472,32.244,4.552,1363.8,1767.8,1776.4,1.098,4.234,1.338,1420,0,1578.1,1698.3,1691.5,1716,1347.5,1723.1,1373.2,1690.1,1708.6,1867,1523.9,1529.7,1678.5,1414.9,1588.3,1487.3,1437.1,1430.2,1413.7,1525,1549,1342.4,1348.8,1306.8,1344.9,1421.3,1350.5,1398.3,1437.3,1612.8,1558.4,1572.8,26.952,8.196,6.986,6.986,26.952,1.858,1.665,0.934,0.88,0.289,1.299,1653.5,1730.9,1718.7,1874.6,1679.5,1679.7,1823.5,1655.2,1579.4,1551.1,1518.8,1518.8,1387.6,1410,1450.3,1611.7,1465.2,1457.5,1365.9,1340,1336.4,1330.8,1325.8,1595.2,1393.9,1395.9,1412.5,1473.6,1466.7,1625.1,1694.8,1697.7,1710.5,41.372
1532.7,2554.3,1512,1341.2,1367.3,1597.1,1443.9,1776.8,1397,1678,1686.7,1604.1,1760.9,1616.1,1455,1578.1,0,1442.6,1435.9,1530.4,1379.4,1541,1403,1533.2,1578.5,1661.4,1463.1,1425.8,1557.6,1384.9,1504,1457.3,1439.8,1371.9,1417.8,1486.4,1510.3,1375.6,1383.8,1348,1380.2,1452.5,1395,1461,1496.1,1767.6,0.393,1671.3,1378.6,1515.4,1485.1,1485,1377.7,1642.1,1632.4,1595.9,1593.2,1563.6,1513.1,1563.7,1641.2,1504.6,1553.6,1423.8,1424.1,1537.9,1498.3,1458.5,1437.3,1434.5,1438.7,1329.2,1336.3,1390.5,1551.9,1405.4,1418.9,1351.9,1341.4,1345.1,1360.6,1357.7,1556.5,1398,1398.6,1415.1,1443.6,1405.9,1494.9,1512.6,1512.2,1504.9,1558.8
1470.9,2420.6,1320.7,1158.1,1209.6,1683.9,1489.2,1897,1218.3,1672.7,1681.4,1724.3,1881.1,1736.3,1269.5,1698.3,1442.6,0,1885.9,1521.7,1198.5,1528.3,1225.3,1526.8,1498.1,1676,1352.4,1342.6,1529.1,1256.9,1452.8,1329.4,1352.9,1310.9,1330.8,1392.3,1416.2,1196.9,1198.3,1157.7,1194.4,1281.2,1203.3,1267.7,1304.7,1519.4,1423,1403.7,1425.1,1602.3,1572,1571.7,1423,1762.3,1752.6,1716.1,1713.4,1683.8,1633.3,1558.4,1635.9,1863,1859.1,1873.9,0.371,1594.5,1491.9,1430,1403.1,1383.3,1385.8,1268.2,1286.5,1328.7,1490.1,1343.6,1324.8,1221.5,1207.4,1211.4,1182.9,1176.8,1462.4,1310.9,1311.7,1328.3,1315.6,1295.1,1414.6,1500,1503.5,1519.5,1605.4
1465.1,2414.4,1313.9,1151.6,1202.8,1676.7,1482.3,1890.2,1211.5,1666,1674.6,1717.5,1874.3,1729.5,1263,1691.5,1435.9,1885.9,0,1515.2,1192,1521.8,1218.8,1520.3,1491.6,1669.8,1345.9,1336.6,1523.2,1250.4,1446.6,1322.9,1346.1,1304.5,1324.3,1386.1,1410,1190.1,1191.8,1151.2,1187.9,1274.4,1196.8,1260.9,1298,1512.7,1416.2,1397,1418.3,1595.1,1564.9,1564.6,1416.2,1755.5,1745.9,1709.3,1706.6,1677.1,1626.6,1551.7,1629.1,1848.8,1860.2,0.241,1867.4,1588.1,1485.4,1424.1,1397.5,1377.1,1379.6,1261.9,1280.4,1322.9,1484.3,1337.8,1318.6,1215,1201.2,1205.3,1176.4,1170.3,1456.2,1304.4,1304.9,1321.5,1309.1,1288.6,1408.1,1493.5,1497,1513.3,1598.6
1634.1,2530.1,1444.8,1269.7,1340.1,1662.7,1457.9,1914.7,1323.7,1733.2,1741.8,1742,1898.8,1754,1374.6,1716,1530.4,1521.7,1515.2,0,1324.1,1837.8,1352.1,1636.3,1711.9,1902.7,1499.5,1478.9,1657.2,1403.4,1589.9,1475.9,1525.3,1459.1,1501.2,1552.2,1576.1,1302.3,1303.4,1277.2,1306.9,1377,1325.1,1393.8,1428.8,1595.8,1510.8,1501,1397.1,1580.8,1550.5,1550.5,1391.8,1780,1770.3,1733.8,1731.1,1701.5,1651,1618.9,1696.3,1655.8,1574.3,1503.2,1503.2,1733.5,1601.4,1558.1,1536.1,1520.5,1524.6,1416.5,1440.1,1491.9,1653.3,1506.8,1484.7,1363.6,1330.8,1321,1309.7,1302.3,1622.3,1481.3,1484.1,1500.6,1462.1,1442.3,1628.4,1809.5,0.365,1746.2,1577.4
1496.4,2819.7,1485.9,1603.4,1621.4,1406.9,1347.6,1546.2,1634.2,1434.5,1443.1,1373.5,1530.3,1385.5,1705.4,1347.5,1379.4,1198.5,1192,1324.1,0,1338.6,1770.1,1334.5,1445.4,1432.6,1447,1370.6,1411.8,1449.7,1387,1522.2,1557.5,1279.9,1533.5,1527.3,1551.3,1612.8,1634.2,1694.6,1613.5,1556.1,1578.2,1536.1,1469.9,1363.3,1359.8,1439.2,1285,1325.5,1295.3,1294.7,1281.5,1411.5,1401.9,1365.3,1362.6,1333.1,1282.6,1320.2,1397.6,1275.6,1271.2,1180,1180,1269,1299.6,1312.7,1316.2,1317.6,1332.6,1237.3,1260,1354.2,1515.6,1369.1,1459.8,1496.1,1595.5,1610.5,1727.8,0.435,1597.5,1513.6,1516.3,1532.8,1508.4,1389.7,1361.8,1310.3,1305.8,1276.1,1465.2
1647,2543.8,1456.2,1282.8,1354.4,1665.1,1461.5,1921.8,1338.7,1740.9,1749.6,1749.1,1905.9,1761.1,1387.1,1723.1,1541,1528.3,1521.8,1837.8,1338.6,0,1366.9,1644.1,1736.2,1898.7,1513.5,1492.5,1667.2,1419.4,1602.4,1491.8,1538.5,1471,1516.1,1566.4,1590.3,1317.3,1315.9,1290.8,1319.4,1388.9,1337.7,1405.8,1440.3,1603.6,1521.3,1512.1,1400.2,1583.2,1553,1553,1395.3,1787.1,1777.5,1740.9,1738.2,1708.7,1658.2,1626.6,1704.1,1662.8,1580.9,1509.8,1509.8,1729.4,1609.2,1568.1,1547.7,1532.9,1538.4,1428.4,1452.5,1504.8,1666.2,1519.7,1498.9,1379.6,1345,1334.6,1324.5,1316.9,1636.5,1496.3,1497.3,1513.9,1478.1,1456.2,1652.6,0.567,1819.6,1742.2,1580.4
1529.6,2857.3,1502.9,1611.5,1659.8,1434.9,1375.8,1571.9,1642.3,1458.1,1466.8,1399.2,1556,1411.2,1713.5,1373.2,1403,1225.3,1218.8,1352.1,1770.1,1366.9,0,1364.8,1472.7,1458.6,1480.2,1403.8,1443.5,1482.9,1418.8,1555.4,1587.7,1311.6,1563.7,1560.5,1584.5,1620.9,1642.3,1697.5,1621.6,1568.6,1586.3,1547.2,1486.9,1383.2,1383.4,1457.6,1312.9,1353.6,1323.3,1322.7,1309.6,1437.2,1427.5,1391,1388.3,1358.7,1308.2,1343.8,1421.3,1301.2,1296.6,1206.8,1206.8,1294.8,1329.8,1344.4,1348,1349.3,1364.3,1269,1293.1,1387.4,1548.8,1402.3,1493,1533.7,1633.1,1648.2,0.848,1748.4,1630.7,1543.9,1546.5,1563.1,1541.6,1422.9,1389.1,1338.6,1333.8,1302.1,1493.1
1744.3,2586.3,1429.9,1281,1369.4,1671.8,1506.4,1888.8,1343.6,1702.5,1711.1,1716.1,1872.9,1728.1,1394.6,1690.1,1533.2,1526.8,1520.3,1636.3,1334.5,1644.1,1364.8,0,1673.7,1772.8,1576.9,1587.3,1829.7,1474.5,1720.8,1546.9,1579.8,1588.9,1557.8,1641.1,1665,1322.2,1323.4,1283.9,1313,1378,1328.4,1382.2,1414,1563,1513.6,1511.8,1444.3,1590.2,1560,1559.6,1440.2,1754.1,1744.5,1707.9,1705.2,1675.7,1625.2,1588.2,1665.6,1630,1577.3,1508.3,1508.3,1730.4,0.698,1730.6,1688.3,1651.3,1652.1,1546.2,1566.4,1602.1,1763.5,1617,1573.6,1431.3,1391.3,1377.2,1322.4,1312.8,1711.2,1537.9,1538.6,1555.1,1533.2,1519.7,1590.1,1615.7,1618.1,1616.3,1624.6
1728.5,2640.3,1513.8,1362.9,1464.5,1619.3,1414.9,1907.3,1397.4,1742.8,1751.5,1734.6,1891.4,1746.6,1455.9,1708.6,1578.5,1498.1,1491.6,1711.9,1445.4,1736.2,1472.7,1673.7,0,1772.8,1646.4,1639.1,1736.4,1542.6,1688.1,1615.1,1607.7,1546.8,1583.5,1662.4,1686.3,1376,1384.7,1400.8,1411.9,1464.9,1398.6,1476.5,1497.8,1616.6,1558.8,1595.7,1352.8,1537.4,1507.2,1507.1,1348.7,1772.6,1763,1726.4,1723.7,1694.2,1643.7,1628.5,1706,1644.4,1578.6,1479.6,1479.6,1603.5,1638.8,1637.3,1628,1618.6,1625.2,1504.2,1536.2,1586.3,1747.7,1601.2,1594.9,1494.7,1445.7,1431.1,1430.3,1423.6,1732.5,1563.7,1566.5,1583,1601.3,1589.1,1.671,1707.8,1693.7,1616.3,1533.1
1742,2639,1561.3,1387.3,1441.5,1825.8,1625.7,2065.7,1432.9,1875.9,1884.5,1893,2049.8,1905,1490.1,1867,1661.4,1676,1669.8,1902.7,1432.6,1898.7,1458.6,1772.8,1772.8,0,1606.4,1595.5,1776.5,1506.7,1702.4,1579.2,1622.5,1577.3,1600.8,1659.4,1683.4,1411.5,1418.9,1390.5,1425.5,1501.1,1435.6,1511.2,1545.3,1736.1,1641.8,1623.1,1563.7,1744,1713.8,1713.6,1559.6,1931,1921.4,1884.8,1882.1,1852.6,1802.1,1761.6,1839,1806.9,1726.9,1657.8,1657.4,1949.2,1737.9,1677.4,1649.2,1632.9,1635.6,1534.7,1550.8,1599.8,1761.2,1614.7,1591.9,1467,1431.7,1429.9,1416.2,1410.9,1729.6,1580.9,1581.3,1597.8,1565.4,1549.2,1689.2,1870.3,1884.5,3.13,1744
1759.7,2686.4,1421.7,1351.4,1508.2,1508.6,1393.7,1722.6,1378.3,1571.7,1580.3,1550,1706.8,1562,1439,1523.9,1463.1,1352.4,1345.9,1499.5,1447,1513.5,1480.2,1576.9,1646.4,1606.4,0,1699.2,1691.3,1652,1675.1,1724.5,1689,1550.8,1664.5,1736.1,1760.1,1356.9,1367.8,1388.4,1371.9,1396.9,1355.2,1387.2,1405.7,1448.9,1443.5,1449.6,1333.3,1426.9,1396.6,1396.5,1327.6,1588,1578.3,1541.7,1539.1,1509.5,1459,1457.4,1534.8,1456.9,1423.1,1333.8,1333.8,1457.8,1542,1592.2,1604.4,1605.6,1619.3,1508.2,1535.9,1617.5,1778.9,1632.4,1668.6,1578.6,1504.4,1477.3,1437.8,1425.2,1806.3,1644.7,1647.8,1664.3,1710.7,1.145,1562.8,1485.1,1481.3,1449.9,1513.6
1728.7,2598.5,1364.9,1278.5,1427.5,1467.3,1326.8,1728.4,1293.8,1570.5,1579.2,1555.7,1712.5,1567.7,1358.5,1529.7,1425.8,1342.6,1336.6,1478.9,1370.6,1492.5,1403.8,1587.3,1639.1,1595.5,1699.2,0,1719.5,1558.5,1705.2,1631,1613.3,1541.5,1590.2,1667.7,1691.7,1272.4,1287.3,1312.8,1306.6,1345.9,1276.9,1330.1,1349,1441.7,1406.2,1422.1,1265.9,1385.5,1355.3,1355.1,1260.6,1593.7,1584.1,1547.5,1544.8,1515.3,1464.8,1456.2,1533.7,1464.2,1408,1324.5,1324.1,1457.9,1552.4,1620.4,1635.1,1635.8,1642.6,1498.9,1529.9,1586.5,1747.9,1601.4,1600.2,1485.1,1415.9,1389.3,1361.4,1348.9,1737.9,1570.3,1572.1,1588.7,1617.2,1641.9,1555.5,1464.2,1460.6,1439,1446.1
1905.4,2684.3,1457.4,1353,1459.4,1674.3,1535.3,1877.2,1407.3,1696,1704.6,1704.5,1861.3,1716.5,1461.9,1678.5,1557.6,1529.1,1523.2,1657.2,1411.8,1667.2,1443.5,1829.7,1736.4,1776.5,1691.3,1719.5,0,1595.5,1882.2,1667.9,1718.4,1748,1695.3,1781.6,1805.5,1385.9,1390.7,1358.3,1370.5,1414.6,1373.8,1410.4,1441.4,1558.2,1537.9,1546.4,1475,1592.6,1562.4,1562.2,1469.1,1742.5,1732.8,1696.3,1693.6,1664,1613.5,1581.7,1659.1,1618.3,1577,1511.2,1510.6,1672.3,1794.8,1.982,1874.9,1812.7,1811.3,1705.3,1732.2,1763.2,1924.6,1778.1,1714.1,1560.4,1502.1,1475.1,1401.1,1390.1,1851.7,1675.4,1677.2,1693.8,1654.2,1634,1652.9,1638.8,1638.9,1620,1655.3
1701.4,2701.8,1370.4,1338.2,1513.7,1426.5,1349,1613.6,1374.7,1473.9,1482.6,1440.9,1597.7,1452.9,1432,1414.9,1384.9,1256.9,1250.4,1403.4,1449.7,1419.4,1482.9,1474.5,1542.6,1506.7,1652,1558.5,1595.5,0,1583,1.449,1685.9,1480.3,1661.9,1725.3,1749.3,1353.3,1360.8,1389.8,1353,1351,1330.1,1341.5,1354.5,1352.6,1365.2,1379.5,1288.8,1345,1314.7,1314.4,1282.8,1478.9,1469.2,1432.7,1430,1400.4,1349.9,1359.6,1437.1,1347.2,1321,1238.4,1238.4,1351,1439.6,1496.4,1512.2,1513.5,1528.8,1437.6,1465.1,1559.2,1720.6,1574.1,1657.8,1604.8,1522.3,1492.7,1440.5,1428,1795.5,1642,1644.7,1661.2,1.174,1594.8,1459.1,1391.1,1385.2,1350.2,1469
2077.6,2656.5,1409.9,1324.1,1436,1603.4,1485.8,1787,1371.5,1617,1625.7,1614.3,1771.1,1626.3,1424.5,1588.3,1504,1452.8,1446.6,1589.9,1387,1602.4,1418.8,1720.8,1688.1,1702.4,1675.1,1705.2,1882.2,1583,0,1655.4,1773.5,1999.7,1752.1,1831,1854.9,1350.1,1353.3,1333.5,1336.7,1371.7,1333.3,1363.7,1394,1484.3,1484.3,1498.1,1424.9,1521.6,1491.4,1491.2,1419.7,1652.3,1642.6,1606.1,1603.4,1573.8,1523.3,1502.7,1580.2,1526,1507.2,1434.5,1434.2,1580.4,1685.9,1783.1,2016.2,1.389,1998.7,1957,2037,1935.4,2096.8,1950.3,1763.5,1553.8,1482.4,1447.4,1376.4,1365.3,1901.1,1732.2,1732.3,1748.9,1641.7,1617.8,1604.5,1574,1571.7,1545.9,1605.2
1773.8,2774.3,1442.9,1410.7,1586.1,1499,1421.4,1686,1447.1,1546.4,1555,1513.3,1670.1,1525.3,1504.4,1487.3,1457.3,1329.4,1322.9,1475.9,1522.2,1491.8,1555.4,1546.9,1615.1,1579.2,1724.5,1631,1667.9,1.449,1655.4,0,1758.3,1552.7,1734.3,1797.8,1821.7,1425.7,1433.2,1462.3,1425.5,1423.5,1402.6,1414,1426.9,1425.1,1437.7,1451.9,1361.2,1417.4,1387.2,1386.8,1355.3,1551.3,1541.7,1505.1,1502.4,1472.9,1422.4,1432.1,1509.5,1419.7,1393.4,1310.8,1310.8,1423.5,1512,1568.8,1584.6,1586,1601.3,1510.1,1537.5,1631.6,1793,1646.5,1730.3,1677.3,1594.8,1565.1,1513,1500.4,1867.9,1714.5,1717.1,1733.7,0.275,1667.2,1531.5,1463.5,1457.6,1422.7,1541.5
1948.2,2838.1,1434.9,1483.7,1590.9,1523.2,1530.3,1635.8,1491.1,1496.2,1504.9,1463.1,1619.9,1475.1,1576.7,1437.1,1439.8,1352.9,1346.1,1525.3,1557.5,1538.5,1587.7,1579.8,1607.7,1622.5,1689,1613.3,1718.4,1685.9,1773.5,1758.3,0,1684.9,4.857,6.869,7.827,1469.7,1505.5,1507.3,1485,1471.8,1421,1413.4,1419,1381.3,1420.1,1457.2,1467,1441.4,1411.2,1411,1464.2,1501.1,1491.5,1454.9,1452.2,1422.7,1372.2,1381.9,1459.4,1370.6,1437.9,1334.1,1334.4,1458,1544.9,1619.3,1702.5,1704.1,1720.9,1642.3,1704.4,1806,1967.4,1820.9,9.569,1768.2,1675.2,1629,1545.3,1535.7,4.063,4.063,0.824,0.493,1744.6,1631.7,1524.1,1510.2,1507,1466,1647.2
1986.3,2584.2,1288.7,1224.9,1326.7,1437.3,1280.3,1628.9,1300.1,1459.2,1467.8,1456.2,1613,1468.2,1360.4,1430.2,1371.9,1310.9,1304.5,1459.1,1279.9,1471,1311.6,1588.9,1546.8,1577.3,1550.8,1541.5,1748,1480.3,1999.7,1552.7,1684.9,0,1661.7,1739.7,1763.7,1278.7,1289.2,1226.4,1230.9,1250.4,1244.1,1249,1272.8,1329.3,1352.2,1345.4,1216.3,1355.6,1325.3,1325.2,1214.2,1494.2,1484.6,1448,1445.3,1415.8,1365.3,1344.9,1422.3,1366.9,1385.2,1292.5,1292.3,1449.5,1554,1648.9,1928.6,1930.2,2075.9,0.853,2055.2,1844.1,2005.5,1859,1672.2,1462.6,1400.2,1375,1269.2,1258.2,1809.9,1641.9,1643.7,1660.3,1539,1493.6,1463.3,1442.7,1440.9,1420.8,1396.5
1923.9,2814.2,1412.7,1459.2,1566.9,1500.4,1506.4,1612.4,1468.4,1472.5,1481.1,1439.7,1596.5,1451.7,1553.9,1413.7,1417.8,1330.8,1324.3,1501.2,1533.5,1516.1,1563.7,1557.8,1583.5,1600.8,1664.5,1590.2,1695.3,1661.9,1752.1,1734.3,4.857,1661.7,0,6.015,6.973,1447,1482.7,1482.6,1460.5,1448.3,1398.7,1391.1,1396.7,1359.1,1398.2,1434.2,1443.8,1418.7,1388.4,1388.3,1440.3,1477.7,1468.1,1431.5,1428.8,1399.3,1348.8,1358.2,1435.6,1347.2,1416.1,1312.2,1312.2,1436.3,1522.9,1596.2,1681.1,1682.6,1699.5,1619.1,1680.1,1781.7,1943.1,1796.6,8.715,1743.9,1650.1,1605.1,1521.3,1511.7,3.209,0.397,3.209,3.871,1720.6,1607.3,1500,1487.8,1482.9,1444.3,1624
1978.8,2851.6,1441.6,1444.4,1592.3,1522.1,1462.7,1723.7,1492.7,1555.9,1564.6,1551,1707.8,1563,1561.8,1525,1486.4,1392.3,1386.1,1552.2,1527.3,1566.4,1560.5,1641.1,1662.4,1659.4,1736.1,1667.7,1781.6,1725.3,1831,1797.8,6.869,1739.7,6.015,0,0.479,1471.3,1490.6,1467,1448.4,1452.3,1427,1415.8,1425.6,1429.6,1466.7,1491.4,1399.6,1440.6,1410.3,1410,1396.5,1589,1579.4,1542.8,1540.1,1510.6,1460.1,1441.6,1519.1,1462.7,1462.2,1374,1373.7,1506.2,1606.2,1682.5,1759.9,1761.5,1780,1697.1,1730.6,1836.6,1998,1851.5,1.35,1797.3,1663.8,1642.4,1518.1,1505.6,1.403,5.221,5.221,5.883,1784,1678.9,1578.8,1538,1533.9,1502.9,1579.8
2002.8,2875.5,1465.5,1468.4,1616.3,1546.1,1486.6,1747.7,1516.7,1579.9,1588.5,1575,1731.8,1587,1585.7,1549,1510.3,1416.2,1410,1576.1,1551.3,1590.3,1584.5,1665,1686.3,1683.4,1760.1,1691.7,1805.5,1749.3,1854.9,1821.7,7.827,1763.7,6.973,0.479,0,1495.3,1514.5,1490.9,1472.3,1476.3,1451,1439.7,1449.6,1453.6,1490.7,1515.4,1423.5,1464.5,1434.3,1433.9,1420.5,1613,1603.3,1566.8,1564.1,1534.5,1484,1465.6,1543,1486.7,1486.1,1398,1397.7,1530.1,1630.1,1706.4,1783.8,1785.5,1804,1721,1754.6,1860.6,2022,1875.5,1.829,1821.2,1687.8,1666.4,1542.1,1529.5,1.882,6.179,6.179,6.841,1808,1702.8,1602.8,1562,1557.9,1526.9,1603.8
1464.1,2690.3,1518.7,1627.3,1503.2,1397.8,1335.9,1541.1,0.428,1434.3,1443,1368.4,1525.2,1380.4,1930.4,1342.4,1375.6,1196.9,1190.1,1302.3,1612.8,1317.3,1620.9,1322.2,1376,1411.5,1356.9,1272.4,1385.9,1353.3,1350.1,1425.7,1469.7,1278.7,1447,1471.3,1495.3,0,1859.2,1701.8,1666.1,1597.1,1868.6,1651.7,1502.8,1372,1355.9,1420.6,1270.7,1316.1,1285.8,1285.7,1269.7,1406.4,1396.7,1360.2,1357.5,1327.9,1277.4,1320,1397.5,1269.9,1263.5,1178,1178.3,1256.8,1287.3,1286.8,1279.8,1280.7,1289.2,1236,1249.8,1321.9,1483.3,1336.8,1403.8,1370.7,1433.4,1481.1,1578.5,1591.1,1541.5,1427.1,1428.5,1445,1412,1299.7,1292.4,1289,1284.1,1255,1451
1473.7,2706,1521.6,1648.1,1524.6,1402.3,1350.3,1547.5,1880.6,1438.7,1447.3,1374.8,1531.6,1386.8,1.424,1348.8,1383.8,1198.3,1191.8,1303.4,1634.2,1315.9,1642.3,1323.4,1384.7,1418.9,1367.8,1287.3,1390.7,1360.8,1353.3,1433.2,1505.5,1289.2,1482.7,1490.6,1514.5,1859.2,0,1791.2,1673.9,1599.4,1779.3,1624.9,1505.6,1373.5,1364.1,1429,1288,1320.7,1290.5,1290.1,1284.2,1412.8,1403.2,1366.6,1363.9,1334.4,1283.9,1324.4,1401.8,1276.7,1265.3,1179.8,1179.8,1261.9,1288.5,1291.6,1282.7,1283.8,1295.9,1246.6,1251.1,1331.5,1492.9,1346.4,1423.1,1392.6,1457.5,1496.8,1599.9,1612.4,1560.7,1462.9,1464.3,1480.8,1419.5,1310.6,1301.2,1287.5,1285.2,1262.4,1468.3
1438.6,2749.2,1486,1667.4,1548.8,1358.3,1297.4,1505.5,1723.2,1398.5,1407.1,1332.8,1489.6,1344.8,1862.4,1306.8,1348,1157.7,1151.2,1277.2,1694.6,1290.8,1697.5,1283.9,1400.8,1390.5,1388.4,1312.8,1358.3,1389.8,1333.5,1462.3,1507.3,1226.4,1482.6,1467,1490.9,1701.8,1791.2,0,1663.8,1569.9,1621.9,1560.4,1470.1,1344.9,1328.4,1423.6,1235.3,1276.7,1246.5,1246.1,1231.2,1370.8,1361.2,1324.6,1321.9,1292.4,1241.9,1284.2,1361.6,1234.9,1234.6,1139.2,1139.2,1232.4,1249,1259.2,1262.7,1264.1,1279,1183.7,1202.2,1296.4,1457.8,1311.3,1399.5,1425.6,1525,1540,1655.1,1672.8,1537.1,1462.8,1466.1,1482.6,1448.5,1331.2,1317.3,1262.5,1259,1234,1415.6
1437,2680.6,1536.8,1665.5,1499.6,1372.4,1295.6,1543.6,1687.5,1439.8,1448.5,1370.9,1527.7,1382.9,1745.1,1344.9,1380.2,1194.4,1187.9,1306.9,1613.5,1319.4,1621.6,1313,1411.9,1425.5,1371.9,1306.6,1370.5,1353,1336.7,1425.5,1485,1230.9,1460.5,1448.4,1472.3,1666.1,1673.9,1663.8,0,1621.2,1655.7,1624.7,1520.9,1391,1360.6,1436.6,1232.9,1290.5,1260.3,1260.3,1229.4,1408.9,1399.2,1362.7,1360,1330.4,1279.9,1325.5,1403,1271.3,1290.8,1175.8,1175.8,1283.1,1278.1,1271.4,1266.1,1267.2,1279.6,1188.2,1207.5,1294.8,1456.2,1309.7,1380.9,1377.9,1448.9,1471.4,1579.2,1591.7,1518.5,1440.7,1443.8,1460.4,1411.7,1314.7,1328.4,1291.1,1288.7,1269,1413.2
1448.2,2641.4,1622.6,1556,1473.6,1445.9,1312.7,1620,1618.5,1515.3,1524,1447.3,1604.1,1459.3,1670.6,1421.3,1452.5,1281.2,1274.4,1377,1556.1,1388.9,1568.6,1378,1464.9,1501.1,1396.9,1345.9,1414.6,1351,1371.7,1423.5,1471.8,1250.4,1448.3,1452.3,1476.3,1597.1,1599.4,1569.9,1621.2,0,1630.7,1647.4,1606.7,1474.7,1432.8,1478.6,1250.5,1364.1,1333.9,1333.7,1246.5,1485.3,1475.7,1439.1,1436.4,1406.9,1356.4,1401,1478.5,1347.8,1374.3,1262.3,1262.6,1364.9,1343.1,1315.5,1301.3,1302.2,1311.5,1207.8,1223.4,1306,1467.4,1320.9,1384.8,1359.5,1402,1432.3,1526.2,1534.3,1522.5,1428.5,1430.6,1447.1,1409.7,1339.6,1381.4,1360.6,1358.8,1344.6,1430.8
1419.4,2648.3,1560.5,1593.4,1468.6,1386.2,1316.5,1549.2,1890,1442.9,1451.6,1376.5,1533.3,1388.5,1850.5,1350.5,1395,1203.3,1196.8,1325.1,1578.2,1337.7,1586.3,1328.4,1398.6,1435.6,1355.2,1276.9,1373.8,1330.1,1333.3,1402.6,1421,1244.1,1398.7,1427,1451,1868.6,1779.3,1621.9,1655.7,1630.7,0,1698.2,1544.5,1393.5,1375.4,1452,1252.8,1304.6,1274.4,1274.1,1250.4,1414.5,1404.8,1368.3,1365.6,1336,1285.5,1328.6,1406.1,1277.5,1297.1,1184.8,1184.8,1286.4,1293.5,1274.7,1262.9,1263.8,1273.7,1201.5,1205.2,1277.2,1438.6,1292.1,1359.5,1345.9,1403.7,1439.1,1543.9,1556.5,1497.2,1378.9,1379.8,1396.3,1388.8,1298,1315.1,1309.4,1306.8,1279.1,1433.1
1418.1,2610.7,1662.1,1529.5,1447.2,1424.5,1350.3,1597,1673.1,1498.3,1507,1424.3,1581.1,1436.3,1696.1,1398.3,1461,1267.7,1260.9,1393.8,1536.1,1405.8,1547.2,1382.2,1476.5,1511.2,1387.2,1330.1,1410.4,1341.5,1363.7,1414,1413.4,1249,1391.1,1415.8,1439.7,1651.7,1624.9,1560.4,1624.7,1647.4,1698.2,0,1646.1,1451.3,1441.3,1533.4,1286.7,1342.8,1312.6,1312.4,1284.2,1462.3,1452.7,1416.1,1413.4,1383.9,1333.4,1384,1461.5,1324.8,1381.6,1248.9,1249.1,1366.5,1347.3,1311.3,1293.6,1294.2,1300,1206.3,1208.7,1275.9,1437.3,1290.8,1348.3,1345.7,1384,1401.6,1504.8,1514.4,1485.9,1371.3,1372.2,1388.8,1400.2,1329.9,1392.9,1377.4,1375.5,1354.7,1466.9
1436.1,2584.2,0.319,1449.5,1416.6,1453.8,1375.5,1636,1524.2,1537.3,1546,1463.3,1620.1,1475.3,1576.8,1437.3,1496.1,1304.7,1298,1428.8,1469.9,1440.3,1486.9,1414,1497.8,1545.3,1405.7,1349,1441.4,1354.5,1394,1426.9,1419,1272.8,1396.7,1425.6,1449.6,1502.8,1505.6,1470.1,1520.9,1606.7,1544.5,1646.1,0,1498.1,1476.4,1551.7,1312,1372.1,1341.8,1341.6,1309.4,1501.3,1491.7,1455.1,1452.4,1422.9,1372.4,1423,1500.5,1363.8,1419.2,1285.9,1286.2,1403.3,1379.1,1342.3,1324,1324.5,1329.8,1230.1,1232.1,1293.9,1455.3,1308.8,1358.1,1346.2,1368.3,1375,1444.5,1448.2,1495.8,1376.9,1377.8,1394.3,1413.2,1348.5,1414.3,1411.9,1410.6,1388.8,1492.3
1480.7,2497.1,1514.1,1333.4,1320.6,1631.3,1492.6,1811.5,1393.4,1740.2,1748.9,1638.8,1795.6,1650.8,1444.7,1612.8,1767.6,1519.4,1512.7,1595.8,1363.3,1603.6,1383.2,1563,1616.6,1736.1,1448.9,1441.7,1558.2,1352.6,1484.3,1425.1,1381.3,1329.3,1359.1,1429.6,1453.6,1372,1373.5,1344.9,1391,1474.7,1393.5,1451.3,1498.1,0,1748,1567.7,1428.8,1549.7,1519.4,1519.1,1426.5,1676.8,1667.1,1630.6,1627.9,1598.3,1547.8,1625.9,1703.4,1534.9,1695.7,1500.6,1500.9,1644.7,1528.1,1459.1,1431.3,1414.8,1415.1,1286.6,1301.5,1338.5,1499.9,1353.4,1362.1,1308.5,1295.1,1288,1340.8,1341.6,1499.8,1339.2,1340.1,1356.6,1411.3,1391.7,1533.1,1575.2,1577.6,1579.6,1609
1513.1,2534.6,1492.4,1321.5,1347.7,1577.5,1424.2,1757.1,1377.3,1658.4,1667,1584.4,1741.2,1596.4,1435.3,1558.4,0.393,1423,1416.2,1510.8,1359.8,1521.3,1383.4,1513.6,1558.8,1641.8,1443.5,1406.2,1537.9,1365.2,1484.3,1437.7,1420.1,1352.2,1398.2,1466.7,1490.7,1355.9,1364.1,1328.4,1360.6,1432.8,1375.4,1441.3,1476.4,1748,0,1651.7,1358.9,1495.7,1465.5,1465.3,1358.1,1622.4,1612.8,1576.2,1573.5,1544,1493.5,1544.1,1621.5,1484.9,1533.9,1404.2,1404.4,1518.2,1478.7,1438.9,1417.7,1414.9,1419,1309.6,1316.7,1370.9,1532.3,1385.8,1399.2,1332.3,1321.8,1325.5,1341,1338,1536.9,1378.3,1378.9,1395.5,1423.9,1386.2,1475.3,1493,1492.5,1485.3,1539.2
1524.4,2573,1567.6,1388.3,1400,1533.2,1345.6,1771.5,1442,1661.8,1670.4,1598.8,1755.6,1610.8,1500.2,1572.8,1671.3,1403.7,1397,1501,1439.2,1512.1,1457.6,1511.8,1595.7,1623.1,1449.6,1422.1,1546.4,1379.5,1498.1,1451.9,1457.2,1345.4,1434.2,1491.4,1515.4,1420.6,1429,1423.6,1436.6,1478.6,1452,1533.4,1551.7,1567.7,1651.7,0,1283.6,1451.4,1421.2,1421,1279.4,1636.8,1627.2,1590.6,1587.9,1558.4,1507.9,1547.5,1624.9,1500.4,1504.6,1385,1385.2,1496.4,1477,1447.3,1429.8,1428.7,1433.8,1302.7,1324.7,1382.2,1543.6,1397.1,1423.9,1366.5,1359.1,1363.8,1415.2,1417.4,1561.6,1414.4,1416,1432.6,1438.1,1392.3,1512.1,1483.8,1482.8,1466.6,1463.8
1392.4,2567.6,1328,1234.5,1290.9,28.492,7.926,30.296,1292.1,1578.7,1587.3,23.872,30.568,25.264,1359.2,26.952,1378.6,1425.1,1418.3,1397.1,1285,1400.2,1312.9,1444.3,1352.8,1563.7,1333.3,1265.9,1475,1288.8,1424.9,1361.2,1467,1216.3,1443.8,1399.6,1423.5,1270.7,1288,1235.3,1232.9,1250.5,1252.8,1286.7,1312,1428.8,1358.9,1283.6,0,5.28,6.49,19.52,5.28,19.52,20.292,23.216,23.432,25.796,29.836,1464.4,1541.8,1521.5,1547.2,1406.3,1406.6,1509.5,1409.4,1375.9,1354.6,1355.5,1364,1173.6,1175.4,1250.2,1411.6,1265.1,1332.1,1284.2,1296,1358.5,1270.5,1263.2,1469.7,1423.9,1425.8,1442.3,1347.5,1276.1,1269.3,1371.8,1378.9,1407.2,3.605
1501.1,2544.4,1388,1276.7,1319.4,8.966,7.926,9.868,1337.5,1703,1711.7,6.656,10.004,7.352,1391.9,8.196,1515.4,1602.3,1595.1,1580.8,1325.5,1583.2,1353.6,1590.2,1537.4,1744,1426.9,1385.5,1592.6,1345,1521.6,1417.4,1441.4,1355.6,1418.7,1440.6,1464.5,1316.1,1320.7,1276.7,1290.5,1364.1,1304.6,1342.8,1372.1,1549.7,1495.7,1451.4,5.28,0,0.605,4.48,5.28,4.48,4.866,6.328,6.436,7.618,9.638,1588.7,1666.2,1651.3,1742.1,1583.1,1583.7,1695.5,1555.3,1493.5,1468.9,1452.2,1456.2,1312.9,1317.8,1358.9,1520.3,1373.8,1373.1,1317.6,1311.8,1335.3,1311.2,1303.8,1510.7,1398.8,1400.2,1416.8,1403.7,1369.6,1453.9,1554.9,1562.5,1587.5,12.49
1470.8,2514.2,1357.8,1246.5,1289.1,7.756,9.136,8.658,1307.2,1672.8,1681.4,5.446,8.794,6.142,1361.7,6.986,1485.1,1572,1564.9,1550.5,1295.3,1553,1323.3,1560,1507.2,1713.8,1396.6,1355.3,1562.4,1314.7,1491.4,1387.2,1411.2,1325.3,1388.4,1410.3,1434.3,1285.8,1290.5,1246.5,1260.3,1333.9,1274.4,1312.6,1341.8,1519.4,1465.5,1421.2,6.49,0.605,0,3.27,6.49,3.27,3.656,5.118,5.226,6.408,8.428,1558.5,1635.9,1621,1711.9,1552.8,1553.5,1665.3,1525.1,1463.3,1438.7,1421.9,1426,1282.7,1287.6,1328.6,1490,1343.5,1342.8,1287.4,1281.5,1305,1280.9,1273.5,1480.5,1368.6,1370,1386.5,1373.4,1339.4,1423.6,1524.6,1532.3,1557.3,13.7
1470.6,2514,1357.6,1246.1,1288.9,2.243,24.812,8.658,1307.1,1672.4,1681.1,5.446,8.794,6.142,1361.3,6.986,1485,1571.7,1564.6,1550.5,1294.7,1553,1322.7,1559.6,1507.1,1713.6,1396.5,1355.1,1562.2,1314.4,1491.2,1386.8,1411,1325.2,1388.3,1410,1433.9,1285.7,1290.1,1246.1,1260.3,1333.7,1274.1,1312.4,1341.6,1519.1,1465.3,1421,19.52,4.48,3.27,0,19.52,3.27,3.656,5.118,5.226,6.408,8.428,1558.1,1635.6,1620.7,1711.7,1552.5,1553.2,1665.1,1524.7,1463.1,1438.5,1421.8,1425.8,1282.5,1287.1,1328.4,1489.8,1343.3,1342.5,1286.9,1281.3,1304.9,1280.3,1273,1480.1,1368.4,1369.8,1386.4,1373.1,1339.2,1423.6,1524.6,1532.3,1557.1,33.94
1391,2562.6,1325.3,1230.5,1288.5,28.492,1.323,30.296,1291.1,1576.4,1585,23.872,30.568,25.264,1355.4,26.952,1377.7,1423,1416.2,1391.8,1281.5,1395.3,1309.6,1440.2,1348.7,1559.6,1327.6,1260.6,1469.1,1282.8,1419.7,1355.3,1464.2,1214.2,1440.3,1396.5,1420.5,1269.7,1284.2,1231.2,1229.4,1246.5,1250.4,1284.2,1309.4,1426.5,1358.1,1279.4,5.28,5.28,6.49,19.52,0,19.52,20.292,23.216,23.432,25.796,29.836,1462.1,1539.5,1519.2,1545.3,1404.1,1404.5,1507.5,1405.3,1370,1349.2,1350.2,1359.7,1171.5,1171.3,1248.8,1410.2,1263.7,1329,1279,1293.6,1353.5,1267.2,1259.7,1466.7,1420.4,1423,1439.5,1341.5,1270.3,1265.2,1367,1373.5,1403.1,12.49
1656.5,2609.6,1517.3,1371.2,1400.7,7.756,24.812,2.694,1427.8,1831.8,1840.4,1.088,2.762,1.436,1484,1.858,1642.1,1762.3,1755.5,1780,1411.5,1787.1,1437.2,1754.1,1772.6,1931,1588,1593.7,1742.5,1478.9,1652.3,1551.3,1501.1,1494.2,1477.7,1589,1613,1406.4,1412.8,1370.8,1408.9,1485.3,1414.5,1462.3,1501.3,1676.8,1622.4,1636.8,19.52,4.48,3.27,3.27,19.52,0,0.193,0.924,0.978,1.569,2.579,1717.5,1794.9,1782.7,1938.6,1743.5,1743.7,1887.5,1719.2,1643.4,1615.1,1582.8,1582.8,1451.6,1474,1514.3,1675.7,1529.2,1521.5,1429.9,1404,1400.4,1394.8,1389.8,1659.2,1457.9,1459.9,1476.5,1537.6,1530.7,1689.1,1758.8,1761.7,1774.5,33.94
1646.9,2599.9,1507.6,1361.5,1391.1,8.142,25.584,2.887,1418.1,1822.1,1830.8,0.895,2.569,1.243,1474.4,1.665,1632.4,1752.6,1745.9,1770.3,1401.9,1777.5,1427.5,1744.5,1763,1921.4,1578.3,1584.1,1732.8,1469.2,1642.6,1541.7,1491.5,1484.6,1468.1,1579.4,1603.3,1396.7,1403.2,1361.2,1399.2,1475.7,1404.8,1452.7,1491.7,1667.1,1612.8,1627.2,20.292,4.866,3.656,3.656,20.292,0.193,0,0.731,0.785,1.376,2.386,1707.8,1785.3,1773.1,1928.9,1733.8,1734.1,1877.9,1709.6,1633.7,1605.5,1573.2,1573.2,1441.9,1464.4,1504.7,1666.1,1519.6,1511.9,1420.3,1394.4,1390.8,1385.1,1380.1,1649.5,1448.2,1450.3,1466.8,1527.9,1521,1679.4,1749.1,1752.1,1764.9,34.712
1610.3,2563.4,1471.1,1325,1354.5,9.604,28.508,3.618,1381.6,1785.6,1794.2,0.164,3.3,0.512,1437.8,0.934,1595.9,1716.1,1709.3,1733.8,1365.3,1740.9,1391,1707.9,1726.4,1884.8,1541.7,1547.5,1696.3,1432.7,1606.1,1505.1,1454.9,1448,1431.5,1542.8,1566.8,1360.2,1366.6,1324.6,1362.7,1439.1,1368.3,1416.1,1455.1,1630.6,1576.2,1590.6,23.216,6.328,5.118,5.118,23.216,0.924,0.731,0,0.054,0.645,1.655,1671.3,1748.7,1736.5,1892.4,1697.3,1697.5,1841.3,1673,1597.2,1568.9,1536.6,1536.6,1405.4,1427.8,1468.1,1629.5,1483,1475.3,1383.7,1357.8,1354.2,1348.6,1343.6,1613,1411.7,1413.7,1430.3,1491.4,1484.5,1642.9,1712.6,1715.5,1728.3,37.636
1607.6,2560.7,1468.4,1322.3,1351.8,9.712,28.724,3.672,1378.9,1782.9,1791.5,0.218,3.354,0.458,1435.1,0.88,1593.2,1713.4,1706.6,1731.1,1362.6,1738.2,1388.3,1705.2,1723.7,1882.1,1539,1544.8,1693.6,1430,1603.4,1502.4,1452.2,1445.3,1428.8,1540.1,1564.1,1357.5,1363.9,1321.9,1360,1436.4,1365.6,1413.4,1452.4,1627.9,1573.5,1587.9,23.432,6.436,5.226,5.226,23.432,0.978,0.785,0.054,0,0.591,1.601,1668.6,1746,1733.8,1889.7,1694.6,1694.8,1838.6,1670.3,1594.5,1566.2,1533.9,1533.9,1402.7,1425.1,1465.4,1626.8,1480.3,1472.6,1381,1355.1,1351.5,1345.9,1340.9,1610.3,1409,1411,1427.6,1488.7,1481.8,1640.2,1709.9,1712.8,1725.6,37.852
1578.1,2531.1,1438.8,1292.7,1322.3,10.894,31.088,4.263,1349.3,1753.3,1762,0.809,3.945,1.049,1405.6,0.289,1563.6,1683.8,1677.1,1701.5,1333.1,1708.7,1358.7,1675.7,1694.2,1852.6,1509.5,1515.3,1664,1400.4,1573.8,1472.9,1422.7,1415.8,1399.3,1510.6,1534.5,1327.9,1334.4,1292.4,1330.4,1406.9,1336,1383.9,1422.9,1598.3,1544,1558.4,25.796,7.618,6.408,6.408,25.796,1.569,1.376,0.645,0.591,0,1.01,1639,1716.5,1704.3,1860.1,1665,1665.3,1809.1,1640.8,1564.9,1536.7,1504.4,1504.4,1373.1,1395.6,1435.9,1597.3,1450.8,1443.1,1351.5,1325.5,1322,1316.3,1311.3,1580.7,1379.4,1381.5,1398,1459.1,1452.2,1610.6,1680.3,1683.3,1696.1,40.216
1527.6,2480.6,1388.3,1242.2,1271.8,12.914,35.128,5.273,1298.8,1702.8,1711.5,1.819,4.955,2.059,1355.1,1.299,1513.1,1633.3,1626.6,1651,1282.6,1658.2,1308.2,1625.2,1643.7,1802.1,1459,1464.8,1613.5,1349.9,1523.3,1422.4,1372.2,1365.3,1348.8,1460.1,1484,1277.4,1283.9,1241.9,1279.9,1356.4,1285.5,1333.4,1372.4,1547.8,1493.5,1507.9,29.836,9.638,8.428,8.428,29.836,2.579,2.386,1.655,1.601,1.01,0,1588.5,1666,1653.8,1809.6,1614.5,1614.8,1758.6,1590.3,1514.4,1486.2,1453.9,1453.9,1322.6,1345.1,1385.4,1546.8,1400.3,1392.6,1301,1275.1,1271.5,1265.8,1260.8,1530.2,1328.9,1331,1347.5,1408.6,1401.8,1560.1,1629.8,1632.8,1645.6,44.256
1499.3,2497.5,1439,1283.8,1300.8,1670.3,1528.2,1852.2,1341.4,2.286,2.459,1679.5,1836.3,1691.5,1395.6,1653.5,1563.7,1558.4,1551.7,1618.9,1320.2,1626.6,1343.8,1588.2,1628.5,1761.6,1457.4,1456.2,1581.7,1359.6,1502.7,1432.1,1381.9,1344.9,1358.2,1441.6,1465.6,1320,1324.4,1284.2,1325.5,1401,1328.6,1384,1423,1625.9,1544.1,1547.5,1464.4,1588.7,1558.5,1558.1,1462.1,1717.5,1707.8,1671.3,1668.6,1639,1588.5,0,1.549,1575.6,1734.7,1539.6,1539.9,1683.7,1553.3,1482.6,1454.5,1433.3,1432.5,1302.2,1321.3,1357.1,1518.5,1372,1374.1,1313,1290.7,1288.3,1301.4,1298.4,1511.8,1338.3,1340.7,1357.3,1418.3,1400.1,1545,1598.3,1600.6,1605.1,1644.6
1576.7,2574.9,1516.4,1361.3,1378.2,1747.7,1605.7,1929.6,1418.9,0.737,0.91,1756.9,1913.7,1768.9,1473,1730.9,1641.2,1635.9,1629.1,1696.3,1397.6,1704.1,1421.3,1665.6,1706,1839,1534.8,1533.7,1659.1,1437.1,1580.2,1509.5,1459.4,1422.3,1435.6,1519.1,1543,1397.5,1401.8,1361.6,1403,1478.5,1406.1,1461.5,1500.5,1703.4,1621.5,1624.9,1541.8,1666.2,1635.9,1635.6,1539.5,1794.9,1785.3,1748.7,1746,1716.5,1666,1.549,0,1653.1,1812.2,1617.1,1617.3,1761.1,1630.7,1560,1531.9,1510.7,1510,1379.7,1398.8,1434.5,1595.9,1449.4,1451.6,1390.4,1368.1,1365.8,1378.9,1375.9,1589.2,1415.8,1418.2,1434.7,1495.8,1477.6,1622.4,1675.7,1678.1,1682.5,1722.1
1530.7,2476.4,1379.8,1235.2,1265.5,1732.8,1585.4,1917.4,1291.3,1689.9,1698.6,1744.7,1901.5,1756.7,1347.9,1718.7,1504.6,1863,1848.8,1655.8,1275.6,1662.8,1301.2,1630,1644.4,1806.9,1456.9,1464.2,1618.3,1347.2,1526,1419.7,1370.6,1366.9,1347.2,1462.7,1486.7,1269.9,1276.7,1234.9,1271.3,1347.8,1277.5,1324.8,1363.8,1534.9,1484.9,1500.4,1521.5,1651.3,1621,1620.7,1519.2,1782.7,1773.1,1736.5,1733.8,1704.3,1653.8,1575.6,1653.1,0,1821.9,1836.8,1844.4,1770.9,1595.1,1519.2,1491,1456.6,1456.6,1324.2,1348.8,1388.5,1549.9,1403.4,1395.2,1298.3,1272.4,1267.2,1258.8,1253.9,1532.9,1327.3,1329.4,1345.9,1405.9,1399.6,1560.9,1634.4,1637.6,1650.4,1701.7
1545.3,2462.6,1435.1,1231.7,1271.5,1823.9,1611.4,2073.3,1284.9,1849,1857.7,1900.6,2057.4,1912.6,1336.5,1874.6,1553.6,1859.1,1860.2,1574.3,1271.2,1580.9,1296.6,1577.3,1578.6,1726.9,1423.1,1408,1577,1321,1507.2,1393.4,1437.9,1385.2,1416.1,1462.2,1486.1,1263.5,1265.3,1234.6,1290.8,1374.3,1297.1,1381.6,1419.2,1695.7,1533.9,1504.6,1547.2,1742.1,1711.9,1711.7,1545.3,1938.6,1928.9,1892.4,1889.7,1860.1,1809.6,1734.7,1812.2,1821.9,0,1848.2,1840.5,1613.4,1542.4,1477.9,1449.7,1437.7,1440.3,1342.6,1351.9,1403.2,1564.5,1418.1,1394.7,1281.2,1250.2,1253.5,1254.2,1249.5,1532.3,1396.3,1396.7,1413.3,1379.7,1365.8,1495.1,1552.5,1556.1,1570.4,1727.5
1453,2402.4,1301.9,1139.5,1190.7,1664.7,1470.3,1878.2,1199.4,1653.9,1662.6,1705.5,1862.3,1717.5,1251,1679.5,1423.8,1873.9,0.241,1503.2,1180,1509.8,1206.8,1508.3,1479.6,1657.8,1333.8,1324.5,1511.2,1238.4,1434.5,1310.8,1334.1,1292.5,1312.2,1374,1398,1178,1179.8,1139.2,1175.8,1262.3,1184.8,1248.9,1285.9,1500.6,1404.2,1385,1406.3,1583.1,1552.8,1552.5,1404.1,1743.5,1733.8,1697.3,1694.6,1665,1614.5,1539.6,1617.1,1836.8,1848.2,0,1855.4,1576,1473.4,1412.1,1385.5,1365.1,1367.6,1249.8,1268.4,1310.8,1472.2,1325.7,1306.5,1202.9,1189.1,1193.2,1164.4,1158.2,1444.2,1292.4,1292.9,1309.4,1297.1,1276.6,1396,1481.4,1484.9,1501.3,1586.5
