0,473.51,266.57,234.28,227.63,306.33,317.86,303.61,267.09,280.25,281.98,269.07,300.43,271.47,271.76,263.87,267.5,253.7,252.29,263.23,237.15,265.84,240.54,270.53,267.2,285.7,276.45,261.98,291.47,295.18,285.26,304.97,307.42,255.15,271.8,309.4,314.19,262.81,257.52,234.92,234.43,234.45,254.36,253.63,263.38,260.05,263.56,248.65,308.75,290.11,284.06,283.9,304.63,276.67,274.74,267.43,266.89,260.98,250.88,257.39,272.88,249.59,255.55,249.87,249.99,253.34,263.55,271.65,271.02,271.38,275.39,246.62,249,2.844,5.476,2.546,6.581,283.74,262.66,231.68,232.06,232.8,298.17,267.83,304.47,302.49,302.22,265,250.49,260.17,259.57,254.4,344.8
473.51,0,418.53,423.44,499.97,490.12,501.66,488.28,421.25,456.27,458,453.74,485.1,456.14,435.92,448.54,432.79,435.86,434.56,444.68,463.92,447.29,470.26,456.57,434.78,467.41,425.06,415.12,473.48,410.13,463.7,413.7,415.88,451.37,385.3,402.3,407.09,416.97,421.68,453.21,422.99,405.72,409,408.06,415.34,426.88,428.86,416.56,491.91,473.91,467.86,467.69,488.43,461.34,459.41,452.1,451.56,445.65,435.55,433.41,448.9,435.01,432.83,432.15,432.15,435.05,449.59,453.66,449.45,449.81,453.83,442.84,446.69,445.07,477.35,448.05,407.7,454.98,474.32,24.183,461.78,459.57,395.5,381.33,410.95,410.95,410.95,413.61,418.07,441.62,441.03,436.11,527.96
266.57,418.53,0,165.26,181.43,223.88,215.53,233.8,180.68,207.19,208.92,199.26,230.62,201.66,187.9,194.06,189.9,170.09,168.47,177.82,176.04,180.41,182.26,195.09,175.57,202.25,177.31,161.81,210.64,171.69,200.74,186.18,188.8,195.18,185.29,193.59,198.38,176.4,173.66,165.33,173.05,177.82,183.01,217.16,0.319,192.49,185.97,162.58,204.18,207.5,201.45,201.45,202.3,206.86,204.93,197.62,197.08,191.17,181.07,184.33,199.82,180.54,168.18,166.06,166.38,170.42,188.11,190.82,186.49,186.85,190.87,186.65,186.91,238.13,270.41,241.11,200.76,173.23,166.94,176.7,173.78,171.69,181.32,181.32,187.18,183.87,183.43,165.86,158.86,174.74,174.17,170.95,240.23
234.28,423.44,165.26,0,194.2,195.5,206.58,214.41,189.37,182.98,184.71,179.87,211.23,182.27,208.62,174.67,159.2,143.93,142.63,166.38,203.72,169.58,207.11,177.61,177.2,184.42,179.2,166.24,204.42,169.93,202.38,175.76,177.94,198.38,159.4,163.78,168.57,185.09,194.38,200.78,200.47,167.55,175.1,162.93,162.07,155.25,155.27,153.05,195.5,179.19,173.14,173.07,193.35,187.47,185.54,178.23,177.69,171.78,161.68,160.12,175.61,161.68,144.34,140.22,140.22,151,170.63,184.6,188.13,188.49,192.51,189.85,194.22,205.84,238.12,208.82,168.47,175.35,174.76,181.61,198.63,199.37,158.17,155.43,172.8,173.01,173.01,167.75,160.49,163.91,162.73,153.12,231.55
227.63,499.97,181.43,194.2,0,229.68,241.22,228.98,193.46,199.11,200.84,194.44,225.8,196.84,209.61,189.24,184.44,175.42,174.12,189.5,230.03,192.7,237.12,201.25,187.22,210.69,181.87,171.93,220.34,166.94,214.25,168.94,171.03,199.91,139.75,156.42,161.21,189.18,195.37,217.2,193.75,176.58,179.8,173.59,178.24,175.55,180.51,166.79,231.47,213.47,207.42,207.25,227.99,202.04,200.11,192.8,192.26,186.35,176.25,176.25,191.74,176.25,174.03,171.71,171.71,178.34,194.26,200.52,200,200.36,204.38,191.38,194.77,199.19,231.47,202.17,161.82,204.64,217.6,258.14,228.64,225.69,150.81,135.77,165.44,166.1,166.19,170.42,170.51,187.03,185.85,179.4,267.52
306.33,490.12,223.88,195.5,229.68,0,33.784,13.144,228.52,243.52,245.25,9.932,13.28,10.628,230.52,11.472,207.26,188.77,187.34,183.17,210.74,184.6,218.56,195.12,188.09,214.04,193.34,174.33,204.14,199.27,196.8,213.76,216.38,185.86,219.02,229.39,234.18,224.24,216.28,195.79,194.82,190.76,214.59,214.84,220.69,215.57,203.33,180.79,28.492,8.966,7.756,2.243,28.492,7.756,8.142,9.604,9.712,10.894,12.914,220.66,236.15,228.82,195.47,184.93,185.06,193.25,188.14,184.32,182.55,182.91,186.93,177.33,179.29,277.89,310.17,280.87,240.52,214.56,232.19,248.29,210.08,206.39,215.36,215.05,214.76,211.45,211.01,181.89,171.38,178.93,179.52,182.74,42.912
317.86,501.66,215.53,206.58,241.22,33.784,0,35.588,229.12,211.97,213.7,29.164,35.86,30.556,235.71,32.244,187.84,132.04,130.45,149,221.89,152.79,229.71,163.51,186.46,166.97,202.91,183.9,191.65,208.84,191.37,223.33,225.95,190.13,230.3,240.92,245.71,224.84,221.47,206.94,205.83,201.77,211.5,210.39,212.34,187.41,183.91,176.4,7.926,7.926,9.136,24.812,1.323,24.812,25.584,28.508,28.724,31.088,35.128,189.11,204.6,191.83,127.42,128.04,128.33,134.08,156.53,171.83,177.12,177.48,181.5,181.6,184.48,289.42,321.7,292.4,252.05,224.13,243.59,259.83,221.23,217.54,226.89,226.34,224.33,221.02,220.58,191.46,169.75,147.12,145.35,135.67,15.136
303.61,488.28,233.8,214.41,228.98,13.144,35.588,0,232,277.79,279.52,3.782,5.456,4.13,241.96,4.552,237.76,242.39,241.09,235.22,225.89,236.06,232.13,246.32,229.88,267.19,231.87,216.12,257.29,227.37,248.95,240.36,242.77,203.32,218.96,229.02,233.81,227.72,227.72,214.63,213.96,213.38,221.27,226.71,230.61,248.14,233.83,213.38,30.296,9.868,8.658,8.658,30.296,2.694,2.887,3.618,3.672,4.263,5.273,254.93,270.42,265.81,265,238.68,238.68,258.33,239.34,237.47,234.7,235.06,239.08,194.79,194.79,275.17,307.45,278.15,237.8,230.47,230.47,246.45,223.64,221.54,214.99,214.99,238.63,237.84,237.61,220.42,213.17,230.39,231.58,235.9,44.716
267.09,421.25,180.68,189.37,193.46,228.52,229.12,232,0,195.62,197.35,197.47,228.83,199.86,235.32,192.27,177.49,177.93,177.07,187.56,195.91,190.14,200.78,207.07,183.18,211.52,186.2,172.36,223.12,176.07,214.78,189.35,191.88,211.8,186.82,195.38,200.17,0.428,221.08,194.85,193.7,172.34,222.65,186.66,177.49,169.37,173.56,164.96,218.37,212.47,206.42,206.09,215.89,205.07,203.13,195.82,195.28,189.38,179.27,172.76,188.25,180.35,174.46,174.66,174.22,179.16,200.09,203.3,200.53,200.89,204.91,203.27,203.86,238.65,270.93,241.63,201.28,173.01,168.69,179.42,192.3,191.56,183.76,182.85,188.96,186.95,186.6,174.75,166.47,184.47,183.91,180.22,254.42
280.25,456.27,207.19,182.98,199.11,243.52,211.97,277.79,195.62,0,1.647,243.25,274.61,245.65,204.54,238.05,211.14,202.76,201.45,202.1,194.12,202.94,199.73,213.19,196.76,234.07,198.74,183,224.16,194.25,215.83,208.73,211.35,183.22,198.86,207.84,212.63,191.34,190.3,183.13,182.68,185.17,188.14,200.1,204,231.3,207.21,183.95,199.57,227.14,221.09,221.09,198.74,250.85,248.92,241.61,241.07,235.16,225.06,2.286,0.737,222.91,225.36,199.04,199.04,218.7,206.21,204.34,201.57,201.94,205.95,174.69,174.69,251.81,284.09,254.79,214.44,198.79,201.21,214.44,191.25,189.77,194.89,194.89,209.52,206.42,205.99,187.29,180.05,197.27,198.45,202.77,235.62
281.98,458,208.92,184.71,200.84,245.25,213.7,279.52,197.35,1.647,0,244.98,276.34,247.38,206.27,239.78,212.87,204.48,203.19,203.83,195.85,204.67,201.46,214.92,198.49,235.8,200.47,184.72,225.89,195.97,217.56,210.46,213.08,184.95,200.59,209.57,214.36,193.07,192.03,184.86,184.41,186.91,189.87,201.83,205.73,233.03,208.94,185.68,201.3,228.87,222.82,222.82,200.47,252.58,250.65,243.34,242.8,236.89,226.79,2.459,0.91,224.64,227.09,200.78,200.78,220.43,207.94,206.07,203.31,203.66,207.68,176.42,176.42,253.54,285.82,256.52,216.17,200.52,202.94,216.17,192.98,191.5,196.62,196.62,211.25,208.16,207.72,189.02,181.78,199,200.18,204.5,237.35
269.07,453.74,199.26,179.87,194.44,9.932,29.164,3.782,197.46,243.25,244.98,0,3.464,0.676,207.42,1.098,203.22,207.85,206.55,200.69,191.35,201.52,197.58,211.78,195.34,232.65,197.33,181.58,222.75,192.83,214.41,205.82,208.23,168.78,184.42,194.48,199.27,193.18,193.19,180.08,179.42,178.84,186.73,192.17,196.07,213.6,199.29,178.84,23.872,6.656,5.446,5.446,23.872,1.088,0.895,0.164,0.218,0.809,1.819,220.39,235.88,231.27,230.46,204.14,204.14,223.79,204.8,202.93,200.16,200.52,204.54,160.25,160.25,240.63,272.91,243.61,203.26,195.93,195.93,211.91,189.11,187,180.45,180.45,204.1,203.3,203.07,185.88,178.63,195.86,197.04,201.35,38.292
300.43,485.1,230.62,211.23,225.8,13.28,35.86,5.456,228.83,274.61,276.34,3.464,0,3.812,238.78,4.234,234.58,239.21,237.91,232.04,222.71,232.88,228.94,243.14,226.71,264.01,228.69,212.94,254.11,224.19,245.77,237.18,239.59,200.14,215.78,225.84,230.63,224.54,224.54,211.44,210.78,210.2,218.09,223.53,227.43,244.96,230.65,210.2,30.568,10.004,8.794,8.794,30.568,2.762,2.569,3.3,3.354,3.945,4.955,251.75,267.24,262.63,261.81,235.5,235.5,255.15,236.16,234.29,231.52,231.88,235.9,191.61,191.61,271.99,304.27,274.97,234.62,227.29,227.29,243.27,220.47,218.36,211.81,211.81,235.45,234.66,234.43,217.24,210,227.21,228.39,232.71,44.988
271.47,456.14,201.66,182.27,196.84,10.628,30.556,4.13,199.87,245.65,247.38,0.676,3.812,0,209.82,1.338,205.62,210.25,208.95,203.08,193.75,203.92,199.99,214.18,197.74,235.06,199.73,183.98,225.15,195.23,216.81,208.22,210.63,171.18,186.82,196.88,201.67,195.58,195.58,182.49,181.82,181.24,189.13,194.57,198.47,216,201.69,181.24,25.264,7.352,6.142,6.142,25.264,1.436,1.243,0.512,0.458,1.049,2.059,222.79,238.28,233.67,232.86,206.54,206.54,226.19,207.2,205.33,202.56,202.92,206.94,162.65,162.65,243.03,275.31,246.01,205.66,198.33,198.33,214.31,191.5,189.4,182.85,182.85,206.5,205.7,205.47,188.28,181.03,198.25,199.44,203.76,39.684
271.76,435.92,187.9,208.62,209.61,230.52,235.71,241.97,235.32,204.54,206.27,207.42,238.78,209.83,0,202.22,183.94,178.06,176.76,196.56,215.24,199.71,220.1,212.54,199.07,216.54,201.4,188.43,236.88,189.63,230.91,199.42,201.86,227.84,197.57,204.35,209.14,231.04,1.424,219.7,211.11,186.02,217.72,190.75,184.71,176.59,180.01,174.92,224.96,214.3,208.25,208.09,222.48,215.03,213.09,205.78,205.24,199.33,189.23,181.68,197.17,190.31,176.98,174.35,174.35,183.65,205.56,217.06,216.66,217.02,221.04,219.31,222.11,243.32,275.6,246.3,205.95,190.41,186.09,194.09,211.62,210.89,194.53,193.6,198.92,196.93,196.67,189.95,182.36,194.04,192.91,185.24,261.01
263.87,448.54,194.06,174.67,189.24,11.472,32.244,4.552,192.27,238.05,239.78,1.098,4.234,1.338,202.22,0,198.02,202.65,201.35,195.48,186.15,196.33,192.38,206.58,190.14,227.46,192.13,176.38,217.55,187.63,209.21,200.62,203.03,163.58,179.22,189.28,194.07,187.98,187.98,174.88,174.22,173.64,181.53,186.97,190.87,208.4,194.09,173.64,26.952,8.196,6.986,6.986,26.952,1.858,1.665,0.934,0.88,0.289,1.299,215.19,230.68,226.07,225.25,198.94,198.94,218.6,199.6,197.73,194.96,195.32,199.34,155.05,155.05,235.43,267.71,238.41,198.06,190.73,190.73,206.71,183.91,181.8,175.25,175.25,198.89,198.1,197.87,180.68,173.44,190.66,191.83,196.15,41.372
267.5,432.79,189.9,159.2,184.44,207.26,187.85,237.76,177.49,211.14,212.87,203.22,234.58,205.62,183.94,198.02,0,165.58,164.28,184.56,172.1,186.57,179.18,196.81,186.63,210.53,188.58,171.51,210.34,184.12,202.21,193.83,196.28,176.35,187.53,193.96,198.75,173.2,169.7,159.27,163.86,175.48,173.08,182.81,186.71,193.37,0.393,177.32,175.44,191.04,184.99,184.83,174.62,210.82,208.89,201.58,201.04,195.13,185.03,188.28,203.77,184.49,175.15,161.87,161.87,178.17,189.83,190.52,187.96,188.32,192.34,167.82,169.79,239.06,271.34,242.03,201.68,184.59,185.8,190.96,170.7,167.75,184.25,183.56,193.33,191.35,191.08,177.13,169.92,180.91,180.91,179.23,211.49
253.7,435.86,170.09,143.93,175.42,188.77,132.04,242.39,177.93,202.76,204.49,207.85,239.21,210.25,178.06,202.65,165.58,0,225.56,170.89,159.1,171.14,166.92,184.35,159.54,203.25,170.68,151.67,193.35,173.31,186.01,184.43,186.7,151.37,168.49,179.11,183.9,173.65,163.82,144.15,143.48,142.13,161.75,162.14,166.9,174.81,161.65,139.11,119.64,172.56,166.5,166.34,118.81,215.45,213.52,206.21,205.67,199.76,189.66,179.9,195.38,221.33,220.68,223.15,0.371,184.61,177.37,173.53,171.76,172.12,176.14,142.84,144.8,225.26,257.54,228.24,187.89,177.45,181.78,194.03,158.44,154.75,165.14,164.52,182.43,181.77,181.68,159.23,142.83,165.47,167.24,171.95,155.69
252.29,434.56,168.47,142.63,174.12,187.34,130.45,241.09,177.07,201.45,203.19,206.55,237.91,208.95,176.76,201.35,164.28,225.56,0,169.59,157.8,169.84,165.62,183.27,158.24,201.95,169.38,150.37,192.05,172.51,184.71,183.13,185.4,150.07,167.19,177.81,182.6,172.79,162.52,142.85,142.18,140.83,160.14,160.84,165.28,173.51,160.35,137.81,118.04,170.96,164.91,164.91,117.22,214.15,212.22,204.91,204.37,198.46,188.36,178.6,194.09,218.75,220.65,0.241,221.85,183.31,176.29,172.23,170.46,170.82,174.84,141.54,143.5,223.84,256.13,226.82,186.47,176.47,180.79,192.73,157.14,153.45,164.13,163.22,181.13,180.47,180.38,157.93,141.53,164.17,165.94,170.65,154.09
263.22,444.68,177.82,166.38,189.5,183.17,149,235.22,187.56,202.1,203.83,200.69,232.04,203.08,196.56,195.49,184.56,170.89,169.59,0,179.42,221.98,186.5,216.9,202.83,237.06,209.27,192.3,233.56,205.67,225.18,202.02,204.29,190.26,182.12,190.59,195.38,183.28,182.32,166.59,165.92,165.74,171.87,170.73,174.63,177.54,180.63,172.84,136.59,166.79,160.74,160.74,135.77,208.28,206.35,199.04,198.5,192.6,182.5,179.24,194.73,183.03,193.05,167.18,167.18,203.64,209.92,213.74,210.93,211.29,215.31,181.73,183.7,234.78,267.06,237.76,197.41,192.06,196.38,202.85,178.02,175.07,180.75,178.15,200.02,199.36,199.27,197.82,186.12,216.31,0.365,205.76,172.64
237.15,463.92,176.04,203.72,230.04,210.74,221.89,225.89,195.91,194.12,195.85,191.35,222.71,193.75,215.24,186.15,172.1,159.1,157.8,179.42,0,182.62,256.24,190.37,186.4,198.02,185.6,172.63,216.29,176.46,213.53,178.46,180.55,207.53,159.49,165.94,170.73,191.63,201,242.23,203.27,175.76,181.64,171.51,172.85,168.16,168.17,162.73,210.81,194.5,188.45,188.31,208.66,198.95,197.02,189.71,189.17,183.26,173.16,171.26,186.75,172.63,158.47,155.39,155.39,165.13,183.39,196.47,199.28,199.64,203.66,199,202.66,208.71,240.99,211.69,171.34,193.48,206.45,222.09,247.75,0.435,160.33,155.52,174.96,175.62,175.71,174.15,169.69,176.95,175.77,166.72,246.86
265.83,447.29,180.41,169.57,192.7,184.6,152.79,236.07,190.14,202.94,204.67,201.53,232.88,203.92,199.71,196.33,186.57,171.14,169.84,221.98,182.62,0,189.65,217.74,207.21,236.72,212.47,195.5,235.58,208.87,227.79,204.04,206.31,192.87,184.36,193.79,198.58,185.86,185.47,169.79,169.12,169.53,174.48,173.32,177.22,178.38,182.65,176.63,140.38,168.22,162.17,162.17,139.56,209.13,207.2,199.88,199.34,193.44,183.34,180.08,195.57,183.87,193.89,167.43,167.43,203.3,210.76,215.76,213.54,213.9,217.92,184.34,186.31,237.4,269.67,240.38,200.03,194.08,198.4,205.46,181.17,178.27,183.35,180.39,202.04,201.38,201.29,201.02,190.5,0.567,218.33,205.42,176.43
240.54,470.26,182.26,207.11,237.12,218.56,229.71,232.13,200.78,199.73,201.46,197.58,228.95,199.99,220.1,192.39,179.18,166.92,165.62,186.5,256.24,189.65,0,196.71,191.27,205.1,190.46,177.5,222.64,179.85,219.87,181.85,183.94,213.14,161.51,169.33,174.12,196.5,205.86,243.41,206.66,180.63,186.51,177.12,179.07,175.01,175.25,168.33,218.63,202.32,196.27,196.13,216.48,205.19,203.26,195.94,195.41,189.5,179.4,176.87,192.36,178.97,165.55,163.21,163.21,172.21,189.73,202.82,205.62,205.98,210,204.61,207.53,212.1,244.38,215.08,174.73,199.83,212.79,228.43,0.848,251.88,163.72,157.54,178.35,179.01,179.1,179.01,174.56,183.98,182.85,173.8,254.68
270.53,456.57,195.09,177.61,201.24,195.12,163.51,246.32,207.07,213.19,214.92,211.78,243.14,214.18,212.54,206.58,196.81,184.35,183.27,216.9,190.37,217.74,196.71,0,210.77,250,220.72,205.33,265.11,217.12,252.48,210.76,213.03,206.64,192.16,196.62,201.41,202.79,198.3,177.83,177.16,175.81,192.32,189.95,191.9,188.64,192.88,182.91,151.11,178.9,172.85,172.69,150.28,219.38,217.45,210.14,209.6,203.69,193.59,190.33,205.82,194.12,212.04,180.86,180.64,245.25,0.698,245.29,238.23,238.59,242.61,198.11,200.08,242.09,274.37,245.07,204.72,202.61,210.48,214.74,188.23,186.02,188.2,188.19,208.76,208.1,208.01,209.27,194.06,212.07,213.25,218.7,187.16
267.2,434.78,175.57,177.2,187.22,188.09,186.46,229.89,183.18,196.76,198.49,195.35,226.71,197.75,199.07,190.14,186.63,159.54,158.24,202.83,186.4,207.21,191.27,210.77,0,217.58,235.42,225.48,238.53,220.49,236.49,206.21,208.48,199.68,184.75,197.12,201.91,178.9,184.83,177.2,180.18,188.28,172.31,171.46,172.38,172.2,182.7,204.77,174.06,171.71,165.66,165.66,173.23,202.94,201.02,193.7,193.16,187.25,177.16,173.9,189.39,177.69,177.5,155.83,155.83,184.16,203.79,218.71,222.24,222.6,226.62,191.15,191.15,238.76,271.04,241.74,201.39,198.13,193.81,192.95,182.79,182.05,188.7,180.78,204.21,203.55,203.46,223.97,1.671,201.54,199.18,186.28,210.11
285.69,467.41,202.25,184.42,210.69,214.04,166.97,267.2,211.52,234.07,235.8,232.66,264.01,235.06,216.54,227.45,210.53,203.25,201.95,237.06,198.02,236.72,205.1,250,217.58,0,227.87,210.81,257.84,224.47,248.74,226.72,228.99,214.69,206.54,211.78,216.57,207.24,202.3,184.63,183.97,182.61,196.29,195.16,199.06,209.51,206.6,189.72,154.56,197.66,191.61,191.61,153.74,240.25,238.32,231.02,230.48,224.56,214.47,211.21,226.7,215,227.15,199.54,199.54,244.2,243.02,238.02,234.49,234.85,238.87,206.16,208.12,257.25,289.54,260.24,219.88,217.31,218.01,225.58,196.62,193.67,203.37,202.57,224.72,224.06,223.97,216.42,200.87,231.05,233.41,3.13,190.61
276.45,425.06,177.31,179.2,181.87,193.34,202.91,231.87,186.2,198.74,200.47,197.33,228.69,199.73,201.4,192.13,188.58,170.68,169.38,209.27,185.6,212.47,190.46,220.72,235.42,227.87,0,251.76,248.85,243.9,247.43,218.74,221.01,207.8,187.83,207.65,212.44,181.92,187.16,179.13,181.6,189.32,172.77,172.17,174.12,174.19,184.65,194.78,191.09,176.96,170.91,170.91,189.68,204.93,203,195.69,195.15,189.24,179.14,175.88,191.37,179.68,190.53,166.97,166.97,194.98,213.74,229.03,233.18,233.54,237.56,199.27,199.27,248.02,280.29,251,210.65,206.52,197.88,183.23,181.98,181.25,201.98,183.87,216.52,216.08,215.99,1.145,218.71,206.8,205.62,196.57,227.14
261.98,415.12,161.81,166.24,171.93,174.33,183.9,216.12,172.36,183,184.72,181.58,212.94,183.98,188.43,176.38,171.51,151.67,150.37,192.3,172.63,195.5,177.5,205.33,225.48,210.81,251.76,0,238.56,226.41,240.05,204.27,206.53,195.57,174.87,193.17,197.96,168.08,174.19,166.16,169.17,177.87,159.05,157.7,158.62,158.44,167.58,181.82,172.08,157.95,151.9,151.9,170.67,189.18,187.25,179.94,179.4,173.49,163.39,160.13,175.63,163.93,172.57,147.96,147.96,177.92,198.35,218.74,225.8,226.16,230.18,187.04,189.01,233.54,265.82,236.52,196.17,192.05,183.41,173.29,169.02,168.28,187.51,170.9,202.05,201.61,201.52,240.31,208.77,189.83,188.65,179.51,208.13
291.47,473.48,210.64,204.42,220.34,204.14,191.65,257.29,223.12,224.16,225.89,222.75,254.11,225.15,236.88,217.55,210.34,193.35,192.05,233.56,216.29,235.58,222.64,265.11,238.53,257.84,248.85,238.56,0,243.78,285.72,228.7,230.97,234.78,209.49,219.66,224.45,218.84,222.64,204.71,203.82,203.56,208.13,206.72,207.45,199.61,206.41,205.68,179.24,187.76,181.71,181.71,178.42,230.35,228.42,221.11,220.57,214.66,204.56,201.3,216.79,205.09,218.82,189.64,189.64,237.7,258.13,1.982,271.47,271.82,275.85,226.25,228.21,263.03,295.31,266.01,225.66,220.54,226.83,231.65,214.16,211.94,211.24,205.52,226.7,226.04,225.95,237.4,221.82,229.91,229.91,226.54,215.29
295.18,410.13,171.69,169.93,166.94,199.27,208.84,227.37,176.07,194.24,195.97,192.83,224.19,195.23,189.63,187.63,184.12,173.31,172.51,205.67,176.46,208.87,179.85,217.12,220.49,224.47,243.9,226.41,243.78,0,241.41,247.75,249.57,206.77,213.21,237.47,242.26,171.79,175.39,171.15,170.01,171.99,164.19,164.19,168.5,169.69,180.19,185.89,197.02,182.89,176.84,176.84,195.61,200.43,198.5,191.19,190.65,184.74,174.64,171.38,186.88,175.18,187.14,170.1,169.6,191.58,210.14,223.96,227.16,227.52,231.54,198.24,198.24,266.74,299.02,269.72,229.37,202.03,193.38,168.31,171.37,172.11,245.89,209.24,241.99,244.64,244.99,232.45,203.78,203.2,202.02,193.17,233.07
285.26,463.7,200.74,202.38,214.25,196.8,191.37,248.95,214.78,215.83,217.56,214.41,245.77,216.81,230.91,209.21,202.21,186.01,184.71,225.18,213.53,227.79,219.87,252.48,236.49,248.74,247.43,240.05,285.72,241.41,0,223.87,226.14,9.228,202.82,214.06,218.84,210.5,216.67,202.67,201.78,201.52,200.25,197.55,197.55,191.27,198.28,201.87,178.96,180.42,174.37,174.37,178.14,222.01,220.08,212.77,212.23,206.32,196.22,192.97,208.46,196.76,209.72,182.3,182.3,225.07,245.5,265.9,1.425,1.389,1.791,7.522,7.522,256.83,289.1,259.81,219.46,215.21,220.91,221.87,211.39,209.18,206.56,198.85,221.87,221.21,221.12,235.98,219.78,222.12,221.53,217.44,215.01
304.97,413.7,186.18,175.76,168.94,213.76,223.33,240.36,189.35,208.74,210.46,205.82,237.18,208.22,199.42,200.62,193.83,184.43,183.13,202.02,178.46,204.04,181.85,210.76,206.21,226.72,218.74,204.27,228.7,247.75,223.87,0,261.71,195.24,223,247.26,252.05,185.07,185.18,176.23,175.76,176.48,177.71,178.68,182.99,184.18,189.9,181.74,211.51,197.38,191.33,191.33,210.1,213.42,211.49,204.18,203.64,197.73,187.63,185.88,201.36,186.3,197.61,180.72,180.72,194.89,203.78,208.88,209.62,209.98,214,186.71,188.45,276.53,308.81,279.51,239.16,211.82,199.48,171.87,173.37,174.11,255.68,219.04,254.14,256.79,0.275,207.29,189.5,198.37,198.37,195.42,247.56
307.42,415.88,188.8,177.94,171.03,216.38,225.95,242.77,191.88,211.36,213.08,208.23,239.59,210.63,201.86,203.03,196.28,186.7,185.4,204.29,180.55,206.31,183.94,213.03,208.48,228.99,221.01,206.54,230.97,249.57,226.14,261.71,0,197.51,225.45,249.71,254.5,187.6,187.62,178.32,177.94,178.75,180.15,181.3,185.61,186.8,192.35,184.01,214.13,200,193.95,193.95,212.72,215.83,213.9,206.59,206.05,200.14,190.04,188.5,203.98,188.57,200.05,182.99,182.99,197.16,206.05,211.15,211.89,212.25,216.27,188.98,190.72,278.98,311.26,281.96,241.61,214.26,201.75,174.05,175.46,176.2,258.13,221.48,256.67,0.493,258.96,209.56,191.77,200.64,200.64,197.69,250.18
255.15,451.37,195.18,198.38,199.91,185.86,190.13,203.32,211.8,183.22,184.95,168.78,200.14,171.18,227.84,163.58,176.35,151.37,150.07,190.26,207.53,192.87,213.14,206.64,199.68,214.69,207.8,195.57,234.78,206.77,9.228,195.24,197.51,0,175.12,183.99,188.78,207.52,213.61,198.59,197.93,194.86,195.36,192.65,191.99,165.45,172.42,178.08,177.72,169.64,163.59,163.43,176.9,176.38,174.45,167.14,166.6,160.69,150.59,160.36,175.85,148.98,180.64,147.66,147.66,184.34,199.66,214.96,6.522,6.45,5.646,0.853,5.646,226.71,258.99,229.69,189.34,188.82,201.72,209.54,204.66,203.18,175.57,171.15,193.24,192.58,192.49,196.35,182.97,187.2,186.61,183.39,213.77
271.8,385.3,185.29,159.4,139.75,219.02,230.3,218.96,186.82,198.86,200.59,184.42,215.78,186.82,197.57,179.22,187.53,168.49,167.19,182.12,159.49,184.36,161.52,192.16,184.75,206.54,187.83,174.87,209.49,213.21,202.82,223,225.45,175.12,0,214.09,218.88,182.54,183.33,159.32,159.55,161.11,175.01,175.24,182.1,181.09,183.6,168.21,220.26,202.64,196.59,196.59,217.08,192.02,190.09,182.78,182.24,176.33,166.23,176,191.49,164.62,176.93,164.78,164.78,174.71,185.18,189.67,188.57,188.93,192.95,166.59,168.36,243.36,275.64,246.34,205.99,178.65,172.27,143.47,153.04,155.14,264.54,0.397,264.06,220.52,220.25,176.39,168.04,178.69,178.47,175.24,256.31
309.4,402.3,193.59,163.78,156.42,229.39,240.92,229.02,195.38,207.84,209.57,194.48,225.84,196.88,204.35,189.28,193.96,179.11,177.81,190.59,165.94,193.79,169.33,196.62,197.12,211.78,207.65,193.17,219.66,237.47,214.06,247.26,249.71,183.99,214.09,0,0.479,191.11,190.11,163.71,163.93,165.64,181.68,181.68,190.4,188.38,190.03,178.28,231.19,213.17,207.12,206.96,227.69,202.08,200.15,192.84,192.3,186.39,176.29,184.98,200.47,174.68,181.65,175.4,175.4,179.43,189.64,199.84,199.81,200.16,204.19,175.46,175.46,280.96,313.24,283.94,243.59,207.13,191.14,160.47,160.85,161.59,243.16,210.12,246.76,244.78,244.51,196.2,180.41,188.12,186.94,180.49,267.24
314.19,407.09,198.38,168.57,161.21,234.18,245.71,233.81,200.17,212.63,214.36,199.27,230.63,201.67,209.14,194.07,198.75,183.9,182.6,195.38,170.73,198.58,174.12,201.41,201.91,216.58,212.44,197.96,224.45,242.26,218.84,252.05,254.5,188.78,218.88,0.479,0,195.89,194.9,168.5,168.72,170.43,186.47,186.47,195.19,193.17,194.82,183.07,235.98,217.96,211.91,211.75,232.48,206.87,204.94,197.63,197.09,191.18,181.08,189.77,205.26,179.47,186.44,180.19,180.19,184.22,194.43,204.63,204.59,204.95,208.98,180.25,180.25,285.75,318.03,288.73,248.38,211.92,195.93,165.26,165.64,166.38,247.95,214.91,251.55,249.57,249.3,200.99,185.2,192.91,191.73,185.28,272.03
262.81,416.97,176.4,185.09,189.18,224.24,224.84,227.72,0.428,191.34,193.07,193.18,224.54,195.58,231.04,187.99,173.21,173.65,172.79,183.28,191.63,185.86,196.5,202.79,178.9,207.24,181.92,168.08,218.84,171.79,210.5,185.07,187.6,207.52,182.54,191.1,195.89,0,216.8,190.57,189.42,168.06,218.37,182.38,173.21,165.09,169.28,160.68,214.09,208.19,202.14,201.81,211.61,200.79,198.85,191.54,191,185.09,175,168.48,183.97,176.07,170.18,170.38,169.94,174.88,195.81,199.02,196.25,196.61,200.63,198.99,199.58,234.37,266.65,237.35,197,168.73,164.41,175.14,188.02,187.28,179.48,178.57,184.68,182.67,182.32,170.47,162.19,180.19,179.63,175.94,250.14
257.52,421.68,173.66,194.38,195.37,216.28,221.47,227.73,221.08,190.3,192.03,193.19,224.55,195.58,1.424,187.99,169.7,163.82,162.52,182.32,201,185.47,205.86,198.3,184.83,202.3,187.16,174.19,222.64,175.39,216.67,185.18,187.62,213.61,183.33,190.11,194.9,216.8,0,205.46,196.87,171.78,203.48,176.51,170.47,162.35,165.77,160.68,210.72,200.06,194.01,193.85,208.24,200.78,198.86,191.54,191,185.1,174.99,167.44,182.93,176.07,162.73,160.11,160.11,169.41,191.32,202.82,202.42,202.78,206.8,205.07,207.87,229.08,261.36,232.06,191.71,176.17,171.85,179.85,197.38,196.65,180.3,179.36,184.68,182.69,182.43,175.71,168.12,179.8,178.67,171,246.77
234.92,453.21,165.33,200.78,217.21,195.79,206.94,214.63,194.85,183.13,184.86,180.09,211.44,182.49,219.7,174.89,159.27,144.15,142.85,166.59,242.23,169.79,243.4,177.83,177.2,184.63,179.13,166.16,204.71,171.15,202.67,176.23,178.32,198.59,159.32,163.71,168.5,190.57,205.46,0,200.18,167.55,177.25,162.92,162.14,155.33,155.34,153.05,195.86,179.55,173.5,173.36,193.71,187.69,185.75,178.45,177.91,172,161.9,160.27,175.76,161.9,144.55,140.44,140.44,151.21,170.85,184.89,188.42,188.78,192.8,190.07,194.44,206.48,238.76,209.46,169.11,182.77,195.74,211.38,234.93,237.88,158.1,155.35,172.73,173.39,173.48,167.68,160.49,164.12,162.94,153.33,231.91
234.43,422.99,173.05,200.47,193.75,194.82,205.83,213.96,193.7,182.68,184.41,179.42,210.78,181.82,211.11,174.22,163.86,143.48,142.18,165.93,203.27,169.13,206.66,177.16,180.18,183.97,181.6,169.17,203.82,170.01,201.78,175.76,177.94,197.93,159.55,163.93,168.72,189.42,196.87,200.18,0,182.65,179.52,176.81,169.86,156.43,159.93,159.93,194.75,178.44,172.39,172.39,192.6,187.02,185.09,177.78,177.24,171.33,161.23,159.82,175.31,161.23,143.89,139.77,139.77,150.55,170.18,184,187.53,187.89,191.91,189.4,193.77,205.99,238.27,208.97,168.62,175.07,174.31,181.16,198.18,198.92,158.32,155.58,172.95,173.01,173.01,170.15,163.47,163.45,162.28,152.67,230.8
234.45,405.72,177.82,167.55,176.58,190.76,201.77,213.38,172.34,185.17,186.91,178.84,210.2,181.24,186.02,173.64,175.48,142.13,140.83,165.74,175.76,169.53,180.63,175.81,188.28,182.61,189.32,177.87,203.56,171.99,201.52,176.48,178.75,194.86,161.11,165.64,170.43,168.06,171.78,167.55,182.65,0,177.01,175.65,174.63,162.31,171.55,178.36,191.01,174.38,168.33,168.33,188.54,186.44,184.51,177.2,176.66,170.75,160.65,162.31,177.8,160.12,142.53,138.42,138.42,149.19,168.83,183.74,187.27,187.63,191.65,186.33,190.26,206.01,238.29,208.99,168.64,169.56,163.24,163.89,172.15,171.41,159.98,157.14,174.46,173.82,173.73,177.87,171.57,163.86,162.09,151.31,227.06
254.36,409,183.01,175.1,179.8,214.59,211.5,221.27,222.65,188.14,189.87,186.73,218.09,189.13,217.72,181.53,173.08,161.75,160.14,171.87,181.64,174.48,186.51,192.32,172.31,196.29,172.77,159.05,208.13,164.19,200.25,177.71,180.15,195.36,175.01,181.68,186.47,218.37,203.48,177.25,179.52,177.01,0,197.4,179.82,163.58,169.15,155.6,200.74,198.37,192.32,192.16,198.27,194.33,192.4,185.09,184.55,178.64,168.54,165.28,180.77,169.07,157.11,157.73,158.05,163.77,185.34,188.31,186,186.37,190.38,186.83,188.79,225.92,258.2,228.9,188.55,162.07,157.75,167.17,178.03,177.3,171.04,171.04,177.21,175.22,174.96,161.31,155.6,168.81,168.22,164.99,236.79
253.63,408.06,217.16,162.92,173.59,214.84,210.39,226.71,186.66,200.1,201.83,192.17,223.53,194.57,190.75,186.97,182.81,162.14,160.84,170.73,171.51,173.32,177.12,189.95,171.46,195.15,172.17,157.7,206.72,164.19,197.55,178.68,181.3,192.65,175.24,181.68,186.47,182.38,176.51,162.92,176.81,175.65,197.4,0,213.97,181.5,178.88,158.47,199.04,198.46,192.41,192.41,197.16,199.77,197.84,190.53,189.99,184.08,173.98,177.24,192.73,173.45,161.09,158.43,158.43,163.32,182.97,186.9,183.3,183.66,187.68,184.12,185.67,225.19,257.47,228.17,187.82,163.42,157.9,166.23,168.64,167.16,172.18,171.27,179.33,176.37,175.93,160.72,154.75,167.65,167.08,163.85,235.09
263.38,415.34,0.319,162.07,178.24,220.69,212.34,230.61,177.49,204,205.73,196.07,227.43,198.47,184.71,190.87,186.71,166.9,165.28,174.63,172.85,177.22,179.07,191.9,172.38,199.06,174.12,158.62,207.45,168.5,197.55,182.99,185.61,191.99,182.1,190.4,195.19,173.21,170.47,162.14,169.86,174.63,179.82,213.97,0,189.3,182.78,159.39,200.99,204.31,198.26,198.26,199.11,203.67,201.74,194.43,193.89,187.98,177.88,181.14,196.63,177.35,164.99,162.87,163.19,167.22,184.92,187.63,183.3,183.66,187.68,183.46,183.72,234.94,267.22,237.92,197.57,170.04,163.75,173.51,170.59,168.5,178.13,178.13,183.99,180.68,180.24,162.67,155.67,171.55,170.98,167.75,237.04
260.05,426.88,192.49,155.25,175.55,215.57,187.42,248.14,169.37,231.3,233.03,213.6,244.96,216,176.59,208.4,193.37,174.81,173.51,177.54,168.16,178.38,175.02,188.63,172.2,209.51,174.19,158.44,199.61,169.69,191.27,184.18,186.8,165.45,181.09,188.38,193.16,165.09,162.35,155.32,156.43,162.31,163.58,181.5,189.3,0,189.44,159.39,175.01,199.19,193.14,193.14,174.19,221.2,219.27,211.96,211.42,205.51,195.41,208.44,223.93,193.27,197.41,171.1,171.1,190.75,181.66,179.79,177.02,177.38,181.4,156.92,156.92,231.61,263.89,234.59,194.24,174.24,176.09,185.05,166.53,163.8,177.12,177.12,184.96,181.87,181.43,162.74,155.49,172.71,173.89,178.21,211.06
263.56,428.86,185.97,155.27,180.51,203.33,183.92,233.83,173.56,207.21,208.94,199.29,230.65,201.69,180.01,194.09,0.393,161.65,160.35,180.63,168.17,182.65,175.25,192.88,182.7,206.6,184.65,167.58,206.41,180.19,198.28,189.9,192.35,172.42,183.6,190.03,194.82,169.28,165.77,155.34,159.93,171.55,169.15,178.88,182.78,189.44,0,173.39,171.51,187.11,181.06,180.9,170.69,206.89,204.96,197.65,197.11,191.2,181.1,184.35,199.84,180.56,171.22,157.94,157.94,174.24,185.9,186.59,184.03,184.39,188.41,163.89,165.86,235.13,267.4,238.1,197.75,180.66,181.87,187.03,166.77,163.82,180.32,179.63,189.4,187.42,187.15,173.2,165.99,176.97,176.98,175.3,207.56
248.65,416.56,162.58,153.05,166.79,180.79,176.4,213.38,164.96,183.95,185.68,178.84,210.2,181.24,174.92,173.64,177.32,139.11,137.81,172.84,162.73,176.63,168.33,182.91,204.77,189.72,194.78,181.82,205.68,185.89,201.87,181.74,184.01,178.08,168.21,178.28,183.07,160.68,160.68,153.05,159.93,178.36,155.6,158.47,159.39,159.39,173.39,0,164,164.57,158.52,158.36,163.17,186.44,184.51,177.2,176.66,170.75,160.65,161.09,176.58,160.12,149.63,135.4,135.4,156.29,175.93,185.86,187.62,187.98,192,169.55,170.72,220.21,252.49,223.19,182.84,175.42,170.08,174.73,159.85,158.38,171.05,164.24,179.74,179.08,178.99,183.33,188.06,170.96,169.19,158.42,200.05
308.75,491.91,204.18,195.5,231.47,28.492,7.926,30.296,218.37,199.56,201.29,23.872,30.568,25.264,224.96,26.952,175.44,119.64,118.04,136.59,210.81,140.38,218.63,151.11,174.06,154.56,191.09,172.08,179.24,197.02,178.96,211.51,214.13,177.72,220.26,231.19,235.98,214.09,210.72,195.86,194.75,191.01,200.74,199.04,200.99,175.01,171.51,164,0,5.28,6.49,19.52,5.28,19.52,20.292,23.216,23.432,25.796,29.836,176.7,192.19,179.42,115.01,115.63,115.93,121.67,144.13,159.42,164.71,165.07,169.09,169.19,173.72,280.31,312.59,283.29,242.94,212.31,232.95,250.08,210.15,206.46,217.16,216.29,212.51,209.2,208.76,179.64,157.35,134.71,132.94,123.26,3.605
290.11,473.91,207.5,179.19,213.47,8.966,7.926,9.868,212.47,227.14,228.87,6.656,10.004,7.352,214.3,8.196,191.04,172.55,170.96,166.79,194.5,168.22,202.32,178.9,171.71,197.66,176.96,157.95,187.76,182.89,180.42,197.38,200,169.64,202.64,213.17,217.96,208.19,200.06,179.55,178.44,174.38,198.37,198.46,204.31,199.19,187.11,164.57,5.28,0,0.605,4.48,5.28,4.48,4.866,6.328,6.436,7.618,9.638,204.28,219.77,212.44,179.09,168.55,168.84,176.87,171.92,167.94,166.17,166.53,170.55,161.11,163.07,261.67,293.95,264.65,224.3,198.18,215.98,232.08,193.84,190.15,199.14,198.67,198.38,195.07,194.63,165.51,155,162.55,163.14,166.36,12.49
284.06,467.86,201.45,173.14,207.42,7.756,9.136,8.658,206.41,221.09,222.82,5.446,8.794,6.142,208.25,6.986,184.99,166.5,164.91,160.74,188.45,162.17,196.27,172.85,165.66,191.61,170.91,151.9,181.71,176.84,174.37,191.33,193.95,163.59,196.59,207.12,211.91,202.13,194.01,173.5,172.39,168.33,192.32,192.41,198.26,193.14,181.06,158.52,6.49,0.605,0,3.27,6.49,3.27,3.656,5.118,5.226,6.408,8.428,198.23,213.72,206.39,173.04,162.5,162.79,170.82,165.87,161.89,160.12,160.48,164.5,155.06,157.02,255.62,287.9,258.6,218.25,192.13,209.93,226.03,187.79,184.1,193.09,192.62,192.33,189.02,188.58,159.46,148.95,156.5,157.09,160.31,13.7
283.9,467.69,201.45,173.07,207.25,2.243,24.812,8.658,206.09,221.09,222.82,5.446,8.794,6.142,208.09,6.986,184.83,166.34,164.91,160.74,188.31,162.17,196.13,172.69,165.66,191.61,170.91,151.9,181.71,176.84,174.37,191.33,193.95,163.43,196.59,206.96,211.75,201.81,193.85,173.36,172.39,168.33,192.16,192.41,198.26,193.14,180.9,158.36,19.52,4.48,3.27,0,19.52,3.27,3.656,5.118,5.226,6.408,8.428,198.23,213.72,206.39,173.04,162.5,162.63,170.82,165.71,161.89,160.12,160.48,164.5,154.9,156.86,255.46,287.74,258.44,218.09,192.13,209.76,225.86,187.65,183.96,192.93,192.62,192.33,189.02,188.58,159.46,148.95,156.5,157.09,160.31,33.94
304.63,488.43,202.3,193.35,227.99,28.492,1.323,30.296,215.89,198.74,200.47,23.872,30.568,25.264,222.48,26.952,174.61,118.81,117.22,135.77,208.66,139.56,216.48,150.28,173.23,153.74,189.68,170.67,178.42,195.61,178.14,210.1,212.72,176.9,217.07,227.69,232.48,211.61,208.24,193.71,192.6,188.54,198.27,197.16,199.11,174.19,170.69,163.17,5.28,5.28,6.49,19.52,0,19.52,20.292,23.216,23.432,25.796,29.836,175.88,191.37,178.6,114.19,114.81,115.1,120.85,143.3,158.6,163.89,164.25,168.27,168.37,171.25,276.19,308.47,279.17,238.82,210.9,230.35,246.6,208,204.31,213.66,213.1,211.1,207.79,207.35,178.23,156.52,133.89,132.12,122.44,12.49
276.67,461.34,206.86,187.47,202.04,7.756,24.812,2.694,205.07,250.85,252.58,1.088,2.762,1.436,215.02,1.858,210.82,215.45,214.15,208.28,198.95,209.13,205.18,219.38,202.94,240.25,204.93,189.18,230.35,200.43,222.01,213.42,215.83,176.38,192.02,202.08,206.87,200.79,200.78,187.69,187.02,186.44,194.33,199.77,203.67,221.2,206.89,186.44,19.52,4.48,3.27,3.27,19.52,0,0.193,0.924,0.978,1.569,2.579,227.99,243.48,238.87,238.06,211.74,211.74,231.4,212.4,210.53,207.76,208.12,212.14,167.85,167.85,248.23,280.51,251.21,210.86,203.53,203.53,219.51,196.71,194.6,188.05,188.05,211.69,210.9,210.67,193.48,186.23,203.46,204.64,208.96,33.94
274.74,459.41,204.93,185.54,200.11,8.142,25.584,2.887,203.13,248.92,250.65,0.895,2.569,1.243,213.09,1.665,208.89,213.52,212.22,206.35,197.02,207.2,203.26,217.45,201.02,238.32,203,187.25,228.42,198.5,220.08,211.49,213.9,174.45,190.09,200.15,204.94,198.85,198.85,185.75,185.09,184.51,192.4,197.84,201.74,219.27,204.96,184.51,20.292,4.866,3.656,3.656,20.292,0.193,0,0.731,0.785,1.376,2.386,226.06,241.55,236.94,236.13,209.81,209.81,229.46,210.47,208.6,205.83,206.19,210.21,165.92,165.92,246.3,278.58,249.28,208.93,201.6,201.6,217.58,194.77,192.67,186.12,186.12,209.76,208.97,208.74,191.55,184.31,201.52,202.71,207.03,34.712
267.43,452.1,197.62,178.23,192.8,9.604,28.508,3.618,195.82,241.61,243.34,0.164,3.3,0.512,205.78,0.934,201.58,206.21,204.91,199.04,189.71,199.89,195.94,210.14,193.7,231.02,195.69,179.94,221.11,191.19,212.77,204.18,206.59,167.14,182.78,192.84,197.63,191.55,191.54,178.44,177.78,177.2,185.09,190.53,194.43,211.96,197.65,177.2,23.216,6.328,5.118,5.118,23.216,0.924,0.731,0,0.054,0.645,1.655,218.75,234.24,229.63,228.81,202.5,202.5,222.16,203.16,201.29,198.52,198.88,202.9,158.61,158.61,238.99,271.27,241.97,201.62,194.29,194.29,210.27,187.46,185.36,178.81,178.81,202.45,201.66,201.43,184.24,177,194.22,195.4,199.72,37.636
266.89,451.56,197.08,177.69,192.26,9.712,28.724,3.672,195.28,241.07,242.8,0.218,3.354,0.458,205.24,0.88,201.04,205.67,204.37,198.5,189.17,199.34,195.41,209.6,193.16,230.47,195.15,179.4,220.57,190.65,212.23,203.64,206.05,166.6,182.24,192.3,197.09,191,191,177.91,177.24,176.66,184.55,189.99,193.89,211.42,197.11,176.66,23.432,6.436,5.226,5.226,23.432,0.978,0.785,0.054,0,0.591,1.601,218.21,233.7,229.09,228.28,201.96,201.96,221.61,202.62,200.75,197.98,198.34,202.36,158.07,158.07,238.45,270.73,241.43,201.08,193.75,193.75,209.73,186.92,184.82,178.27,178.27,201.91,201.12,200.89,183.7,176.46,193.67,194.86,199.18,37.852
260.98,445.65,191.17,171.78,186.35,10.894,31.088,4.263,189.37,235.16,236.89,0.809,3.945,1.049,199.33,0.289,195.13,199.76,198.46,192.6,183.26,193.44,189.5,203.69,187.25,224.56,189.24,173.49,214.66,184.74,206.32,197.73,200.14,160.69,176.33,186.39,191.18,185.09,185.09,171.99,171.33,170.75,178.64,184.08,187.98,205.51,191.2,170.75,25.796,7.618,6.408,6.408,25.796,1.569,1.376,0.645,0.591,0,1.01,212.3,227.79,223.18,222.37,196.05,196.05,215.7,196.71,194.84,192.07,192.43,196.45,152.16,152.16,232.54,264.82,235.52,195.17,187.84,187.84,203.82,181.01,178.91,172.36,172.36,196.01,195.21,194.98,177.79,170.55,187.76,188.95,193.26,40.216
250.88,435.55,181.07,161.68,176.25,12.914,35.128,5.273,179.27,225.06,226.79,1.819,4.955,2.059,189.23,1.299,185.03,189.66,188.36,182.49,173.16,183.34,179.39,193.59,177.15,214.47,179.14,163.39,204.56,174.64,196.22,187.63,190.04,150.59,166.23,176.29,181.08,175,174.99,161.9,161.23,160.65,168.54,173.98,177.88,195.41,181.1,160.65,29.836,9.638,8.428,8.428,29.836,2.579,2.386,1.655,1.601,1.01,0,202.2,217.69,213.08,212.27,185.95,185.95,205.6,186.61,184.74,181.97,182.33,186.35,142.06,142.06,222.44,254.72,225.42,185.07,177.74,177.74,193.72,170.91,168.81,162.26,162.26,185.9,185.11,184.88,167.69,160.44,177.66,178.85,183.17,44.256
257.39,433.41,184.33,160.12,176.25,220.66,189.11,254.93,172.76,2.286,2.459,220.39,251.75,222.79,181.68,215.19,188.28,179.89,178.6,179.24,171.26,180.08,176.87,190.33,173.9,211.21,175.88,160.13,201.3,171.38,192.97,185.88,188.5,160.36,176,184.98,189.77,168.48,167.44,160.27,159.82,162.31,165.28,177.24,181.14,208.44,184.35,161.09,176.71,204.28,198.23,198.23,175.88,227.99,226.06,218.75,218.21,212.3,202.2,0,1.549,200.05,202.5,176.18,176.19,195.84,183.35,181.48,178.72,179.07,183.09,151.83,151.83,228.95,261.23,231.93,191.58,175.93,178.35,191.58,168.39,166.91,172.03,172.03,186.66,183.56,183.13,164.43,157.19,174.41,175.59,179.91,212.76
272.88,448.9,199.82,175.61,191.74,236.15,204.6,270.42,188.25,0.737,0.91,235.88,267.24,238.28,197.17,230.68,203.77,195.39,194.08,194.73,186.75,195.57,192.36,205.82,189.39,226.7,191.37,175.63,216.79,186.88,208.45,201.36,203.98,175.85,191.49,200.47,205.26,183.97,182.93,175.76,175.31,177.81,180.77,192.73,196.63,223.93,199.84,176.58,192.2,219.77,213.72,213.72,191.37,243.48,241.55,234.24,233.7,227.79,217.69,1.549,0,215.54,217.99,191.67,191.68,211.33,198.84,196.97,194.21,194.57,198.58,167.32,167.32,244.44,276.72,247.42,207.07,191.42,193.84,207.07,183.88,182.4,187.52,187.52,202.15,199.05,198.61,179.92,172.68,189.9,191.08,195.4,228.25
249.59,435.01,180.54,161.68,176.25,228.82,191.83,265.81,180.35,222.91,224.64,231.27,262.63,233.67,190.31,226.07,184.49,221.33,218.75,183.03,172.63,183.87,178.97,194.12,177.69,215,179.67,163.93,205.09,175.18,196.76,186.3,188.57,148.98,164.62,174.68,179.47,176.07,176.07,161.9,161.23,160.12,169.07,173.45,177.35,193.27,180.56,160.12,179.43,212.44,206.39,206.39,178.6,238.87,236.94,229.63,229.09,223.18,213.08,200.05,215.54,0,213.87,216.35,217.62,207.21,187.14,185.28,182.51,182.87,186.89,140.45,140.45,221.15,253.43,224.13,183.78,177.2,177.2,193.18,170.49,168.27,160.65,160.65,184.3,183.63,183.55,168.23,160.98,178.2,179.38,183.7,215.48
255.55,432.83,168.18,144.34,174.03,195.47,127.42,265,174.46,225.36,227.09,230.46,261.81,232.85,176.97,225.25,175.15,220.68,220.65,193.05,158.47,193.89,165.55,212.04,177.5,227.15,190.53,172.57,218.82,187.14,209.72,197.61,200.05,180.64,176.93,181.65,186.44,170.18,162.73,144.55,143.89,142.53,157.11,161.09,164.99,197.41,171.22,149.63,115.01,179.09,173.04,173.04,114.19,238.06,236.13,228.81,228.28,222.37,212.27,202.5,217.99,213.87,0,218.24,216.97,206.34,205.06,199,195.47,195.83,199.85,172.1,174.07,227.12,259.39,230.09,189.74,185,180.68,191,157.07,154.12,173.23,172.96,197.04,195.12,194.86,179.08,160.79,188.22,189.4,195.85,151.06
