0,445.26,250.73,212.47,199.84,278.48,289.77,279.55,252.67,255.37,257.1,245.01,276.37,247.41,259.01,239.81,234.9,229.31,227.77,235.24,215.74,236.67,219.13,265.03,229.18,263.81,223.92,216.59,269.91,217.09,255.38,195.79,197.88,215.41,170.24,189.33,194.12,248.39,244.77,212.47,212.47,212.47,241.51,241.56,247.54,232.51,230.97,212.47,279.73,262.1,256.05,256.05,276.54,252.61,250.68,243.37,242.83,236.92,226.82,232.51,248,225.21,232.51,225.36,225.6,232.51,258.05,250.09,241.27,241.49,243.9,206.88,233.03,2.844,5.476,2.546,220.81,192.33,207.74,203.43,210.65,211.39,183.72,166.27,192.29,192.95,193.04,212.47,212.47,231,231.59,232.51,315.78
445.26,0,418.53,423.44,499.97,490.12,501.66,488.28,421.25,456.27,458,453.74,485.1,456.14,435.92,448.54,432.79,435.86,434.56,445.17,463.92,447.78,470.26,470.28,434.78,469.6,423.4,413.46,456.8,408.48,441.91,413.57,415.81,430.65,385.3,400.77,405.56,416.97,421.68,453.21,422.99,405.72,409,408.06,415.34,426.88,428.86,416.56,491.91,473.91,467.86,467.69,488.43,461.34,459.41,452.1,451.56,445.65,435.55,433.41,448.9,435.01,433.39,432.15,432.15,437.77,463.31,436.98,428.16,428.02,426.41,422.12,420.21,416.82,449.1,419.8,403.47,454.98,474.32,24.183,461.78,459.57,395.5,381.33,410.88,410.88,410.82,411.95,418.07,442.11,441.52,438.3,527.96
250.73,418.53,0,165.26,181.43,223.88,215.53,233.8,180.68,207.19,208.92,199.26,230.62,201.66,187.9,194.06,189.9,170.09,168.47,177.82,176.04,180.41,182.26,202.94,180.46,202.25,179.66,166.7,235.49,171.69,221.03,186.18,188.8,213.12,185.29,193.59,198.38,176.4,173.66,165.33,173.05,181.5,183.01,217.16,0.319,192.49,185.97,167.47,204.18,207.5,201.45,201.45,202.3,206.86,204.93,197.62,197.08,191.17,181.07,184.33,199.82,180.54,168.18,166.06,166.38,170.42,195.95,215.67,206.85,207.14,210.35,204.59,208.17,222.29,254.57,225.27,200.76,173.23,166.94,176.7,173.78,171.69,181.32,181.32,187.18,183.87,183.43,168.21,163.75,174.74,174.17,170.95,240.23
212.47,423.44,165.26,0,194.2,195.5,206.58,218.15,189.37,183.2,184.93,183.61,214.97,186.01,208.62,178.41,159.2,143.93,142.63,166.38,203.72,169.58,207.11,184.68,177.2,185.05,179.2,166.24,227.61,169.93,212.93,175.76,177.94,198.35,159.4,162.38,167.17,185.09,194.38,200.78,200.47,167.55,175.1,162.93,162.07,155.25,155.27,153.05,195.5,179.19,173.14,173.07,193.35,191.21,189.28,181.97,181.43,175.52,165.42,160.34,175.83,165.42,145.5,140.22,140.22,152.16,177.69,207.79,198.97,199.04,199.41,189.82,188.22,184.03,216.31,187.01,165.08,175.35,174.76,181.61,198.63,199.37,158.17,155.43,172.8,173.01,173.01,167.75,160.49,163.91,162.73,153.75,231.55
199.84,499.97,181.43,194.2,0,229.68,241.22,231.62,193.46,200.11,201.84,197.08,228.44,199.48,209.61,191.88,184.44,175.42,174.12,191.52,230.03,194.13,237.12,213.63,187.22,213.47,179.23,169.29,203.57,164.3,188.75,168.58,170.76,178.63,139.75,151.5,156.29,189.18,195.37,217.2,193.75,176.58,179.8,173.59,178.24,175.55,180.51,166.79,231.47,213.47,207.42,207.25,227.99,204.68,202.75,195.44,194.9,188.99,178.89,177.25,192.74,178.89,174.79,171.71,171.71,181.11,206.65,183.75,174.93,174.86,174.05,170.1,170.94,171.4,203.68,174.38,154.2,204.64,217.6,258.14,228.64,225.69,148.69,135.77,165.21,165.83,165.83,167.78,170.51,188.46,187.87,182.17,267.52
278.48,490.12,223.88,195.5,229.68,0,33.784,13.144,228.52,249.37,251.1,9.932,13.28,10.628,230.52,11.472,210.12,191.7,190.26,199.16,210.74,200.59,218.56,231.79,204.09,230.04,221.12,202.11,271.88,223.7,257.49,237.86,240.3,234.51,219.02,229.39,234.18,224.24,216.28,195.79,194.82,190.76,214.59,214.84,220.69,221.42,206.19,183.66,28.492,8.966,7.756,2.243,28.492,7.756,8.142,9.604,9.712,10.894,12.914,226.51,242,234.67,201.49,187.85,187.99,199.27,224.81,252.06,243.24,243.6,247.22,225.98,227.95,250.04,282.32,253.02,240.52,227.87,232.19,248.29,210.08,206.39,215.36,215.05,236.52,235.37,235.12,209.67,187.38,194.92,195.51,198.74,42.912
289.77,501.66,215.53,206.58,241.22,33.784,0,35.588,229.12,211.97,213.7,29.164,35.86,30.556,235.71,32.244,187.84,132.04,130.45,149,221.89,152.79,229.71,166.6,186.46,166.97,203.49,184.48,254.25,209.42,239.86,223.91,226.53,243.71,230.3,240.92,245.71,224.84,221.47,206.94,205.83,201.77,211.5,210.39,212.34,187.41,183.91,176.4,7.926,7.926,9.136,24.812,1.323,24.812,25.584,28.508,28.724,31.088,35.128,189.11,204.6,191.83,127.42,128.04,128.33,134.08,159.62,234.43,225.61,225.97,229.99,235.18,239.24,261.33,293.61,264.31,252.05,224.71,243.59,259.83,221.23,217.54,226.89,226.34,224.91,221.6,221.16,192.04,169.75,147.12,145.35,135.67,15.136
279.55,488.28,233.8,218.15,231.62,13.144,35.588,0,232,293.26,294.99,3.782,5.456,4.13,241.96,4.552,250.78,253.84,252.54,267.14,227.25,267.39,232.86,307.28,255.79,304.47,254.17,241.21,298.55,244.36,283.8,253.67,255.97,258,237.41,236.52,241.32,227.72,227.72,218.3,217.85,223.08,221.27,226.71,230.61,263.62,246.85,236.6,30.296,9.868,8.658,8.658,30.296,2.694,2.887,3.618,3.672,4.263,5.273,270.4,285.89,281.28,281.42,250.13,250.13,274.75,300.29,278.73,269.91,269.91,269.91,249.47,246.69,251.11,283.39,254.09,239.22,241.98,236.76,246.45,224.38,222.9,233.05,233.43,251.7,251.03,250.92,242.72,239.08,261.72,263.49,273.17,44.716
252.67,421.25,180.68,189.37,193.46,228.52,229.12,232,0,195.62,197.35,197.47,228.83,199.86,235.66,192.27,177.49,177.93,177.07,187.56,195.91,190.14,200.78,211.68,183.18,211.52,186.2,172.36,242.02,176.07,227.56,189.35,191.88,220.07,186.82,195.38,200.17,0.428,221.42,195.19,193.7,172.34,222.99,186.66,177.49,169.37,173.56,164.96,218.37,212.47,206.42,206.09,215.89,205.07,203.13,195.82,195.28,189.38,179.27,172.76,188.25,180.35,174.46,174.66,174.22,179.16,204.7,222.2,213.38,213.67,216.89,211.54,213.54,224.23,256.51,227.21,201.28,173.01,168.69,179.42,192.3,191.56,183.76,182.85,188.96,186.95,186.6,174.75,166.47,184.47,183.91,180.22,254.42
255.37,456.27,207.19,183.2,200.11,249.37,211.97,293.26,195.62,0,1.647,258.72,290.08,261.12,204.54,253.52,224.16,214.2,212.9,227.5,194.12,227.75,199.73,267.64,216.15,264.83,215.35,202.39,267.98,207.38,253.38,218.88,221.33,229.14,209.24,211.77,216.56,191.34,190.3,183.27,183.99,193.21,188.14,200.1,204,246.77,220.23,203.47,199.57,232.99,226.94,226.94,198.74,266.32,264.39,257.08,256.54,250.63,240.53,2.286,0.737,238.39,241.78,210.49,210.49,235.12,260.66,248.16,239.34,239.49,240.39,220.61,219.94,226.93,259.21,229.91,214.47,207.52,203.64,214.44,191.25,189.77,205.82,205.27,218.38,216.4,216.13,203.9,199.44,222.08,223.85,233.53,235.62
257.1,458,208.92,184.93,201.84,251.1,213.7,294.99,197.35,1.647,0,260.45,291.81,262.85,206.27,255.25,225.89,215.93,214.63,229.23,195.85,229.48,201.46,269.37,217.88,266.56,217.08,204.12,269.71,209.11,255.11,220.62,223.06,230.87,210.97,213.5,218.29,193.07,192.03,185,185.72,194.94,189.87,201.83,205.73,248.5,221.96,205.2,201.3,234.72,228.67,228.67,200.47,268.05,266.12,258.81,258.27,252.36,242.26,2.459,0.91,240.11,243.51,212.22,212.22,236.85,262.39,249.89,241.07,241.22,242.12,222.34,221.67,228.66,260.94,231.64,216.2,209.25,205.37,216.17,192.98,191.5,207.55,207,220.12,218.13,217.86,205.63,201.17,223.81,225.58,235.26,237.35
245.01,453.74,199.26,183.61,197.08,9.932,29.164,3.782,197.46,258.72,260.45,0,3.464,0.676,207.42,1.098,216.24,219.3,218,232.6,192.71,232.85,198.32,272.74,221.25,269.92,219.63,206.67,264.01,209.82,249.26,219.13,221.42,223.46,202.87,201.99,206.77,193.18,193.19,183.76,183.31,188.54,186.73,192.17,196.07,229.07,212.31,202.06,23.872,6.656,5.446,5.446,23.872,1.088,0.895,0.164,0.218,0.809,1.819,235.86,251.35,246.74,246.88,215.59,215.59,240.21,265.75,244.19,235.37,235.37,235.37,214.93,212.15,216.57,248.85,219.55,204.69,207.44,202.22,211.91,189.84,188.36,198.52,198.89,217.16,216.49,216.38,208.18,204.54,227.18,228.95,238.63,38.292
276.37,485.1,230.62,214.97,228.44,13.28,35.86,5.456,228.83,290.08,291.81,3.464,0,3.812,238.78,4.234,247.6,250.66,249.36,263.96,224.07,264.21,229.68,304.09,252.61,301.28,250.99,238.03,295.37,241.18,280.62,250.49,252.78,254.82,234.22,233.35,238.13,224.54,224.54,215.12,214.67,219.9,218.09,223.53,227.43,260.43,243.67,233.42,30.568,10.004,8.794,8.794,30.568,2.762,2.569,3.3,3.354,3.945,4.955,267.22,282.71,278.1,278.24,246.95,246.95,271.58,297.12,275.55,266.73,266.73,266.73,246.29,243.51,247.93,280.21,250.91,236.04,238.81,233.58,243.27,221.2,219.72,229.88,230.25,248.52,247.85,247.74,239.54,235.9,258.54,260.31,269.99,44.988
247.41,456.14,201.66,186.01,199.48,10.628,30.556,4.13,199.87,261.12,262.85,0.676,3.812,0,209.82,1.338,218.64,221.7,220.4,235,195.11,235.25,200.72,275.13,223.65,272.32,222.03,209.07,266.41,212.22,251.66,221.53,223.83,225.86,205.27,204.38,209.18,195.58,195.58,186.16,185.71,190.94,189.13,194.57,198.47,231.47,214.71,204.46,25.264,7.352,6.142,6.142,25.264,1.436,1.243,0.512,0.458,1.049,2.059,238.26,253.75,249.14,249.28,217.99,217.99,242.62,268.15,246.59,237.77,237.77,237.77,217.33,214.55,218.97,251.25,221.95,207.09,209.84,204.62,214.31,192.24,190.76,200.91,201.29,219.56,218.9,218.78,210.58,206.94,229.58,231.35,241.03,39.684
259.01,435.92,187.9,208.62,209.61,230.52,235.71,241.97,235.66,204.54,206.27,207.42,238.78,209.83,0,202.22,183.94,178.06,176.76,196.56,215.24,199.71,220.1,216.17,199.07,216.54,201.4,188.43,255.59,189.63,241.05,199.42,201.86,232.39,197.57,204.35,209.14,231.38,1.424,220.04,211.11,186.02,218.06,190.75,184.71,176.59,180.01,174.92,224.96,214.3,208.25,208.09,222.48,215.03,213.09,205.78,205.24,199.33,189.23,181.68,197.17,190.31,176.98,174.35,174.35,183.65,209.19,235.77,226.94,227.16,229.57,223.86,223.3,230.57,262.85,233.55,205.95,190.41,186.09,194.09,211.62,210.89,194.53,193.6,198.92,196.93,196.67,189.95,182.36,194.04,192.91,185.24,261.01
239.81,448.54,194.06,178.41,191.88,11.472,32.244,4.552,192.27,253.52,255.25,1.098,4.234,1.338,202.22,0,211.04,214.1,212.8,227.4,187.51,227.65,193.12,267.54,216.05,264.73,214.43,201.47,258.81,204.62,244.06,213.93,216.23,218.26,197.66,196.79,201.57,187.98,187.98,178.56,178.11,183.34,181.53,186.97,190.87,223.88,207.11,196.86,26.952,8.196,6.986,6.986,26.952,1.858,1.665,0.934,0.88,0.289,1.299,230.66,246.15,241.54,241.67,210.39,210.39,235.01,260.56,238.99,230.17,230.17,230.17,209.73,206.95,211.37,243.65,214.35,199.48,202.25,197.02,206.71,184.64,183.16,193.31,193.7,211.96,211.29,211.18,202.98,199.34,221.98,223.75,233.42,41.372
234.9,432.79,189.9,159.2,184.44,210.12,187.85,250.78,177.49,224.16,225.89,216.24,247.6,218.64,183.94,211.04,0,174.94,173.64,194.8,172.1,197.4,179.18,218.62,201.78,218.46,200.98,188.02,241.73,191.78,227.05,198.37,200.81,210.29,187.53,193.02,197.81,173.2,169.7,159.27,163.9,179.22,173.08,182.81,186.71,212.28,0.393,196.23,175.44,193.74,187.69,187.69,174.62,223.84,221.91,214.6,214.06,208.15,198.05,201.31,216.8,197.51,181.06,171.23,171.23,186.1,211.64,221.91,213.09,213.16,213.41,201.76,199.79,206.46,238.74,209.44,196.08,186.14,185.8,190.96,170.7,167.75,184.6,183.56,197.6,195.88,195.62,189.53,185.07,191.73,191.15,187.16,211.49
229.31,435.86,170.09,143.93,175.42,191.7,132.04,253.84,177.93,214.2,215.93,219.3,250.66,221.7,178.06,214.1,174.94,0,241.98,188.44,159.1,188.69,166.92,228.58,177.09,225.77,192.54,175.11,239.09,189.32,224.48,198.97,201.24,198.75,178.62,181.84,186.63,173.65,163.82,144.15,143.48,142.13,161.75,162.14,166.9,186.25,171.01,149.23,119.64,175.48,169.43,169.27,118.81,226.9,224.97,217.66,217.12,211.21,201.11,191.34,206.83,237.75,237.1,239.57,0.371,196.06,221.6,219.27,210.44,210.59,212.1,190.22,188.25,200.87,233.15,203.85,189.71,187.74,183.42,194.03,158.44,154.75,173.43,174.66,196.97,196.31,196.22,181.09,160.38,183.02,184.79,194.47,155.69
227.77,434.56,168.47,142.63,174.12,190.26,130.45,252.54,177.07,212.9,214.63,218,249.36,220.4,176.76,212.8,173.64,241.98,0,187.14,157.8,187.39,165.62,227.28,175.79,224.47,191.56,173.81,237.51,188.34,222.94,197.99,200.25,197.13,177.32,180.55,185.33,172.79,162.52,142.85,142.18,140.83,160.14,160.84,165.28,184.95,169.71,147.93,118.04,173.88,167.83,167.83,117.22,225.6,223.67,216.36,215.82,209.91,199.81,190.04,205.53,235.17,237.07,0.241,238.27,194.76,220.3,217.69,208.87,209.05,210.46,188.6,186.63,199.33,231.61,202.31,188.65,186.44,182.12,192.73,157.14,153.45,172.13,173.36,195.99,195.32,195.24,180.11,159.08,181.72,183.49,193.17,154.09
235.24,445.17,177.82,166.38,191.52,199.16,149,267.14,187.56,227.5,229.23,232.6,263.96,235,196.56,227.4,194.8,188.44,187.14,0,179.42,237.65,186.5,251.84,218.51,252.74,219.91,207.63,239.18,208.79,224.36,200.26,202.35,207.08,190.04,193.43,198.22,183.28,182.32,166.59,165.92,166.77,171.87,170.73,174.63,199.55,190.87,180.98,136.59,182.78,176.73,176.73,135.77,240.2,238.27,230.96,230.42,224.51,214.41,204.64,220.13,216.02,210.44,184.73,184.73,219.32,244.86,219.36,210.54,210.47,209.66,198.55,201.99,206.8,239.08,209.78,196.42,197.55,199.89,203.34,178.02,175.07,187.81,186.07,196.76,197.42,197.51,208.46,201.8,231.98,0.365,221.44,172.64
215.74,463.92,176.04,203.72,230.04,210.74,221.89,227.25,195.91,194.12,195.85,192.71,224.07,195.11,215.24,187.51,172.1,159.1,157.8,179.42,0,182.62,256.24,197.65,186.4,198.02,185.6,172.63,226.7,176.46,211.88,178.46,180.55,198.31,159.49,164.54,169.33,191.63,201,242.23,203.27,175.76,181.64,171.51,172.85,168.16,168.17,162.73,210.81,194.5,188.45,188.31,208.66,200.31,198.38,191.07,190.53,184.62,174.52,171.26,186.75,175.06,158.47,155.39,155.39,165.13,190.67,206.88,198.06,197.99,197.18,189.79,190.74,187.3,219.58,190.28,167.24,193.48,206.45,222.09,247.75,0.435,160.33,155.52,174.96,175.62,175.71,174.15,169.69,176.95,175.77,166.72,246.86
236.67,447.78,180.41,169.57,194.13,200.59,152.79,267.39,190.14,227.75,229.48,232.85,264.21,235.25,199.71,227.65,197.4,188.69,187.39,237.65,182.62,0,189.65,251.5,222.89,252.4,222.51,211.08,239.43,209.04,224.61,200.51,202.6,207.32,191.47,194.86,199.65,185.86,185.47,169.79,169.12,170.56,174.48,173.32,177.22,199.8,193.47,184.77,140.38,184.21,178.16,178.16,139.56,240.45,238.52,231.21,230.67,224.76,214.66,204.89,220.38,216.26,210.1,184.98,184.98,218.98,244.52,219.61,210.79,210.72,209.91,198.79,203.42,208.23,240.51,211.21,197.85,198.39,201.91,205.95,181.17,178.27,189.24,187.5,197.01,197.67,197.76,211.06,206.18,0.567,234,221.1,176.43
219.13,470.26,182.26,207.11,237.12,218.56,229.71,232.86,200.78,199.73,201.46,198.32,229.68,200.72,220.1,193.12,179.18,166.92,165.62,186.5,256.24,189.65,0,204.73,191.27,205.1,190.46,177.5,228.61,179.85,213.79,181.85,183.94,200.4,161.51,167.93,172.72,196.5,205.86,243.41,206.66,180.63,186.51,177.12,179.07,175.01,175.25,168.33,218.63,202.32,196.27,196.13,216.48,205.92,203.99,196.68,196.14,190.23,180.13,176.87,192.36,180.66,165.55,163.21,163.21,172.21,197.75,208.79,199.97,199.9,199.1,191.87,192.71,190.69,222.97,193.67,170.63,199.83,212.79,228.43,0.848,251.88,163.72,157.54,178.35,179.01,179.1,179.01,174.56,183.98,182.85,173.8,254.68
265.03,470.28,202.94,184.68,213.63,231.79,166.6,307.28,211.68,267.64,269.37,272.73,304.1,275.13,216.17,267.54,218.62,228.58,227.28,251.84,197.65,251.5,204.73,0,232.36,292.39,241.68,225.24,276.13,234.99,261.35,239.49,241.76,240.68,222.66,224.16,228.95,207.4,201.93,184.82,184.37,184.38,196.29,195.84,199.75,239.69,214.69,198.58,154.19,215.41,209.36,209.36,153.37,280.34,278.41,271.1,270.56,264.64,254.55,244.78,260.27,256.15,254.33,224.87,224.87,3.252,0.698,256.31,247.49,247.46,246.65,232.15,231.47,236.59,268.87,239.57,226.86,225.83,221.34,228.46,196.25,193.3,220.44,218.69,236.9,236.83,236.74,230.23,215.64,245.83,248.19,261.09,190.24
229.18,434.78,180.46,177.2,187.22,204.09,186.46,255.79,183.18,216.15,217.88,221.25,252.61,223.65,199.07,216.05,201.78,177.09,175.79,218.51,186.4,222.89,191.27,232.36,0,233.26,222.83,251.28,233.86,197.48,218.9,185.19,187.28,194.57,169.55,180.56,185.35,178.9,184.83,177.2,180.18,188.28,172.31,173.37,177.27,188.2,197.85,211.65,174.06,187.71,181.66,181.66,173.23,228.85,226.92,219.61,219.07,213.16,203.06,193.29,208.78,204.67,190.96,173.38,173.38,199.84,225.38,214.04,205.22,205.01,202.59,186.04,205.16,200.74,233.02,203.72,182.44,182.23,190.45,192.95,182.79,182.05,177.76,165.58,181.69,182.35,182.44,211.38,1.671,217.22,214.86,201.96,210.11
263.81,469.6,202.25,185.04,213.47,230.04,166.97,304.47,211.52,264.83,266.56,269.92,301.28,272.32,216.54,264.73,218.46,225.77,224.47,252.74,198.02,252.4,205.1,292.39,233.26,0,242.05,225.6,273.89,235.36,259.07,237.49,239.67,238.93,220.91,222.94,227.73,207.24,202.3,185.19,184.74,184.75,196.29,195.16,199.06,236.88,214.53,198.95,154.56,213.66,207.61,207.61,153.74,277.53,275.59,268.29,267.75,261.83,251.74,241.97,257.46,253.34,250.99,222.06,222.06,259.87,285.41,254.07,245.25,245.18,244.37,230.4,230.25,235.37,267.65,238.35,225.64,225.14,221.71,227.77,196.62,193.67,218.69,216.94,234.09,234.74,234.74,230.6,216.54,246.73,249.09,3.13,190.61
223.92,423.4,179.66,179.2,179.23,221.12,203.49,254.17,186.2,215.35,217.08,219.63,250.99,222.03,201.4,214.43,200.98,192.54,191.56,219.91,185.6,222.51,190.46,241.68,222.83,242.05,0,200.23,218.29,192.37,203.39,171.17,173.27,176.41,156.96,172.44,177.23,181.92,187.16,179.13,181.6,189.32,172.77,172.57,176.47,187.4,197.05,202.52,191.09,204.74,198.69,198.69,190.26,227.23,225.3,217.99,217.45,211.54,201.44,192.49,207.98,202.51,202.5,189.15,188.83,209.16,234.7,198.47,189.65,189.5,187.89,167.88,199.9,195.48,227.76,198.46,180.21,170.77,183.23,181.57,181.98,181.25,168.9,152.99,167.67,168.34,168.42,1.145,206.12,216.84,216.26,210.75,227.14
216.59,413.46,166.7,166.24,169.29,202.11,184.48,241.21,172.36,202.39,204.12,206.67,238.03,209.07,188.43,201.47,188.02,175.11,173.81,207.63,172.63,211.08,177.5,225.24,251.28,225.6,200.23,0,218,174.88,202.97,156.7,158.79,173.36,144,157.96,162.75,168.08,174.19,166.16,169.17,177.87,159.8,159.61,163.51,174.44,184.09,197.12,172.08,185.73,179.68,179.68,171.25,214.27,212.34,205.03,204.49,198.58,188.48,179.53,195.02,189.55,186.03,171.4,171.4,192.72,218.26,198.18,189.36,189.07,185.86,164.83,201.41,188.15,220.43,191.13,165.73,156.3,168.76,171.63,169.02,168.28,154.43,140.03,153.2,153.86,153.95,188.78,234.57,205.41,203.98,194.31,208.13
269.91,456.8,235.49,227.61,203.57,271.88,254.25,298.55,242.02,267.98,269.71,264.01,295.37,266.41,255.59,258.81,241.73,239.09,237.51,239.18,226.7,239.43,228.61,276.13,233.86,273.89,218.28,218,0,195.29,264.51,177.11,179.21,226.67,167.23,182.83,187.62,237.74,241.35,227.39,227.94,233.78,228.59,228.4,232.3,240.03,237.8,218.56,241.85,255.5,249.45,249.45,241.02,271.61,269.68,262.37,261.83,255.92,245.82,245.12,260.61,244.75,245.36,235.1,235.38,243.61,269.15,1.982,2.864,250.62,247.4,218.14,254.73,241.47,273.75,244.45,219.05,176.71,194,214.97,220.13,222.35,177.22,163.26,173.61,174.28,174.36,206.84,217.15,233.76,235.53,242.59,277.9
217.09,408.48,171.69,169.93,164.3,223.7,209.42,244.36,176.07,207.38,209.11,209.82,241.18,212.22,189.63,204.62,191.78,189.32,188.34,208.79,176.46,209.04,179.85,234.99,197.48,235.36,192.37,174.88,195.29,0,180.47,186.6,188.43,154.53,157.45,193.22,198.01,171.79,175.39,171.15,170.01,171.99,164.19,164.19,168.5,179.43,187.85,184.12,197.02,207.65,201.6,201.27,196.19,217.42,215.49,208.18,207.64,201.73,191.63,184.51,200,192.17,195.81,185.93,185.61,202.47,228.01,175.47,166.65,166.58,165.77,146,184.23,188.65,220.93,191.63,185.12,183.72,183.72,166.65,171.37,172.11,201.64,153.48,180.86,183.5,183.86,180.92,180.77,203.37,205.14,204.06,233.07
255.38,441.91,221.03,212.93,188.75,257.49,239.86,283.8,227.56,253.38,255.11,249.26,280.62,251.66,241.05,244.06,227.05,224.48,222.94,224.36,211.88,224.61,213.79,261.35,218.9,259.07,203.39,202.97,264.51,180.47,0,162.29,164.38,212.14,152.38,168.01,172.8,223.28,226.81,212.71,213.26,218.95,214.13,213.94,217.84,225.43,223.12,203.73,227.46,241.11,235.06,235.06,226.63,256.86,254.93,247.62,247.08,241.17,231.07,230.52,246.01,230,230.73,220.53,220.77,228.83,254.37,244.69,235.87,1.389,232.94,203.61,240.19,226.94,259.22,229.92,204.52,161.89,179.18,200.08,205.31,207.53,162.39,148.41,158.79,159.45,159.54,191.94,202.19,218.94,220.71,227.77,263.51
195.79,413.57,186.18,175.76,168.58,237.87,223.91,253.67,189.35,218.88,220.61,219.13,250.49,221.53,199.42,213.93,198.37,198.97,197.99,200.26,178.46,200.51,181.85,239.49,185.19,237.49,171.17,156.7,177.11,186.61,162.29,0,200.57,147.05,167.25,203.02,207.81,185.07,185.18,176.23,175.76,176.48,177.71,178.68,182.99,190.94,194.44,177.58,211.51,221.81,215.76,215.44,210.68,226.73,224.8,217.49,216.95,211.04,200.94,196.02,211.51,200.43,206.1,195.58,195.26,206.97,232.51,157.29,148.47,148.4,147.6,138.52,158.52,167.35,199.63,170.33,194.92,166.68,182.37,171.74,173.37,174.11,211.44,163.28,193,195.64,0.275,159.72,168.48,194.84,196.61,206.19,247.56
197.88,415.81,188.8,177.94,170.76,240.3,226.53,255.97,191.88,221.33,223.06,221.43,252.79,223.83,201.86,216.23,200.81,201.24,200.26,202.35,180.55,202.61,183.94,241.76,187.28,239.67,173.27,158.79,179.21,188.43,164.38,200.57,0,149.15,169.69,205.46,210.25,187.6,187.62,178.32,177.94,178.75,180.15,181.3,185.61,193.38,196.88,179.58,214.13,224.24,218.19,217.87,213.3,229.03,227.09,219.79,219.25,213.34,203.24,198.47,213.96,202.7,208.55,197.84,197.53,209.24,234.78,159.39,150.57,150.49,149.69,140.61,160.61,169.44,201.72,172.42,197.36,168.77,184.55,173.98,175.46,176.2,213.88,165.72,195.53,0.493,197.83,161.82,170.57,196.94,198.71,208.37,250.18
215.41,430.65,213.12,198.35,178.63,234.51,243.71,258,220.07,229.14,230.87,223.46,254.82,225.86,232.39,218.26,210.29,198.75,197.13,207.08,198.31,207.32,200.4,240.68,194.57,238.93,176.41,173.36,226.67,154.53,212.14,147.05,149.15,0,138.64,147.01,151.8,215.79,218.15,198.2,198.65,202.14,208.28,207.25,209.93,204.59,206.36,188.31,231.64,218.13,212.08,212.08,230.48,231.06,229.13,221.82,221.28,215.37,205.27,206.28,221.77,204.19,209.45,194.72,195.04,208.16,233.7,206.85,198.03,198.25,245.11,0.853,241.66,186.97,219.25,189.95,164.55,149.71,169.44,188.82,191.92,193.97,142.6,134.66,143.55,144.22,144.3,164.96,177.86,201.66,203.43,207.63,267.69
170.24,385.3,185.29,159.4,139.75,219.02,230.3,237.41,186.82,209.24,210.97,202.87,234.22,205.27,197.57,197.67,187.53,178.63,177.32,190.04,159.49,191.47,161.52,222.66,169.55,220.91,156.96,144,167.23,157.45,152.38,167.25,169.69,138.64,0,158.33,163.12,182.54,183.33,159.32,159.55,161.11,175.01,175.24,182.1,184.69,183.6,162.88,220.26,202.64,196.59,196.59,217.08,210.47,208.54,201.22,200.69,194.78,184.68,186.38,201.87,183.07,191.98,174.91,174.92,190.14,215.68,147.41,138.59,138.49,136.88,130.1,137.38,141.8,174.08,144.78,150.23,151.87,164.33,143.47,153.04,155.14,220.29,0.397,219.82,164.76,164.5,145.51,152.84,185.8,186.39,189.61,256.31
189.33,400.77,193.59,162.38,151.5,229.39,240.92,236.52,195.38,211.77,213.5,201.99,233.35,204.38,204.35,196.79,193.02,181.84,180.55,193.43,164.54,194.86,167.93,224.16,180.56,222.94,172.44,157.96,182.83,193.22,168.01,203.02,205.46,147.01,158.33,0,0.479,191.11,190.11,162.31,162.53,163.88,181.68,181.68,190.4,190.61,189.09,165.59,231.19,213.17,207.12,206.96,227.69,209.59,207.65,200.34,199.81,193.9,183.8,188.91,204.4,182.72,191.23,178.14,178.14,191.64,217.18,163.01,154.19,154.12,153.31,138.48,152.06,160.89,193.17,163.87,182.45,166.96,175.57,158.94,159.45,160.19,182.02,154.36,202.52,200.53,200.27,160.99,163.85,189.19,189.78,191.64,267.24
194.12,405.56,198.38,167.17,156.29,234.18,245.71,241.32,200.17,216.56,218.29,206.78,238.13,209.18,209.14,201.58,197.81,186.63,185.34,198.22,169.33,199.65,172.72,228.95,185.35,227.73,177.23,162.75,187.62,198.01,172.8,207.81,210.25,151.8,163.12,0.479,0,195.89,194.9,167.1,167.32,168.68,186.47,186.47,195.19,195.4,193.88,170.38,235.98,217.96,211.91,211.75,232.48,214.38,212.45,205.14,204.6,198.69,188.59,193.7,209.19,187.51,196.02,182.93,182.93,196.43,221.97,167.8,158.98,158.91,158.1,143.27,156.85,165.68,197.96,168.66,187.24,171.75,180.36,163.73,164.24,164.98,186.81,159.15,207.31,205.32,205.06,165.78,168.64,193.98,194.57,196.43,272.03
248.39,416.97,176.4,185.09,189.18,224.24,224.84,227.72,0.428,191.34,193.07,193.18,224.54,195.58,231.38,187.99,173.21,173.65,172.79,183.28,191.63,185.86,196.5,207.4,178.9,207.24,181.92,168.08,237.74,171.79,223.28,185.07,187.6,215.79,182.54,191.1,195.89,0,217.14,190.91,189.42,168.06,218.71,182.38,173.21,165.09,169.28,160.68,214.09,208.19,202.14,201.81,211.61,200.79,198.85,191.54,191,185.09,175,168.48,183.97,176.07,170.18,170.38,169.94,174.88,200.42,217.92,209.1,209.39,212.61,207.26,209.26,219.95,252.23,222.93,197,168.73,164.41,175.14,188.02,187.28,179.48,178.57,184.68,182.67,182.32,170.47,162.19,180.19,179.63,175.94,250.14
244.77,421.68,173.66,194.38,195.37,216.28,221.47,227.73,221.42,190.3,192.03,193.19,224.55,195.58,1.424,187.99,169.7,163.82,162.52,182.32,201,185.47,205.86,201.93,184.83,202.3,187.16,174.19,241.35,175.39,226.81,185.18,187.62,218.15,183.33,190.11,194.9,217.14,0,205.79,196.87,171.78,203.82,176.51,170.47,162.35,165.77,160.68,210.72,200.06,194.01,193.85,208.24,200.78,198.86,191.54,191,185.1,174.99,167.44,182.93,176.07,162.73,160.11,160.11,169.41,194.95,221.53,212.71,212.92,215.33,209.62,209.06,216.33,248.61,219.31,191.71,176.17,171.85,179.85,197.38,196.65,180.3,179.36,184.68,182.69,182.43,175.71,168.12,179.8,178.67,171,246.77
212.47,453.21,165.33,200.78,217.21,195.79,206.94,218.3,195.19,183.27,185,183.76,215.12,186.16,220.03,178.56,159.27,144.15,142.85,166.59,242.23,169.79,243.4,184.82,177.2,185.19,179.13,166.16,227.39,171.15,212.72,176.23,178.32,198.2,159.32,162.31,167.1,190.91,205.79,0,200.18,167.55,177.59,162.92,162.14,155.33,155.34,153.05,195.86,179.55,173.5,173.36,193.71,191.36,189.43,182.12,181.58,175.67,165.57,160.41,175.9,165.57,145.64,140.44,140.44,152.3,177.84,207.57,198.75,198.82,199.19,189.68,188.22,184.03,216.31,187.01,165.01,182.77,195.74,211.38,234.93,237.88,158.1,155.35,172.73,173.39,173.48,167.68,160.49,164.12,162.94,153.89,231.91
212.47,422.99,173.05,200.47,193.75,194.82,205.83,217.85,193.7,183.99,185.72,183.31,214.67,185.71,211.11,178.11,163.9,143.48,142.18,165.93,203.27,169.13,206.66,184.38,180.18,184.75,181.6,169.17,227.94,170.01,213.26,175.76,177.94,198.65,159.55,162.53,167.32,189.42,196.87,200.18,0,182.65,180.08,177.37,169.86,157.74,159.97,159.93,194.75,178.44,172.39,172.39,192.6,190.91,188.98,181.67,181.13,175.22,165.12,161.13,176.62,165.12,145.2,139.77,139.77,151.86,177.4,208.12,199.3,199.37,199.83,190.12,188.22,184.03,216.31,187.01,165.23,175.07,174.31,181.16,198.18,198.92,158.32,155.58,172.95,173.01,173.01,170.15,163.47,163.45,162.28,153.45,230.8
212.47,405.72,181.5,167.55,176.58,190.76,201.77,223.08,172.34,193.21,194.94,188.54,219.9,190.94,186.02,183.34,179.22,142.13,140.83,166.77,175.76,170.56,180.63,184.38,188.28,184.75,189.32,177.87,233.78,171.99,218.95,176.48,178.75,202.14,161.11,163.88,168.68,168.06,171.78,167.55,182.65,0,177.76,177.76,178.32,169.87,175.29,178.36,191.01,174.38,168.33,168.33,188.54,196.14,194.21,186.9,186.36,180.45,170.35,170.35,185.84,170.35,145.2,138.42,138.42,151.85,177.4,213.95,205.13,205.06,204.26,193.61,188.45,184.03,216.31,187.01,165.73,169.56,163.24,163.89,172.15,171.41,159.98,157.14,174.46,173.82,173.73,177.87,171.57,164.89,163.12,153.45,227.06
241.51,409,183.01,175.1,179.8,214.59,211.5,221.27,222.99,188.14,189.87,186.73,218.09,189.13,218.06,181.53,173.08,161.75,160.14,171.87,181.64,174.48,186.51,196.29,172.31,196.29,172.77,159.8,228.59,164.19,214.13,177.71,180.15,208.28,175.01,181.68,186.47,218.71,203.82,177.59,180.08,177.76,0,197.4,179.82,163.58,169.15,155.6,200.74,198.37,192.32,192.16,198.27,194.33,192.4,185.09,184.55,178.64,168.54,165.28,180.77,169.07,157.11,157.73,158.05,163.77,189.31,208.77,199.95,200.24,203.46,199.75,200.95,213.07,245.35,216.05,188.55,162.07,157.75,167.17,178.03,177.3,171.04,171.04,177.21,175.22,174.96,161.31,155.6,168.81,168.22,164.99,236.79
241.56,408.06,217.16,162.92,173.59,214.84,210.39,226.71,186.66,200.1,201.83,192.17,223.53,194.57,190.75,186.97,182.81,162.14,160.84,170.73,171.51,173.32,177.12,195.84,173.37,195.15,172.57,159.61,228.4,164.19,213.94,178.68,181.3,207.25,175.24,181.68,186.47,182.38,176.51,162.92,177.37,177.76,197.4,0,213.97,181.5,178.88,160.38,199.04,198.46,192.41,192.41,197.16,199.77,197.84,190.53,189.99,184.08,173.98,177.24,192.73,173.45,161.09,158.43,158.43,163.32,188.87,208.58,199.76,200.05,203.26,198.72,201.71,213.12,245.4,216.1,187.82,163.42,157.9,166.23,168.64,167.16,172.18,171.27,179.33,176.37,175.93,161.12,156.66,167.65,167.08,163.85,235.09
247.54,415.34,0.319,162.07,178.24,220.69,212.34,230.61,177.49,204,205.73,196.07,227.43,198.47,184.71,190.87,186.71,166.9,165.28,174.63,172.85,177.22,179.07,199.75,177.27,199.06,176.47,163.51,232.3,168.5,217.84,182.99,185.61,209.93,182.1,190.4,195.19,173.21,170.47,162.14,169.86,178.31,179.82,213.97,0,189.3,182.78,164.28,200.99,204.31,198.26,198.26,199.11,203.67,201.74,194.43,193.89,187.98,177.88,181.14,196.63,177.35,164.99,162.87,163.19,167.22,192.77,212.48,203.66,203.95,207.16,201.4,204.98,219.1,251.38,222.08,197.57,170.04,163.75,173.51,170.59,168.5,178.13,178.13,183.99,180.68,180.24,165.02,160.56,171.55,170.98,167.75,237.04
232.51,426.88,192.49,155.25,175.55,221.42,187.42,263.62,169.37,246.77,248.5,229.07,260.44,231.48,176.59,223.88,212.28,186.25,184.95,199.55,168.16,199.8,175.02,239.69,188.2,236.88,187.4,174.44,240.03,179.43,225.43,190.94,193.38,204.59,184.69,190.61,195.4,165.09,162.35,155.32,157.74,169.87,163.58,181.5,189.3,0,208.35,178.3,175.01,205.04,198.99,198.99,174.19,236.68,234.75,227.44,226.9,220.99,210.89,223.91,239.4,208.74,213.83,182.55,182.55,207.17,232.71,220.21,211.39,211.54,212.44,196.06,195.38,204.07,236.35,207.05,193.31,179.57,176.09,185.05,166.53,163.8,181.26,180.72,190.44,188.45,188.19,175.95,171.49,194.13,195.9,205.58,211.06
230.97,428.86,185.97,155.27,180.51,206.19,183.92,246.85,173.56,220.23,221.96,212.31,243.67,214.71,180.01,207.11,0.393,171.01,169.71,190.87,168.17,193.47,175.25,214.69,197.85,214.53,197.05,184.09,237.8,187.85,223.12,194.44,196.88,206.36,183.6,189.09,193.88,169.28,165.77,155.34,159.97,175.29,169.15,178.88,182.78,208.35,0,192.3,171.51,189.81,183.76,183.76,170.69,219.91,217.98,210.67,210.13,204.22,194.12,197.38,212.87,193.58,177.13,167.3,167.3,182.17,207.71,217.98,209.16,209.23,209.48,197.83,195.86,202.53,234.81,205.51,192.15,182.21,181.87,187.03,166.77,163.82,180.67,179.63,193.67,191.95,191.69,185.6,181.14,187.8,187.22,183.23,207.56
212.47,416.56,167.47,153.05,166.79,183.66,176.4,236.6,164.96,203.48,205.2,202.06,233.42,204.46,174.92,196.86,196.23,149.23,147.93,180.98,162.73,184.77,168.33,198.58,211.65,198.95,202.52,197.12,218.56,184.12,203.73,177.58,179.58,188.31,162.88,165.59,170.38,160.68,160.68,153.05,159.93,178.36,155.6,160.38,164.28,178.3,192.3,0,164,167.28,161.23,161.23,163.17,209.66,207.73,200.42,199.88,193.97,183.87,180.62,196.1,184.41,159.4,145.52,145.52,166.06,191.6,198.74,189.92,189.84,189.04,179.78,186.21,184.03,216.31,187.01,165.73,171.75,170.08,174.73,159.85,158.38,162.79,158.91,173.33,174.65,174.83,191.07,194.94,179.1,177.33,167.65,200.05
279.72,491.91,204.18,195.5,231.47,28.492,7.926,30.296,218.37,199.56,201.29,23.872,30.568,25.264,224.96,26.952,175.44,119.64,118.04,136.59,210.81,140.38,218.63,154.19,174.06,154.56,191.09,172.08,241.85,197.02,227.46,211.51,214.13,231.64,220.26,231.19,235.98,214.09,210.72,195.86,194.75,191.01,200.74,199.04,200.99,175.01,171.51,164,0,5.28,6.49,19.52,5.28,19.52,20.292,23.216,23.432,25.796,29.836,176.7,192.19,179.42,115.01,115.63,115.93,121.67,147.21,222.03,213.21,213.57,217.59,223.11,229.19,251.28,283.56,254.26,242.94,212.31,232.95,250.08,210.15,206.46,217.16,216.29,212.51,209.2,208.76,179.64,157.35,134.71,132.94,123.26,3.605
262.1,473.91,207.5,179.19,213.47,8.966,7.926,9.868,212.47,232.99,234.72,6.656,10.004,7.352,214.3,8.196,193.74,175.48,173.88,182.78,194.5,184.21,202.32,215.41,187.71,213.66,204.74,185.73,255.5,207.65,241.11,221.81,224.24,218.13,202.64,213.17,217.96,208.19,200.06,179.55,178.44,174.38,198.37,198.46,204.31,205.04,189.81,167.28,5.28,0,0.605,4.48,5.28,4.48,4.866,6.328,6.436,7.618,9.638,210.13,225.62,218.29,185.11,171.47,171.77,182.89,208.43,235.68,226.86,227.22,231,209.6,211.57,233.66,265.94,236.64,224.3,211.65,215.98,232.08,193.84,190.15,199.14,198.67,220.46,219.31,219.06,193.29,171,178.54,179.13,182.36,12.49
256.05,467.86,201.45,173.14,207.42,7.756,9.136,8.658,206.41,226.94,228.67,5.446,8.794,6.142,208.25,6.986,187.69,169.43,167.83,176.73,188.45,178.16,196.27,209.36,181.66,207.61,198.69,179.68,249.45,201.6,235.06,215.76,218.19,212.08,196.59,207.12,211.91,202.13,194.01,173.5,172.39,168.33,192.32,192.41,198.26,198.99,183.76,161.23,6.49,0.605,0,3.27,6.49,3.27,3.656,5.118,5.226,6.408,8.428,204.08,219.57,212.24,179.06,165.42,165.72,176.84,202.38,229.63,220.81,221.17,224.95,203.55,205.52,227.61,259.89,230.59,218.25,205.6,209.93,226.03,187.79,184.1,193.09,192.62,214.41,213.26,213.01,187.24,164.95,172.49,173.08,176.31,13.7
256.05,467.69,201.45,173.07,207.25,2.243,24.812,8.658,206.09,226.94,228.67,5.446,8.794,6.142,208.09,6.986,187.69,169.27,167.83,176.73,188.31,178.16,196.13,209.36,181.66,207.61,198.69,179.68,249.45,201.27,235.06,215.44,217.87,212.08,196.59,206.96,211.75,201.81,193.85,173.36,172.39,168.33,192.16,192.41,198.26,198.99,183.76,161.23,19.52,4.48,3.27,0,19.52,3.27,3.656,5.118,5.226,6.408,8.428,204.08,219.57,212.24,179.06,165.42,165.56,176.84,202.38,229.63,220.81,221.17,224.79,203.55,205.52,227.61,259.89,230.59,218.09,205.44,209.76,225.86,187.65,183.96,192.93,192.62,214.09,212.94,212.69,187.24,164.95,172.49,173.08,176.31,33.94
276.54,488.43,202.3,193.35,227.99,28.492,1.323,30.296,215.89,198.74,200.47,23.872,30.568,25.264,222.48,26.952,174.61,118.81,117.22,135.77,208.66,139.56,216.48,153.37,173.23,153.74,190.26,171.25,241.02,196.19,226.63,210.68,213.3,230.48,217.07,227.69,232.48,211.61,208.24,193.71,192.6,188.54,198.27,197.16,199.11,174.19,170.69,163.17,5.28,5.28,6.49,19.52,0,19.52,20.292,23.216,23.432,25.796,29.836,175.88,191.37,178.6,114.19,114.81,115.1,120.85,146.39,221.2,212.38,212.74,216.76,221.95,226.01,248.1,280.38,251.08,238.82,211.48,230.35,246.6,208,204.31,213.66,213.1,211.68,208.37,207.93,178.81,156.52,133.89,132.12,122.44,12.49
252.61,461.34,206.86,191.21,204.68,7.756,24.812,2.694,205.07,266.32,268.05,1.088,2.762,1.436,215.02,1.858,223.84,226.9,225.6,240.2,200.31,240.45,205.92,280.34,228.85,277.53,227.23,214.27,271.61,217.42,256.86,226.73,229.03,231.06,210.47,209.59,214.38,200.79,200.78,191.36,190.91,196.14,194.33,199.77,203.67,236.67,219.91,209.66,19.52,4.48,3.27,3.27,19.52,0,0.193,0.924,0.978,1.569,2.579,243.46,258.95,254.34,254.48,223.19,223.19,247.81,273.36,251.79,242.97,242.97,242.97,222.53,219.75,224.17,256.45,227.15,212.29,215.05,209.82,219.51,197.44,195.96,206.11,206.5,224.76,224.09,223.98,215.78,212.14,234.78,236.55,246.23,33.94
250.68,459.41,204.93,189.28,202.75,8.142,25.584,2.887,203.13,264.39,266.12,0.895,2.569,1.243,213.09,1.665,221.91,224.97,223.67,238.27,198.38,238.52,203.99,278.4,226.92,275.59,225.3,212.34,269.68,215.49,254.93,224.8,227.09,229.13,208.54,207.66,212.45,198.85,198.85,189.43,188.98,194.21,192.4,197.84,201.74,234.75,217.98,207.73,20.292,4.866,3.656,3.656,20.292,0.193,0,0.731,0.785,1.376,2.386,241.53,257.02,252.41,252.55,221.26,221.26,245.88,271.42,249.86,241.04,241.04,241.04,220.6,217.82,222.24,254.52,225.22,210.36,213.11,207.89,217.58,195.51,194.03,204.18,204.56,222.83,222.16,222.05,213.85,210.21,232.85,234.62,244.3,34.712
243.37,452.1,197.62,181.97,195.44,9.604,28.508,3.618,195.82,257.08,258.81,0.164,3.3,0.512,205.78,0.934,214.6,217.66,216.36,230.96,191.07,231.21,196.68,271.1,219.61,268.29,217.99,205.03,262.37,208.18,247.62,217.49,219.78,221.82,201.23,200.34,205.13,191.55,191.54,182.12,181.67,186.9,185.09,190.53,194.43,227.44,210.67,200.42,23.216,6.328,5.118,5.118,23.216,0.924,0.731,0,0.054,0.645,1.655,234.22,249.71,245.1,245.24,213.95,213.95,238.58,264.12,242.55,233.73,233.73,233.73,213.29,210.51,214.93,247.21,217.91,203.05,205.8,200.58,210.27,188.2,186.72,196.88,197.26,215.52,214.86,214.74,206.54,202.9,225.54,227.31,236.99,37.636
242.83,451.56,197.08,181.43,194.9,9.712,28.724,3.672,195.28,256.54,258.27,0.218,3.354,0.458,205.24,0.88,214.06,217.12,215.82,230.42,190.53,230.67,196.14,270.56,219.07,267.75,217.45,204.49,261.83,207.64,247.08,216.95,219.25,221.28,200.69,199.8,204.6,191,191,181.58,181.13,186.36,184.55,189.99,193.89,226.89,210.13,199.88,23.432,6.436,5.226,5.226,23.432,0.978,0.785,0.054,0,0.591,1.601,233.68,249.17,244.56,244.69,213.41,213.41,238.03,263.57,242.01,233.19,233.19,233.19,212.75,209.97,214.39,246.67,217.37,202.5,205.26,200.04,209.73,187.66,186.18,196.33,196.72,214.98,214.31,214.2,206,202.36,225,226.77,236.44,37.852
236.92,445.65,191.17,175.52,188.99,10.894,31.088,4.263,189.37,250.63,252.36,0.809,3.945,1.049,199.33,0.289,208.15,211.21,209.91,224.51,184.62,224.76,190.23,264.64,213.16,261.83,211.54,198.58,255.92,201.73,241.17,211.04,213.34,215.37,194.78,193.89,198.69,185.09,185.09,175.67,175.22,180.45,178.64,184.08,187.98,220.98,204.22,193.97,25.796,7.618,6.408,6.408,25.796,1.569,1.376,0.645,0.591,0,1.01,227.77,243.26,238.65,238.79,207.5,207.5,232.13,257.67,236.1,227.28,227.28,227.28,206.84,204.06,208.48,240.76,211.46,196.59,199.36,194.13,203.82,181.75,180.27,190.43,190.81,209.07,208.41,208.29,200.09,196.45,219.09,220.86,230.54,40.216
226.82,435.55,181.07,165.42,178.89,12.914,35.128,5.273,179.27,240.53,242.26,1.819,4.955,2.059,189.23,1.299,198.05,201.11,199.81,214.41,174.52,214.66,180.13,254.55,203.06,251.74,201.44,188.48,245.82,191.63,231.07,200.94,203.24,205.27,184.68,183.79,188.59,175,174.99,165.57,165.12,170.35,168.54,173.98,177.88,210.88,194.12,183.87,29.836,9.638,8.428,8.428,29.836,2.579,2.386,1.655,1.601,1.01,0,217.67,233.16,228.55,228.69,197.4,197.4,222.03,247.56,226,217.18,217.18,217.18,196.74,193.96,198.38,230.66,201.36,186.5,189.25,184.03,193.72,171.65,170.17,180.32,180.71,198.97,198.31,198.19,189.99,186.35,208.99,210.76,220.44,44.256
232.51,433.41,184.33,160.34,177.25,226.51,189.11,270.4,172.76,2.286,2.459,235.86,267.22,238.26,181.68,230.66,201.3,191.34,190.04,204.64,171.26,204.89,176.87,244.78,193.29,241.97,192.49,179.53,245.12,184.51,230.52,196.02,198.47,206.28,186.38,188.91,193.7,168.48,167.44,160.41,161.13,170.35,165.28,177.24,181.14,223.91,197.37,180.62,176.71,210.13,204.08,204.08,175.88,243.46,241.53,234.22,233.68,227.77,217.67,0,1.549,215.53,218.92,187.63,187.63,212.26,237.8,225.3,216.48,216.63,217.53,197.75,197.07,204.07,236.35,207.05,191.61,184.66,180.78,191.58,168.39,166.91,182.96,182.41,195.52,193.54,193.27,181.04,176.58,199.22,200.99,210.67,212.76
248,448.9,199.82,175.83,192.74,242,204.6,285.89,188.25,0.737,0.91,251.35,282.71,253.75,197.17,246.15,216.8,206.83,205.53,220.13,186.75,220.38,192.36,260.27,208.78,257.46,207.98,195.02,260.61,200,246.01,211.51,213.96,221.77,201.87,204.4,209.19,183.97,182.93,175.9,176.62,185.84,180.77,192.73,196.63,239.4,212.87,196.1,192.2,225.62,219.57,219.57,191.37,258.95,257.02,249.71,249.17,243.26,233.16,1.549,0,231.01,234.41,203.12,203.12,227.75,253.29,240.79,231.97,232.12,233.02,213.24,212.56,219.56,251.84,222.54,207.1,200.15,196.27,207.07,183.88,182.4,198.45,197.9,211.01,209.03,208.76,196.53,192.07,214.71,216.48,226.16,228.25
225.21,435.01,180.54,165.42,178.89,234.67,191.83,281.28,180.35,238.38,240.11,246.74,278.1,249.14,190.31,241.54,197.51,237.75,235.17,216.01,175.06,216.26,180.66,256.15,204.67,253.34,202.51,189.55,244.75,192.16,230,200.43,202.7,204.19,183.07,182.72,187.51,176.07,176.07,165.57,165.12,170.35,169.07,173.45,177.35,208.74,193.58,184.41,179.43,218.29,212.24,212.24,178.6,254.34,252.41,245.1,244.56,238.65,228.55,215.53,231.01,0,230.29,232.77,234.04,223.63,249.17,224.93,216.11,216.11,216.11,195.66,192.36,196.77,229.05,199.75,185.42,188.72,184.57,193.18,172.18,170.71,179.79,179.1,198.43,197.77,197.68,191.06,187.96,210.59,212.37,222.04,215.48
232.51,433.39,168.18,145.5,174.79,201.49,127.42,281.42,174.46,241.78,243.51,246.88,278.23,249.28,176.97,241.67,181.06,237.1,237.07,210.44,158.47,210.1,165.55,254.33,190.96,250.99,202.5,186.03,245.36,195.81,230.73,206.1,208.54,209.45,191.98,191.23,196.02,170.18,162.73,145.64,145.19,145.19,157.11,161.09,164.99,213.83,177.13,159.4,115.01,185.11,179.06,179.06,114.19,254.48,252.54,245.23,244.69,238.78,228.69,218.92,234.41,230.29,0,234.66,233.39,221.81,247.35,225.54,216.72,216.84,217.19,200.92,198.95,204.07,236.35,207.05,193.93,190.78,182.16,191.56,157.07,154.12,188.42,188.01,205.6,203.62,203.35,191.05,174.24,204.43,206.79,219.69,151.06
