0,445.26,250.73,212.47,199.84,229.82,235.01,247.62,252.67,234.03,235.76,213.08,244.44,215.48,259.01,207.88,241.37,195.54,193.93,209.74,215.74,211.76,219.13,213.07,209.55,237.39,207.26,192.84,225.91,196.79,233.31,190.93,193.06,208.32,170.24,184.51,189.3,248.39,244.77,212.47,212.47,212.47,241.51,241.56,247.54,248.56,237.44,200.27,224.26,213.61,207.56,207.39,221.78,220.68,218.75,211.44,210.9,204.99,194.89,211.17,226.66,192.21,217.19,191.52,191.84,206.09,206.09,206.09,219.2,219.42,221.83,199.79,223.3,2.844,5.476,2.546,211.08,190.56,207.71,203.43,210.65,211.39,178.89,166.27,187.46,188.13,188.18,195.81,192.84,206.09,206.09,206.09,260.31
445.26,0,418.53,423.44,499.97,503.19,514.73,504.87,421.25,491.28,493.01,470.33,501.69,472.73,435.92,465.13,432.79,453.17,451.87,455.27,463.92,455.62,470.26,457.59,434.78,487.94,423.4,413.46,456.72,408.48,441.91,413.57,415.81,430.65,385.3,400.77,405.56,416.97,421.68,453.21,422.99,405.72,409,408.06,415.34,428.14,428.86,416.56,505.37,486.98,480.93,480.76,501.5,477.93,476,468.69,468.15,462.24,452.14,468.42,483.91,449.46,467.74,449.46,449.46,456.64,450.61,436.9,428.16,428.02,426.41,422.12,420.21,416.82,449.1,419.8,403.47,454.98,474.32,24.183,461.78,459.57,395.5,381.33,410.88,410.88,410.82,411.95,418.07,449.95,451.63,456.64,541.42
250.73,418.53,0,173.19,182.63,258.94,270.47,265.57,187.48,251.98,253.71,231.03,262.39,233.43,193.91,225.83,223.1,213.87,212.57,216.76,181.75,217.6,187.36,226.76,202.12,250.3,192.4,182.46,233.69,177.47,224.59,190.07,192.6,216.56,185.29,193.59,198.38,183.2,179.67,173.11,187.83,205.39,199.96,257.84,0.319,233.17,219.17,189.12,261.09,242.72,236.67,236.51,257.24,238.63,236.7,229.39,228.85,222.94,212.84,229.12,244.61,210.16,230.63,210.16,210.16,219.53,219.78,213.87,210.34,210.7,214.72,208.03,210.75,222.29,254.57,225.27,200.76,174.41,166.94,176.7,178.88,177.4,181.32,181.32,190.32,187.67,187.32,180.95,185.41,211.93,213.11,219,297.14
212.47,423.44,173.19,0,194.2,242.29,238.51,255.3,200.74,241.71,243.44,220.76,252.12,223.16,216.82,215.56,168.66,203.6,202.3,199.58,203.72,199.78,207.11,220.9,178.35,236.91,179.2,166.24,221.22,169.93,208.31,175.76,177.94,195.54,159.4,162.38,167.17,196.46,202.58,201.71,201.4,169.43,187.16,171.79,170,168.23,164.73,154.21,226.1,226.07,220.02,219.86,225.28,228.36,226.43,219.12,218.58,212.67,202.57,218.85,234.34,199.89,218.3,199.89,199.89,207.2,213.92,201.4,194.34,194.42,195.02,187.01,185.62,184.03,216.31,187.01,165.08,175.35,174.76,181.61,198.63,199.37,158.17,155.43,172.8,173.01,173.01,167.75,161.64,194.11,195.93,205.61,262.15
199.84,499.97,182.63,194.2,0,244.92,255.84,255.72,193.46,242.13,243.86,221.18,252.54,223.58,209.61,215.98,187.67,204.02,202.65,207.19,230.03,208.03,237.12,205.42,187.22,238.17,179.23,169.29,202.64,164.3,188.75,168.58,170.76,178.63,139.75,151.5,156.29,189.18,195.37,217.2,193.75,176.58,179.8,173.59,179.44,189.35,183.74,166.79,245.08,228.7,222.65,222.49,242.61,228.78,226.85,219.54,219,213.09,202.99,219.27,234.76,200.31,217.97,200.24,200.31,206.87,198.44,182.82,174.93,174.86,174.05,170.1,170.94,171.4,203.68,174.38,154.2,204.64,217.6,258.14,228.64,225.69,148.69,135.77,165.21,165.83,165.83,167.78,170.51,202.36,203.54,206.87,281.13
229.82,503.19,258.94,242.28,244.91,0,33.784,13.144,265.18,20.742,21.088,9.932,13.28,10.628,278.86,11.472,248.35,31.402,30.882,213.55,251.14,214.98,256.01,215.53,218.48,244.43,214.81,198.82,223.27,213.78,215.79,223.58,226.02,185.86,220.09,228.23,233.02,260.89,264.62,242.5,241.83,237.77,252.02,250.94,255.75,254.92,244.42,216.47,28.492,8.966,7.756,2.243,28.492,7.756,8.142,9.604,9.712,10.894,12.914,16.17,19.268,13.45,29.918,29.918,29.918,34.358,208.55,203.45,201.69,201.91,204.32,177.33,179.29,201.38,233.66,204.36,230.31,224.31,239.47,261.36,247.53,246.79,216.99,216.12,223.08,221.09,220.83,203.36,201.77,209.31,209.9,213.13,42.912
235.01,514.73,270.47,238.51,255.84,33.784,0,35.588,276.71,50.784,51.476,29.164,35.86,30.556,282.93,32.244,236.97,81.404,80.364,156.13,251.75,159.92,258.09,163.51,193.59,174.1,204.73,185.72,191.65,210.66,191.37,225.15,227.77,190.13,231.02,239.76,244.55,272.43,268.69,238.87,237.75,230.98,262.61,261.26,267.28,250.54,233.04,195.47,7.926,7.926,9.136,24.812,1.323,24.812,25.584,28.508,28.724,31.088,35.128,41.64,47.836,36.2,78.436,78.436,78.436,87.316,156.53,171.83,177.12,177.48,181.5,181.6,184.48,206.57,238.85,209.55,242,225.95,247.56,272.89,249.61,247.4,227.92,227.05,226.15,222.84,222.4,193.28,176.88,154.25,152.48,142.8,15.136
247.62,504.87,265.57,255.3,255.72,13.144,35.588,0,271.31,9.187,9.36,3.782,5.456,4.13,284.16,4.552,279.99,13.333,13.073,278.58,261.84,278.83,266.71,277.86,267.24,315.91,251.62,241.69,275.4,236.7,264.11,237.49,239.58,216.42,224.64,226.4,231.19,267.03,269.92,255.37,255.15,259.37,257.88,256.53,262.38,272.56,276.06,263.87,30.296,9.868,8.658,8.658,30.296,2.694,2.887,3.618,3.672,4.263,5.273,6.901,8.45,5.541,12.591,12.591,12.591,14.811,270.88,255.58,250.29,250.22,249.41,207.89,205.92,219.18,251.46,222.16,225.1,239.88,252.84,263.04,258.23,257.49,219.44,220.67,233.99,234.65,234.74,240.17,250.52,273.16,274.93,284.61,44.716
252.67,421.25,187.48,200.74,193.46,265.18,276.71,271.31,0,257.72,259.45,236.77,268.13,239.17,250.56,231.57,178.67,219.46,217.84,216.8,202.97,217.05,206.37,230,192.18,252.19,189.63,178.18,235.52,176.07,226.42,189.35,191.88,220.07,186.82,195.38,200.17,0.428,236.32,210.08,208.12,182.87,237.88,193.13,184.29,178.23,174.74,167.22,267.6,248.96,242.91,242.75,263.48,244.37,242.44,235.13,234.59,228.68,218.58,234.86,250.35,215.9,233.05,215.43,215.75,221.95,223.02,215.7,212.17,212.53,216.55,211.54,213.54,224.23,256.51,227.21,201.28,173.01,168.69,179.42,197.89,198.62,183.76,182.85,188.96,186.95,186.6,178.18,175.47,211.38,213.15,220.89,303.65
234.03,491.28,251.98,241.71,242.13,20.742,50.784,9.187,257.72,0,1.647,5.733,8.869,5.973,270.57,5.213,266.4,10.615,10.355,264.99,248.25,265.24,253.12,264.27,253.65,302.32,238.03,228.1,261.81,223.11,250.52,223.9,225.99,202.83,211.05,212.81,217.6,253.44,256.33,241.78,241.56,245.78,244.29,242.94,248.79,258.97,262.47,250.28,45.492,17.466,16.256,16.256,45.492,6.493,6.3,5.569,5.515,4.924,3.914,2.286,0.737,4.182,9.873,9.873,9.873,12.093,257.29,241.99,236.7,236.63,235.82,194.3,192.33,205.59,237.87,208.57,211.51,226.29,239.25,249.45,244.64,243.9,205.85,207.08,220.4,221.06,221.15,226.58,236.93,259.57,261.34,271.02,59.912
235.76,493.01,253.71,243.44,243.86,21.088,51.476,9.36,259.45,1.647,0,5.906,9.042,6.146,272.3,5.386,268.13,10.961,10.701,266.72,249.98,266.97,254.85,266,255.37,304.05,239.76,229.83,263.54,224.84,252.25,225.63,227.72,204.56,212.78,214.54,219.33,255.17,258.06,243.51,243.29,247.5,246.02,244.67,250.52,260.7,264.2,252.01,46.184,17.812,16.602,16.602,46.184,6.666,6.473,5.742,5.688,5.097,4.087,2.459,0.91,4.355,10.219,10.219,10.219,12.439,259.02,243.72,238.43,238.36,237.56,196.03,194.06,207.32,239.6,210.3,213.24,228.02,240.99,251.18,246.37,245.63,207.58,208.81,222.13,222.79,222.88,228.31,238.66,261.3,263.07,272.75,60.604
213.08,470.33,231.03,220.76,221.18,9.932,29.164,3.782,236.77,5.733,5.906,0,3.464,0.676,249.62,1.098,245.45,6.425,6.165,244.04,227.3,244.29,232.17,243.32,232.69,281.37,217.08,207.15,240.86,202.16,229.57,202.95,205.04,181.88,190.1,191.86,196.65,232.49,235.38,220.83,220.61,224.83,223.34,221.99,227.84,238.02,241.52,229.33,23.872,6.656,5.446,5.446,23.872,1.088,0.895,0.164,0.218,0.809,1.819,3.447,4.996,2.087,5.683,5.683,5.683,7.903,236.34,221.04,215.75,215.68,214.88,173.35,171.38,184.64,216.92,187.62,190.56,205.34,218.31,228.5,223.69,222.95,184.9,186.13,199.45,200.11,200.2,205.63,215.98,238.62,240.39,250.07,38.292
244.44,501.69,262.39,252.12,252.54,13.28,35.86,5.456,268.13,8.869,9.042,3.464,0,3.812,280.98,4.234,276.81,12.697,12.437,275.4,258.66,275.65,263.53,274.68,264.05,312.73,248.45,238.51,272.22,233.52,260.93,234.31,236.4,213.24,221.46,223.22,228.01,263.85,266.74,252.19,251.97,256.19,254.7,253.35,259.2,269.38,272.88,260.69,30.568,10.004,8.794,8.794,30.568,2.762,2.569,3.3,3.354,3.945,4.955,6.583,8.132,5.223,11.955,11.955,11.955,14.175,267.7,252.4,247.11,247.04,246.24,204.71,202.74,216,248.28,218.98,221.92,236.7,249.66,259.86,255.05,254.31,216.26,217.49,230.81,231.47,231.56,236.99,247.34,269.98,271.75,281.43,44.988
215.48,472.73,233.43,223.16,223.58,10.628,30.556,4.13,239.17,5.973,6.146,0.676,3.812,0,252.02,1.338,247.85,6.905,6.645,246.44,229.7,246.69,234.57,245.72,235.09,283.77,219.48,209.55,243.26,204.56,231.97,205.35,207.44,184.28,192.5,194.26,199.05,234.89,237.78,223.23,223.01,227.23,225.74,224.39,230.24,240.42,243.92,231.73,25.264,7.352,6.142,6.142,25.264,1.436,1.243,0.512,0.458,1.049,2.059,3.687,5.236,2.327,6.163,6.163,6.163,8.383,238.74,223.44,218.15,218.08,217.27,175.75,173.78,187.04,219.32,190.02,192.96,207.74,220.71,230.9,226.09,225.35,187.3,188.53,201.85,202.51,202.6,208.03,218.38,241.02,242.79,252.47,39.684
259.01,435.92,193.91,216.82,209.61,278.86,282.93,284.16,250.56,270.57,272.3,249.62,280.98,252.02,0,244.42,188.63,232.3,230.69,226.71,219.13,226.37,222.52,245.27,201.74,264.52,201.89,189.22,250.83,189.63,238.31,199.42,201.86,231.56,197.57,204.35,209.14,246.28,1.424,234.93,220.57,192.59,232.96,199.37,190.72,188.19,184.69,177.18,270.52,262.64,256.59,256.43,269.7,257.22,255.29,247.98,247.44,241.53,231.43,247.71,263.2,228.75,244.85,228.28,228.59,233.75,238.29,231.01,224.2,224.42,226.83,223.03,223.08,230.57,262.85,233.55,205.95,190.41,186.09,194.09,214.04,214.78,194.53,193.6,198.92,196.93,196.67,190.44,185.03,220.7,223.06,233.22,306.57
207.88,465.13,225.83,215.56,215.98,11.472,32.244,4.552,231.57,5.213,5.386,1.098,4.234,1.338,244.42,0,240.25,5.385,5.125,238.84,222.1,239.09,226.97,238.12,227.5,276.17,211.89,201.95,235.66,196.96,224.37,197.75,199.84,176.68,184.9,186.66,191.45,227.29,230.18,215.63,215.41,219.63,218.14,216.79,222.64,232.82,236.32,224.13,26.952,8.196,6.986,6.986,26.952,1.858,1.665,0.934,0.88,0.289,1.299,2.927,4.476,1.567,4.643,4.643,4.643,6.863,231.14,215.84,210.55,210.48,209.67,168.15,166.18,179.44,211.72,182.42,185.36,200.14,213.11,223.3,218.49,217.75,179.7,180.93,194.25,194.91,195,200.43,210.78,233.42,235.19,244.87,41.372
241.37,432.79,223.1,168.66,187.67,248.35,236.97,279.99,178.67,266.4,268.13,245.45,276.81,247.85,188.63,240.25,0,228.26,226.64,245.37,179.3,245.62,185.64,249.57,233.56,278.27,219.27,207.82,245.69,207.82,232.7,210.38,212.66,216.99,201.98,202.71,207.5,174.38,174.38,168.59,181.46,206.6,184.85,212.11,219.91,252.38,0.393,236.34,224.56,232.13,226.09,225.92,223.74,253.05,251.12,243.81,243.27,237.36,227.26,243.54,259.03,224.58,258.07,224.23,224.55,246.97,242.59,225.87,218.81,218.81,218.75,208.46,208.45,212.93,245.21,215.91,201.34,195.48,189.92,190.96,177.16,174.95,199.9,198.01,208.39,207.72,207.63,207.82,216.85,239.95,241.72,246.97,260.61
195.54,453.17,213.87,203.6,204.02,31.402,81.404,13.333,219.46,10.615,10.961,6.425,12.697,6.905,232.3,5.385,228.26,0,2.733,226.52,210.14,226.77,215.01,225.8,215.18,263.85,199.57,189.63,223.34,184.64,212.05,185.41,187.51,164.35,172.94,174.33,179.12,215.18,218.06,203.67,203.45,207.66,205.81,204.83,210.68,220.86,224.33,212.09,70.82,24.85,22.43,22.43,70.82,7.945,7.559,6.097,5.989,4.807,2.787,6.043,9.141,2.251,2.251,2.251,0.371,4.471,218.82,203.52,198.23,198.16,197.36,155.82,153.85,167.1,199.38,170.08,173.4,187.95,201.14,211.34,206.53,205.79,167.74,168.97,181.91,182.58,182.66,188.12,198.47,221.1,222.87,232.55,99.66
193.93,451.87,212.57,202.3,202.65,30.882,80.364,13.073,217.84,10.355,10.701,6.165,12.437,6.645,230.69,5.125,226.64,2.733,0,224.89,208.84,225.13,213.71,224.16,213.54,262.21,197.93,187.99,221.71,183,210.41,183.8,185.89,162.73,171.62,172.71,177.5,213.56,216.45,202.37,202.15,206.36,204.19,203.53,209.38,219.56,222.71,210.3,69.78,24.33,21.91,21.91,69.78,7.685,7.299,5.837,5.729,4.547,2.527,5.783,8.881,1.991,1.991,0.241,1.991,4.211,217.18,201.89,196.59,196.52,195.72,154.2,152.23,165.49,197.77,168.47,172.1,186.17,199.52,210.04,205.23,204.49,166.42,167.65,180.3,180.96,181.05,186.48,196.83,219.47,221.24,230.91,98.62
209.74,455.27,216.76,199.58,207.19,213.55,156.13,278.58,216.8,264.99,266.72,244.04,275.4,246.44,226.71,238.84,245.37,226.52,224.88,0,208.17,275.89,213.77,244.11,256.75,290.98,221.76,216.37,236.56,199.88,221.09,192.59,194.59,186.76,180.26,176.52,181.31,212.52,212.47,199.58,202.36,216.47,206.55,207.72,213.57,235.25,241.44,238.49,143.72,197.34,191.29,191.12,142.9,251.64,249.71,242.4,241.86,235.95,225.85,242.13,257.62,223.17,268.66,222.47,222.81,257.56,237.13,216.74,209.68,207.2,205.59,178.23,185.72,181.3,213.58,184.28,173.83,192.41,204.31,213.45,205.29,203.82,177.91,176.29,188.34,189.66,189.84,210.31,240.04,270.23,0.365,259.68,179.77
215.74,463.92,181.75,203.72,230.04,251.14,251.75,261.84,202.97,248.25,249.98,227.3,258.66,229.7,219.13,222.1,179.3,210.14,208.84,208.17,0,208.42,256.24,223.38,186.4,245.5,185.6,172.63,221.78,176.46,208.88,178.46,180.55,196.45,159.49,164.54,169.33,198.69,204.88,242.23,203.27,175.76,189.32,177.94,178.56,178.87,175.37,162.73,239.34,234.93,228.88,228.71,238.52,234.9,232.97,225.66,225.12,219.21,209.11,225.39,240.88,206.43,226.89,206.43,206.43,215.79,216.4,201.96,194.99,194.99,194.99,187.92,189.16,187.3,219.58,190.28,167.24,193.48,206.45,222.09,247.75,0.435,160.33,155.52,174.96,175.62,175.71,174.15,169.69,202.75,204.52,214.2,275.39
211.76,455.62,217.6,199.78,208.03,214.98,159.92,278.83,217.05,265.24,266.97,244.29,275.65,246.69,226.37,239.09,245.62,226.77,225.13,275.89,208.42,0,214.02,243.77,261.13,290.64,224.79,219.57,236.22,202.91,221.34,194.61,196.61,187.01,182.28,178.54,183.34,212.77,212.13,199.77,202.61,216.72,206.8,208.56,214.41,235.54,241.69,241.69,147.51,198.77,192.72,192.55,146.69,251.89,249.96,242.65,242.11,236.2,226.1,242.38,257.87,223.42,268.32,222.72,223.06,257.22,236.79,216.4,209.34,207.45,205.84,178.48,187.74,183.32,215.6,186.3,175.84,193.61,205.15,213.79,205.54,204.07,179.34,178.31,190.36,191.68,191.86,213.34,244.42,0.567,272.25,259.34,183.56
219.13,470.26,187.36,207.11,237.12,256.01,258.09,266.71,206.37,253.12,254.85,232.17,263.53,234.57,222.52,226.97,185.64,215.01,213.71,213.77,256.24,214.02,0,226.37,191.27,251.1,190.46,177.5,224.43,179.85,211.53,181.85,183.94,199.1,161.51,167.93,172.72,202.09,208.28,243.41,206.66,180.63,192.71,182.07,184.17,185.21,181.71,168.33,245.69,239.79,233.74,233.58,244.86,239.77,237.84,230.53,229.99,224.08,213.98,230.26,245.75,211.3,232.17,211.3,211.3,221.07,219.39,204.61,197.64,197.64,197.23,190.57,191.95,190.69,222.97,193.67,170.63,199.83,212.79,228.43,0.848,251.88,163.72,157.54,178.35,179.01,179.1,179.01,174.56,208.35,210.12,219.8,281.74
213.07,457.59,226.76,220.9,205.42,215.53,163.51,277.86,230,264.27,266,243.32,274.68,245.72,245.27,238.12,249.57,225.8,224.16,244.11,223.38,243.77,226.37,0,224.63,284.66,204.08,201.51,275.34,182.2,234.52,178.07,180.17,201.91,169.12,175.47,180.26,225.72,231.03,220.83,221.05,227.94,217.72,217.72,223.57,246.5,245.64,217.16,151.11,199.31,193.26,193.1,150.28,250.92,248.99,241.68,241.14,235.23,225.13,241.41,256.9,222.45,266.58,221.75,222.09,255.48,0.698,255.52,248.47,220.63,218.22,193.38,189.05,184.63,216.91,187.61,177.16,180.73,198.23,215.76,217.89,219.03,172.34,165.15,174.57,175.24,175.32,192.63,207.92,238.1,240.46,253.36,187.16
209.55,434.78,202.12,178.36,187.22,218.48,193.59,267.24,192.18,253.64,255.38,232.69,264.05,235.1,201.74,227.5,233.56,215.18,213.54,256.75,186.4,261.13,191.27,224.62,0,271.5,214.54,237.05,217.07,192.66,203.94,183.27,185.36,175.41,169.55,176.33,181.12,187.9,187.5,178.28,182.94,200.64,186.02,191.13,198.93,223.23,229.63,248.19,181.19,202.26,196.21,196.05,180.37,240.3,238.37,231.05,230.52,224.6,214.5,230.78,246.28,211.82,249.18,211.13,211.47,238.08,217.65,197.25,190.2,190.05,188.44,166.88,180.64,181.11,213.39,184.09,173.63,180.96,190.33,192.95,182.79,182.05,175.65,165.58,179.77,180.43,180.52,203.09,1.671,255.46,253.1,240.2,217.24
237.39,487.94,250.3,236.91,238.17,244.43,174.1,315.91,252.19,302.32,304.05,281.37,312.73,283.77,264.52,276.17,278.27,263.85,262.21,290.98,245.5,290.64,251.1,284.66,271.5,0,242.95,237.56,277.11,221.08,257.28,218.22,220.32,224.09,204.95,204.18,208.96,247.91,250.28,236.91,239.69,252.89,241.26,241.26,247.11,269.35,274.34,258.39,161.69,228.21,222.16,222,160.87,288.97,287.04,279.73,279.19,273.28,263.18,279.46,294.95,260.5,309.21,259.8,260.14,298.11,277.68,257.29,250.23,243.39,240.98,215.56,213.37,208.95,241.23,211.93,201.48,218.32,233.74,246.11,242.62,241.15,206.98,200.98,214.72,215.39,215.47,231.5,254.79,284.97,287.33,3.13,197.74
207.26,423.4,192.4,179.2,179.23,214.81,204.73,251.63,189.63,238.03,239.77,217.09,248.45,219.49,201.89,211.89,219.27,199.57,197.93,221.76,185.6,224.79,190.46,204.08,214.54,242.95,0,200.23,201.63,192.37,189.31,171.17,173.27,159.8,156.96,172.44,177.23,185.35,187.65,179.13,181.6,190.24,180.05,181.41,189.21,211.83,215.34,208.07,192.33,198.59,192.54,192.38,191.5,224.69,222.76,215.44,214.91,209,198.9,215.17,230.67,196.22,221.69,195.52,195.86,210.59,197.1,181.81,175.49,175.42,174.27,151.27,175.38,178.82,211.1,181.8,171.4,170.77,183.23,181.57,181.98,181.25,168.9,152.99,167.67,168.34,168.42,1.145,197.83,219.12,218.11,211.65,228.38
192.84,413.46,182.46,166.24,169.29,198.82,185.72,241.69,178.18,228.1,229.83,207.15,238.51,209.55,189.22,201.95,207.82,189.63,187.99,216.37,172.63,219.57,177.5,201.51,237.05,237.56,200.23,0,199.05,174.88,186.48,156.7,158.79,149.87,144,157.96,162.75,173.9,174.98,166.16,169.17,179.51,169.31,171.47,179.27,200.38,203.89,210.64,173.32,182.6,176.55,176.39,172.49,214.75,212.82,205.51,204.97,199.06,188.96,205.24,220.73,186.28,216.3,185.58,185.92,205.2,194.53,179.23,172.81,172.59,170.18,141.34,168.81,164.4,196.68,167.38,156.92,156.3,168.76,171.63,169.02,168.28,154.43,140.03,153.2,153.86,153.95,188.78,220.34,213.9,212.72,206.26,209.37
225.91,456.72,233.69,221.22,202.64,223.27,191.65,275.4,235.52,261.81,263.54,240.86,272.22,243.26,250.83,235.66,245.69,223.34,221.71,236.56,221.78,236.22,224.43,275.34,217.07,277.11,201.63,199.05,0,179.75,237.17,170.52,172.61,199.66,166.34,175.5,180.28,231.24,236.59,221.08,221.52,226.11,224.58,224.65,230.5,249.9,241.76,211.52,179.24,207.06,201.01,200.84,178.42,248.46,246.53,239.22,238.68,232.77,222.67,238.95,254.44,219.99,259.03,219.29,219.63,247.93,268.36,1.982,281.7,223.28,220.87,191.13,201.89,197.47,229.75,200.45,189.21,173.18,192.91,214.89,215.95,217.43,169.88,162.37,167.02,167.68,167.77,190.18,200.36,230.55,232.91,245.81,215.29
196.79,408.48,177.47,169.93,164.3,213.78,210.66,236.7,176.07,223.11,224.84,202.16,233.52,204.56,189.63,196.96,207.82,184.64,183,199.88,176.46,202.91,179.85,182.2,192.66,221.08,192.37,174.88,179.75,0,167.43,182.97,184.79,144.88,157.45,181.87,186.66,171.79,175.39,171.15,170.01,171.99,165.13,166.48,174.28,198.58,203.89,186.2,198.26,197.57,191.52,191.36,197.43,209.76,207.83,200.52,199.98,194.07,183.97,200.25,215.74,181.29,199.82,180.59,180.93,188.72,175.22,159.93,153.61,153.54,152.73,136.35,163.87,168.35,200.63,171.33,173.77,183.62,183.72,166.65,171.37,172.11,190.28,153.48,177.22,179.86,180.22,180.92,175.95,197.24,196.23,189.78,234.31
233.31,441.91,224.59,208.31,188.75,215.8,191.37,264.11,226.42,250.52,252.25,229.57,260.93,231.97,238.31,224.37,232.7,212.05,210.41,221.09,208.88,221.34,211.53,234.52,203.94,257.28,189.31,186.48,237.17,167.43,0,157.46,159.56,205.47,152.38,163.18,167.97,222.14,224.07,208.16,208.61,213.13,214.68,215.55,221.4,237.84,228.77,198.39,178.96,199.58,193.53,193.37,178.14,237.17,235.24,227.93,227.39,221.48,211.38,227.66,243.15,208.7,238.14,208,208.34,227.04,227.54,217.35,226.13,1.389,223.21,196.94,218.13,204.87,237.15,207.85,182.45,160.12,179.18,200.08,203.05,204.53,157.57,148.41,153.96,154.63,154.71,177.86,187.23,215.67,217.44,225.98,215.01
190.93,413.57,190.07,175.76,168.58,223.58,225.15,237.49,189.35,223.9,225.63,202.95,234.31,205.35,199.42,197.75,210.38,185.41,183.8,192.59,178.46,194.61,181.85,178.07,183.27,218.22,171.17,156.7,170.52,182.97,157.46,0,196.94,147.02,167.25,191.66,196.45,185.07,185.18,176.23,175.76,176.48,177.71,179.08,186.88,206.03,206.45,177.58,212.75,207.36,201.31,201.15,211.92,210.55,208.62,201.31,200.77,194.86,184.76,201.04,216.53,182.08,197.27,181.39,181.71,186.17,171.09,150.7,143.65,143.57,142.77,138.49,153.65,162.49,194.77,165.47,183.56,166.68,182.37,171.74,173.37,174.11,200.08,163.28,189.36,192.01,0.275,159.72,166.56,188.94,188.94,186.92,248.8
193.06,415.81,192.6,177.94,170.76,226.02,227.77,239.58,191.88,225.99,227.72,205.04,236.4,207.44,201.86,199.84,212.66,187.51,185.89,194.59,180.55,196.61,183.94,180.17,185.36,220.32,173.27,158.79,172.61,184.79,159.56,196.94,0,149.15,169.69,194.1,198.89,187.6,187.62,178.32,177.94,178.75,180.15,181.61,189.41,208.48,208.72,179.58,215.37,209.81,203.76,203.59,214.54,212.64,210.71,203.4,202.86,196.95,186.85,203.13,218.62,184.17,199.36,183.48,183.8,188.26,173.19,152.79,145.74,145.67,144.86,140.61,155.78,164.62,196.9,167.6,186,168.77,184.55,173.98,175.46,176.2,202.52,165.72,191.89,0.493,194.19,161.82,168.65,190.94,190.94,189.02,251.42
208.32,430.65,216.56,195.54,178.63,185.86,190.13,216.42,220.07,202.83,204.56,181.88,213.24,184.28,231.56,176.68,216.99,164.35,162.73,186.76,196.45,187.01,199.1,201.91,175.41,224.09,159.8,149.87,199.66,144.88,205.47,147.02,149.15,0,138.64,147.01,151.8,215.79,217.32,195.46,195.69,197.31,208.28,207.52,213.37,222.01,213.06,177.29,177.72,169.64,163.59,163.43,176.9,189.48,187.55,180.24,179.7,173.79,163.69,179.97,195.46,161.01,205.48,160.32,160.64,194.38,194.93,179.84,191.37,191.58,223.04,0.853,219.59,179.88,212.16,182.86,157.46,149.71,169.44,188.82,190.62,192.1,142.6,134.66,143.55,144.22,144.27,148.35,158.7,181.34,183.11,192.79,213.77
170.24,385.3,185.29,159.4,139.75,220.09,231.02,224.64,186.82,211.05,212.78,190.1,221.46,192.5,197.57,184.9,201.98,172.94,171.62,180.26,159.49,182.28,161.52,169.12,169.55,204.95,156.96,144,166.33,157.45,152.38,167.25,169.69,138.64,0,158.33,163.12,182.54,183.33,159.32,159.55,161.11,175.01,175.24,182.1,202.51,198.05,162.88,220.26,203.88,197.82,197.66,217.79,197.7,195.77,188.46,187.92,182.01,171.91,188.19,203.68,169.23,184.22,169.21,169.23,173.12,162.14,146.51,138.59,138.49,136.88,130.1,137.38,141.8,174.08,144.78,150.23,151.87,164.33,143.47,153.04,155.14,208.93,0.397,208.46,164.76,164.5,145.51,152.84,176.61,176.61,173.65,256.31
184.51,400.77,193.59,162.38,151.5,228.23,239.76,226.4,195.38,212.81,214.54,191.86,223.22,194.26,204.35,186.66,202.71,174.33,172.71,176.52,164.54,178.54,167.93,175.47,176.33,204.18,172.44,157.96,175.5,181.87,163.18,191.66,194.1,147.01,158.33,0,0.479,191.11,190.11,162.31,162.53,163.88,181.68,181.68,190.4,208.88,198.78,165.59,230.65,212.01,205.96,205.8,226.53,199.46,197.53,190.22,189.68,183.77,173.67,189.95,205.44,170.99,183.97,170.3,170.62,172.87,168.49,155.68,149.36,149.29,148.48,138.48,147.23,156.07,188.35,159.05,178.81,166.96,175.57,158.94,159.45,160.19,178.38,154.36,191.16,189.17,188.91,160.99,159.62,172.87,172.88,172.88,266.7
189.3,405.56,198.38,167.17,156.29,233.02,244.55,231.19,200.17,217.6,219.33,196.65,228.01,199.05,209.14,191.45,207.5,179.12,177.5,181.31,169.33,183.34,172.72,180.26,181.12,208.96,177.23,162.75,180.28,186.66,167.97,196.45,198.89,151.8,163.12,0.479,0,195.89,194.9,167.1,167.32,168.68,186.47,186.47,195.19,213.67,203.57,170.38,235.44,216.8,210.75,210.59,231.32,204.25,202.32,195.01,194.47,188.56,178.46,194.74,210.23,175.78,188.76,175.09,175.41,177.67,173.28,160.47,154.15,154.08,153.27,143.27,152.02,160.86,193.14,163.84,183.6,171.75,180.36,163.73,164.24,164.98,183.18,159.15,195.95,193.96,193.7,165.78,164.41,177.66,177.66,177.67,271.49
248.39,416.97,183.2,196.46,189.18,260.9,272.43,267.03,0.428,253.44,255.17,232.49,263.85,234.89,246.28,227.29,174.38,215.18,213.56,212.52,198.69,212.77,202.09,225.72,187.9,247.91,185.35,173.9,231.24,171.79,222.14,185.07,187.6,215.79,182.54,191.1,195.89,0,232.04,205.8,203.84,178.59,233.6,188.85,180.01,173.95,170.45,162.94,263.32,244.68,238.63,238.47,259.2,240.09,238.16,230.85,230.31,224.4,214.3,230.58,246.07,211.62,228.77,211.15,211.47,217.67,218.73,211.42,207.89,208.25,212.27,207.26,209.26,219.95,252.23,222.93,197,168.73,164.41,175.14,193.61,194.34,179.48,178.57,184.68,182.67,182.32,173.9,171.19,207.1,208.87,216.61,299.37
244.77,421.68,179.67,202.58,195.37,264.62,268.69,269.92,236.32,256.33,258.06,235.38,266.74,237.78,1.424,230.18,174.39,218.06,216.45,212.47,204.88,212.13,208.28,231.03,187.5,250.28,187.65,174.98,236.59,175.39,224.07,185.18,187.62,217.32,183.33,190.11,194.9,232.04,0,220.69,206.33,178.35,218.72,185.13,176.48,173.96,170.46,162.94,256.28,248.4,242.35,242.19,255.46,242.98,241.05,233.74,233.2,227.29,217.19,233.47,248.96,214.51,230.61,214.04,214.35,219.51,224.05,216.77,209.97,210.18,212.59,208.79,208.84,216.33,248.61,219.31,191.71,176.17,171.85,179.85,199.8,200.53,180.3,179.36,184.68,182.69,182.43,176.2,170.79,206.46,208.82,218.98,292.33
212.47,453.21,173.11,201.72,217.21,242.5,238.87,255.37,210.08,241.78,243.51,220.83,252.19,223.23,234.93,215.63,168.59,203.67,202.37,199.58,242.23,199.77,243.4,220.83,178.28,236.91,179.13,166.16,221.08,171.15,208.16,176.23,178.32,195.46,159.32,162.31,167.1,205.8,220.69,0,201.12,169.29,192.48,172.77,169.92,168.16,164.66,154.14,226.46,226.28,220.23,220.07,225.64,228.43,226.5,219.19,218.65,212.74,202.64,218.92,234.41,199.96,218.3,199.96,199.96,207.2,213.85,201.26,194.2,194.27,194.88,186.94,185.62,184.03,216.31,187.01,165.01,182.77,195.74,211.38,234.93,237.88,158.1,155.35,172.73,173.39,173.48,167.68,161.57,194.11,195.93,205.61,262.51
212.47,422.99,187.83,201.4,193.75,241.84,237.75,255.15,208.12,241.56,243.29,220.61,251.97,223.01,220.57,215.41,181.46,203.45,202.15,202.36,203.27,202.61,206.66,221.05,182.94,239.69,181.6,169.17,221.52,170.01,208.61,175.76,177.94,195.69,159.55,162.53,167.32,203.84,206.33,201.12,0,187.26,197.91,195.65,184.64,183,177.53,162.51,225.35,225.62,219.57,219.41,224.52,228.21,226.28,218.97,218.43,212.52,202.42,218.7,234.19,199.74,221.01,199.74,199.74,209.91,214.07,201.7,194.65,194.72,195.32,187.16,185.62,184.03,216.31,187.01,165.23,175.07,174.31,181.16,198.18,198.92,158.32,155.58,172.95,173.01,173.01,170.15,166.23,196.94,198.71,208.39,261.4
212.47,405.72,205.39,169.43,176.58,237.77,230.98,259.37,182.87,245.78,247.5,224.83,256.19,227.23,192.59,219.63,206.6,207.66,206.36,216.47,175.76,216.72,180.63,227.94,200.64,252.89,190.24,179.51,226.11,171.99,213.13,176.48,178.75,197.31,161.11,163.88,168.68,178.59,178.35,169.29,187.26,0,195.94,198.3,202.2,206.25,202.67,187.65,218.58,221.55,215.5,215.34,217.75,232.42,230.5,223.19,222.65,216.74,206.63,222.91,238.41,203.96,233.43,203.95,203.96,222.33,220.96,206.29,199.24,199.24,199.24,188.78,185.27,184.03,216.31,187.01,165.73,169.56,163.24,163.89,172.15,171.41,159.98,157.14,174.46,173.82,173.73,178.79,183.93,211.05,212.82,221.59,254.63
241.51,409,199.96,187.16,179.8,252.02,262.61,257.88,237.88,244.29,246.02,223.34,254.7,225.74,232.96,218.14,184.85,205.81,204.19,206.55,189.32,206.8,192.71,217.72,186.02,241.26,180.05,169.31,224.58,165.13,214.68,177.71,180.15,208.28,175.01,181.68,186.47,233.6,218.72,192.48,197.91,195.94,0,211.29,196.77,187.92,180.92,165.89,251.85,235.8,229.75,229.59,249.38,230.94,229.01,221.7,221.16,215.25,205.15,221.43,236.92,202.47,221.59,201.78,202.09,210.49,210.74,204.76,200.5,200.78,204,199.75,200.95,213.07,245.35,216.05,188.55,162.07,157.75,167.17,184.23,184.97,171.04,171.04,177.21,175.22,174.96,168.6,169.31,201.13,202.9,209.96,287.9
241.56,408.06,257.84,171.79,173.59,250.94,261.26,256.53,193.13,242.94,244.67,221.99,253.35,224.39,199.37,216.79,212.11,204.83,203.53,207.72,177.94,208.56,182.07,217.72,191.13,241.26,181.41,171.47,224.65,166.48,215.55,179.08,181.61,207.52,175.24,181.68,186.47,188.85,185.13,172.77,195.65,198.3,211.29,0,254.65,222.18,208.18,178.13,250.3,234.72,228.67,228.51,248.03,229.59,227.66,220.35,219.81,213.9,203.8,220.08,235.57,201.12,221.59,201.12,201.12,210.49,210.74,204.83,201.3,201.66,205.16,198.99,201.71,213.12,245.4,216.1,187.82,163.42,157.9,166.23,173.59,173.59,172.18,171.27,179.33,176.68,176.33,169.96,174.42,202.89,204.07,209.96,286.35
247.54,415.34,0.319,169.99,179.44,255.75,267.28,262.38,184.29,248.79,250.52,227.84,259.2,230.24,190.72,222.64,219.91,210.68,209.38,213.57,178.56,214.41,184.17,223.57,198.93,247.11,189.21,179.27,230.5,174.28,221.4,186.88,189.41,213.37,182.1,190.4,195.19,180.01,176.48,169.92,184.64,202.2,196.77,254.65,0,229.98,215.98,185.93,257.9,239.53,233.48,233.32,254.05,235.44,233.51,226.2,225.66,219.75,209.65,225.93,241.42,206.97,227.44,206.97,206.97,216.34,216.59,210.68,207.15,207.51,211.53,204.84,207.56,219.1,251.38,222.08,197.57,171.22,163.75,173.51,175.69,174.21,178.13,178.13,187.13,184.48,184.13,177.76,182.22,208.74,209.92,215.81,293.95
248.56,428.14,233.17,168.23,189.35,254.92,250.54,272.56,178.24,258.97,260.7,238.02,269.38,240.42,188.19,232.82,252.38,220.86,219.56,235.25,178.87,235.54,185.21,246.5,223.23,269.35,211.83,200.38,249.9,198.58,237.84,206.03,208.48,222.01,202.51,208.88,213.67,173.95,173.96,168.16,183,206.25,187.92,222.18,229.98,0,248.45,218.41,238.13,238.71,232.66,232.49,237.31,245.62,243.69,236.38,235.84,229.93,219.83,236.11,251.6,217.15,250.21,217.15,217.15,239.11,239.51,230.08,223.8,223.95,224.29,213.48,211.52,220.12,252.4,223.1,207.18,191.53,184.86,186.31,176.73,174.52,198.49,198.54,205.53,203.55,203.28,200.38,206.52,229.87,231.6,238.05,274.18
237.44,428.86,219.17,164.73,183.74,244.42,233.04,276.06,174.74,262.47,264.2,241.52,272.88,243.92,184.69,236.32,0.393,224.33,222.71,241.44,175.37,241.69,181.71,245.64,229.63,274.34,215.34,203.89,241.76,203.89,228.77,206.45,208.72,213.06,198.05,198.78,203.57,170.45,170.46,164.66,177.53,202.67,180.92,208.18,215.98,248.45,0,232.41,220.63,228.2,222.16,221.99,219.81,249.12,247.19,239.88,239.34,233.43,223.33,239.61,255.1,220.65,254.14,220.3,220.62,243.04,238.66,221.94,214.89,214.89,214.82,204.53,204.52,209,241.28,211.98,197.41,191.55,185.99,187.03,173.23,171.02,195.97,194.08,204.46,203.79,203.7,203.89,212.92,236.02,237.79,243.04,256.68
200.27,416.56,189.12,154.21,166.79,216.47,195.47,263.87,167.22,250.28,252.01,229.33,260.69,231.73,177.18,224.13,236.34,212.09,210.3,238.49,162.73,241.69,168.33,217.16,248.19,258.39,208.07,210.64,211.52,186.2,198.39,177.58,179.58,177.29,162.88,165.59,170.38,162.94,162.94,154.14,162.51,187.65,165.89,178.13,185.93,218.41,232.41,0,183.07,200.25,194.2,194.04,182.25,236.93,235,227.69,227.15,221.24,211.14,227.42,242.91,208.46,236.6,207.89,208.38,225.5,210.18,191.7,184.64,184.5,182.89,168.76,171.37,171.83,204.11,174.81,163.41,172.89,170.08,174.73,159.85,158.38,162.79,158.91,173.33,174.65,174.83,196.63,231.49,236.02,234.84,227.09,219.12
224.25,505.37,261.09,226.1,245.08,28.492,7.926,30.296,267.6,45.492,46.184,23.872,30.568,25.264,270.52,26.952,224.56,70.82,69.78,143.72,239.34,147.51,245.69,151.11,181.19,161.69,192.33,173.32,179.24,198.26,178.96,212.75,215.37,177.72,220.26,230.65,235.44,263.32,256.28,226.46,225.35,218.58,251.85,250.3,257.9,238.13,220.63,183.07,0,5.28,6.49,19.52,5.28,19.52,20.292,23.216,23.432,25.796,29.836,36.348,42.544,30.908,67.852,67.852,67.852,76.732,144.13,159.42,164.71,165.07,169.09,169.19,173.72,195.81,228.09,198.79,232.8,213.55,235.16,263.54,237.2,234.99,217.16,216.29,213.75,210.44,210,180.88,164.48,141.84,140.07,130.39,3.605
213.6,486.97,242.72,226.07,228.7,8.966,7.926,9.868,248.96,17.466,17.812,6.656,10.004,7.352,262.64,8.196,232.13,24.85,24.33,197.33,234.92,198.76,239.79,199.31,202.26,228.21,198.59,182.6,207.05,197.57,199.58,207.36,209.8,169.64,203.87,212.01,216.8,244.68,248.4,226.28,225.62,221.56,235.8,234.72,239.53,238.7,228.2,200.25,5.28,0,0.605,4.48,5.28,4.48,4.866,6.328,6.436,7.618,9.638,12.894,15.992,10.174,23.366,23.366,23.366,27.806,192.33,187.23,185.47,185.69,188.1,161.11,163.07,185.16,217.44,188.14,214.25,208.1,223.25,245.14,231.31,230.57,200.77,199.9,206.86,204.87,204.61,187.14,185.55,193.09,193.69,196.91,12.49
207.55,480.93,236.67,220.02,222.65,7.756,9.136,8.658,242.91,16.256,16.602,5.446,8.794,6.142,256.59,6.986,226.09,22.43,21.91,191.28,228.87,192.72,233.74,193.26,196.21,222.16,192.54,176.55,201,191.52,193.53,201.31,203.75,163.59,197.82,205.96,210.75,238.63,242.35,220.23,219.57,215.5,229.75,228.67,233.48,232.66,222.16,194.2,6.49,0.605,0,3.27,6.49,3.27,3.656,5.118,5.226,6.408,8.428,11.684,14.782,8.964,20.946,20.946,20.946,25.386,186.28,181.19,179.42,179.64,182.05,155.06,157.02,179.11,211.39,182.09,208.2,202.04,217.2,239.09,225.26,224.52,194.72,193.86,200.81,198.82,198.56,181.09,179.5,187.05,187.63,190.86,13.7
207.39,480.76,236.51,219.85,222.49,2.243,24.812,8.658,242.74,16.256,16.602,5.446,8.794,6.142,256.43,6.986,225.92,22.43,21.91,191.12,228.71,192.55,233.58,193.1,196.05,222,192.38,176.39,200.84,191.35,193.36,201.15,203.59,163.43,197.66,205.8,210.59,238.47,242.19,220.07,219.41,215.34,229.59,228.51,233.32,232.49,221.99,194.04,19.52,4.48,3.27,0,19.52,3.27,3.656,5.118,5.226,6.408,8.428,11.684,14.782,8.964,20.946,20.946,20.946,25.386,186.12,181.02,179.26,179.47,181.89,154.9,156.86,178.95,211.23,181.93,207.88,201.88,217.04,238.93,225.1,224.36,194.56,193.69,200.65,198.66,198.4,180.93,179.34,186.88,187.47,190.7,33.94
221.78,501.49,257.24,225.27,242.61,28.492,1.323,30.296,263.48,45.492,46.184,23.872,30.568,25.264,269.7,26.952,223.74,70.82,69.78,142.9,238.52,146.69,244.86,150.28,180.37,160.87,191.5,172.49,178.42,197.43,178.14,211.92,214.54,176.9,217.79,226.53,231.32,259.2,255.46,225.63,224.53,217.75,249.38,248.03,254.05,237.31,219.81,182.25,5.28,5.28,6.49,19.52,0,19.52,20.292,23.216,23.432,25.796,29.836,36.348,42.544,30.908,67.852,67.852,67.852,76.732,143.3,158.6,163.89,164.25,168.27,168.37,171.25,193.34,225.62,196.32,228.77,212.72,234.33,259.66,236.38,234.17,214.69,213.82,212.92,209.61,209.17,180.05,163.66,141.02,139.25,129.57,12.49
220.68,477.93,238.63,228.36,228.78,7.756,24.812,2.694,244.37,6.493,6.666,1.088,2.762,1.436,257.22,1.858,253.05,7.945,7.685,251.64,234.9,251.89,239.77,250.92,240.29,288.97,224.68,214.75,248.46,209.76,237.17,210.55,212.64,189.48,197.7,199.46,204.25,240.09,242.98,228.43,228.21,232.42,230.94,229.59,235.44,245.62,249.12,236.93,19.52,4.48,3.27,3.27,19.52,0,0.193,0.924,0.978,1.569,2.579,4.207,5.756,2.847,7.203,7.203,7.203,9.423,243.94,228.64,223.35,223.28,222.47,180.95,178.98,192.24,224.52,195.22,198.16,212.94,225.91,236.1,231.29,230.55,192.5,193.73,207.05,207.71,207.8,213.23,223.58,246.22,247.99,257.67,33.94
218.75,476,236.7,226.43,226.85,8.142,25.584,2.887,242.44,6.3,6.473,0.895,2.569,1.243,255.29,1.665,251.12,7.559,7.299,249.71,232.97,249.96,237.84,248.99,238.36,287.04,222.75,212.82,246.53,207.83,235.24,208.62,210.71,187.55,195.77,197.53,202.32,238.16,241.05,226.5,226.28,230.5,229.01,227.66,233.51,243.69,247.19,235,20.292,4.866,3.656,3.656,20.292,0.193,0,0.731,0.785,1.376,2.386,4.014,5.563,2.654,6.817,6.817,6.817,9.037,242.01,226.71,221.42,221.35,220.54,179.02,177.05,190.31,222.59,193.29,196.23,211.01,223.97,234.17,229.36,228.62,190.57,191.8,205.12,205.78,205.87,211.3,221.66,244.29,246.06,255.74,34.712
211.44,468.69,229.39,219.12,219.54,9.604,28.508,3.618,235.13,5.569,5.742,0.164,3.3,0.512,247.98,0.934,243.81,6.097,5.837,242.4,225.66,242.65,230.53,241.68,231.05,279.73,215.44,205.51,239.22,200.52,227.93,201.31,203.4,180.24,188.46,190.22,195.01,230.85,233.74,219.19,218.97,223.19,221.7,220.35,226.2,236.38,239.88,227.69,23.216,6.328,5.118,5.118,23.216,0.924,0.731,0,0.054,0.645,1.655,3.283,4.832,1.923,5.355,5.355,5.355,7.575,234.7,219.4,214.11,214.04,213.24,171.71,169.74,183,215.28,185.98,188.92,203.7,216.66,226.86,222.05,221.31,183.26,184.49,197.81,198.47,198.56,204,214.34,236.98,238.75,248.43,37.636
210.9,468.15,228.85,218.58,219,9.712,28.724,3.672,234.59,5.515,5.688,0.218,3.354,0.458,247.44,0.88,243.27,5.989,5.729,241.86,225.12,242.11,229.99,241.14,230.51,279.19,214.91,204.97,238.68,199.98,227.39,200.77,202.86,179.7,187.92,189.68,194.47,230.31,233.2,218.65,218.43,222.64,221.16,219.81,225.66,235.84,239.34,227.15,23.432,6.436,5.226,5.226,23.432,0.978,0.785,0.054,0,0.591,1.601,3.229,4.778,1.869,5.247,5.247,5.247,7.467,234.16,218.86,213.57,213.5,212.69,171.17,169.2,182.46,214.74,185.44,188.38,203.16,216.12,226.32,221.51,220.77,182.72,183.95,197.27,197.93,198.02,203.45,213.81,236.44,238.21,247.89,37.852
204.99,462.24,222.94,212.67,213.09,10.894,31.088,4.263,228.68,4.924,5.097,0.809,3.945,1.049,241.53,0.289,237.36,4.807,4.547,235.95,219.21,236.2,224.08,235.23,224.6,273.28,209,199.06,232.77,194.07,221.48,194.86,196.95,173.79,182.01,183.77,188.56,224.4,227.29,212.74,212.52,216.74,215.25,213.9,219.75,229.93,233.43,221.24,25.796,7.618,6.408,6.408,25.796,1.569,1.376,0.645,0.591,0,1.01,2.638,4.187,1.278,4.065,4.065,4.065,6.285,228.25,212.95,207.66,207.59,206.78,165.26,163.29,176.55,208.83,179.53,182.47,197.25,210.22,220.41,215.6,214.86,176.81,178.04,191.36,192.02,192.11,197.54,207.89,230.53,232.3,241.98,40.216
194.89,452.14,212.84,202.57,202.99,12.914,35.128,5.273,218.58,3.914,4.087,1.819,4.955,2.059,231.43,1.299,227.26,2.787,2.527,225.85,209.11,226.1,213.98,225.13,214.5,263.18,198.89,188.96,222.67,183.97,211.38,184.76,186.85,163.69,171.91,173.67,178.46,214.3,217.19,202.64,202.42,206.63,205.15,203.8,209.65,219.83,223.33,211.14,29.836,9.638,8.428,8.428,29.836,2.579,2.386,1.655,1.601,1.01,0,1.628,3.177,0.268,2.045,2.045,2.045,4.265,218.15,202.85,197.56,197.49,196.69,155.16,153.19,166.45,198.73,169.43,172.37,187.15,200.11,210.31,205.5,204.76,166.71,167.94,181.26,181.92,182.01,187.44,197.79,220.43,222.2,231.88,44.256
211.17,468.42,229.12,218.85,219.27,16.17,41.64,6.901,234.86,2.286,2.459,3.447,6.583,3.687,247.71,2.927,243.54,6.043,5.783,242.13,225.39,242.38,230.26,241.41,230.78,279.46,215.17,205.24,238.95,200.25,227.66,201.04,203.13,179.97,188.19,189.95,194.74,230.58,233.47,218.92,218.7,222.91,221.43,220.08,225.93,236.11,239.61,227.42,36.348,12.894,11.684,11.684,36.348,4.207,4.014,3.283,3.229,2.638,1.628,0,1.549,1.896,5.301,5.301,5.301,7.521,234.43,219.13,213.84,213.77,212.97,171.44,169.47,182.73,215.01,185.71,188.65,203.43,216.39,226.59,221.78,221.04,182.99,184.22,197.54,198.2,198.29,203.72,214.07,236.71,238.48,248.16,50.768
226.66,483.91,244.61,234.34,234.76,19.268,47.836,8.45,250.35,0.737,0.91,4.996,8.132,5.236,263.2,4.476,259.03,9.141,8.881,257.62,240.88,257.87,245.75,256.9,246.27,294.95,230.66,220.73,254.44,215.74,243.15,216.53,218.62,195.46,203.68,205.44,210.23,246.07,248.96,234.41,234.19,238.41,236.92,235.57,241.42,251.6,255.1,242.91,42.544,15.992,14.782,14.782,42.544,5.756,5.563,4.832,4.778,4.187,3.177,1.549,0,3.445,8.399,8.399,8.399,10.619,249.92,234.62,229.33,229.26,228.45,186.93,184.96,198.22,230.5,201.2,204.14,218.92,231.88,242.08,237.27,236.53,198.48,199.71,213.03,213.69,213.78,219.22,229.56,252.2,253.97,263.65,56.964
192.21,449.46,210.16,199.89,200.31,13.45,36.2,5.541,215.9,4.182,4.355,2.087,5.223,2.327,228.75,1.567,224.58,2.251,1.991,223.17,206.43,223.42,211.3,222.45,211.82,260.5,196.21,186.28,219.99,181.29,208.7,182.08,184.17,161.01,169.23,170.99,175.78,211.62,214.51,199.96,199.74,203.96,202.47,201.12,206.97,217.15,220.65,208.46,30.908,10.174,8.964,8.964,30.908,2.847,2.654,1.923,1.869,1.278,0.268,1.896,3.445,0,1.509,1.509,1.509,3.729,215.47,200.17,194.88,194.81,194,152.48,150.51,163.77,196.05,166.75,169.69,184.47,197.43,207.63,202.82,202.08,164.03,165.26,178.58,179.24,179.33,184.76,195.11,217.75,219.52,229.2,45.328
217.19,467.74,230.63,218.3,217.97,29.918,78.436,12.591,233.05,9.873,10.219,5.683,11.955,6.163,244.85,4.643,258.07,2.251,1.991,268.66,226.89,268.32,232.17,266.58,249.18,309.21,221.69,216.3,259.03,199.82,238.14,197.27,199.36,205.48,184.22,183.97,188.76,228.77,230.61,218.3,221.01,233.43,221.59,221.59,227.44,250.21,254.14,236.6,67.852,23.366,20.946,20.946,67.852,7.203,6.817,5.355,5.247,4.065,2.045,5.301,8.399,1.509,0,1.509,1.509,1.11,259.6,239.21,232.15,224.25,221.84,196.95,193.17,188.75,221.03,191.73,181.28,197.59,213.54,225.91,223.69,222.54,186.37,180.25,193.77,194.43,194.52,210.24,232.47,262.65,265.01,277.91,96.692
