0,445.26,250.73,212.47,199.84,312.67,319.75,326.05,252.67,279.9,281.63,291.51,322.87,293.91,259.01,286.31,241.37,195.54,193.93,209.74,215.74,211.76,219.13,213.07,209.55,237.39,207.26,192.84,225.91,196.79,233.31,190.93,193.06,208.32,170.24,184.51,189.3,248.39,244.77,212.47,212.47,212.47,241.51,241.56,247.54,248.56,237.44,200.27,307.35,296.29,290.24,290.24,306.52,299.11,297.18,289.87,289.33,283.42,273.32,257.04,272.53,192.21,217.19,191.52,191.84,206.09,206.09,206.09,219.2,219.42,221.83,199.79,223.3,2.844,5.476,2.546,211.08,190.56,207.71,203.43,210.65,211.39,178.89,166.27,187.46,188.13,188.18,195.81,192.84,206.09,206.09,206.09,343.4
445.26,0,418.53,423.44,499.97,496.61,505.14,505.63,421.25,459.48,461.21,471.09,502.45,473.49,435.92,465.89,432.79,453.17,451.87,455.27,463.92,455.62,470.26,457.59,434.78,487.94,423.4,413.46,456.72,408.48,441.91,413.57,415.81,430.65,385.3,400.77,405.56,416.97,421.68,453.21,422.99,405.72,409,408.06,415.34,428.14,428.86,416.56,493.01,480.23,474.18,474.18,491.91,478.69,476.76,469.45,468.91,463,452.9,436.62,452.11,449.46,467.74,449.46,449.46,456.64,450.61,436.9,428.16,428.02,426.41,422.12,420.21,416.82,449.1,419.8,403.47,454.98,474.32,24.183,461.78,459.57,395.5,381.33,410.88,410.88,410.82,411.95,418.07,449.95,451.63,456.64,529.06
250.73,418.53,0,173.19,182.63,248.03,216.97,310.66,187.48,264.51,266.24,276.12,307.48,278.52,193.91,270.92,223.1,213.87,212.57,216.76,181.75,217.6,187.36,226.76,202.12,250.3,192.4,182.46,233.69,177.47,224.59,190.07,192.6,216.56,185.29,193.59,198.38,183.2,179.67,173.11,187.83,205.39,199.96,257.84,0.319,233.17,219.17,189.12,204.56,231.81,225.76,225.6,203.74,283.72,281.79,274.48,273.94,268.03,257.93,241.65,257.14,210.16,230.63,210.16,210.16,219.53,219.78,213.87,210.34,210.7,214.72,208.03,210.75,222.29,254.57,225.27,200.76,174.41,166.94,176.7,178.88,177.4,181.32,181.32,190.32,187.67,187.32,180.95,185.41,211.93,213.11,219,240.61
212.47,423.44,173.19,0,194.2,209.66,207.97,245.72,200.74,199.57,201.3,211.18,242.54,213.58,216.82,205.98,168.66,203.6,202.3,199.58,203.72,199.78,207.11,220.9,178.35,236.91,179.2,166.24,221.22,169.93,208.31,175.76,177.94,195.54,159.4,162.38,167.17,196.46,202.58,201.71,201.4,169.43,187.16,171.79,170,168.23,164.73,154.21,195.77,193.28,187.23,187.23,194.74,218.78,216.85,209.54,209,203.09,192.99,176.71,192.2,199.89,218.3,199.89,199.89,207.2,213.92,201.4,194.34,194.42,195.02,187.01,185.62,184.03,216.31,187.01,165.08,175.35,174.76,181.61,198.63,199.37,158.17,155.43,172.8,173.01,173.01,167.75,161.64,194.11,195.93,205.61,231.82
199.84,499.97,182.63,194.2,0,236.17,244.7,266.84,193.46,220.69,222.42,232.3,263.66,234.7,209.61,227.1,187.67,204.02,202.65,207.19,230.03,208.03,237.12,205.42,187.22,238.17,179.23,169.29,202.64,164.3,188.75,168.58,170.76,178.63,139.75,151.5,156.29,189.18,195.37,217.2,193.75,176.58,179.8,173.59,179.44,189.35,183.74,166.79,232.57,219.79,213.74,213.74,231.47,239.9,237.97,230.66,230.12,224.21,214.11,197.83,213.32,200.31,217.97,200.24,200.31,206.87,198.44,182.82,174.93,174.86,174.05,170.1,170.94,171.4,203.68,174.38,154.2,204.64,217.6,258.14,228.64,225.69,148.69,135.77,165.21,165.83,165.83,167.78,170.51,202.36,203.54,206.87,268.62
312.67,496.61,248.03,209.66,236.17,0,33.784,13.144,228.52,20.742,21.088,9.932,13.28,10.628,235.08,11.472,262.62,280.71,279.28,280.22,224.17,280.47,231.25,302.41,263.84,317.54,270.96,255.97,310.35,261.88,299.48,276.37,278.99,286.87,273.4,277.55,282.34,224.24,220.84,209.87,209.21,215.44,216.48,238.99,244.84,17.866,258.69,236.16,28.492,8.966,7.756,2.243,28.492,7.756,8.142,9.604,9.712,10.894,12.914,16.17,19.268,277,298.93,276.87,277,287.83,295.43,290.53,285.3,285.59,288.47,278.34,281.42,284.23,316.51,287.21,276.06,258.05,245.82,254.78,222.77,219.82,269.78,269.43,277.37,274.06,273.62,259.51,247.13,274.8,276.57,286.24,42.912
319.75,505.14,216.97,207.97,244.7,33.784,0,35.588,229.12,50.784,51.476,29.164,35.86,30.556,235.71,32.244,222.33,276.32,274.73,273.13,223.21,272.79,231.03,292,246.18,310.27,263.21,244.2,300.85,262.32,292.84,276.81,279.43,282.18,267.71,271.67,276.46,224.84,221.47,208.26,207.37,203.78,211.5,211.83,213.78,45.032,218.4,210.88,7.926,7.926,9.136,24.812,1.323,24.812,25.584,28.508,28.724,31.088,35.128,41.64,47.836,272.62,291.09,272.32,272.62,279.99,285.02,281.03,278.59,278.95,282.97,273.65,275.61,291.31,323.59,294.29,279.67,260.77,255.92,263.31,222.55,218.86,263.25,263.74,277.81,274.5,274.06,251.76,229.47,267.12,269.48,278.97,15.136
326.05,505.63,310.66,245.72,266.84,13.144,35.588,0,255.73,9.187,9.36,3.782,5.456,4.13,265.68,4.552,329.87,298.35,297.05,312.74,256.36,313.03,262.7,323.99,300.72,346.84,289.32,277.87,327.39,276.07,315.33,283.52,285.97,299.5,280,286.37,291.16,251.44,251.44,245.65,260.49,283.74,265.41,299.67,307.47,7.749,325.94,295.9,30.296,9.868,8.658,8.658,30.296,2.694,2.887,3.618,3.672,4.263,5.273,6.901,8.45,294.64,327.7,294.64,294.64,316.6,317,307.57,301.29,301.44,301.78,290.97,289.01,297.61,329.89,300.59,284.67,269.02,262.35,263.8,254.22,252.01,275.98,276.03,283.02,281.04,280.77,277.87,284.01,307.36,309.09,315.54,44.716
252.67,421.25,187.48,200.74,193.46,228.52,229.12,255.73,0,209.57,211.31,221.19,252.55,223.59,250.56,215.98,178.67,219.46,217.84,216.8,202.97,217.05,206.37,230,192.18,252.19,189.63,178.18,235.52,176.07,226.42,189.35,191.88,220.07,186.82,195.38,200.17,0.428,236.32,210.08,208.12,182.87,237.88,193.13,184.29,178.23,174.74,167.22,218.37,212.47,206.42,206.09,215.89,228.79,226.86,219.55,219.01,213.1,203,186.72,202.21,215.9,233.05,215.43,215.75,221.95,223.02,215.7,212.17,212.53,216.55,211.54,213.54,224.23,256.51,227.21,201.28,173.01,168.69,179.42,197.89,198.62,183.76,182.85,188.96,186.95,186.6,178.18,175.47,211.38,213.15,220.89,254.42
279.9,459.48,264.51,199.57,220.69,20.742,50.784,9.187,209.57,0,1.647,5.733,8.869,5.973,219.53,5.213,283.72,252.2,250.9,266.59,210.21,266.88,216.55,277.83,254.57,300.69,243.17,231.72,281.24,229.92,269.18,237.37,239.82,253.35,233.85,240.22,245.01,205.29,205.29,199.5,214.34,237.59,219.26,253.52,261.32,3.134,279.79,249.75,45.492,17.466,16.256,16.256,45.492,6.493,6.3,5.569,5.515,4.924,3.914,2.286,0.737,248.49,281.55,248.49,248.49,270.45,270.86,261.42,255.14,255.29,255.63,244.82,242.86,251.46,283.74,254.44,238.52,222.87,216.2,217.65,208.07,205.86,229.83,229.88,236.87,234.89,234.62,231.72,237.86,261.21,262.94,269.39,59.912
281.63,461.21,266.24,201.3,222.42,21.088,51.476,9.36,211.31,1.647,0,5.906,9.042,6.146,221.26,5.386,285.45,253.93,252.63,268.32,211.94,268.61,218.28,279.56,256.3,302.42,244.9,233.45,282.97,231.65,270.91,239.1,241.55,255.08,235.58,241.95,246.74,207.02,207.02,201.23,216.07,239.32,220.99,255.25,263.05,3.307,281.52,251.48,46.184,17.812,16.602,16.602,46.184,6.666,6.473,5.742,5.688,5.097,4.087,2.459,0.91,250.22,283.28,250.22,250.22,272.18,272.59,263.15,256.87,257.02,257.36,246.55,244.59,253.19,285.47,256.17,240.25,224.6,217.93,219.38,209.8,207.59,231.56,231.61,238.6,236.62,236.35,233.45,239.59,262.94,264.67,271.12,60.604
291.51,471.09,276.12,211.18,232.3,9.932,29.164,3.782,221.19,5.733,5.906,0,3.464,0.676,231.14,1.098,295.33,263.81,262.51,278.2,221.82,278.49,228.16,289.45,266.18,312.3,254.78,243.33,292.85,241.53,280.79,248.98,251.43,264.96,245.46,251.83,256.62,216.9,216.9,211.11,225.95,249.2,230.87,265.13,272.93,4.295,291.4,261.36,23.872,6.656,5.446,5.446,23.872,1.088,0.895,0.164,0.218,0.809,1.819,3.447,4.996,260.1,293.16,260.1,260.1,282.06,282.47,273.03,266.75,266.9,267.24,256.43,254.47,263.07,295.35,266.05,250.13,234.48,227.81,229.26,219.68,217.47,241.44,241.49,248.48,246.5,246.23,243.33,249.47,272.82,274.55,281,38.292
322.87,502.45,307.48,242.54,263.66,13.28,35.86,5.456,252.55,8.869,9.042,3.464,0,3.812,262.5,4.234,326.69,295.17,293.87,309.56,253.18,309.85,259.52,320.8,297.54,343.66,286.14,274.69,324.21,272.89,312.15,280.34,282.79,296.32,276.82,283.19,287.98,248.26,248.26,242.47,257.31,280.56,262.23,296.49,304.29,7.431,322.76,292.72,30.568,10.004,8.794,8.794,30.568,2.762,2.569,3.3,3.354,3.945,4.955,6.583,8.132,291.46,324.52,291.46,291.46,313.42,313.82,304.39,298.11,298.26,298.6,287.79,285.83,294.43,326.71,297.41,281.49,265.84,259.17,260.62,251.04,248.83,272.8,272.85,279.84,277.86,277.59,274.69,280.83,304.18,305.91,312.36,44.988
293.91,473.49,278.52,213.58,234.7,10.628,30.556,4.13,223.59,5.973,6.146,0.676,3.812,0,233.55,1.338,297.73,266.21,264.91,280.6,224.22,280.89,230.56,291.85,268.58,314.7,257.18,245.73,295.25,243.93,283.19,251.38,253.83,267.36,247.86,254.23,259.02,219.31,219.31,213.51,228.35,251.6,233.27,267.53,275.33,4.535,293.8,263.76,25.264,7.352,6.142,6.142,25.264,1.436,1.243,0.512,0.458,1.049,2.059,3.687,5.236,262.5,295.56,262.5,262.5,284.46,284.87,275.43,269.15,269.3,269.64,258.83,256.87,265.47,297.75,268.45,252.53,236.88,230.21,231.66,222.08,219.87,243.84,243.89,250.88,248.9,248.63,245.73,251.87,275.22,276.95,283.4,39.684
259.01,435.92,193.91,216.82,209.61,235.08,235.71,265.69,250.56,219.53,221.26,231.14,262.5,233.55,0,225.94,188.63,232.3,230.69,226.71,219.13,226.37,222.52,245.27,201.74,264.52,201.89,189.22,250.83,189.63,238.31,199.42,201.86,231.56,197.57,204.35,209.14,246.28,1.424,234.93,220.57,192.59,232.96,199.37,190.72,188.19,184.69,177.18,224.96,218.86,212.81,212.65,222.48,238.75,236.82,229.5,228.97,223.06,212.95,196.67,212.16,228.75,244.85,228.28,228.59,233.75,238.29,231.01,224.2,224.42,226.83,223.03,223.08,230.57,262.85,233.55,205.95,190.41,186.09,194.09,214.04,214.78,194.53,193.6,198.92,196.93,196.67,190.44,185.03,220.7,223.06,233.22,261.01
286.31,465.89,270.92,205.98,227.1,11.472,32.244,4.552,215.98,5.213,5.386,1.098,4.234,1.338,225.94,0,290.13,258.61,257.31,273,216.62,273.29,222.96,284.25,260.98,307.1,249.58,238.13,287.65,236.33,275.59,243.78,246.23,259.76,240.26,246.63,251.42,211.7,211.71,205.91,220.75,244,225.67,259.93,267.73,3.775,286.2,256.16,26.952,8.196,6.986,6.986,26.952,1.858,1.665,0.934,0.88,0.289,1.299,2.927,4.476,254.9,287.96,254.9,254.9,276.86,277.26,267.83,261.55,261.7,262.04,251.23,249.27,257.87,290.15,260.85,244.93,229.28,222.61,224.06,214.48,212.27,236.24,236.29,243.28,241.3,241.03,238.13,244.27,267.62,269.35,275.8,41.372
241.37,432.79,223.1,168.66,187.67,262.62,222.33,329.87,178.67,283.72,285.45,295.33,326.69,297.73,188.63,290.13,0,228.26,226.64,245.37,179.3,245.62,185.64,249.57,233.56,278.27,219.27,207.82,245.69,207.82,232.7,210.38,212.66,216.99,201.98,202.71,207.5,174.38,174.38,168.59,181.46,206.6,184.85,212.11,219.91,252.38,0.393,236.34,209.92,246.41,240.36,240.19,209.1,302.93,301,293.69,293.15,287.24,277.14,260.86,276.35,224.58,258.07,224.23,224.55,246.97,242.59,225.87,218.81,218.81,218.75,208.46,208.45,212.93,245.21,215.91,201.34,195.48,189.92,190.96,177.16,174.95,199.9,198.01,208.39,207.72,207.63,207.82,216.85,239.95,241.72,246.97,245.97
195.54,453.17,213.87,203.6,204.02,280.71,276.33,298.35,219.46,252.2,253.93,263.81,295.17,266.21,232.3,258.61,228.26,0,2.733,226.52,210.14,226.77,215.01,225.8,215.18,263.85,199.57,189.63,223.34,184.64,212.05,185.41,187.51,164.35,172.94,174.33,179.12,215.18,218.06,203.67,203.45,207.66,205.81,204.83,210.68,220.86,224.33,212.09,263.92,264.5,258.45,258.28,263.1,271.41,269.48,262.17,261.63,255.72,245.62,229.34,244.83,2.251,2.251,2.251,0.371,4.471,218.82,203.52,198.23,198.16,197.36,155.82,153.85,167.1,199.38,170.08,173.4,187.95,201.14,211.34,206.53,205.79,167.74,168.97,181.91,182.58,182.66,188.12,198.47,221.1,222.87,232.55,299.97
193.93,451.87,212.57,202.3,202.65,279.28,274.73,297.05,217.84,250.9,252.63,262.51,293.87,264.91,230.69,257.31,226.64,2.733,0,224.89,208.84,225.13,213.71,224.16,213.54,262.21,197.93,187.99,221.71,183,210.41,183.8,185.89,162.73,171.62,172.71,177.5,213.56,216.45,202.37,202.15,206.36,204.19,203.53,209.38,219.56,222.71,210.3,262.32,262.9,256.85,256.85,261.5,270.11,268.18,260.87,260.33,254.42,244.32,228.04,243.53,1.991,1.991,0.241,1.991,4.211,217.18,201.89,196.59,196.52,195.72,154.2,152.23,165.49,197.77,168.47,172.1,186.17,199.52,210.04,205.23,204.49,166.42,167.65,180.3,180.96,181.05,186.48,196.83,219.47,221.24,230.91,298.37
209.74,455.27,216.76,199.58,207.19,280.22,273.13,312.74,216.8,266.59,268.32,278.2,309.56,280.6,226.71,273,245.37,226.52,224.88,0,208.17,275.89,213.77,244.11,256.75,290.98,221.76,216.37,236.56,199.88,221.09,192.59,194.59,186.76,180.26,176.52,181.31,212.52,212.47,199.58,202.36,216.47,206.55,207.72,213.57,235.25,241.44,238.49,261.4,263.84,257.79,257.79,259.9,285.8,283.87,276.56,276.02,270.11,260.01,243.73,259.22,223.17,268.66,222.47,222.81,257.56,237.13,216.74,209.68,207.2,205.59,178.23,185.72,181.3,213.58,184.28,173.83,192.41,204.31,213.45,205.29,203.82,177.91,176.29,188.34,189.66,189.84,210.31,240.04,270.23,0.365,259.68,297.45
215.74,463.92,181.75,203.72,230.04,224.17,223.21,256.36,202.97,210.21,211.94,221.82,253.18,224.22,219.13,216.62,179.3,210.14,208.84,208.17,0,208.42,256.24,223.38,186.4,245.5,185.6,172.63,221.78,176.46,208.88,178.46,180.55,196.45,159.49,164.54,169.33,198.69,204.88,242.23,203.27,175.76,189.32,177.94,178.56,178.87,175.37,162.73,211.08,207.95,201.9,201.74,209.98,229.42,227.49,220.18,219.64,213.73,203.63,187.35,202.84,206.43,226.89,206.43,206.43,215.79,216.4,201.96,194.99,194.99,194.99,187.92,189.16,187.3,219.58,190.28,167.24,193.48,206.45,222.09,247.75,0.435,160.33,155.52,174.96,175.62,175.71,174.15,169.69,202.75,204.52,214.2,247.13
211.76,455.62,217.6,199.78,208.03,280.47,272.79,313.03,217.05,266.88,268.61,278.49,309.85,280.89,226.37,273.29,245.62,226.77,225.13,275.89,208.42,0,214.02,243.77,261.13,290.64,224.79,219.57,236.22,202.91,221.34,194.61,196.61,187.01,182.28,178.54,183.34,212.77,212.13,199.77,202.61,216.72,206.8,208.56,214.41,235.54,241.69,241.69,260.47,264.09,258.04,258.04,259.56,286.09,284.16,276.85,276.31,270.4,260.3,244.02,259.51,223.42,268.32,222.72,223.06,257.22,236.79,216.4,209.34,207.45,205.84,178.48,187.74,183.32,215.6,186.3,175.84,193.61,205.15,213.79,205.54,204.07,179.34,178.31,190.36,191.68,191.86,213.34,244.42,0.567,272.25,259.34,296.52
219.13,470.26,187.36,207.11,237.12,231.25,231.03,262.7,206.37,216.55,218.28,228.16,259.52,230.56,222.52,222.96,185.64,215.01,213.71,213.77,256.24,214.02,0,226.37,191.27,251.1,190.46,177.5,224.43,179.85,211.53,181.85,183.94,199.1,161.51,167.93,172.72,202.09,208.28,243.41,206.66,180.63,192.71,182.07,184.17,185.21,181.71,168.33,218.9,214.98,208.93,208.82,217.8,235.76,233.83,226.52,225.98,220.07,209.97,193.69,209.18,211.3,232.17,211.3,211.3,221.07,219.39,204.61,197.64,197.64,197.23,190.57,191.95,190.69,222.97,193.67,170.63,199.83,212.79,228.43,0.848,251.88,163.72,157.54,178.35,179.01,179.1,179.01,174.56,208.35,210.12,219.8,254.95
213.07,457.59,226.76,220.9,205.42,302.41,292,323.99,230,277.83,279.56,289.45,320.81,291.85,245.27,284.25,249.57,225.8,224.16,244.11,223.38,243.77,226.37,0,224.63,284.66,204.08,201.51,275.34,182.2,234.52,178.07,180.17,201.91,169.12,175.47,180.26,225.72,231.03,220.83,221.05,227.94,217.72,217.72,223.57,246.5,245.64,217.16,279.59,286.19,280.14,279.98,278.77,297.05,295.12,287.81,287.27,281.36,271.26,254.97,270.46,222.45,266.58,221.75,222.09,255.48,0.698,255.52,248.47,220.63,218.22,193.38,189.05,184.63,216.91,187.61,177.16,180.73,198.23,215.76,217.89,219.03,172.34,165.15,174.57,175.24,175.32,192.63,207.92,238.1,240.46,253.36,315.64
209.55,434.78,202.12,178.36,187.22,263.84,246.18,300.72,192.18,254.57,256.3,266.18,297.54,268.58,201.74,260.98,233.56,215.18,213.54,256.75,186.4,261.13,191.27,224.62,0,271.5,214.54,237.05,217.07,192.66,203.94,183.27,185.36,175.41,169.55,176.33,181.12,187.9,187.5,178.28,182.94,200.64,186.02,191.13,198.93,223.23,229.63,248.19,233.78,247.62,241.57,241.41,232.95,273.78,271.85,264.54,264,258.09,247.99,231.71,247.2,211.82,249.18,211.13,211.47,238.08,217.65,197.25,190.2,190.05,188.44,166.88,180.64,181.11,213.39,184.09,173.63,180.96,190.33,192.95,182.79,182.05,175.65,165.58,179.77,180.43,180.52,203.09,1.671,255.46,253.1,240.2,269.83
237.39,487.94,250.3,236.91,238.17,317.54,310.27,346.84,252.19,300.69,302.42,312.3,343.66,314.7,264.52,307.1,278.27,263.85,262.21,290.98,245.5,290.64,251.1,284.66,271.5,0,242.95,237.56,277.11,221.08,257.28,218.22,220.32,224.09,204.95,204.18,208.96,247.91,250.28,236.91,239.69,252.89,241.26,241.26,247.11,269.35,274.34,258.39,298.35,301.16,295.11,295.11,297.04,319.9,317.97,310.66,310.12,304.21,294.11,277.83,293.32,260.5,309.21,259.8,260.14,298.11,277.68,257.29,250.23,243.39,240.98,215.56,213.37,208.95,241.23,211.93,201.48,218.32,233.74,246.11,242.62,241.15,206.98,200.98,214.72,215.39,215.47,231.5,254.79,284.97,287.33,3.13,334.4
207.26,423.4,192.4,179.2,179.23,270.96,263.21,289.32,189.63,243.17,244.9,254.78,286.14,257.18,201.89,249.58,219.27,199.57,197.93,221.76,185.6,224.79,190.46,204.08,214.54,242.95,0,200.23,201.63,192.37,189.31,171.17,173.27,159.8,156.96,172.44,177.23,185.35,187.65,179.13,181.6,190.24,180.05,181.41,189.21,211.83,215.34,208.07,250.81,254.91,248.85,248.53,249.98,262.38,260.45,253.14,252.6,246.69,236.59,220.31,235.8,196.22,221.69,195.52,195.86,210.59,197.1,181.81,175.49,175.42,174.27,151.27,175.38,178.82,211.1,181.8,171.4,170.77,183.23,181.57,181.98,181.25,168.9,152.99,167.67,168.34,168.42,1.145,197.83,219.12,218.11,211.65,286.86
192.84,413.46,182.46,166.24,169.29,255.97,244.2,277.87,178.18,231.72,233.45,243.33,274.69,245.73,189.22,238.13,207.82,189.63,187.99,216.37,172.63,219.57,177.5,201.51,237.05,237.56,200.23,0,199.05,174.88,186.48,156.7,158.79,149.87,144,157.96,162.75,173.9,174.98,166.16,169.17,179.51,169.31,171.47,179.27,200.38,203.89,210.64,231.8,239.75,233.7,233.54,230.97,250.93,249,241.69,241.15,235.24,225.14,208.86,224.35,186.28,216.3,185.58,185.92,205.2,194.53,179.23,172.81,172.59,170.18,141.34,168.81,164.4,196.68,167.38,156.92,156.3,168.76,171.63,169.02,168.28,154.43,140.03,153.2,153.86,153.95,188.78,220.34,213.9,212.72,206.26,267.85
225.91,456.72,233.69,221.22,202.64,310.35,300.85,327.39,235.52,281.24,282.97,292.85,324.21,295.25,250.83,287.65,245.69,223.34,221.71,236.56,221.78,236.22,224.43,275.34,217.07,277.11,201.63,199.05,0,179.75,237.17,170.52,172.61,199.66,166.34,175.5,180.28,231.24,236.59,221.08,221.52,226.11,224.58,224.65,230.5,249.9,241.76,211.52,288.45,294.13,288.08,287.92,287.62,300.45,298.52,291.21,290.67,284.76,274.66,258.38,273.87,219.99,259.03,219.29,219.63,247.93,268.36,1.982,281.7,223.28,220.87,191.13,201.89,197.47,229.75,200.45,189.21,173.18,192.91,214.89,215.95,217.43,169.88,162.37,167.02,167.68,167.77,190.18,200.36,230.55,232.91,245.81,324.5
196.79,408.48,177.47,169.93,164.3,261.88,262.32,276.07,176.07,229.92,231.65,241.53,272.89,243.93,189.63,236.33,207.82,184.64,183,199.88,176.46,202.91,179.85,182.2,192.66,221.08,192.37,174.88,179.75,0,167.43,182.97,184.79,144.88,157.45,181.87,186.66,171.79,175.39,171.15,170.01,171.99,165.13,166.48,174.28,198.58,203.89,186.2,251.56,245.5,239.45,239.45,249.09,249.13,247.2,239.89,239.35,233.44,223.34,207.06,222.55,181.29,199.82,180.59,180.93,188.72,175.22,159.93,153.61,153.54,152.73,136.35,163.87,168.35,200.63,171.33,173.77,183.62,183.72,166.65,171.37,172.11,190.28,153.48,177.22,179.86,180.22,180.92,175.95,197.24,196.23,189.78,287.61
233.31,441.91,224.59,208.31,188.75,299.48,292.84,315.33,226.42,269.18,270.91,280.79,312.15,283.19,238.31,275.59,232.7,212.05,210.41,221.09,208.88,221.34,211.53,234.52,203.94,257.28,189.31,186.48,237.17,167.43,0,157.46,159.56,205.47,152.38,163.18,167.97,222.14,224.07,208.16,208.61,213.13,214.68,215.55,221.4,237.84,228.77,198.39,281.11,283.26,277.21,277.05,279.61,288.39,286.46,279.15,278.61,272.7,262.6,246.32,261.81,208.7,238.14,208,208.34,227.04,227.54,217.35,226.13,1.389,223.21,196.94,218.13,204.87,237.15,207.85,182.45,160.12,179.18,200.08,203.05,204.53,157.57,148.41,153.96,154.63,154.71,177.86,187.23,215.67,217.44,225.98,317.16
190.93,413.57,190.07,175.76,168.58,276.37,276.81,283.52,189.35,237.37,239.1,248.98,280.34,251.38,199.42,243.78,210.38,185.41,183.8,192.59,178.46,194.61,181.85,178.07,183.27,218.22,171.17,156.7,170.52,182.97,157.46,0,196.94,147.02,167.25,191.66,196.45,185.07,185.18,176.23,175.76,176.48,177.71,179.08,186.88,206.03,206.45,177.58,266.05,259.99,253.94,253.94,263.58,256.58,254.65,247.34,246.8,240.89,230.79,214.51,230,182.08,197.27,181.39,181.71,186.17,171.09,150.7,143.65,143.57,142.77,138.49,153.65,162.49,194.77,165.47,183.56,166.68,182.37,171.74,173.37,174.11,200.08,163.28,189.36,192.01,0.275,159.72,166.56,188.94,188.94,186.92,302.1
193.06,415.81,192.6,177.94,170.76,278.99,279.43,285.97,191.88,239.82,241.55,251.43,282.79,253.83,201.86,246.23,212.66,187.51,185.89,194.59,180.55,196.61,183.94,180.17,185.36,220.32,173.27,158.79,172.61,184.79,159.56,196.94,0,149.15,169.69,194.1,198.89,187.6,187.62,178.32,177.94,178.75,180.15,181.61,189.41,208.48,208.72,179.58,268.67,262.61,256.56,256.56,266.2,259.03,257.1,249.79,249.25,243.34,233.24,216.96,232.45,184.17,199.36,183.48,183.8,188.26,173.19,152.79,145.74,145.67,144.86,140.61,155.78,164.62,196.9,167.6,186,168.77,184.55,173.98,175.46,176.2,202.52,165.72,191.89,0.493,194.19,161.82,168.65,190.94,190.94,189.02,304.72
208.32,430.65,216.56,195.54,178.63,286.87,282.18,299.5,220.07,253.35,255.08,264.96,296.32,267.36,231.56,259.76,216.99,164.35,162.73,186.76,196.45,187.01,199.1,201.91,175.41,224.09,159.8,149.87,199.66,144.88,205.47,147.02,149.15,0,138.64,147.01,151.8,215.79,217.32,195.46,195.69,197.31,208.28,207.52,213.37,222.01,213.06,177.29,269.77,270.65,264.6,264.44,268.95,272.56,270.63,263.32,262.78,256.87,246.77,230.49,245.98,161.01,205.48,160.32,160.64,194.38,194.93,179.84,191.37,191.58,223.04,0.853,219.59,179.88,212.16,182.86,157.46,149.71,169.44,188.82,190.62,192.1,142.6,134.66,143.55,144.22,144.27,148.35,158.7,181.34,183.11,192.79,305.82
170.24,385.3,185.29,159.4,139.75,273.4,267.71,280,186.82,233.85,235.58,245.46,276.82,247.86,197.57,240.26,201.98,172.94,171.62,180.26,159.49,182.28,161.52,169.12,169.55,204.95,156.96,144,166.33,157.45,152.38,167.25,169.69,138.64,0,158.33,163.12,182.54,183.33,159.32,159.55,161.11,175.01,175.24,182.1,202.51,198.05,162.88,255.31,257.35,251.3,250.97,254.48,253.06,251.13,243.82,243.28,237.37,227.27,210.99,226.48,169.23,184.22,169.21,169.23,173.12,162.14,146.51,138.59,138.49,136.88,130.1,137.38,141.8,174.08,144.78,150.23,151.87,164.33,143.47,153.04,155.14,208.93,0.397,208.46,164.76,164.5,145.51,152.84,176.61,176.61,173.65,291.36
184.51,400.77,193.59,162.38,151.5,277.55,271.67,286.37,195.38,240.22,241.95,251.83,283.19,254.23,204.35,246.63,202.71,174.33,172.71,176.52,164.54,178.54,167.93,175.47,176.33,204.18,172.44,157.96,175.5,181.87,163.18,191.66,194.1,147.01,158.33,0,0.479,191.11,190.11,162.31,162.53,163.88,181.68,181.68,190.4,208.88,198.78,165.59,259.27,261.46,255.41,255.12,258.44,259.43,257.5,250.19,249.65,243.74,233.64,217.36,232.85,170.99,183.97,170.3,170.62,172.87,168.49,155.68,149.36,149.29,148.48,138.48,147.23,156.07,188.35,159.05,178.81,166.96,175.57,158.94,159.45,160.19,178.38,154.36,191.16,189.17,188.91,160.99,159.62,172.87,172.88,172.88,295.32
189.3,405.56,198.38,167.17,156.29,282.34,276.46,291.16,200.17,245.01,246.74,256.62,287.98,259.02,209.14,251.42,207.5,179.12,177.5,181.31,169.33,183.34,172.72,180.26,181.12,208.96,177.23,162.75,180.28,186.66,167.97,196.45,198.89,151.8,163.12,0.479,0,195.89,194.9,167.1,167.32,168.68,186.47,186.47,195.19,213.67,203.57,170.38,264.06,266.25,260.2,259.91,263.23,264.22,262.29,254.98,254.44,248.53,238.43,222.15,237.64,175.78,188.76,175.09,175.41,177.67,173.28,160.47,154.15,154.08,153.27,143.27,152.02,160.86,193.14,163.84,183.6,171.75,180.36,163.73,164.24,164.98,183.18,159.15,195.95,193.96,193.7,165.78,164.41,177.66,177.66,177.67,300.11
248.39,416.97,183.2,196.46,189.18,224.24,224.84,251.45,0.428,205.3,207.03,216.91,248.26,219.31,246.28,211.71,174.38,215.18,213.56,212.52,198.69,212.77,202.09,225.72,187.9,247.91,185.35,173.9,231.24,171.79,222.14,185.07,187.6,215.79,182.54,191.1,195.89,0,232.04,205.8,203.84,178.59,233.6,188.85,180.01,173.95,170.45,162.94,214.09,208.19,202.14,201.81,211.61,224.51,222.58,215.26,214.73,208.81,198.71,182.44,197.93,211.62,228.77,211.15,211.47,217.67,218.73,211.42,207.89,208.25,212.27,207.26,209.26,219.95,252.23,222.93,197,168.73,164.41,175.14,193.61,194.34,179.48,178.57,184.68,182.67,182.32,173.9,171.19,207.1,208.87,216.61,250.14
244.77,421.68,179.67,202.58,195.37,220.84,221.47,251.45,236.32,205.3,207.02,216.91,248.26,219.31,1.424,211.71,174.39,218.06,216.45,212.47,204.88,212.13,208.28,231.03,187.5,250.28,187.65,174.98,236.59,175.39,224.07,185.18,187.62,217.32,183.33,190.11,194.9,232.04,0,220.69,206.33,178.35,218.72,185.13,176.48,173.96,170.46,162.94,210.72,204.62,198.57,198.41,208.24,224.51,222.58,215.27,214.72,208.82,198.72,182.44,197.92,214.51,230.61,214.04,214.35,219.51,224.05,216.77,209.97,210.18,212.59,208.79,208.84,216.33,248.61,219.31,191.71,176.17,171.85,179.85,199.8,200.53,180.3,179.36,184.68,182.69,182.43,176.2,170.79,206.46,208.82,218.98,246.77
212.47,453.21,173.11,201.72,217.21,209.87,208.26,245.65,210.08,199.5,201.23,211.11,242.47,213.51,234.93,205.91,168.59,203.67,202.37,199.58,242.23,199.77,243.4,220.83,178.28,236.91,179.13,166.16,221.08,171.15,208.16,176.23,178.32,195.46,159.32,162.31,167.1,205.8,220.69,0,201.12,169.29,192.48,172.77,169.92,168.16,164.66,154.14,196.13,193.49,187.44,187.44,195.03,218.71,216.78,209.47,208.93,203.02,192.92,176.64,192.13,199.96,218.3,199.96,199.96,207.2,213.85,201.26,194.2,194.27,194.88,186.94,185.62,184.03,216.31,187.01,165.01,182.77,195.74,211.38,234.93,237.88,158.1,155.35,172.73,173.39,173.48,167.68,161.57,194.11,195.93,205.61,232.18
212.47,422.99,187.83,201.4,193.75,209.21,207.37,260.49,208.12,214.34,216.07,225.95,257.31,228.35,220.57,220.75,181.46,203.45,202.15,202.36,203.27,202.61,206.66,221.05,182.94,239.69,181.6,169.17,221.52,170.01,208.61,175.76,177.94,195.69,159.55,162.53,167.32,203.84,206.33,201.12,0,187.26,197.91,195.65,184.64,183,177.53,162.51,195.02,192.83,186.78,186.78,194.14,233.55,231.62,224.31,223.77,217.86,207.76,191.48,206.97,199.74,221.01,199.74,199.74,209.91,214.07,201.7,194.65,194.72,195.32,187.16,185.62,184.03,216.31,187.01,165.23,175.07,174.31,181.16,198.18,198.92,158.32,155.58,172.95,173.01,173.01,170.15,166.23,196.94,198.71,208.39,231.07
212.47,405.72,205.39,169.43,176.58,215.44,203.78,283.74,182.87,237.59,239.32,249.2,280.56,251.6,192.59,244,206.6,207.66,206.36,216.47,175.76,216.72,180.63,227.94,200.64,252.89,190.24,179.51,226.11,171.99,213.13,176.48,178.75,197.31,161.11,163.88,168.68,178.59,178.35,169.29,187.26,0,195.94,198.3,202.2,206.25,202.67,187.65,191.38,199.06,193.01,193.01,190.55,256.8,254.87,247.56,247.02,241.11,231.01,214.73,230.22,203.96,233.43,203.95,203.96,222.33,220.96,206.29,199.24,199.24,199.24,188.78,185.27,184.03,216.31,187.01,165.73,169.56,163.24,163.89,172.15,171.41,159.98,157.14,174.46,173.82,173.73,178.79,183.93,211.05,212.82,221.59,227.43
241.51,409,199.96,187.16,179.8,216.48,211.5,265.41,237.88,219.26,220.99,230.87,262.23,233.27,232.96,225.67,184.85,205.81,204.19,206.55,189.32,206.8,192.71,217.72,186.02,241.26,180.05,169.31,224.58,165.13,214.68,177.71,180.15,208.28,175.01,181.68,186.47,233.6,218.72,192.48,197.91,195.94,0,211.29,196.77,187.92,180.92,165.89,200.74,200.27,194.22,194.05,198.27,238.47,236.54,229.23,228.69,222.78,212.68,196.4,211.89,202.47,221.59,201.78,202.09,210.49,210.74,204.76,200.5,200.78,204,199.75,200.95,213.07,245.35,216.05,188.55,162.07,157.75,167.17,184.23,184.97,171.04,171.04,177.21,175.22,174.96,168.6,169.31,201.13,202.9,209.96,236.79
241.56,408.06,257.84,171.79,173.59,238.99,211.83,299.67,193.13,253.52,255.25,265.13,296.49,267.53,199.37,259.93,212.11,204.83,203.53,207.72,177.94,208.56,182.07,217.72,191.13,241.26,181.41,171.47,224.65,166.48,215.55,179.08,181.61,207.52,175.24,181.68,186.47,188.85,185.13,172.77,195.65,198.3,211.29,0,254.65,222.18,208.18,178.13,199.42,222.77,216.72,216.56,198.6,272.73,270.8,263.49,262.95,257.04,246.94,230.66,246.15,201.12,221.59,201.12,201.12,210.49,210.74,204.83,201.3,201.66,205.16,198.99,201.71,213.12,245.4,216.1,187.82,163.42,157.9,166.23,173.59,173.59,172.18,171.27,179.33,176.68,176.33,169.96,174.42,202.89,204.07,209.96,235.47
247.54,415.34,0.319,169.99,179.44,244.84,213.78,307.47,184.29,261.32,263.05,272.93,304.29,275.33,190.72,267.73,219.91,210.68,209.38,213.57,178.56,214.41,184.17,223.57,198.93,247.11,189.21,179.27,230.5,174.28,221.4,186.88,189.41,213.37,182.1,190.4,195.19,180.01,176.48,169.92,184.64,202.2,196.77,254.65,0,229.98,215.98,185.93,201.37,228.62,222.57,222.41,200.55,280.53,278.6,271.29,270.75,264.84,254.74,238.46,253.95,206.97,227.44,206.97,206.97,216.34,216.59,210.68,207.15,207.51,211.53,204.84,207.56,219.1,251.38,222.08,197.57,171.22,163.75,173.51,175.69,174.21,178.13,178.13,187.13,184.48,184.13,177.76,182.22,208.74,209.92,215.81,237.42
248.56,428.14,233.17,168.23,189.35,17.866,45.032,7.749,178.24,3.134,3.307,4.295,7.431,4.535,188.19,3.775,252.38,220.86,219.56,235.25,178.87,235.54,185.21,246.5,223.23,269.35,211.83,200.38,249.9,198.58,237.84,206.03,208.48,222.01,202.51,208.88,213.67,173.95,173.96,168.16,183,206.25,187.92,222.18,229.98,0,248.45,218.41,39.74,14.59,13.38,13.38,39.74,5.055,4.862,4.131,4.077,3.486,2.476,0.848,2.397,217.15,250.21,217.15,217.15,239.11,239.51,230.08,223.8,223.95,224.29,213.48,211.52,220.12,252.4,223.1,207.18,191.53,184.86,186.31,176.73,174.52,198.49,198.54,205.53,203.55,203.28,200.38,206.52,229.87,231.6,238.05,54.16
237.44,428.86,219.17,164.73,183.74,258.69,218.4,325.94,174.74,279.79,281.52,291.4,322.76,293.8,184.69,286.2,0.393,224.33,222.71,241.44,175.37,241.69,181.71,245.64,229.63,274.34,215.34,203.89,241.76,203.89,228.77,206.45,208.72,213.06,198.05,198.78,203.57,170.45,170.46,164.66,177.53,202.67,180.92,208.18,215.98,248.45,0,232.41,205.99,242.48,236.43,236.26,205.17,299,297.07,289.76,289.22,283.31,273.21,256.93,272.42,220.65,254.14,220.3,220.62,243.04,238.66,221.94,214.89,214.89,214.82,204.53,204.52,209,241.28,211.98,197.41,191.55,185.99,187.03,173.23,171.02,195.97,194.08,204.46,203.79,203.7,203.89,212.92,236.02,237.79,243.04,242.04
200.27,416.56,189.12,154.21,166.79,236.16,210.88,295.9,167.22,249.75,251.48,261.36,292.72,263.76,177.18,256.16,236.34,212.09,210.3,238.49,162.73,241.69,168.33,217.16,248.19,258.39,208.07,210.64,211.52,186.2,198.39,177.58,179.58,177.29,162.88,165.59,170.38,162.94,162.94,154.14,162.51,187.65,165.89,178.13,185.93,218.41,232.41,0,198.48,219.94,213.89,213.73,197.65,268.96,267.03,259.72,259.18,253.27,243.17,226.89,242.38,208.46,236.6,207.89,208.38,225.5,210.18,191.7,184.64,184.5,182.89,168.76,171.37,171.83,204.11,174.81,163.41,172.89,170.08,174.73,159.85,158.38,162.79,158.91,173.33,174.65,174.83,196.63,231.49,236.02,234.84,227.09,234.53
307.34,493.01,204.56,195.77,232.57,28.492,7.926,30.296,218.37,45.492,46.184,23.872,30.568,25.264,224.96,26.952,209.92,263.92,262.32,261.4,211.08,260.47,218.9,279.59,233.78,298.35,250.81,231.8,288.45,251.56,281.11,266.05,268.67,269.77,255.31,259.27,264.06,214.09,210.72,196.13,195.02,191.38,200.74,199.42,201.37,39.74,205.99,198.48,0,5.28,6.49,19.52,5.28,19.52,20.292,23.216,23.432,25.796,29.836,36.348,42.544,260.21,278.68,259.91,260.21,267.58,272.61,268.63,266.86,267.22,271.24,261.24,263.21,278.9,311.19,281.88,267.27,250.02,245.16,251.18,210.42,206.73,250.85,251.34,267.05,263.74,263.3,239.36,217.07,254.8,257.75,267.05,3.605
296.29,480.23,231.81,193.28,219.79,8.966,7.926,9.868,212.47,17.466,17.812,6.656,10.004,7.352,218.86,8.196,246.41,264.49,262.9,263.84,207.95,264.09,214.98,286.19,247.62,301.16,254.9,239.75,294.13,245.5,283.26,259.99,262.61,270.65,257.35,261.45,266.25,208.19,204.62,193.49,192.83,199.06,200.27,222.77,228.62,14.59,242.48,219.94,5.28,0,0.605,4.48,5.28,4.48,4.866,6.328,6.436,7.618,9.638,12.894,15.992,260.79,282.55,260.49,260.79,271.45,279.21,274.31,269.08,269.37,272.25,262.12,265.2,267.85,300.13,270.83,259.84,241.83,229.44,238.4,206.5,203.6,253.72,253.38,260.99,257.68,257.24,243.46,230.91,258.42,260.19,269.86,12.49
290.24,474.18,225.76,187.23,213.74,7.756,9.136,8.658,206.41,16.256,16.602,5.446,8.794,6.142,212.81,6.986,240.35,258.44,256.85,257.79,201.9,258.04,208.93,280.14,241.57,295.11,248.85,233.7,288.08,239.45,277.21,253.94,256.56,264.6,251.29,255.4,260.19,202.13,198.57,187.44,186.78,193.01,194.22,216.72,222.57,13.38,236.43,213.89,6.49,0.605,0,3.27,6.49,3.27,3.656,5.118,5.226,6.408,8.428,11.684,14.782,254.74,276.5,254.44,254.73,265.4,273.16,268.26,263.03,263.32,266.2,256.07,259.15,261.8,294.08,264.78,253.79,235.78,223.39,232.35,200.45,197.55,247.67,247.32,254.94,251.63,251.19,237.41,224.86,252.37,254.14,263.81,13.7
290.24,474.18,225.6,187.23,213.74,2.243,24.812,8.658,206.09,16.256,16.602,5.446,8.794,6.142,212.65,6.986,240.19,258.28,256.85,257.79,201.74,258.04,208.82,279.98,241.41,295.11,248.53,233.54,287.92,239.45,277.05,253.94,256.56,264.44,250.97,255.12,259.91,201.81,198.41,187.44,186.78,193.01,194.05,216.56,222.41,13.38,236.26,213.73,19.52,4.48,3.27,0,19.52,3.27,3.656,5.118,5.226,6.408,8.428,11.684,14.782,254.57,276.5,254.44,254.57,265.4,273,268.1,262.87,263.16,266.04,255.91,258.99,261.8,294.08,264.78,253.63,235.62,223.39,232.35,200.34,197.39,247.35,247,254.94,251.63,251.19,237.08,224.7,252.37,254.14,263.81,33.94
306.52,491.91,203.74,194.74,231.47,28.492,1.323,30.296,215.89,45.492,46.184,23.872,30.568,25.264,222.48,26.952,209.1,263.1,261.5,259.9,209.98,259.56,217.8,278.77,232.95,297.04,249.98,230.97,287.62,249.09,279.61,263.58,266.2,268.95,254.48,258.44,263.23,211.61,208.24,195.03,194.14,190.55,198.27,198.6,200.55,39.74,205.17,197.65,5.28,5.28,6.49,19.52,0,19.52,20.292,23.216,23.432,25.796,29.836,36.348,42.544,259.38,277.86,259.09,259.38,266.76,271.79,267.8,265.36,265.72,269.74,260.42,262.38,278.08,310.36,281.06,266.44,247.54,242.69,250.08,209.32,205.63,250.02,250.51,264.58,261.27,260.83,238.53,216.24,253.89,256.25,265.74,12.49
299.11,478.69,283.72,218.78,239.9,7.756,24.812,2.694,228.78,6.493,6.666,1.088,2.762,1.436,238.75,1.858,302.93,271.41,270.11,285.8,229.42,286.09,235.76,297.05,273.78,319.9,262.38,250.93,300.45,249.13,288.39,256.58,259.03,272.56,253.06,259.43,264.22,224.51,224.5,218.71,233.55,256.8,238.47,272.73,280.53,5.055,299,268.96,19.52,4.48,3.27,3.27,19.52,0,0.193,0.924,0.978,1.569,2.579,4.207,5.756,267.7,300.76,267.7,267.7,289.66,290.07,280.63,274.35,274.5,274.84,264.03,262.07,270.67,302.95,273.65,257.73,242.08,235.41,236.86,227.28,225.07,249.04,249.09,256.08,254.1,253.83,250.93,257.07,280.42,282.15,288.6,33.94
297.18,476.76,281.79,216.85,237.97,8.142,25.584,2.887,226.86,6.3,6.473,0.895,2.569,1.243,236.81,1.665,301,269.48,268.18,283.87,227.49,284.16,233.83,295.12,271.85,317.97,260.45,249,298.52,247.2,286.46,254.65,257.1,270.63,251.13,257.5,262.29,222.58,222.57,216.78,231.62,254.87,236.54,270.8,278.6,4.862,297.07,267.03,20.292,4.866,3.656,3.656,20.292,0.193,0,0.731,0.785,1.376,2.386,4.014,5.563,265.77,298.83,265.77,265.77,287.73,288.13,278.7,272.42,272.57,272.91,262.1,260.14,268.74,301.02,271.72,255.8,240.15,233.48,234.93,225.35,223.14,247.11,247.16,254.15,252.17,251.9,249,255.14,278.49,280.22,286.67,34.712
289.87,469.45,274.48,209.54,230.66,9.604,28.508,3.618,219.55,5.569,5.742,0.164,3.3,0.512,229.5,0.934,293.69,262.17,260.87,276.56,220.18,276.85,226.52,287.81,264.54,310.66,253.14,241.69,291.21,239.89,279.15,247.34,249.79,263.32,243.82,250.19,254.98,215.27,215.27,209.47,224.31,247.56,229.23,263.49,271.29,4.131,289.76,259.72,23.216,6.328,5.118,5.118,23.216,0.924,0.731,0,0.054,0.645,1.655,3.283,4.832,258.46,291.52,258.46,258.46,280.42,280.82,271.39,265.11,265.26,265.6,254.79,252.83,261.43,293.71,264.41,248.49,232.84,226.17,227.62,218.04,215.83,239.8,239.85,246.84,244.86,244.59,241.69,247.83,271.18,272.91,279.36,37.636
289.33,468.91,273.94,209,230.12,9.712,28.724,3.672,219.01,5.515,5.688,0.218,3.354,0.458,228.97,0.88,293.15,261.63,260.33,276.02,219.64,276.31,225.98,287.26,264,310.12,252.6,241.15,290.67,239.35,278.61,246.8,249.25,262.78,243.28,249.65,254.44,214.73,214.72,208.93,223.77,247.02,228.69,262.95,270.75,4.077,289.22,259.18,23.432,6.436,5.226,5.226,23.432,0.978,0.785,0.054,0,0.591,1.601,3.229,4.778,257.92,290.98,257.92,257.92,279.88,280.28,270.85,264.57,264.72,265.06,254.25,252.29,260.89,293.17,263.87,247.95,232.3,225.63,227.08,217.5,215.29,239.26,239.31,246.3,244.32,244.05,241.15,247.29,270.64,272.37,278.82,37.852
283.42,463,268.03,203.09,224.21,10.894,31.088,4.263,213.09,4.924,5.097,0.809,3.945,1.049,223.05,0.289,287.24,255.72,254.42,270.11,213.73,270.4,220.07,281.36,258.09,304.21,246.69,235.24,284.76,233.44,272.7,240.89,243.34,256.87,237.37,243.74,248.53,208.81,208.81,203.02,217.86,241.11,222.78,257.04,264.84,3.486,283.31,253.27,25.796,7.618,6.408,6.408,25.796,1.569,1.376,0.645,0.591,0,1.01,2.638,4.187,252.01,285.07,252.01,252.01,273.97,274.38,264.94,258.66,258.81,259.15,248.34,246.38,254.98,287.26,257.96,242.04,226.39,219.72,221.17,211.59,209.38,233.35,233.4,240.39,238.41,238.14,235.24,241.38,264.73,266.46,272.91,40.216
273.32,452.9,257.93,192.99,214.11,12.914,35.128,5.273,203,3.914,4.087,1.819,4.955,2.059,212.95,1.299,277.14,245.62,244.32,260.01,203.63,260.3,209.97,271.25,247.99,294.11,236.59,225.14,274.66,223.34,262.6,230.79,233.24,246.77,227.27,233.64,238.43,198.71,198.72,192.92,207.76,231.01,212.68,246.94,254.74,2.476,273.21,243.17,29.836,9.638,8.428,8.428,29.836,2.579,2.386,1.655,1.601,1.01,0,1.628,3.177,241.91,274.97,241.91,241.91,263.87,264.27,254.84,248.56,248.71,249.05,238.24,236.28,244.88,277.16,247.86,231.94,216.29,209.62,211.07,201.49,199.28,223.25,223.3,230.29,228.31,228.04,225.14,231.28,254.63,256.36,262.81,44.256
257.04,436.62,241.65,176.71,197.83,16.17,41.64,6.901,186.72,2.286,2.459,3.447,6.583,3.687,196.67,2.927,260.86,229.34,228.04,243.73,187.35,244.02,193.69,254.97,231.71,277.83,220.31,208.86,258.38,207.06,246.32,214.51,216.96,230.49,210.99,217.36,222.15,182.44,182.44,176.64,191.48,214.73,196.4,230.66,238.46,0.848,256.93,226.89,36.348,12.894,11.684,11.684,36.348,4.207,4.014,3.283,3.229,2.638,1.628,0,1.549,225.63,258.69,225.63,225.63,247.59,248,238.56,232.28,232.43,232.77,221.96,220,228.6,260.88,231.58,215.66,200.01,193.34,194.79,185.21,183,206.97,207.02,214.01,212.03,211.76,208.86,215,238.35,240.08,246.53,50.768
272.53,452.11,257.14,192.2,213.32,19.268,47.836,8.45,202.2,0.737,0.91,4.996,8.132,5.236,212.16,4.476,276.35,244.83,243.53,259.22,202.84,259.51,209.18,270.46,247.2,293.32,235.8,224.35,273.87,222.55,261.81,230,232.45,245.98,226.48,232.85,237.64,197.92,197.92,192.13,206.97,230.22,211.89,246.15,253.95,2.397,272.42,242.38,42.544,15.992,14.782,14.782,42.544,5.756,5.563,4.832,4.778,4.187,3.177,1.549,0,241.12,274.18,241.12,241.12,263.08,263.48,254.05,247.77,247.92,248.26,237.45,235.49,244.09,276.37,247.07,231.15,215.5,208.83,210.28,200.7,198.49,222.46,222.51,229.5,227.52,227.25,224.35,230.49,253.84,255.57,262.02,56.964
192.21,449.46,210.16,199.89,200.31,277,272.62,294.64,215.9,248.49,250.22,260.1,291.46,262.5,228.75,254.9,224.58,2.251,1.991,223.17,206.43,223.42,211.3,222.45,211.82,260.5,196.21,186.28,219.99,181.29,208.7,182.08,184.17,161.01,169.23,170.99,175.78,211.62,214.51,199.96,199.74,203.96,202.47,201.12,206.97,217.15,220.65,208.46,260.21,260.79,254.74,254.57,259.39,267.7,265.77,258.46,257.92,252.01,241.91,225.63,241.12,0,1.509,1.509,1.509,3.729,215.47,200.17,194.88,194.81,194,152.48,150.51,163.77,196.05,166.75,169.69,184.47,197.43,207.63,202.82,202.08,164.03,165.26,178.58,179.24,179.33,184.76,195.11,217.75,219.52,229.2,296.26
217.19,467.74,230.63,218.3,217.97,298.93,291.09,327.7,233.05,281.55,283.28,293.16,324.52,295.56,244.85,287.96,258.07,2.251,1.991,268.66,226.89,268.32,232.17,266.58,249.18,309.21,221.69,216.3,259.03,199.82,238.14,197.27,199.36,205.48,184.22,183.97,188.76,228.77,230.61,218.3,221.01,233.43,221.59,221.59,227.44,250.21,254.14,236.6,278.68,282.55,276.5,276.5,277.86,300.76,298.83,291.52,290.98,285.07,274.97,258.69,274.18,1.509,0,1.509,1.509,1.11,259.6,239.21,232.15,224.25,221.84,196.95,193.17,188.75,221.03,191.73,181.28,197.59,213.54,225.91,223.69,222.54,186.37,180.25,193.77,194.43,194.52,210.24,232.47,262.65,265.01,277.91,314.73
