0,445.26,237.44,238.39,203.43,229.82,235.01,245.32,255.4,225.22,226.95,210.78,242.14,213.18,270.75,205.58,210.64,194.99,193.69,208.89,233.62,210.91,234.06,213.07,206.06,236.54,203.82,189.35,225.91,199.33,238.07,190.93,193.06,208.32,170.24,184.51,189.3,251.12,256.51,239.87,237.64,231.4,239.06,235.72,234.25,206.22,206.71,196.79,224.26,213.61,207.56,207.39,221.78,218.38,216.45,209.14,208.6,202.69,192.59,202.36,217.85,190.98,210.43,191.28,191.28,205.24,206.09,206.09,223.96,224.18,226.59,199.79,223.3,2.844,5.476,2.546,211.08,190.56,212.17,203.43,225.58,229.27,178.89,166.27,187.46,188.13,188.18,192.37,189.35,205.24,205.24,205.24,260.31
445.26,0,464.64,460.55,557.75,506.73,518.26,505.75,478.79,481.07,482.8,471.21,502.57,473.61,499.91,466.01,470.91,454.73,453.43,468.76,516.06,470.89,522.4,464.77,457.5,491.71,441.63,431.7,460.81,426.71,446.08,428.82,430.87,433.06,399.42,412.05,416.84,474.51,485.68,505.35,459.8,457.99,464.52,456.95,461.45,459.9,466.98,448.86,508.28,490.51,484.46,484.3,505.03,478.81,476.88,469.57,469.03,463.12,453.02,458.21,473.7,451.95,457.31,451.02,451.02,458.82,457.79,440.99,432.41,432.19,429.78,424.53,421.24,416.82,449.1,419.8,409.35,511.03,532.11,24.183,513.92,511.71,414.85,395.45,424.62,425.94,426.07,430.18,440.79,465.22,465.11,460.41,544.33
237.44,464.64,0,201.57,222.36,223.88,215.53,237.02,225.24,213.66,215.39,202.48,233.84,204.88,245.97,197.28,199.16,170.09,168.47,182.94,236.1,185.91,239.5,195.09,193.92,204.14,198.13,182.15,212.78,194.26,207.21,206.65,209.18,195.18,196.94,206.16,210.95,220.96,231.73,233.88,200.82,213.27,210.07,229.6,0.319,204.93,195.23,191.72,204.18,207.5,201.45,201.45,202.3,210.08,208.15,200.84,200.3,194.39,184.29,190.8,206.29,183.22,169.56,166.06,166.38,171.78,188.11,192.96,192.96,193.32,197.34,186.65,186.91,209,241.28,211.98,211.91,200.37,209.02,222.81,231.02,231.76,193.83,192.97,206.9,204.25,203.9,186.68,177.21,180.24,179.29,172.84,240.23
238.39,460.55,201.57,0,217.37,195.57,206.58,223.36,228.29,196.75,198.48,188.82,220.18,191.22,244.32,183.62,188.58,151.03,149.72,171.26,232.05,174.46,234.71,185.24,194.27,192.41,210.19,192.29,211.58,209.4,209.54,211.02,213.29,205.56,204.23,206.82,211.61,224.01,230.08,230.08,0.075,245.81,217.6,214.65,198.38,175.58,184.65,189.69,195.5,179.19,173.14,173.14,193.35,196.42,194.49,187.18,186.64,180.73,170.63,173.89,189.38,170.09,155.08,147.31,147.31,159.52,178.26,191.76,195.29,195.65,199.53,197.03,201.11,209.95,242.23,212.93,207.09,203.61,208.69,218.72,226.23,227.7,202.01,200.26,209.02,208.36,208.27,198.74,177.56,168.79,167.61,161.11,231.55
203.43,557.76,222.36,217.37,0,248.72,259.64,259.22,245.4,234.54,236.27,224.68,256.04,227.08,270.25,219.48,216.12,201.73,200.44,214.78,295.07,217.3,302.15,214.41,208.23,239.01,192.62,182.68,207.57,177.69,193.84,179.54,181.6,183.32,153.87,169.79,174.58,241.12,256.01,282.24,216.62,216.91,227.8,217.29,219.17,211.66,212.19,199.27,248.57,232.5,226.45,226.29,246.41,232.28,230.35,223.04,222.5,216.59,206.49,211.68,227.17,204.92,208.41,198.02,198.03,206.19,207.43,187.75,180.02,179.95,179.15,174.79,179.41,174.99,207.27,177.97,167.52,262.42,275.39,315.93,293.67,290.72,167.58,149.9,175.34,176.67,176.79,181.17,191.52,211.63,211.13,207.71,284.62
229.82,506.73,223.88,195.57,248.72,0,33.784,13.144,235.52,243.52,245.25,9.932,13.28,10.628,264.09,11.472,207.26,188.77,187.34,183.17,268.57,184.6,270.49,195.12,188.09,214.04,193.34,174.33,204.14,199.27,196.8,213.76,216.38,185.86,219.02,228.23,233.02,231.24,249.85,269.19,194.82,190.76,214.59,214.84,220.69,215.57,203.33,180.79,28.492,8.966,7.756,2.243,28.492,7.756,8.142,9.604,9.712,10.894,12.914,220.66,236.15,228.82,195.47,184.93,185.06,193.25,188.14,184.32,182.55,182.91,186.93,177.33,179.29,201.38,233.66,204.36,230.31,214.56,236.17,264.9,262.01,264.22,215.36,215.05,214.76,211.45,211.01,181.89,171.38,178.93,179.52,182.74,42.912
235.01,518.26,215.53,206.58,259.64,33.784,0,35.588,232.43,211.97,213.7,29.164,35.86,30.556,261,32.244,187.84,132.04,130.45,149,272.26,152.79,275.65,163.51,186.46,166.97,202.91,183.9,191.65,208.84,191.37,223.33,225.95,190.13,230.3,239.76,244.55,228.15,246.76,269.79,205.83,201.77,211.5,210.39,212.34,187.41,183.91,176.4,7.926,7.926,9.136,24.812,1.323,24.812,25.584,28.508,28.724,31.088,35.128,189.11,204.6,191.83,127.42,128.04,128.33,134.08,156.53,171.83,177.12,177.48,181.5,181.6,184.48,206.57,238.85,209.55,242,224.13,245.74,276.43,267.17,267.91,226.89,226.34,224.33,221.02,220.58,191.46,169.75,147.12,145.35,135.67,15.136
245.32,505.75,237.02,223.36,259.22,13.144,35.588,0,246.27,279.15,280.88,3.782,5.456,4.13,274.01,4.552,240.4,242.39,241.09,239.64,277.66,240.48,281.05,246.32,234.61,270.64,232.37,217.9,254.16,227.16,244.92,231.25,233.43,203.32,218.96,224.77,229.56,241.99,259.77,274.1,222.61,228.96,225.34,229.93,233.83,249.51,236.47,225.33,30.296,9.868,8.658,8.658,30.296,2.694,2.887,3.618,3.672,4.263,5.273,256.29,271.78,267.17,273.14,238.68,238.68,266.48,239.34,234.35,230.82,231.03,233.44,194.79,194.79,216.88,249.16,219.86,225.1,233.77,251.53,263.92,272.57,273.31,214.99,214.99,228.5,228.5,228.5,220.92,217.9,234.81,236,239.34,44.716
255.4,478.79,225.24,228.29,245.4,235.52,232.43,246.27,0,219.66,221.39,211.73,243.09,214.13,315.02,206.53,205.22,182.69,181.07,196.18,270.42,198.79,271.6,213.25,206.79,217.43,208.11,193.02,232.32,201.63,224.98,211.43,213.87,216.72,200.95,208.06,212.85,0.428,300.78,274.55,227.54,222.38,302.35,245.68,222.05,201.15,201.29,193.8,221.67,219.3,213.25,213.09,219.2,219.33,217.4,210.09,209.55,203.64,193.54,196.8,212.28,193,178.04,178.66,178.98,184.7,206.27,212.5,210.73,211.09,215.11,208.19,210.16,226.96,259.24,229.94,212.16,214,226.96,236.96,263.12,266.07,197.15,196.98,210.59,208.94,208.67,196.66,190.08,193.12,192.53,186.13,257.72
225.22,481.07,213.66,196.75,234.54,243.52,211.97,279.15,219.66,0,1.647,244.61,275.97,247.01,245.8,239.41,217.04,202.76,201.45,209.86,246.4,211.33,249.79,213.19,210.36,237.51,208.13,192.26,224.54,203.63,215.52,211.96,214.32,183.22,198.86,204.3,209.09,215.38,231.56,244.17,196,205.6,198.73,206.57,210.47,232.66,213.11,201.09,199.57,227.14,221.09,221.09,198.74,252.21,250.28,242.97,242.43,236.52,226.42,2.286,0.737,224.28,233.5,199.04,199.04,226.84,206.21,204.72,201.42,201.63,204.04,174.69,174.69,196.78,229.06,199.76,206.27,210.92,227.66,239.24,241.31,242.05,194.89,194.89,210.15,209.39,209.21,196.68,193.65,205.66,206.21,206.21,235.62
226.95,482.8,215.39,198.48,236.27,245.25,213.7,280.88,221.39,1.647,0,246.34,277.7,248.74,247.53,241.14,218.77,204.48,203.19,211.59,248.13,213.06,251.52,214.92,212.09,239.24,209.86,193.99,226.27,205.36,217.25,213.69,216.05,184.95,200.59,206.03,210.82,217.11,233.29,245.9,197.73,207.33,200.45,208.3,212.2,234.39,214.84,202.82,201.3,228.87,222.82,222.82,200.47,253.94,252.01,244.7,244.16,238.25,228.15,2.459,0.91,226,235.23,200.78,200.78,228.57,207.94,206.45,203.15,203.36,205.78,176.42,176.42,198.51,230.79,201.49,208,212.65,229.39,240.97,243.04,243.78,196.62,196.62,211.88,211.12,210.94,198.41,195.38,207.39,207.94,207.94,237.35
210.78,471.21,202.48,188.82,224.68,9.932,29.164,3.782,211.73,244.61,246.34,0,3.464,0.676,239.47,1.098,205.86,207.85,206.55,205.11,243.12,205.94,246.51,211.78,200.07,236.1,197.83,183.36,219.63,192.62,210.38,196.71,198.89,168.78,184.42,190.23,195.02,207.45,225.23,239.56,188.07,194.42,190.8,195.39,199.29,214.96,201.93,190.79,23.872,6.656,5.446,5.446,23.872,1.088,0.895,0.164,0.218,0.809,1.819,221.75,237.24,232.63,238.6,204.14,204.14,231.94,204.8,199.81,196.28,196.49,198.9,160.25,160.25,182.34,214.62,185.32,190.56,199.23,216.99,229.38,238.03,238.77,180.45,180.45,193.96,193.96,193.96,186.38,183.36,200.28,201.46,204.8,38.292
242.14,502.57,233.84,220.18,256.04,13.28,35.86,5.456,243.09,275.97,277.7,3.464,0,3.812,270.83,4.234,237.22,239.21,237.91,236.46,274.48,237.3,277.87,243.14,231.43,267.46,229.19,214.72,250.98,223.98,241.74,228.07,230.25,200.14,215.78,221.59,226.38,238.81,256.59,270.92,219.43,225.78,222.16,226.75,230.65,246.32,233.29,222.15,30.568,10.004,8.794,8.794,30.568,2.762,2.569,3.3,3.354,3.945,4.955,253.11,268.6,263.99,269.96,235.5,235.5,263.3,236.16,231.16,227.64,227.85,230.26,191.61,191.61,213.7,245.98,216.68,221.92,230.59,248.35,260.74,269.39,270.13,211.81,211.81,225.32,225.32,225.32,217.74,214.72,231.63,232.81,236.16,44.988
213.18,473.61,204.88,191.22,227.08,10.628,30.556,4.13,214.13,247.01,248.74,0.676,3.812,0,241.87,1.338,208.26,210.25,208.95,207.5,245.52,208.34,248.91,214.18,202.47,238.5,200.23,185.76,222.03,195.02,212.78,199.11,201.29,171.18,186.82,192.63,197.42,209.85,227.63,241.96,190.47,196.82,193.2,197.79,201.69,217.37,204.33,193.19,25.264,7.352,6.142,6.142,25.264,1.436,1.243,0.512,0.458,1.049,2.059,224.15,239.64,235.03,241,206.54,206.54,234.34,207.2,202.21,198.68,198.89,201.31,162.65,162.65,184.74,217.02,187.72,192.96,201.63,219.39,231.78,240.43,241.17,182.85,182.85,196.36,196.36,196.36,188.78,185.76,202.68,203.86,207.2,39.684
270.75,499.91,245.97,244.32,270.25,264.09,261,274.01,315.02,245.8,247.53,239.47,270.83,241.87,0,234.27,230.07,211.25,209.64,221.03,295.27,223.64,296.45,239.55,226.53,245.45,223.29,210.32,253.61,214.98,244.26,222.37,224.64,239.09,208.95,216.3,221.09,310.74,1.424,299.4,243.57,239.07,297.42,256.11,242.78,222.94,226.14,213.54,250.24,247.87,241.82,241.66,247.77,247.07,245.14,237.83,237.29,231.38,221.28,222.94,238.43,220.75,206.61,207.23,207.55,213.23,232.57,233.79,230.16,230.37,232.2,230.56,230.94,242.31,274.59,245.29,224.4,235.13,248.09,258.09,287.97,290.92,207.81,204.98,220.37,219.71,219.62,211.84,209.82,217.97,217.38,214.15,286.29
205.58,466.01,197.28,183.62,219.48,11.472,32.244,4.552,206.53,239.41,241.14,1.098,4.234,1.338,234.27,0,200.66,202.65,201.35,199.9,237.92,200.75,241.31,206.58,194.87,230.9,192.63,178.16,214.42,187.42,205.18,191.51,193.69,163.58,179.22,185.03,189.82,202.25,220.03,234.36,182.87,189.22,185.6,190.19,194.09,209.76,196.73,185.59,26.952,8.196,6.986,6.986,26.952,1.858,1.665,0.934,0.88,0.289,1.299,216.55,232.04,227.43,233.4,198.94,198.94,226.74,199.6,194.6,191.08,191.29,193.7,155.05,155.05,177.14,209.42,180.12,185.36,194.03,211.79,224.18,232.83,233.57,175.25,175.25,188.76,188.76,188.76,181.18,178.16,195.07,196.25,199.6,41.372
210.64,470.91,199.16,188.58,216.12,207.26,187.85,240.4,205.22,217.04,218.77,205.86,237.22,208.26,230.07,200.66,0,165.58,164.28,184.56,227.61,186.57,231,196.81,201.66,210.53,198.78,183.83,207.64,197.75,198.4,200.19,202.55,176.35,190.29,193.48,198.27,200.94,215.83,225.38,187.83,193.56,184.99,193.29,195.97,213.9,0.393,197.85,175.44,191.04,184.99,184.83,174.62,213.46,211.53,204.22,203.68,197.77,187.67,194.18,209.67,186.6,175.95,161.87,161.87,178.17,189.83,187.82,184.29,184.51,186.29,167.82,169.79,182.2,214.48,185.18,193.28,197.52,213.45,229.08,222.52,223.26,188.08,186.32,198.84,197.62,197.44,187.33,184.95,180.91,180.91,179.23,211.49
194.99,454.73,170.09,151.02,201.73,188.77,132.04,242.39,182.69,202.76,204.49,207.85,239.21,210.25,211.25,202.65,165.58,0,233.71,170.89,221.06,171.14,223.5,184.35,159.54,203.25,170.68,151.67,193.35,170.86,186.01,176.05,178.32,151.37,168.49,174.33,179.12,178.41,197.02,218.79,150.28,146.21,161.75,162.14,166.9,174.81,161.65,139.11,119.64,172.56,166.5,166.34,118.81,215.45,213.52,206.21,205.67,199.76,189.66,179.9,195.38,229.47,228.82,231.3,0.371,184.61,177.37,173.53,171.76,172.12,176.14,142.84,144.8,166.55,198.83,169.53,173.4,178.05,195.49,212.9,215.02,216.71,165.14,164.52,174.05,173.39,173.3,159.23,142.83,165.47,167.24,171.95,155.69
193.69,453.43,168.47,149.72,200.44,187.34,130.45,241.09,181.07,201.45,203.19,206.55,237.91,208.95,209.64,201.35,164.28,233.71,0,169.59,219.76,169.84,222.2,183.27,158.24,201.95,169.38,150.37,192.05,169.24,184.71,174.57,176.84,150.07,167.19,172.71,177.5,176.79,195.4,218.07,148.97,144.91,160.14,160.84,165.28,173.51,160.35,137.81,118.04,170.96,164.91,164.91,117.22,214.15,212.22,204.91,204.37,198.46,188.36,178.6,194.09,226.9,228.8,0.241,230,183.31,176.29,172.23,170.46,170.82,174.84,141.54,143.5,165.25,197.53,168.23,172.1,176.43,194.16,211.6,213.73,215.41,164.13,163.22,172.57,171.91,171.82,157.93,141.53,164.17,165.94,170.65,154.09
208.89,468.75,182.94,171.26,214.78,183.17,149,239.65,196.18,209.86,211.59,205.11,236.46,207.5,221.03,199.91,184.56,170.89,169.59,0,225.8,222.09,229.78,211.92,202.95,237.18,206.11,192.13,214.66,193.3,205.28,188.36,190.45,182.07,179.07,176.42,181.21,191.9,206.79,221.45,170.51,170.79,175.31,175.85,179.75,185.3,180.63,179.79,136.59,166.79,160.74,160.74,135.77,212.7,210.78,203.46,202.93,197.01,186.92,187,202.49,186.38,193.05,167.18,167.18,203.76,204.94,194.84,191.32,191.39,191.6,173.54,172.37,180.45,212.73,183.43,173.83,190.53,211.39,226.93,221.3,221.45,175.77,175.1,184.86,185.52,185.61,194.66,186.24,216.42,0.365,205.88,172.64
233.62,516.06,236.11,232.05,295.07,268.57,272.26,277.66,270.42,246.4,248.13,243.12,274.48,245.52,295.27,237.92,227.61,221.06,219.76,225.8,0,226.64,321.27,234.72,220.58,254.4,211.07,200.63,237.12,196.14,224.03,201.24,203.48,213.51,180.13,193.55,198.34,266.14,281.03,307.26,231.3,231.05,252.82,234.41,232.92,221.84,223.68,211.31,260.57,252.35,246.3,246.14,259.03,250.72,248.79,241.48,240.94,235.03,224.93,223.54,239.03,224.93,223.84,217.35,217.35,222.57,227.74,217.3,210.21,210.14,209.34,204.98,209.6,205.18,237.46,208.16,196.25,251.27,264.24,274.23,312.79,0.435,189.31,176.16,198.54,198.55,198.49,199.62,203.87,220.97,222.15,223.1,296.62
210.91,470.89,185.91,174.46,217.3,184.6,152.79,240.49,198.79,211.33,213.06,205.95,237.3,208.34,223.64,200.75,186.57,171.14,169.84,222.09,226.64,0,230.77,212.76,207.33,236.84,210.49,196.51,215.5,197.36,206.12,191.56,193.65,183.5,181.68,178.44,183.23,194.51,209.4,222.29,173.71,173.99,178.51,179.05,182.72,186.78,182.65,182.99,140.38,168.22,162.17,162.17,139.56,213.55,211.62,204.3,203.76,197.86,187.75,188.47,203.96,187.22,193.89,167.43,167.43,203.42,205.78,195.68,192.16,192.23,192.44,174.97,174.39,182.47,214.75,185.45,175.84,192.81,214,229.06,222.29,222.29,178.38,177.71,188.06,188.72,188.81,199.04,190.62,0.567,218.44,205.54,176.43
234.06,522.4,239.5,234.71,302.15,270.49,275.65,281.05,271.6,249.79,251.52,246.51,277.87,248.91,296.45,241.31,231,223.5,222.2,229.78,321.27,230.77,0,236.64,224.71,257.79,213.72,203.29,238.2,198.8,224.47,203.74,205.92,213.95,182.05,195.47,200.26,267.32,282.21,308.44,233.96,234.25,254,237.06,236.31,225.23,227.07,215.44,263.96,254.27,248.22,248.06,262.42,254.11,252.18,244.87,244.33,238.42,228.32,226.93,242.42,228.12,227.97,219.8,219.79,225.96,229.66,218.38,210.65,210.58,209.78,205.42,210.04,205.62,237.9,208.6,197.64,257.61,270.58,280.57,0.848,316.92,192.17,178.08,200.45,200.99,200.99,202.28,208,225.1,226.13,226.49,300.01
213.07,464.77,195.09,185.24,214.41,195.12,163.51,246.32,213.25,213.19,214.92,211.78,243.14,214.18,239.55,206.58,196.81,184.35,183.27,211.92,234.72,212.76,236.64,0,198.16,246.02,186.32,176.38,250.49,171.39,223.1,176.49,178.76,194.23,169.12,175.47,180.26,208.97,225.31,235.25,184.49,186,192.32,189.95,191.9,188.64,192.88,181.04,151.11,178.9,172.85,172.69,150.28,219.38,217.45,210.14,209.6,203.69,193.59,190.33,205.82,194.12,212.04,180.86,180.64,230.63,0.698,230.67,223.62,209.21,208.41,185.7,183.73,184.63,216.91,187.61,177.16,180.47,202.08,222.94,228.16,230.37,172.34,165.15,174.35,173.83,173.74,174.87,181.45,207.09,208.27,214.72,187.16
206.06,457.5,193.92,194.27,208.22,188.09,186.46,234.61,206.79,210.36,212.09,200.07,231.43,202.47,226.53,194.87,201.66,159.54,158.24,202.95,220.58,207.33,224.71,198.16,0,217.69,221.12,248.02,201.63,206.2,192.1,188.59,190.68,175.31,176.33,187.28,192.07,202.51,212.29,216.23,193.52,201.59,191.68,190.73,190.73,189.2,197.73,217.7,174.06,171.71,165.66,165.66,173.23,207.67,205.74,198.43,197.89,191.98,181.88,187.5,202.99,180.81,182.06,155.83,155.83,184.28,191.18,181.81,178.28,178.21,177.4,166.78,168.78,177.62,209.9,180.6,186.89,191.25,210.21,215.67,216.23,216.23,186.24,172.36,185.09,185.75,185.84,209.67,1.671,201.66,199.3,186.4,210.11
236.54,491.71,204.14,192.41,239,214.04,166.97,270.64,217.43,237.51,239.24,236.1,267.46,238.5,245.45,230.9,210.53,203.25,201.95,237.18,254.4,236.84,257.79,246.02,217.7,0,220.86,206.88,248.77,208.05,239.38,209.56,211.65,209.6,201.93,202.76,207.55,213.16,231.21,251.35,191.66,191.98,196.5,197.05,200.95,212.95,206.6,197.27,154.56,197.66,191.61,191.61,153.74,243.7,241.77,234.46,233.92,228.01,217.91,214.65,230.14,218.44,227.15,199.54,199.54,244.31,239.04,228.95,225.42,225.49,225.7,201.07,199.1,208.1,240.38,211.08,201.48,212.5,232.65,249.88,249.31,250.05,197.24,197.96,206.06,206.72,206.81,209.41,200.98,231.17,233.53,3.13,190.61
203.82,441.63,198.13,210.19,192.62,193.34,202.91,232.37,208.11,208.13,209.86,197.83,229.19,200.23,223.29,192.63,198.78,170.68,169.38,206.11,211.07,210.49,213.73,186.32,221.12,220.86,0,217.84,188.96,209.98,179.43,178.97,180.97,159.8,159.77,178.87,183.66,203.83,209.05,210.96,209.44,211.99,194.74,194.94,194.94,185.39,194.85,204.53,191.09,176.96,170.91,170.91,189.68,205.43,203.5,196.19,195.65,189.74,179.64,185.27,200.76,178.57,187.22,166.97,166.97,187.44,179.34,169.14,165.62,165.54,164.74,151.27,166.55,175.38,207.66,178.36,190.33,181.47,198.76,199.8,205.25,206.72,176.06,155.8,174.72,176.04,176.22,1.145,204.41,204.82,202.46,189.56,227.14
189.35,431.69,182.15,192.29,182.68,174.33,183.9,217.9,193.02,192.26,193.99,183.36,214.72,185.76,210.32,178.16,183.83,151.67,150.37,192.13,200.63,196.51,203.29,176.38,248.02,206.88,217.84,0,179.03,192.49,169.5,164.49,166.5,149.87,146.81,164.39,169.18,188.74,196.08,199.52,191.54,195.19,178.75,178.95,178.96,169.4,179.9,198.31,172.08,157.95,151.9,151.9,170.67,190.96,189.03,181.72,181.18,175.27,165.17,169.4,184.89,164.1,171.24,147.96,147.96,173.46,169.4,159.21,155.68,155.61,154.8,141.34,152.07,160.91,193.19,163.89,175.86,167,184.29,189.87,194.81,196.28,161.59,142.84,160.24,161.57,161.74,206.39,231.31,190.84,188.48,175.58,208.13
225.91,460.81,212.78,211.58,207.57,204.14,191.65,254.17,232.32,224.54,226.27,219.63,250.98,222.03,253.61,214.43,207.64,193.35,192.05,214.66,237.12,215.5,238.2,250.49,201.63,248.77,188.96,179.03,0,174.04,225.75,170.52,172.61,199.66,166.34,175.5,180.28,228.04,239.38,238.31,210.83,210.29,214.72,210.77,209.59,199.99,203.71,196.07,179.24,187.76,181.71,181.71,178.42,227.22,225.3,217.98,217.45,211.54,201.44,201.68,217.17,200.9,217.55,189.64,189.64,223.08,243.51,1.982,256.85,211.86,211.05,191.13,196.57,197.47,229.75,200.45,190,173.18,194.79,218.98,229.72,232.77,169.88,162.37,167.02,167.68,167.77,177.51,184.92,209.83,211.01,217.47,215.29
199.33,426.71,194.26,209.4,177.69,199.27,208.84,227.16,201.63,203.63,205.36,192.62,223.98,195.02,214.97,187.42,197.75,170.86,169.24,193.3,196.14,197.36,198.8,171.39,206.2,208.05,209.98,192.49,174.04,0,164.51,187.2,189.03,144.88,160.5,193.93,198.72,197.35,200.74,196.04,208.65,210.97,192.67,191.07,191.07,182.46,193.82,195.28,197.02,182.89,176.84,176.84,195.61,200.22,198.29,190.98,190.44,184.53,174.43,180.77,196.26,172.82,181.14,166.83,167.15,174.63,164.41,154.22,150.69,150.62,149.81,136.35,162.05,170.89,203.17,173.87,185.83,206.33,214.98,184.88,190.32,191.79,202.35,156.53,181.45,184.1,184.45,198.53,189.49,191.69,189.65,176.75,233.07
238.07,446.08,207.21,209.54,193.84,196.8,191.37,244.92,224.98,215.52,217.25,210.38,241.74,212.78,244.26,205.18,198.4,186.01,184.71,205.28,224.03,206.12,224.47,223.1,192.1,239.38,179.43,169.5,225.75,164.51,0,157.46,159.56,205.47,152.38,163.18,167.97,220.7,230.02,227.03,208.79,208.18,207.38,204.67,204.02,190.97,194.47,186.54,178.96,180.42,174.37,174.37,178.14,217.98,216.05,208.74,208.2,202.29,192.19,192.66,208.15,191.66,208.31,182.3,182.3,210.1,216.12,205.93,226.13,1.389,223.21,196.94,222.88,209.63,241.91,212.61,187.21,160.12,181.73,204.25,215.99,219.68,157.57,148.41,153.96,154.63,154.71,167.98,175.39,200.45,201.63,208.08,215.01
190.93,428.82,206.65,211.03,179.54,213.76,223.33,231.25,211.43,211.96,213.69,196.71,228.07,199.11,222.37,191.51,200.19,176.05,174.57,188.36,201.24,191.56,203.74,176.49,188.59,209.56,178.97,164.49,170.52,187.2,157.46,0,201.17,147.02,170.29,203.73,208.52,207.15,208.13,201.13,210.27,211.49,203.81,203.46,203.46,190.27,196.26,186.76,211.51,197.38,191.33,191.33,210.1,204.31,202.38,195.07,194.53,188.62,178.52,189.1,204.59,176.37,183.86,172.16,172.34,177.2,169.51,150.7,143.65,143.57,142.77,138.49,153.65,162.49,194.77,165.47,195.63,177.38,194.67,186.99,195.26,196.89,212.15,166.32,193.59,196.24,0.275,167.52,171.88,185.89,184.71,178.26,247.56
193.06,430.87,209.18,213.29,181.6,216.38,225.95,233.43,213.87,214.32,216.05,198.89,230.25,201.29,224.64,193.69,202.55,178.32,176.84,190.45,203.48,193.65,205.92,178.76,190.68,211.65,180.97,166.5,172.61,189.03,159.56,201.17,0,149.15,172.74,206.17,210.96,209.59,210.4,203.37,212.54,213.67,206.26,205.99,205.99,192.66,198.62,188.85,214.13,200,193.95,193.95,212.72,206.49,204.56,197.25,196.71,190.8,180.7,191.46,206.95,178.55,185.95,174.43,174.61,179.29,171.78,152.79,145.74,145.67,144.86,140.61,155.78,164.62,196.9,167.6,198.07,179.47,196.76,189.04,197.44,199.13,214.59,168.77,196.13,0.493,198.42,169.52,173.97,187.98,186.8,180.35,250.18
208.32,433.05,195.18,205.56,183.32,185.86,190.13,203.32,216.72,183.22,184.95,168.78,200.14,171.18,239.09,163.58,176.35,151.37,150.07,182.07,213.51,183.5,213.95,194.23,175.31,209.6,159.8,149.87,199.66,144.88,205.47,147.02,149.15,0,138.64,147.01,151.8,212.44,224.85,219.02,204.81,201,198.27,194.2,191.99,165.45,172.42,170.01,177.72,169.64,163.59,163.43,176.9,176.38,174.45,167.14,166.6,160.69,150.59,160.36,175.85,148.98,179.99,147.66,147.66,177.77,187.25,179.84,191.37,191.58,227.8,0.853,224.35,179.88,212.16,182.86,157.46,149.71,171.32,191.22,205.47,209.16,142.6,134.66,143.55,144.22,144.27,148.35,158.6,177.83,178.42,178.3,213.77
170.24,399.42,196.94,204.23,153.87,219.02,230.3,218.96,200.95,198.86,200.59,184.42,215.78,186.82,208.95,179.22,190.29,168.49,167.19,179.07,180.13,181.68,182.05,169.12,176.33,201.93,159.77,146.81,166.33,160.5,152.38,170.29,172.74,138.64,0,161.49,166.28,196.67,194.71,182.14,203.48,204.09,192.74,191.8,193.75,181.09,186.36,176.42,220.26,202.64,196.59,196.59,217.08,192.02,190.09,182.78,182.24,176.33,166.23,176,191.49,164.62,172.43,164.78,164.78,169.33,162.14,146.51,138.59,138.49,136.88,130.1,137.38,141.8,174.08,144.78,153.39,154.86,176.47,157.59,173.56,175.78,221,0.397,220.53,167.81,167.54,148.32,159.62,176.01,175.42,170.63,256.31
184.51,412.05,206.16,206.82,169.79,228.23,239.76,224.77,208.06,204.3,206.03,190.23,221.59,192.63,216.3,185.03,193.48,174.33,172.71,176.42,193.56,178.44,195.47,175.47,187.28,202.76,178.87,164.39,175.5,193.93,163.18,203.73,206.17,147.01,161.49,0,0.479,203.78,202.06,195.02,206.07,208.24,197.12,197.12,202.97,184.83,189.55,186.9,230.65,212.01,205.96,205.8,226.53,197.83,195.9,188.59,188.05,182.14,172.04,181.44,196.93,170.43,174.93,170.3,170.62,170.4,168.49,155.68,149.36,149.29,148.48,138.48,147.23,156.07,188.35,159.05,183.04,174.37,195.98,170.22,186.99,189.2,182.62,157.52,203.23,201.24,200.98,167.42,170.57,172.77,172.77,171.46,266.7
189.3,416.84,210.95,211.61,174.58,233.02,244.55,229.56,212.85,209.09,210.82,195.02,226.38,197.42,221.09,189.82,198.27,179.12,177.5,181.21,198.34,183.23,200.26,180.26,192.07,207.55,183.66,169.18,180.28,198.72,167.97,208.52,210.96,151.8,166.28,0.479,0,208.57,206.85,199.81,210.86,213.03,201.91,201.91,207.76,189.62,194.34,191.69,235.44,216.8,210.75,210.59,231.32,202.62,200.69,193.38,192.84,186.93,176.83,186.23,201.72,175.22,179.72,175.09,175.41,175.19,173.28,160.47,154.15,154.08,153.27,143.27,152.02,160.86,193.14,163.84,187.83,179.16,200.77,175.01,191.78,194,187.41,162.31,208.02,206.03,205.77,172.21,175.36,177.56,177.56,176.25,271.49
251.12,474.51,220.96,224.01,241.12,231.24,228.15,241.99,0.428,215.38,217.11,207.45,238.81,209.85,310.74,202.25,200.94,178.41,176.79,191.9,266.14,194.51,267.32,208.97,202.51,213.16,203.83,188.74,228.04,197.35,220.7,207.14,209.59,212.44,196.67,203.78,208.57,0,296.5,270.27,223.26,218.09,298.07,241.4,217.77,196.87,197.01,189.52,217.39,215.02,208.97,208.81,214.92,215.05,213.12,205.81,205.27,199.36,189.26,192.52,208.01,188.72,173.76,174.38,174.69,180.42,201.99,208.22,206.45,206.81,210.83,203.91,205.88,222.68,254.96,225.66,207.88,209.72,222.69,232.68,258.84,261.79,192.87,192.7,206.31,204.66,204.39,192.38,185.8,188.84,188.25,181.86,253.44
256.51,485.68,231.73,230.08,256.01,249.85,246.76,259.77,300.78,231.56,233.29,225.23,256.59,227.63,1.424,220.03,215.83,197.01,195.4,206.79,281.03,209.4,282.21,225.31,212.29,231.21,209.05,196.08,239.38,200.74,230.02,208.13,210.4,224.85,194.71,202.06,206.85,296.5,0,285.16,229.33,224.83,283.18,241.87,228.54,208.7,211.9,199.3,236,233.63,227.58,227.42,233.53,232.83,230.9,223.59,223.05,217.14,207.04,208.7,224.19,206.5,192.37,192.99,193.31,198.99,218.33,219.56,215.92,216.13,217.96,216.32,216.7,228.07,260.35,231.05,210.16,220.88,233.85,243.85,273.73,276.68,193.57,190.74,206.13,205.47,205.38,197.6,195.58,203.73,203.14,199.91,272.05
239.87,505.35,233.88,230.08,282.24,269.19,269.79,274.1,274.55,244.17,245.9,239.56,270.92,241.96,299.4,234.36,225.38,218.79,218.07,221.45,307.26,222.29,308.44,235.25,216.23,251.35,210.96,199.52,238.31,196.03,227.03,201.13,203.37,219.02,182.14,195.02,199.81,270.27,285.16,0,229.33,226.7,256.95,234.3,230.69,219.61,221.45,205.86,258.34,253.13,247.08,246.76,256.56,247.16,245.23,237.92,237.38,231.47,221.37,221.31,236.8,221.37,218.35,215.66,215.08,219.52,228.27,218.49,213.14,213.14,212.58,210.49,213.53,211.43,243.71,214.41,198.26,240.56,253.53,263.52,299.96,302.91,187.08,178.17,198.44,198.44,198.38,199.51,199.52,216.62,217.8,220.05,294.39
237.64,459.8,200.82,0.075,216.62,194.82,205.83,222.61,227.54,196,197.73,188.07,219.43,190.47,243.57,182.87,187.83,150.28,148.98,170.51,231.3,173.71,233.96,184.49,193.52,191.66,209.44,191.54,210.83,208.65,208.79,210.28,212.54,204.81,203.48,206.07,210.86,223.26,229.33,229.33,0,245.06,216.85,213.9,197.63,174.83,183.9,188.94,194.75,178.44,172.39,172.39,192.6,195.67,193.74,186.43,185.89,179.98,169.88,173.14,188.63,169.34,154.33,146.57,146.56,158.77,177.51,191.01,194.54,194.9,198.78,196.28,200.36,209.2,241.48,212.18,206.34,202.86,207.94,217.97,225.48,226.95,201.26,199.51,208.28,207.61,207.53,197.99,176.81,168.04,166.86,160.36,230.8
231.4,457.99,213.27,245.81,216.91,190.76,201.77,228.96,222.38,205.6,207.33,194.42,225.78,196.82,239.07,189.22,193.56,146.21,144.91,170.79,231.05,173.99,234.25,186,201.59,191.98,211.99,195.19,210.29,210.97,208.18,211.49,213.67,201,204.09,208.24,213.03,218.1,224.83,226.7,245.06,0,211.44,210.08,210.08,198.36,189.63,202.81,191.01,174.38,168.33,168.33,188.54,202.02,200.09,192.78,192.24,186.33,176.23,182.74,198.23,175.16,157.4,142.5,142.5,159.62,179.02,190.47,194,194.28,197.5,192.47,194.12,202.96,235.24,205.94,207.98,205.19,209.58,216.16,225.77,226.7,202.63,200.12,208.74,208.74,208.74,200.54,184.88,168.31,167.14,160.68,227.06
239.06,464.52,210.07,217.6,227.8,214.59,211.5,225.34,302.35,198.73,200.46,190.8,222.16,193.2,297.42,185.6,184.99,161.75,160.14,175.31,252.82,178.51,254,192.32,191.68,196.51,194.74,178.75,214.72,192.67,207.38,203.81,206.26,198.27,192.74,197.12,201.91,298.07,283.18,256.95,216.85,211.44,0,239,206.88,182.84,181.06,178.87,200.74,198.37,192.32,192.16,198.27,198.4,196.47,189.16,188.62,182.71,172.61,175.87,191.36,172.07,157.11,157.73,158.05,163.77,185.34,194.9,193.13,193.49,197.51,189.74,189.74,210.62,242.9,213.6,202.93,199.73,212.7,222.69,245.52,248.47,188.61,188.77,202.98,201.33,201.06,183.29,174.97,172.84,171.66,165.21,236.79
235.72,456.95,229.6,214.65,217.29,214.84,210.39,229.93,245.68,206.57,208.3,195.39,226.75,197.79,256.11,190.19,193.29,162.14,160.84,175.85,234.41,179.05,237.06,189.95,190.73,197.05,194.94,178.95,210.77,191.07,204.67,203.46,205.99,194.2,191.79,197.12,201.91,241.4,241.87,234.3,213.9,210.08,239,0,226.41,193.94,189.36,188.53,199.04,198.46,192.41,192.41,197.16,202.99,201.06,193.75,193.21,187.3,177.2,183.71,199.2,176.13,162.47,158.43,158.43,164.69,182.97,190.95,190.42,190.78,194.8,185.67,185.67,207.28,239.56,210.26,204.22,196.56,205.2,215.12,228.58,230.06,188.61,187.82,202.98,201.06,200.71,183.49,174.02,173.38,172.2,165.75,235.09
234.25,461.45,0.319,198.38,219.17,220.69,212.34,233.83,222.05,210.47,212.2,199.29,230.65,201.69,242.78,194.09,195.97,166.9,165.28,179.75,232.91,182.72,236.31,191.9,190.73,200.95,194.94,178.95,209.59,191.07,204.02,203.46,205.99,191.99,193.75,202.97,207.76,217.77,228.54,230.69,197.63,210.08,206.88,226.41,0,201.74,192.04,188.53,200.99,204.31,198.26,198.26,199.11,206.89,204.96,197.65,197.11,191.2,181.1,187.61,203.1,180.03,166.37,162.87,163.19,168.59,184.92,189.77,189.77,190.13,194.15,183.46,183.72,205.81,238.09,208.79,208.72,197.18,205.83,219.62,227.83,228.56,190.64,189.78,203.71,201.06,200.71,183.49,174.02,177.05,176.1,169.65,237.04
206.22,459.9,204.93,175.58,211.66,215.57,187.42,249.51,201.15,232.66,234.39,214.97,246.32,217.37,222.94,209.77,213.9,174.81,173.51,185.3,221.84,186.78,225.23,188.63,189.2,212.96,185.39,169.4,199.99,182.46,190.97,190.27,192.66,165.45,181.09,184.83,189.62,196.87,208.7,219.61,174.83,198.36,182.84,193.94,201.74,0,209.97,179.92,175.01,199.19,193.14,193.14,174.19,222.56,220.64,213.33,212.79,206.88,196.78,209.8,225.29,194.63,205.56,171.1,171.1,198.89,181.66,180.17,176.86,177.08,179.49,156.92,156.92,177.78,210.06,180.76,186.8,186.59,203.31,218.07,216.75,217.49,177.12,177.12,189.06,187.73,187.52,173.94,172.49,181.11,181.66,181.65,211.06
206.71,466.98,195.23,184.65,212.19,203.33,183.92,236.47,201.29,213.11,214.84,201.93,233.29,204.33,226.14,196.73,0.393,161.65,160.35,180.63,223.68,182.65,227.07,192.88,197.73,206.6,194.85,179.9,203.71,193.82,194.47,196.26,198.62,172.42,186.36,189.55,194.34,197.01,211.9,221.45,183.9,189.63,181.06,189.36,192.04,209.97,0,193.92,171.51,187.11,181.06,180.9,170.69,209.53,207.6,200.29,199.75,193.84,183.74,190.25,205.74,182.67,172.02,157.94,157.94,174.24,185.9,183.89,180.36,180.58,182.36,163.89,165.86,178.27,210.55,181.25,189.35,193.59,209.52,225.15,218.59,219.33,184.15,182.39,194.91,193.69,193.51,183.4,181.02,176.97,176.98,175.3,207.56
196.79,448.86,191.72,189.69,199.27,180.79,176.4,225.33,193.8,201.09,202.82,190.8,222.15,193.19,213.54,185.59,197.85,139.11,137.81,179.79,211.31,182.99,215.44,181.04,217.7,197.27,204.53,198.31,196.07,195.28,186.54,186.76,188.85,170.01,176.42,186.9,191.69,189.52,199.3,205.86,188.94,202.81,178.87,188.53,188.53,179.92,193.92,0,164,164.57,158.52,158.36,163.17,198.4,196.46,189.16,188.62,182.7,172.6,178.23,193.72,171.53,161.63,135.4,135.4,163.85,174.06,176.25,172.72,172.65,171.85,161.48,159.51,168.35,200.63,171.33,183.29,189.67,202.15,207.03,206.96,206.96,183.14,172.45,183.26,183.92,184.01,193.08,200.99,177.32,176.14,165.97,200.05
224.25,508.28,204.18,195.5,248.57,28.492,7.926,30.296,221.67,199.56,201.29,23.872,30.568,25.264,250.24,26.952,175.44,119.64,118.04,136.59,260.57,140.38,263.96,151.11,174.06,154.56,191.09,172.08,179.24,197.02,178.96,211.51,214.13,177.72,220.26,230.65,235.44,217.39,236,258.34,194.75,191.01,200.74,199.04,200.99,175.01,171.51,164,0,5.28,6.49,19.52,5.28,19.52,20.292,23.216,23.432,25.796,29.836,176.7,192.19,179.42,115.01,115.63,115.93,121.67,144.13,159.42,164.71,165.07,169.09,169.19,173.72,195.81,228.09,198.79,232.8,212.31,233.92,266.45,255.48,256.22,217.16,216.29,212.51,209.2,208.76,179.64,157.35,134.71,132.94,123.26,3.605
213.6,490.51,207.5,179.19,232.5,8.966,7.926,9.868,219.3,227.14,228.87,6.656,10.004,7.352,247.87,8.196,191.04,172.55,170.96,166.79,252.35,168.22,254.27,178.9,171.71,197.66,176.96,157.95,187.76,182.89,180.42,197.38,200,169.64,202.64,212.01,216.8,215.02,233.63,253.13,178.44,174.38,198.37,198.46,204.31,199.19,187.11,164.57,5.28,0,0.605,4.48,5.28,4.48,4.866,6.328,6.436,7.618,9.638,204.28,219.77,212.44,179.09,168.55,168.84,176.87,171.92,167.94,166.17,166.53,170.55,161.11,163.07,185.16,217.44,188.14,214.25,198.18,219.79,248.68,245.79,248,199.14,198.67,198.38,195.07,194.63,165.51,155,162.55,163.14,166.36,12.49
207.55,484.46,201.45,173.14,226.45,7.756,9.136,8.658,213.25,221.09,222.82,5.446,8.794,6.142,241.82,6.986,184.99,166.5,164.91,160.74,246.3,162.17,248.22,172.85,165.66,191.61,170.91,151.9,181.71,176.84,174.37,191.33,193.95,163.59,196.59,205.96,210.75,208.97,227.58,247.08,172.39,168.33,192.32,192.41,198.26,193.14,181.06,158.52,6.49,0.605,0,3.27,6.49,3.27,3.656,5.118,5.226,6.408,8.428,198.23,213.72,206.39,173.04,162.5,162.79,170.82,165.87,161.89,160.12,160.48,164.5,155.06,157.02,179.11,211.39,182.09,208.2,192.13,213.74,242.63,239.74,241.95,193.09,192.62,192.33,189.02,188.58,159.46,148.95,156.5,157.09,160.31,13.7
207.39,484.3,201.45,173.14,226.29,2.243,24.812,8.658,213.09,221.09,222.82,5.446,8.794,6.142,241.66,6.986,184.83,166.34,164.91,160.74,246.14,162.17,248.06,172.69,165.66,191.61,170.91,151.9,181.71,176.84,174.37,191.33,193.95,163.43,196.59,205.8,210.59,208.81,227.42,246.76,172.39,168.33,192.16,192.41,198.26,193.14,180.9,158.36,19.52,4.48,3.27,0,19.52,3.27,3.656,5.118,5.226,6.408,8.428,198.23,213.72,206.39,173.04,162.5,162.63,170.82,165.71,161.89,160.12,160.48,164.5,154.9,156.86,178.95,211.23,181.93,207.88,192.13,213.74,242.47,239.58,241.79,192.93,192.62,192.33,189.02,188.58,159.46,148.95,156.5,157.09,160.31,33.94
221.78,505.03,202.3,193.35,246.41,28.492,1.323,30.296,219.2,198.74,200.47,23.872,30.568,25.264,247.77,26.952,174.61,118.81,117.22,135.77,259.03,139.56,262.42,150.28,173.23,153.74,189.68,170.67,178.42,195.61,178.14,210.1,212.72,176.9,217.07,226.53,231.32,214.92,233.53,256.56,192.6,188.54,198.27,197.16,199.11,174.19,170.69,163.17,5.28,5.28,6.49,19.52,0,19.52,20.292,23.216,23.432,25.796,29.836,175.88,191.37,178.6,114.19,114.81,115.1,120.85,143.3,158.6,163.89,164.25,168.27,168.37,171.25,193.34,225.62,196.32,228.77,210.9,232.51,263.2,253.94,254.68,213.66,213.1,211.1,207.79,207.35,178.23,156.52,133.89,132.12,122.44,12.49
218.38,478.81,210.08,196.42,232.28,7.756,24.812,2.694,219.33,252.21,253.94,1.088,2.762,1.436,247.07,1.858,213.46,215.45,214.15,212.7,250.72,213.55,254.11,219.38,207.67,243.7,205.43,190.96,227.22,200.22,217.98,204.31,206.49,176.38,192.02,197.83,202.62,215.05,232.83,247.16,195.67,202.02,198.4,202.99,206.89,222.56,209.53,198.39,19.52,4.48,3.27,3.27,19.52,0,0.193,0.924,0.978,1.569,2.579,229.35,244.84,240.23,246.2,211.74,211.74,239.54,212.4,207.4,203.88,204.09,206.5,167.85,167.85,189.94,222.22,192.92,198.16,206.83,224.59,236.98,245.63,246.37,188.05,188.05,201.56,201.56,201.56,193.98,190.96,207.88,209.06,212.4,33.94
216.45,476.88,208.15,194.49,230.35,8.142,25.584,2.887,217.4,250.28,252.01,0.895,2.569,1.243,245.14,1.665,211.53,213.52,212.22,210.77,248.79,211.62,252.18,217.45,205.74,241.77,203.5,189.03,225.29,198.29,216.05,202.38,204.56,174.45,190.09,195.9,200.69,213.12,230.9,245.23,193.74,200.09,196.47,201.06,204.96,220.64,207.6,196.46,20.292,4.866,3.656,3.656,20.292,0.193,0,0.731,0.785,1.376,2.386,227.42,242.91,238.3,244.27,209.81,209.81,237.61,210.47,205.48,201.95,202.16,204.57,165.92,165.92,188.01,220.29,190.99,196.23,204.9,222.66,235.05,243.7,244.44,186.12,186.12,199.63,199.63,199.63,192.05,189.03,205.94,207.13,210.47,34.712
209.14,469.57,200.84,187.18,223.04,9.604,28.508,3.618,210.09,242.97,244.7,0.164,3.3,0.512,237.83,0.934,204.22,206.21,204.91,203.46,241.48,204.31,244.87,210.14,198.43,234.46,196.19,181.72,217.98,190.98,208.74,195.07,197.25,167.14,182.78,188.59,193.38,205.81,223.59,237.92,186.43,192.78,189.16,193.75,197.65,213.33,200.29,189.16,23.216,6.328,5.118,5.118,23.216,0.924,0.731,0,0.054,0.645,1.655,220.11,235.6,230.99,236.96,202.5,202.5,230.3,203.16,198.16,194.64,194.85,197.26,158.61,158.61,180.7,212.98,183.68,188.92,197.59,215.35,227.74,236.39,237.13,178.81,178.81,192.32,192.32,192.32,184.74,181.72,198.63,199.82,203.16,37.636
208.6,469.03,200.3,186.64,222.5,9.712,28.724,3.672,209.55,242.43,244.16,0.218,3.354,0.458,237.29,0.88,203.68,205.67,204.37,202.92,240.94,203.76,244.33,209.6,197.89,233.92,195.65,181.18,217.44,190.44,208.2,194.53,196.71,166.6,182.24,188.05,192.84,205.27,223.05,237.38,185.89,192.24,188.62,193.21,197.11,212.79,199.75,188.62,23.432,6.436,5.226,5.226,23.432,0.978,0.785,0.054,0,0.591,1.601,219.57,235.06,230.45,236.42,201.96,201.96,229.76,202.62,197.63,194.1,194.31,196.72,158.07,158.07,180.16,212.44,183.14,188.38,197.05,214.81,227.2,235.85,236.59,178.27,178.27,191.78,191.78,191.78,184.2,181.18,198.09,199.28,202.62,37.852
202.69,463.12,194.39,180.73,216.59,10.894,31.088,4.263,203.64,236.52,238.25,0.809,3.945,1.049,231.38,0.289,197.77,199.76,198.46,197.01,235.03,197.86,238.42,203.69,191.98,228.01,189.74,175.27,211.54,184.53,202.29,188.62,190.8,160.69,176.33,182.14,186.93,199.36,217.14,231.47,179.98,186.33,182.71,187.3,191.2,206.88,193.84,182.7,25.796,7.618,6.408,6.408,25.796,1.569,1.376,0.645,0.591,0,1.01,213.66,229.15,224.54,230.51,196.05,196.05,223.85,196.71,191.72,188.19,188.4,190.82,152.16,152.16,174.25,206.53,177.23,182.47,191.14,208.9,221.29,229.94,230.68,172.36,172.36,185.87,185.87,185.87,178.29,175.27,192.18,193.37,196.71,40.216
192.59,453.02,184.29,170.63,206.49,12.914,35.128,5.273,193.54,226.42,228.15,1.819,4.955,2.059,221.28,1.299,187.67,189.66,188.36,186.91,224.93,187.75,228.32,193.59,181.88,217.91,179.64,165.17,201.44,174.43,192.19,178.52,180.7,150.59,166.23,172.04,176.83,189.26,207.04,221.37,169.88,176.23,172.61,177.2,181.1,196.78,183.74,172.6,29.836,9.638,8.428,8.428,29.836,2.579,2.386,1.655,1.601,1.01,0,203.56,219.05,214.44,220.41,185.95,185.95,213.75,186.61,181.62,178.09,178.3,180.71,142.06,142.06,164.15,196.43,167.13,172.37,181.04,198.8,211.19,219.84,220.58,162.26,162.26,175.77,175.77,175.77,168.19,165.17,182.08,183.27,186.61,44.256
202.36,458.21,190.8,173.89,211.68,220.66,189.11,256.29,196.8,2.286,2.459,221.75,253.11,224.15,222.94,216.55,194.18,179.89,178.6,187,223.54,188.47,226.93,190.33,187.5,214.65,185.27,169.4,201.68,180.77,192.66,189.1,191.46,160.36,176,181.44,186.23,192.52,208.7,221.31,173.14,182.74,175.87,183.71,187.61,209.8,190.25,178.23,176.71,204.28,198.23,198.23,175.88,229.35,227.42,220.11,219.57,213.66,203.56,0,1.549,201.41,210.64,176.18,176.19,203.98,183.35,181.86,178.56,178.77,181.19,151.83,151.83,173.92,206.2,176.9,183.41,188.06,204.8,216.38,218.45,219.19,172.03,172.03,187.29,186.53,186.35,173.82,170.79,182.8,183.35,183.35,212.76
217.85,473.7,206.29,189.38,227.17,236.15,204.6,271.78,212.29,0.737,0.91,237.24,268.6,239.64,238.43,232.04,209.67,195.39,194.08,202.49,239.03,203.96,242.42,205.82,202.99,230.14,200.76,184.89,217.17,196.26,208.15,204.59,206.95,175.85,191.49,196.93,201.72,208.01,224.19,236.8,188.63,198.23,191.35,199.2,203.1,225.29,205.74,193.72,192.2,219.77,213.72,213.72,191.37,244.84,242.91,235.6,235.06,229.15,219.05,1.549,0,216.91,226.13,191.67,191.68,219.47,198.84,197.35,194.05,194.26,196.67,167.32,167.32,189.41,221.69,192.39,198.9,203.55,220.29,231.87,233.94,234.68,187.52,187.52,202.78,202.02,201.84,189.31,186.28,198.29,198.84,198.84,228.25
190.98,451.95,183.22,170.09,204.92,228.82,191.83,267.17,193,224.27,226,232.63,263.99,235.03,220.75,227.43,186.6,229.47,226.9,186.38,224.93,187.22,228.12,194.12,180.81,218.44,178.57,164.1,200.9,172.82,191.66,176.37,178.55,148.98,164.62,170.43,175.22,188.72,206.5,221.37,169.35,175.16,172.07,176.13,180.03,194.63,182.67,171.53,179.43,212.44,206.39,206.39,178.6,240.23,238.3,230.99,230.45,224.54,214.44,201.41,216.91,0,222.02,224.49,225.76,215.36,187.14,181.08,177.55,177.77,180.18,140.45,140.45,162.54,194.82,165.52,169.69,178.89,197.19,210.12,219.64,220.58,160.65,160.65,173.62,173.62,173.62,167.12,164.1,181.55,182.73,187.14,215.48
210.43,457.31,169.56,155.08,208.41,195.47,127.42,273.14,178.04,233.5,235.23,238.6,269.96,241,206.61,233.4,175.95,228.82,228.8,193.05,223.84,193.89,227.97,212.04,182.05,227.15,187.22,171.24,217.55,181.14,208.31,183.86,185.95,179.99,172.43,174.93,179.72,173.76,192.37,218.35,154.33,157.4,157.11,162.47,166.37,205.56,172.02,161.63,115.01,179.09,173.04,173.04,114.19,246.2,244.27,236.96,236.42,230.51,220.41,210.64,226.13,222.02,0,226.39,225.11,207.7,205.06,197.73,194.2,194.42,196.83,171.46,169.49,181.99,214.27,184.97,179.76,186.8,202.51,215.47,219.49,219.49,167.23,168.46,180.36,181.02,181.11,175.77,165.34,188.22,189.4,195.85,151.06
