0,445.26,242.26,212.47,199.84,257.1,252.46,271.42,251.67,244.87,246.6,236.88,268.24,239.28,259.01,231.68,221.69,219.49,217.23,209.17,215.74,211.19,219.13,213.07,206.13,236.82,203.89,189.42,225.91,196.79,233.31,190.93,193.06,208.32,170.24,184.51,189.3,247.39,244.77,212.47,212.47,212.47,238.2,236.63,239.07,221.7,217.76,196.85,240.05,240.72,234.67,234.67,239.23,244.48,242.55,235.24,234.7,228.79,218.69,222.02,237.5,217.62,212.97,214.82,215.78,205.52,206.09,206.09,219.2,219.42,221.83,199.79,223.3,2.844,5.476,2.546,211.08,190.56,207.71,203.43,210.65,211.39,178.89,166.27,187.46,188.13,188.18,192.44,189.42,205.52,205.52,205.52,276.1
445.26,0,418.53,423.44,499.97,491.92,503.14,494.31,421.25,456.73,458.46,459.77,491.13,462.17,435.92,454.57,432.79,446.3,445,448.31,463.92,450.32,470.26,455.73,434.78,473.69,423.4,413.46,456.72,408.48,441.91,413.57,415.81,430.65,385.3,400.77,405.56,416.97,421.68,453.21,422.99,405.72,409,408.06,415.34,427.08,428.86,416.56,492.36,475.68,469.63,469.49,489.91,467.37,465.44,458.13,457.59,451.68,441.58,433.87,449.36,442.11,442.59,442.59,442.59,441.86,448.75,436.9,428.16,428.02,426.41,422.12,420.21,416.82,449.1,419.8,403.47,454.98,474.32,24.183,461.78,459.57,395.5,381.33,410.88,410.88,410.82,411.95,418.07,444.65,444.66,442.39,528.41
242.26,418.53,0,169.22,181.63,226.1,216.05,248.37,181.7,221.75,223.49,213.83,245.19,216.23,190.49,208.63,197.82,198.04,196.42,194.51,178.06,195.91,183.67,208.87,186.29,223,182.54,169.58,220.86,173.43,211.76,187.92,190.54,204.05,185.29,193.59,198.38,177.42,176.25,169.22,178.87,187.53,188.93,227.76,0.319,203.09,193.89,173.3,204.47,209.89,203.84,203.67,202.82,221.43,219.5,212.19,211.65,205.74,195.64,198.9,214.39,195.1,193.39,194.01,194.33,191.17,201.89,201.04,197.52,197.88,201.89,195.52,197.48,213.82,246.1,216.8,200.76,173.43,166.94,176.7,175.19,173.71,181.32,181.32,188.77,185.61,185.17,171.09,169.58,190.24,190.86,191.7,240.52
212.47,423.44,169.22,0,194.2,197.35,207.28,226.04,194.91,189.03,190.76,191.5,222.86,193.9,212.32,186.3,163.34,178.04,176.74,179.64,203.72,181.66,207.11,194.71,177.4,206.31,179.2,166.24,210.27,169.93,202.79,175.76,177.94,195.52,159.4,162.38,167.17,190.63,198.08,200.98,200.67,168.51,180.93,167.09,166.03,159.41,159.41,153.25,195.7,180.97,174.92,174.92,194.05,199.1,197.17,189.86,189.32,183.41,173.31,166.17,181.66,173.85,174.33,174.33,174.33,174.33,187.73,190.45,188.68,188.9,191.31,186.99,185.62,184.03,216.31,187.01,165.08,175.35,174.76,181.61,198.63,199.37,158.17,155.43,172.8,173.01,173.01,167.75,160.69,175.99,175.99,175.01,231.75
199.84,499.97,181.63,194.2,0,231.48,242.7,240.53,193.46,206.34,208.07,205.99,237.35,208.39,209.61,200.79,185.61,191.51,190.21,195.57,230.03,197,237.12,200.58,187.22,220.16,179.23,169.29,202.64,164.3,188.75,168.58,170.76,178.63,139.75,151.5,156.29,189.18,195.37,217.2,193.75,176.58,179.8,173.59,178.44,180.09,181.68,166.79,231.92,215.24,209.19,209.05,229.47,213.59,211.66,204.35,203.81,197.9,187.8,183.48,198.97,187.8,187.8,187.8,187.8,187.8,193.6,182.82,174.93,174.86,174.05,170.1,170.94,171.4,203.68,174.38,154.2,204.64,217.6,258.14,228.64,225.69,148.69,135.77,165.21,165.83,165.83,167.78,170.51,191.33,191.92,188.86,267.97
257.1,491.92,226.1,197.35,231.48,0,33.784,13.144,228.52,264.52,266.25,9.932,13.28,10.628,231.48,11.472,221.78,251.21,248.95,227.08,212.51,227.34,220.33,240.53,215.74,259.45,226.88,207.87,249.55,229.46,242.21,237.77,240.03,213.13,228.5,236.19,240.98,224.24,217.24,197.56,196.9,195.54,214.99,218.24,222.91,236.57,217.85,195.31,28.492,8.966,7.756,2.243,28.492,7.756,8.142,9.604,9.712,10.894,12.914,241.66,257.15,249.82,244.69,246.54,247.5,238.03,233.55,229.73,227.96,228.32,232.34,204.6,206.57,228.66,260.94,231.64,237.94,233.63,237.01,250.09,211.85,208.16,224.84,224.53,235.77,235.1,235.02,215.43,199.03,221.67,223.43,228.15,42.912
252.46,503.14,216.05,207.28,242.7,33.784,0,35.588,229.12,224.42,226.15,29.164,35.86,30.556,235.71,32.244,199.1,207.21,205.6,196.92,222.59,198.35,230.41,215.61,201.84,227.79,212.98,193.97,225.81,218.91,218.48,233.4,236.02,208.49,238.62,247.72,252.51,224.84,221.47,207.64,206.53,202.56,211.5,210.91,212.86,199.86,195.17,187.66,7.926,7.926,9.136,24.812,1.323,24.812,25.584,28.508,28.724,31.088,35.128,201.56,217.05,204.28,202.57,203.19,203.5,200.35,208.63,205.99,204.23,204.59,208.61,199.96,201.93,224.02,256.3,227,249,234.2,248.24,261.31,221.93,218.24,235.77,234.65,234.4,231.09,230.65,201.53,185.13,192.68,193.27,196.49,15.136
271.42,494.31,248.37,226.04,240.53,13.144,35.588,0,233.02,315.18,316.91,3.782,5.456,4.13,246.71,4.552,264.52,303.81,301.24,272.42,235.96,272.67,241.56,282.75,259.25,306.82,255.5,242.54,287.27,243.87,276.12,250.34,252.57,245.96,236.93,235.91,240.7,228.74,232.47,226.19,225.74,231.99,227.36,239.85,245.18,285.54,260.59,244.59,30.296,9.868,8.658,8.658,30.296,2.694,2.887,3.618,3.672,4.263,5.273,292.32,307.81,303.2,296.36,298.83,300.1,287.48,275.77,267.45,262.15,262.23,263.03,237.43,237.12,242.98,275.26,245.96,238.61,243.64,243.07,252.48,233.08,231.61,233.11,232.96,247.11,247.64,247.59,244.05,242.54,267,268.77,275.52,44.716
251.67,421.25,181.7,194.91,193.46,228.52,229.12,233.02,0,196.64,198.37,198.48,229.84,200.88,241.49,193.28,177.81,186.62,185.96,196.95,199.33,198.97,203.46,215.47,187.68,221.43,187.91,174.95,229.13,176.07,220.53,189.35,191.88,214.83,186.82,195.38,200.17,0.428,227.25,201.01,199.53,177.53,228.81,188.34,178.51,170.39,173.88,166.02,218.37,212.47,206.42,206.09,215.89,206.08,204.15,196.84,196.3,190.39,180.29,173.78,189.27,181.37,184.79,183.55,182.91,189.23,208.49,209.31,206.28,206.64,210.66,206.3,208.27,223.23,255.51,226.21,201.28,173.01,168.69,179.42,194.98,194.98,183.76,182.85,188.96,186.95,186.6,176.46,170.97,193.3,193.3,190.13,254.42
244.88,456.73,221.75,189.03,206.34,264.52,224.42,315.18,196.64,0,1.647,280.64,312,283.04,208.88,275.44,235.42,260.92,258.35,232.78,200.89,233.03,207.24,244.99,221.98,267.18,218.23,204.72,252.31,209.92,241.95,220.76,223.21,214.32,214.28,212.56,217.35,192.36,194.64,189.06,190.02,202.12,194.24,212.75,218.56,268.69,231.49,210.58,212.01,248.14,242.09,242.09,211.19,288.24,286.31,279,278.46,272.55,262.45,2.286,0.737,260.3,253.47,255.94,257.21,244.58,238.01,232.49,227.91,228.06,229.67,205.79,206.9,216.43,248.71,219.41,214.93,210.4,206.72,214.9,198.76,196.54,209.08,210.31,220.04,218.28,218.01,206.78,205.27,227.36,229.13,235.89,248.06
246.61,458.46,223.49,190.76,208.07,266.25,226.15,316.91,198.37,1.647,0,282.37,313.73,284.77,210.61,277.17,237.15,262.65,260.08,234.51,202.62,234.76,208.97,246.72,223.71,268.91,219.96,206.45,254.04,211.65,243.68,222.49,224.94,216.05,216.01,214.29,219.08,194.09,196.37,190.79,191.75,203.85,195.97,214.48,220.29,270.42,233.22,212.31,213.74,249.87,243.82,243.82,212.92,289.97,288.04,280.73,280.19,274.28,264.18,2.459,0.91,262.03,255.19,257.67,258.94,246.31,239.75,234.22,229.64,229.79,231.4,207.52,208.63,218.16,250.44,221.14,216.66,212.13,208.46,216.63,200.49,198.27,210.81,212.04,221.77,220.01,219.74,208.51,207,229.09,230.86,237.62,249.79
236.88,459.77,213.83,191.5,205.99,9.932,29.164,3.782,198.48,280.64,282.37,0,3.464,0.676,212.17,1.098,229.98,269.27,266.7,237.88,201.42,238.13,207.02,248.21,224.71,272.28,220.96,208,252.73,209.33,241.58,215.8,218.03,211.42,202.39,201.38,206.16,194.2,197.93,191.65,191.2,197.45,192.82,205.31,210.64,251,226.05,210.05,23.872,6.656,5.446,5.446,23.872,1.088,0.895,0.164,0.218,0.809,1.819,257.78,273.27,268.66,261.82,264.29,265.56,252.94,241.23,232.91,227.61,227.69,228.49,202.89,202.58,208.44,240.72,211.42,204.07,209.1,208.53,217.94,198.54,197.07,198.57,198.42,212.58,213.1,213.05,209.51,208,232.46,234.23,240.98,38.292
268.24,491.13,245.19,222.86,237.35,13.28,35.86,5.456,229.84,312,313.73,3.464,0,3.812,243.53,4.234,261.34,300.63,298.06,269.24,232.78,269.49,238.38,279.57,256.07,303.64,252.32,239.36,284.09,240.69,272.94,247.16,249.39,242.78,233.75,232.73,237.52,225.56,229.29,223.01,222.56,228.81,224.18,236.67,242,282.35,257.41,241.41,30.568,10.004,8.794,8.794,30.568,2.762,2.569,3.3,3.354,3.945,4.955,289.14,304.63,300.02,293.18,295.65,296.92,284.3,272.59,264.27,258.97,259.05,259.85,234.25,233.94,239.8,272.08,242.78,235.43,240.46,239.89,249.3,229.9,228.43,229.93,229.78,243.93,244.46,244.41,240.87,239.36,263.82,265.59,272.34,44.988
239.28,462.17,216.23,193.9,208.39,10.628,30.556,4.13,200.88,283.04,284.77,0.676,3.812,0,214.57,1.338,232.38,271.67,269.1,240.28,203.82,240.53,209.42,250.61,227.11,274.68,223.36,210.4,255.13,211.73,243.98,218.2,220.43,213.82,204.79,203.77,208.56,196.6,200.33,194.05,193.6,199.85,195.22,207.71,213.04,253.4,228.45,212.45,25.264,7.352,6.142,6.142,25.264,1.436,1.243,0.512,0.458,1.049,2.059,260.18,275.67,271.06,264.22,266.69,267.96,255.34,243.63,235.31,230.01,230.09,230.89,205.29,204.98,210.84,243.12,213.82,206.47,211.5,210.93,220.34,200.94,199.47,200.97,200.82,214.97,215.5,215.45,211.91,210.4,234.86,236.63,243.38,39.684
259.01,435.92,190.49,212.32,209.61,231.48,235.71,246.71,241.49,208.88,210.61,212.17,243.53,214.57,0,206.97,184.14,200.31,199.64,204.81,216.74,206.24,220.87,224.85,200.13,233.59,201.6,188.63,241.71,189.63,234.28,199.42,201.86,229.3,197.57,204.35,209.14,237.21,1.424,225.86,215.82,187.83,223.88,194.37,187.3,180.21,180.21,175.98,224.96,215.1,209.05,209.05,222.48,219.77,217.84,210.53,209.99,204.08,193.98,186.02,201.51,195.05,198.47,197.23,196.6,201.76,217.87,221.89,220.1,220.39,223.38,220.77,221.6,230.57,262.85,233.55,205.95,190.41,186.09,194.09,212.39,212.39,194.53,193.6,198.92,196.93,196.67,190.15,183.42,200.57,201.16,202.29,261.01
231.68,454.57,208.63,186.3,200.79,11.472,32.244,4.552,193.28,275.44,277.17,1.098,4.234,1.338,206.97,0,224.78,264.07,261.5,232.68,196.22,232.93,201.82,243.01,219.51,267.08,215.76,202.8,247.53,204.13,236.38,210.6,212.83,206.22,197.19,196.18,200.96,189,192.73,186.45,186,192.25,187.62,200.11,205.44,245.79,220.85,204.85,26.952,8.196,6.986,6.986,26.952,1.858,1.665,0.934,0.88,0.289,1.299,252.58,268.07,263.46,256.62,259.09,260.36,247.74,236.03,227.71,222.41,222.49,223.29,197.69,197.38,203.24,235.52,206.22,198.88,203.9,203.33,212.74,193.34,191.87,193.37,193.22,207.37,207.9,207.85,204.31,202.8,227.26,229.03,235.78,41.372
221.69,432.79,197.82,163.34,185.61,221.78,199.1,264.52,177.81,235.42,237.16,229.98,261.34,232.38,184.14,224.78,0,214.19,212.57,205.88,175.42,207.31,181.77,221.4,207.61,235.65,202.18,187.71,226.6,194.66,215.52,201.25,203.69,194.13,193.29,195.11,199.9,173.53,169.9,163.34,169.73,186.04,174.54,189.81,194.63,218.31,0.393,202.26,186.7,205.4,199.35,199.35,185.87,237.58,235.65,228.34,227.8,221.89,211.79,212.56,228.06,211.26,209.55,210.16,210.48,207.33,214.42,206.78,201.49,201.63,202.27,185.6,183.63,193.25,225.53,196.23,194.31,189.01,187.83,190.96,173.29,171.07,190.36,189.32,200.48,198.76,198.5,190.73,190.9,201.64,202.23,204.35,222.75
219.49,446.3,198.04,178.04,191.51,251.21,207.21,303.81,186.62,260.92,262.65,269.27,300.63,271.67,200.31,264.07,214.19,0,257.46,224.96,188.25,225.21,193.85,235.04,211.35,260.49,207.17,194.64,236.94,194.54,225.79,197.66,199.76,195.63,183.98,183.98,188.77,182.34,186.07,178.18,177.74,182.97,179.65,189.52,194.85,231.28,210.26,195.52,194.81,234.83,228.78,228.78,193.98,276.87,274.94,267.63,267.09,261.18,251.08,238.06,253.55,253.23,252.58,255.05,0.371,243.7,228.06,217.12,211.82,211.9,212.7,187.1,185.48,191.05,223.33,194.03,186.68,193.31,194.9,204.47,185.37,183.9,181.18,180.01,194.16,194.83,194.91,195.72,194.64,219.54,221.31,229.19,230.86
217.23,445,196.42,176.74,190.21,248.95,205.6,301.24,185.96,258.35,260.08,266.7,298.06,269.1,199.64,261.5,212.57,257.46,0,223.66,187.26,223.91,192.87,234.06,209.73,259.51,205.27,193.02,235.32,192.62,224.17,195.11,197.2,194.02,181.72,181.73,186.52,181.68,185.4,176.88,176.44,181.67,178.67,187.9,193.23,228.7,208.64,193.9,193.19,232.57,226.52,226.52,192.37,274.3,272.37,265.06,264.52,258.61,248.51,235.49,250.98,250.65,252.55,0.241,253.75,243.67,227.08,215.5,210.21,210.28,211.04,185.48,183.55,188.79,221.07,191.77,184.43,191.7,193.6,203.17,184.39,182.91,178.92,177.75,191.61,192.27,192.36,193.82,193.02,218.24,220.01,228.21,229.24
209.17,448.31,194.51,179.64,195.57,227.08,196.92,272.42,196.95,232.78,234.51,237.88,269.24,240.28,204.81,232.68,205.88,224.96,223.66,0,191.56,242.3,197.49,222.38,223.16,257.39,211.99,201.38,220.49,194.79,209.19,189.85,191.94,184.27,179.46,176.52,181.31,192.67,190.57,179.71,179.37,183.68,183.79,185.47,191.32,204.83,201.95,201.17,184.51,210.71,204.66,204.65,183.69,245.48,243.55,236.24,235.7,229.79,219.69,209.92,225.41,220.81,221.25,221.25,221.25,223.97,215.4,200.67,195.38,195.3,194.5,175.74,175.36,180.73,213.01,183.71,173.83,188.96,197.24,206.48,189.01,187.21,176.18,175.49,186.35,187.01,187.1,200.54,206.45,236.63,0.365,226.09,220.56
215.74,463.92,178.06,203.72,230.04,212.51,222.59,235.96,199.33,200.89,202.63,201.42,232.78,203.82,216.74,196.22,175.42,188.25,187.26,191.56,0,193.58,256.24,202.53,186.4,216.3,185.6,172.63,216.81,176.46,208.43,178.46,180.55,196.45,159.49,164.54,169.33,195.05,202.5,242.23,203.27,175.76,185.49,174.3,174.87,172.25,171.49,162.73,211.01,196.13,190.08,190.08,209.36,209.02,207.09,199.78,199.24,193.33,183.23,178.04,193.52,183.76,185.18,184.85,184.54,184.47,195.55,196.99,194.47,194.54,194.99,187.92,189.16,187.3,219.58,190.28,167.24,193.48,206.45,222.09,247.75,0.435,160.33,155.52,174.96,175.62,175.71,174.15,169.69,187.91,187.91,185,247.06
211.19,450.32,195.91,181.66,197,227.34,198.35,272.67,198.97,233.03,234.76,238.13,269.49,240.53,206.24,232.93,207.31,225.21,223.91,242.3,193.58,0,199.92,222.63,227.54,257.05,215.78,205.17,220.74,198.26,209.44,192.46,194.55,185.11,182.07,178.54,183.34,194.69,192,181.73,181.39,185.7,185.22,186.9,192.72,205.08,203.38,203.78,185.94,210.96,204.91,204.91,185.12,245.73,243.8,236.49,235.95,230.04,219.94,210.17,225.66,221.06,221.5,221.5,221.5,223.63,215.65,200.92,195.63,195.55,194.75,176.58,176.79,182.75,215.03,185.73,175.84,190.65,199.26,208.49,191.44,189.23,178.64,178.1,188.96,189.62,189.71,204.33,210.83,0.567,238.65,225.75,221.99
219.13,470.26,183.67,207.11,237.12,220.33,230.41,241.56,203.46,207.24,208.97,207.02,238.38,209.42,220.87,201.82,181.77,193.85,192.87,197.49,256.24,199.92,0,207.4,191.27,221.91,190.46,177.5,221.12,179.85,211.53,181.85,183.94,199.1,161.51,167.93,172.72,199.18,206.63,243.41,206.66,180.63,189.62,179.17,180.48,179.29,177.84,168.33,218.83,203.95,197.9,197.9,217.18,214.62,212.69,205.38,204.84,198.93,188.83,184.38,199.87,189.37,190.89,190.46,190.14,190.08,200.42,201.3,197.64,197.64,197.23,190.57,191.95,190.69,222.97,193.67,170.63,199.83,212.79,228.43,0.848,251.88,163.72,157.54,178.35,179.01,179.1,179.01,174.56,194.25,193.84,190.61,254.88
213.07,455.73,208.87,194.71,200.58,240.53,215.61,282.75,215.47,245,246.72,248.21,279.57,250.61,224.85,243.01,221.4,235.04,234.06,222.38,202.53,222.63,207.4,0,206.27,259.71,193.61,183.67,258.02,176.64,228.83,177.3,179.48,197.8,169.12,175.47,180.26,211.19,210.61,194.78,194.44,197.34,202.23,201.78,205.68,217.05,217.47,197.67,204.15,224.31,218.26,218.1,202.38,255.81,253.88,246.57,246.03,240.12,230.02,222.13,237.63,230.55,232.11,231.65,231.33,238.16,0.698,238.2,231.15,214.94,213.34,189.27,185.79,184.63,216.91,187.61,177.16,180.67,198.23,213.9,198.92,198.18,172.34,165.15,174.55,174.55,174.55,182.16,189.56,216.96,218.73,228.41,240.2
206.13,434.78,186.29,177.4,187.22,215.74,201.84,259.25,187.68,221.98,223.71,224.71,256.07,227.11,200.13,219.51,207.61,211.35,209.73,223.16,186.4,227.54,191.27,206.27,0,237.9,214.54,230.88,207.28,192.66,195.99,183.27,185.36,175.41,169.55,176.33,181.12,183.4,185.89,177.4,180.58,192.43,178.14,179.2,183.1,194.03,203.68,221.41,189.44,199.36,193.31,193.31,188.61,232.31,230.38,223.07,222.53,216.62,206.52,199.12,214.61,207.34,206.7,207.32,207.64,204.48,199.29,187.46,182.17,182.1,181.29,166.88,172.87,177.69,209.97,180.67,173.63,180.96,190.33,192.95,182.79,182.05,175.65,165.58,179.77,180.43,180.52,203.09,1.671,221.87,219.51,206.6,225.49
236.82,473.69,223,206.31,220.16,259.45,227.79,306.82,221.43,267.18,268.91,272.28,303.64,274.68,233.59,267.08,235.65,260.49,259.51,257.39,216.3,257.05,221.91,259.71,237.9,0,229.96,219.15,257.82,212.77,246.52,213.71,215.8,215.98,203.19,203.16,207.94,217.15,219.35,206.38,206.16,209.22,210.93,214.48,219.81,239.24,231.72,221.55,215.39,243.07,237.02,237.02,214.56,279.88,277.95,270.64,270.1,264.19,254.09,244.32,259.81,255.48,257.72,257.1,256.78,264.52,252.73,238,232.7,232.63,231.83,207.45,204.75,208.38,240.66,211.36,201.48,214.16,223.13,231.86,213.43,211.95,200.36,199.22,210.21,210.87,210.96,218.51,221.19,251.38,253.74,3.13,251.44
203.89,423.4,182.54,179.2,179.23,226.88,212.98,255.5,187.91,218.23,219.96,220.96,252.32,223.36,201.6,215.76,202.18,207.17,205.27,211.99,185.6,215.78,190.46,193.61,214.54,229.96,0,200.23,193.11,192.37,181.81,171.17,173.27,159.8,156.96,172.44,177.23,183.63,187.36,179.13,181.6,189.72,175.65,175.45,179.35,190.28,198.25,200.66,200.57,210.5,204.45,204.45,199.75,228.56,226.63,219.32,218.78,212.87,202.77,195.37,210.86,203.35,201.63,202.86,203.46,196.84,186.63,173.28,167.99,167.92,167.12,151.27,169.13,175.45,207.73,178.43,171.4,170.77,183.23,181.57,181.98,181.25,168.9,152.99,167.67,168.34,168.42,1.145,197.83,210.11,208.34,198.66,236.62
189.42,413.46,169.58,166.24,169.29,207.87,193.97,242.54,174.95,204.72,206.45,208,239.36,210.4,188.63,202.8,187.71,194.64,193.02,201.38,172.63,205.17,177.5,183.67,230.88,219.16,200.23,0,186.31,174.88,176.78,156.7,158.79,149.87,144,157.96,162.75,170.67,174.4,166.16,169.17,178.27,162.68,162.49,166.39,176.78,183.78,193.38,181.56,191.49,185.44,185.44,180.74,215.6,213.67,206.36,205.82,199.91,189.81,181.86,197.35,190.63,189.99,190.61,190.93,185.74,176.69,166.49,162.97,162.89,162.09,141.34,156.56,160.98,193.26,163.96,156.92,156.3,168.76,171.63,169.02,168.28,154.43,140.03,153.2,153.86,153.95,188.78,214.17,199.5,197.73,187.86,217.61
225.91,456.72,220.86,210.27,202.64,249.55,225.81,287.27,229.13,252.31,254.04,252.73,284.09,255.13,241.71,247.53,226.6,236.94,235.32,220.49,216.81,220.74,221.12,258.02,207.28,257.82,193.11,186.31,0,174.7,231.48,170.52,172.61,199.66,166.34,175.5,180.28,224.85,227.47,210.34,210.12,212.9,215.65,214.29,217.67,224.36,222.67,201.72,213.41,233.17,227.12,227.12,212.58,260.33,258.4,251.09,250.55,244.64,234.54,229.45,244.94,234,232.29,232.91,233.23,230.61,251.04,1.982,264.38,217.59,215.98,191.13,198.63,197.47,229.75,200.45,189.21,173.18,192.91,214.89,212.64,212.46,169.88,162.37,167.02,167.68,167.77,181.66,190.57,215.07,216.84,226.52,249.46
196.79,408.48,173.43,169.93,164.3,229.46,218.91,243.87,176.07,209.92,211.65,209.33,240.69,211.73,189.63,204.13,194.66,194.54,192.63,194.79,176.46,198.26,179.85,176.64,192.66,212.77,192.37,174.88,174.7,0,163.41,182.97,184.79,144.88,157.45,181.87,186.66,171.79,175.39,171.15,170.01,171.99,164.39,164.39,170.24,182.31,190.73,184.59,206.5,213.41,207.36,207.03,205.68,216.93,215,207.69,207.15,201.24,191.14,187.06,202.55,191.14,188.58,190.21,190.83,179.88,169.66,154.88,149.59,149.52,148.72,136.35,159.85,168.35,200.63,171.33,173.77,183.62,183.72,166.65,171.37,172.11,190.28,153.48,177.22,179.86,180.22,180.92,175.95,192.59,191.14,181.47,242.55
233.31,441.91,211.77,202.79,188.75,242.21,218.48,276.12,220.53,241.95,243.68,241.58,272.94,243.98,234.28,236.38,215.52,225.79,224.17,209.19,208.43,209.44,211.53,228.84,195.99,246.52,181.81,176.78,231.48,163.41,0,157.46,159.56,205.47,152.38,163.18,167.97,216.25,220.04,202.86,202.64,205.43,206.55,205.19,208.57,214,211.59,190.43,206.07,225.83,219.78,219.78,205.25,249.18,247.25,239.94,239.4,233.49,223.39,219.09,234.58,222.85,221.14,221.76,222.08,217.55,221.86,211.66,226.13,1.389,223.21,196.94,218.13,204.87,237.15,207.85,182.45,160.12,179.18,200.08,203.05,204.08,157.57,148.41,153.96,154.63,154.71,170.36,179.28,203.77,205.54,215.22,242.12
190.93,413.57,187.92,175.76,168.58,237.77,233.4,250.34,189.35,220.76,222.49,215.8,247.16,218.2,199.42,210.6,201.25,197.66,195.11,189.85,178.46,192.46,181.85,177.3,183.27,213.71,171.17,156.7,170.52,182.97,157.46,0,196.94,147.02,167.25,191.66,196.45,185.07,185.18,176.23,175.76,176.48,177.71,178.88,184.73,193.82,197.32,177.58,220.99,221.43,215.38,215.34,220.17,223.4,221.47,214.16,213.62,207.71,197.61,197.9,213.39,196.28,190.23,192.7,193.95,181.35,170.32,150.7,143.65,143.57,142.77,138.49,153.65,162.49,194.77,165.47,183.56,166.68,182.37,171.74,173.37,174.11,200.08,163.28,189.36,192.01,0.275,159.72,166.56,186.79,186.2,182.41,257.04
193.06,415.81,190.54,177.94,170.76,240.04,236.02,252.57,191.88,223.21,224.94,218.03,249.39,220.43,201.86,212.83,203.69,199.76,197.2,191.94,180.55,194.55,183.94,179.48,185.36,215.8,173.27,158.79,172.61,184.79,159.56,196.94,0,149.15,169.69,194.1,198.89,187.6,187.62,178.32,177.94,178.75,180.15,181.5,187.35,196.26,199.76,179.58,223.61,223.7,217.65,217.61,222.79,225.63,223.7,216.39,215.85,209.94,199.84,200.35,215.84,198.37,192.32,194.79,196.05,183.44,172.5,152.79,145.74,145.67,144.86,140.61,155.78,164.62,196.9,167.6,186,168.77,184.55,173.98,175.46,176.2,202.52,165.72,191.89,0.493,194.19,161.82,168.65,188.88,188.29,184.5,259.66
208.32,430.65,204.05,195.52,178.63,213.13,208.49,245.96,214.83,214.32,216.05,211.42,242.78,213.82,229.3,206.22,194.13,195.63,194.01,184.27,196.45,185.11,199.1,197.8,175.41,215.98,159.8,149.87,199.66,144.88,205.47,147.02,149.15,0,138.64,147.01,151.8,210.55,215.06,195.46,195.52,195.14,201,199.64,200.86,189.76,190.2,173.38,196.09,196.75,190.7,190.7,195.26,219.02,217.09,209.78,209.24,203.33,193.23,191.46,206.95,192.7,190.4,191.6,191.92,185.21,190.82,179.84,191.37,191.58,223.04,0.853,219.59,179.88,212.16,182.86,157.46,149.71,169.44,188.82,190.62,192.1,142.6,134.66,143.55,144.22,144.27,148.35,158.7,179.44,180.62,184.68,232.14
170.24,385.3,185.29,159.4,139.75,228.5,238.62,236.93,186.82,214.28,216.01,202.39,233.75,204.79,197.57,197.19,193.29,183.98,181.72,179.46,159.49,182.07,161.52,169.12,169.55,203.19,156.96,144,166.33,157.45,152.38,167.25,169.69,138.64,0,158.33,163.12,182.54,183.33,159.32,159.55,161.11,175.01,175.24,182.1,190.45,189.36,162.88,227.75,212.12,206.07,206.07,225.39,209.99,208.06,200.75,200.21,194.3,184.2,191.42,206.91,182.59,177.46,179.31,180.27,170.8,162.14,146.51,138.59,138.49,136.88,130.1,137.38,141.8,174.08,144.78,150.23,151.87,164.33,143.47,153.04,155.14,208.93,0.397,208.46,164.76,164.5,145.51,152.84,176.4,175.81,171.89,263.8
184.51,400.77,193.59,162.38,151.5,236.19,247.72,235.91,195.38,212.56,214.29,201.38,232.74,203.77,204.35,196.18,195.11,183.98,181.73,176.52,164.54,178.54,167.93,175.47,176.33,203.16,172.44,157.96,175.5,181.87,163.18,191.66,194.1,147.01,158.33,0,0.479,191.11,190.11,162.31,162.53,163.88,181.68,181.68,190.4,193.09,191.18,165.59,237.49,219.97,213.92,213.76,234.49,208.98,207.05,199.73,199.2,193.29,183.19,189.7,205.19,182.11,177.46,179.32,180.27,170.8,168.49,155.68,149.36,149.29,148.48,138.48,147.23,156.07,188.35,159.05,178.81,166.96,175.57,158.94,159.45,160.19,178.38,154.36,191.16,189.17,188.91,160.99,159.62,172.87,172.88,171.85,273.54
189.3,405.56,198.38,167.17,156.29,240.98,252.51,240.71,200.17,217.35,219.08,206.16,237.52,208.57,209.14,200.96,199.9,188.77,186.52,181.31,169.33,183.34,172.72,180.26,181.12,207.94,177.23,162.75,180.28,186.66,167.97,196.45,198.89,151.8,163.12,0.479,0,195.89,194.9,167.1,167.32,168.68,186.47,186.47,195.19,197.88,195.97,170.38,242.28,224.76,218.71,218.55,239.28,213.76,211.84,204.53,203.99,198.08,187.98,194.49,209.98,186.9,182.25,184.11,185.06,175.59,173.28,160.47,154.15,154.08,153.27,143.27,152.02,160.86,193.14,163.84,183.6,171.75,180.36,163.73,164.24,164.98,183.18,159.15,195.95,193.96,193.7,165.78,164.41,177.66,177.66,176.65,278.33
247.39,416.97,177.42,190.63,189.18,224.24,224.84,228.74,0.428,192.36,194.09,194.2,225.56,196.6,237.2,189,173.53,182.34,181.68,192.67,195.05,194.69,199.18,211.18,183.4,217.15,183.63,170.67,224.85,171.79,216.25,185.07,187.6,210.55,182.54,191.1,195.89,0,222.97,196.73,195.25,173.25,224.53,184.06,174.23,166.11,169.6,161.74,214.09,208.19,202.14,201.81,211.61,201.8,199.87,192.56,192.02,186.11,176.01,169.5,184.99,177.09,180.51,179.27,178.63,184.95,204.2,205.03,202,202.36,206.38,202.02,203.99,218.95,251.23,221.93,197,168.73,164.41,175.14,190.7,190.7,179.48,178.57,184.68,182.67,182.32,172.18,166.69,189.02,189.02,185.85,250.14
244.77,421.68,176.25,198.08,195.37,217.24,221.47,232.47,227.25,194.64,196.37,197.93,229.29,200.33,1.424,192.73,169.9,186.07,185.4,190.57,202.5,192,206.63,210.61,185.89,219.35,187.36,174.4,227.47,175.39,220.04,185.18,187.62,215.06,183.33,190.11,194.9,222.97,0,211.62,201.58,173.59,209.65,180.13,173.06,165.97,165.97,161.74,210.72,200.86,194.81,194.81,208.24,205.53,203.6,196.29,195.75,189.84,179.74,171.78,187.27,180.81,184.23,182.99,182.36,187.52,203.63,207.65,205.86,206.15,209.13,206.53,207.36,216.33,248.61,219.31,191.71,176.17,171.85,179.85,198.15,198.15,180.3,179.36,184.68,182.69,182.43,175.91,169.18,186.33,186.92,188.05,246.77
212.47,453.21,169.22,200.98,217.21,197.56,207.64,226.19,201.01,189.06,190.79,191.65,223.01,194.05,225.86,186.45,163.34,178.18,176.88,179.71,242.23,181.73,243.4,194.78,177.4,206.38,179.13,166.16,210.34,171.15,202.86,176.23,178.32,195.46,159.32,162.31,167.1,196.73,211.62,0,200.38,168.44,183.41,167.01,166.03,159.41,159.41,153.25,196.06,181.18,175.13,175.13,194.41,199.25,197.32,190.01,189.47,183.56,173.46,166.2,181.69,173.99,174.47,174.47,174.47,174.47,187.8,190.52,188.76,188.97,191.38,186.94,185.62,184.03,216.31,187.01,165.01,182.77,195.74,211.38,234.93,237.88,158.1,155.35,172.73,173.39,173.48,167.68,160.69,176.06,176.06,175.09,232.11
212.47,422.99,178.87,200.67,193.75,196.9,206.53,225.74,199.53,190.02,191.75,191.2,222.56,193.6,215.82,186,169.73,177.74,176.44,179.37,203.27,181.39,206.66,194.44,180.58,206.16,181.6,169.17,210.12,170.01,202.64,175.76,177.94,195.52,159.55,162.53,167.32,195.25,201.58,200.38,0,183.92,185.9,183.2,175.68,163.77,165.8,160.34,194.95,180.52,174.47,174.47,193.3,198.8,196.87,189.56,189.02,183.11,173.01,167.16,182.65,173.55,174.03,174.03,174.03,174.03,187.46,190.3,188.53,188.75,191.16,186.99,185.62,184.03,216.31,187.01,165.23,175.07,174.31,181.16,198.18,198.92,158.32,155.58,172.95,173.01,173.01,170.15,163.87,175.72,175.72,174.86,231
212.47,405.72,187.53,168.51,176.58,195.54,202.56,231.99,177.53,202.12,203.85,197.45,228.81,199.85,187.83,192.25,186.04,182.97,181.67,183.68,175.76,185.7,180.63,197.34,192.43,209.22,189.72,178.27,212.9,171.99,205.43,176.48,178.75,195.14,161.11,163.88,168.68,173.25,173.59,168.44,183.92,0,183.59,183.59,184.34,178.58,182.11,181.88,191.29,179.16,173.11,173.11,189.33,205.05,203.12,195.81,195.27,189.36,179.26,179.26,194.75,179.26,179.26,179.26,179.26,177.39,190.36,193.08,191.32,191.54,193.81,186.61,185.27,184.03,216.31,187.01,165.73,169.56,163.24,163.89,172.15,171.41,159.98,157.14,174.46,173.82,173.73,178.27,175.72,180.03,180.03,177.92,227.34
238.2,409,188.93,180.93,179.8,214.99,211.5,227.36,228.81,194.24,195.97,192.82,224.18,195.22,223.88,187.62,174.54,179.65,178.67,183.79,185.49,185.22,189.62,202.23,178.14,210.93,175.64,162.68,215.64,164.39,206.55,177.71,180.15,201,175.01,181.68,186.47,224.53,209.64,183.41,185.9,183.59,0,201.89,185.74,170.54,170.61,159.72,200.74,198.77,192.72,192.56,198.27,200.42,198.49,191.18,190.64,184.73,174.63,171.38,186.87,175.17,176.88,176.26,175.94,179.1,195.25,195.82,192.3,192.66,196.68,192.47,194.51,209.76,242.04,212.74,188.55,162.07,157.75,167.17,181.14,181.14,171.04,171.04,177.21,175.22,174.96,164.19,161.43,179.55,180.14,179.63,236.79
236.63,408.06,227.76,167.09,173.59,218.24,210.91,239.85,188.34,212.75,214.48,205.31,236.67,207.71,194.37,200.11,189.81,189.52,187.9,185.47,174.3,186.9,179.17,201.78,179.2,214.48,175.45,162.49,214.29,164.39,205.19,178.88,181.5,199.64,175.24,181.68,186.47,184.06,180.13,167.01,183.2,183.59,201.89,0,224.57,192.1,185.88,166.21,199.33,201.96,195.91,195.81,197.68,212.91,210.98,203.67,203.13,197.22,187.12,189.89,205.38,186.58,184.87,185.49,185.81,182.65,194.8,194.47,190.94,191.3,195.32,191.11,193.15,208.19,240.47,211.17,187.82,163.42,157.9,166.23,170.69,169.95,172.18,171.27,179.33,176.57,176.13,164,162.49,181.23,181.82,183.18,235.38
239.07,415.34,0.319,166.03,178.44,222.91,212.86,245.18,178.51,218.56,220.29,210.64,242,213.04,187.3,205.44,194.63,194.85,193.23,191.32,174.87,192.72,180.47,205.68,183.1,219.81,179.35,166.39,217.67,170.24,208.57,184.73,187.35,200.86,182.1,190.4,195.19,174.23,173.06,166.03,175.68,184.34,185.74,224.58,0,199.9,190.7,170.11,201.28,206.7,200.65,200.48,199.63,218.24,216.31,209,208.46,202.55,192.45,195.7,211.19,191.91,190.2,190.82,191.14,187.98,198.7,197.85,194.33,194.69,198.71,192.33,194.29,210.63,242.91,213.61,197.57,170.24,163.75,173.51,172,170.52,178.13,178.13,185.58,182.42,181.98,167.9,166.39,187.05,187.67,188.51,237.33
221.7,427.08,203.09,159.41,180.09,236.57,199.86,285.54,170.39,268.69,270.42,251,282.36,253.4,180.21,245.8,218.3,231.28,228.7,204.83,172.25,205.08,179.29,217.05,194.03,239.24,190.28,176.78,224.36,182.31,214,193.82,196.26,189.76,190.45,193.09,197.88,166.11,165.97,159.41,163.77,178.58,170.54,192.1,199.9,0,214.37,184.33,187.46,220.19,214.14,214.14,186.63,258.6,256.67,249.36,248.82,242.91,232.81,245.83,261.32,230.66,223.82,226.29,227.56,214.94,210.07,204.54,199.97,200.11,201.72,181.23,182.35,193.26,225.54,196.24,192.78,182.45,178.97,185.25,170.81,167.89,186.94,186.48,193.32,191.33,191.07,178.83,177.32,199.41,201.18,207.94,223.51
217.76,428.86,193.89,159.41,181.68,217.85,195.17,260.59,173.88,231.5,233.23,226.05,257.41,228.45,180.21,220.85,0.393,210.26,208.64,201.95,171.49,203.38,177.84,217.47,203.68,231.72,198.25,183.78,222.67,190.73,211.59,197.32,199.76,190.2,189.36,191.18,195.97,169.6,165.97,159.41,165.8,182.11,170.61,185.88,190.7,214.37,0,198.33,182.77,201.47,195.42,195.42,181.94,233.65,231.72,224.41,223.87,217.96,207.86,208.63,224.13,207.33,205.62,206.23,206.55,203.4,210.49,202.85,197.56,197.7,198.34,181.67,179.7,189.32,221.6,192.3,190.38,185.08,183.9,187.03,169.36,167.14,186.43,185.39,196.55,194.83,194.57,186.8,186.97,197.71,198.3,200.42,218.82
196.85,416.56,173.3,153.25,166.79,195.31,187.66,244.59,166.02,210.58,212.31,210.05,241.41,212.45,175.98,204.85,202.26,195.52,193.9,201.17,162.73,203.78,168.33,197.67,221.41,221.55,200.66,193.38,201.72,184.59,190.43,177.58,179.58,173.38,162.88,165.59,170.38,161.74,161.74,153.25,160.34,181.88,159.72,166.21,170.11,184.33,198.33,0,175.26,178.93,172.88,172.88,174.43,217.65,215.72,208.41,207.87,201.96,191.86,187.72,203.21,192.15,190.88,191.49,191.81,188.66,190.69,181.91,176.61,176.54,175.74,164.85,163.6,168.41,200.69,171.39,163.41,172.22,170.08,174.73,159.85,158.38,162.79,158.91,173.33,174.65,174.83,189.21,204.7,198.11,197.52,190.25,211.31
240.05,492.36,204.47,195.7,231.92,28.492,7.926,30.296,218.37,212.01,213.74,23.872,30.568,25.264,224.96,26.952,186.7,194.81,193.19,184.51,211.01,185.94,218.83,204.15,189.44,215.39,200.57,181.56,213.41,206.5,206.07,220.99,223.61,196.09,227.75,237.49,242.28,214.09,210.72,196.06,194.95,191.29,200.74,199.33,201.28,187.46,182.77,175.26,0,5.28,6.49,19.52,5.28,19.52,20.292,23.216,23.432,25.796,29.836,189.15,204.64,191.87,190.16,190.78,191.1,187.94,197.17,193.59,191.82,192.18,196.2,187.56,189.52,211.61,243.89,214.59,239.02,221.79,238.12,250.53,210.35,206.66,224.74,223.78,221.99,218.68,218.24,189.12,172.73,180.27,180.86,184.09,3.605
240.72,475.68,209.89,180.97,215.24,8.966,7.926,9.868,212.47,248.14,249.87,6.656,10.004,7.352,215.1,8.196,205.4,234.83,232.57,210.71,196.13,210.96,203.95,224.31,199.36,243.07,210.5,191.49,233.17,213.41,225.83,221.43,223.7,196.75,212.12,219.97,224.76,208.19,200.86,181.18,180.52,179.16,198.77,201.96,206.7,220.19,201.47,178.93,5.28,0,0.605,4.48,5.28,4.48,4.866,6.328,6.436,7.618,9.638,225.28,240.77,233.44,228.31,230.16,231.12,221.65,217.33,213.35,211.58,211.94,215.96,188.22,190.19,212.28,244.56,215.26,221.56,217.41,220.63,233.85,195.47,191.78,208.63,208.15,219.43,218.77,218.68,199.05,182.65,205.29,207.06,211.77,12.49
234.67,469.63,203.84,174.92,209.19,7.756,9.136,8.658,206.41,242.09,243.82,5.446,8.794,6.142,209.05,6.986,199.35,228.78,226.52,204.66,190.08,204.91,197.9,218.26,193.31,237.02,204.45,185.44,227.12,207.36,219.78,215.38,217.65,190.7,206.07,213.92,218.71,202.13,194.81,175.13,174.47,173.11,192.72,195.91,200.65,214.14,195.42,172.88,6.49,0.605,0,3.27,6.49,3.27,3.656,5.118,5.226,6.408,8.428,219.23,234.72,227.39,222.26,224.11,225.07,215.6,211.28,207.3,205.53,205.89,209.91,182.17,184.14,206.23,238.51,209.21,215.51,211.36,214.58,227.8,189.42,185.73,202.58,202.1,213.38,212.72,212.63,193,176.6,199.24,201.01,205.72,13.7
234.67,469.49,203.67,174.92,209.05,2.243,24.812,8.658,206.09,242.09,243.82,5.446,8.794,6.142,209.05,6.986,199.35,228.78,226.52,204.64,190.08,204.91,197.9,218.1,193.31,237.02,204.45,185.44,227.12,207.03,219.78,215.34,217.6,190.7,206.07,213.76,218.55,201.81,194.81,175.13,174.47,173.11,192.56,195.81,200.48,214.14,195.42,172.88,19.52,4.48,3.27,0,19.52,3.27,3.656,5.118,5.226,6.408,8.428,219.23,234.72,227.39,222.26,224.11,225.07,215.6,211.12,207.3,205.53,205.89,209.91,182.17,184.14,206.23,238.51,209.21,215.51,211.2,214.58,227.66,189.42,185.73,202.41,202.1,213.34,212.67,212.59,193,176.6,199.24,200.99,205.72,33.94
239.23,489.91,202.82,194.05,229.47,28.492,1.323,30.296,215.89,211.19,212.92,23.872,30.568,25.264,222.48,26.952,185.87,193.98,192.37,183.69,209.36,185.12,217.18,202.38,188.61,214.56,199.75,180.74,212.58,205.68,205.25,220.17,222.79,195.26,225.39,234.49,239.28,211.61,208.24,194.41,193.3,189.33,198.27,197.68,199.63,186.63,181.94,174.43,5.28,5.28,6.49,19.52,0,19.52,20.292,23.216,23.432,25.796,29.836,188.33,203.82,191.05,189.34,189.96,190.27,187.12,195.4,192.76,191,191.36,195.38,186.73,188.7,210.79,243.07,213.77,235.77,220.97,235.01,248.08,208.7,205.01,222.54,221.42,221.17,217.86,217.42,188.3,171.9,179.45,180.04,183.26,12.49
244.48,467.37,221.43,199.1,213.59,7.756,24.812,2.694,206.08,288.24,289.97,1.088,2.762,1.436,219.77,1.858,237.58,276.87,274.3,245.48,209.02,245.73,214.62,255.81,232.31,279.88,228.56,215.6,260.33,216.93,249.18,223.4,225.63,219.02,209.99,208.98,213.76,201.8,205.53,199.25,198.8,205.05,200.42,212.91,218.24,258.6,233.65,217.65,19.52,4.48,3.27,3.27,19.52,0,0.193,0.924,0.978,1.569,2.579,265.38,280.87,276.26,269.42,271.89,273.16,260.54,248.83,240.51,235.21,235.29,236.09,210.49,210.18,216.04,248.32,219.02,211.68,216.7,216.13,225.54,206.14,204.67,206.17,206.02,220.17,220.7,220.65,217.11,215.6,240.06,241.83,248.58,33.94
242.55,465.44,219.5,197.17,211.66,8.142,25.584,2.887,204.15,286.31,288.04,0.895,2.569,1.243,217.84,1.665,235.65,274.94,272.37,243.55,207.09,243.8,212.69,253.88,230.38,277.95,226.63,213.67,258.4,215,247.25,221.47,223.7,217.09,208.06,207.04,211.84,199.87,203.6,197.32,196.87,203.12,198.49,210.98,216.31,256.67,231.72,215.72,20.292,4.866,3.656,3.656,20.292,0.193,0,0.731,0.785,1.376,2.386,263.45,278.94,274.33,267.49,269.96,271.23,258.61,246.9,238.58,233.28,233.36,234.16,208.56,208.25,214.11,246.39,217.09,209.75,214.77,214.2,223.61,204.21,202.74,204.24,204.09,218.24,218.77,218.72,215.18,213.67,238.13,239.9,246.65,34.712
235.24,458.13,212.19,189.86,204.35,9.604,28.508,3.618,196.84,279,280.73,0.164,3.3,0.512,210.53,0.934,228.34,267.63,265.06,236.24,199.78,236.49,205.38,246.57,223.07,270.64,219.32,206.36,251.09,207.69,239.94,214.16,216.39,209.78,200.75,199.73,204.53,192.56,196.29,190.01,189.56,195.81,191.18,203.67,209,249.36,224.41,208.41,23.216,6.328,5.118,5.118,23.216,0.924,0.731,0,0.054,0.645,1.655,256.14,271.63,267.02,260.18,262.65,263.92,251.3,239.59,231.27,225.97,226.05,226.85,201.25,200.94,206.8,239.08,209.78,202.43,207.46,206.89,216.3,196.9,195.43,196.93,196.78,210.93,211.46,211.41,207.87,206.36,230.82,232.59,239.34,37.636
234.7,457.59,211.65,189.32,203.81,9.712,28.724,3.672,196.3,278.46,280.19,0.218,3.354,0.458,209.99,0.88,227.8,267.09,264.52,235.7,199.24,235.95,204.84,246.03,222.53,270.1,218.78,205.82,250.55,207.15,239.4,213.62,215.85,209.24,200.21,199.19,203.99,192.02,195.75,189.47,189.02,195.27,190.64,203.13,208.46,248.81,223.87,207.87,23.432,6.436,5.226,5.226,23.432,0.978,0.785,0.054,0,0.591,1.601,255.6,271.09,266.48,259.64,262.11,263.38,250.76,239.05,230.73,225.43,225.51,226.31,200.71,200.4,206.26,238.54,209.24,201.89,206.92,206.35,215.76,196.36,194.89,196.39,196.24,210.39,210.92,210.87,207.33,205.82,230.28,232.05,238.8,37.852
228.79,451.68,205.74,183.41,197.9,10.894,31.088,4.263,190.39,272.55,274.28,0.809,3.945,1.049,204.08,0.289,221.89,261.18,258.61,229.79,193.33,230.04,198.93,240.12,216.62,264.19,212.87,199.91,244.64,201.24,233.49,207.71,209.94,203.33,194.3,193.28,198.07,186.11,189.84,183.56,183.11,189.36,184.73,197.22,202.55,242.9,217.96,201.96,25.796,7.618,6.408,6.408,25.796,1.569,1.376,0.645,0.591,0,1.01,249.69,265.18,260.57,253.73,256.2,257.47,244.85,233.14,224.82,219.52,219.6,220.4,194.8,194.49,200.35,232.63,203.33,195.98,201.01,200.44,209.85,190.45,188.98,190.48,190.33,204.49,205.01,204.96,201.42,199.91,224.37,226.14,232.89,40.216
218.69,441.58,195.64,173.31,187.8,12.914,35.128,5.273,180.29,262.45,264.18,1.819,4.955,2.059,193.98,1.299,211.79,251.08,248.51,219.69,183.23,219.94,188.83,230.02,206.52,254.09,202.77,189.81,234.54,191.14,223.39,197.61,199.84,193.23,184.2,183.18,187.97,176.01,179.74,173.46,173.01,179.26,174.63,187.12,192.45,232.81,207.86,191.86,29.836,9.638,8.428,8.428,29.836,2.579,2.386,1.655,1.601,1.01,0,239.59,255.08,250.47,243.63,246.1,247.37,234.75,223.04,214.72,209.42,209.5,210.3,184.7,184.39,190.25,222.53,193.23,185.88,190.91,190.34,199.75,180.35,178.88,180.38,180.23,194.38,194.91,194.86,191.32,189.81,214.27,216.04,222.79,44.256
222.01,433.87,198.9,166.17,183.48,241.66,201.56,292.32,173.78,2.286,2.459,257.78,289.14,260.18,186.02,252.58,212.56,238.06,235.49,209.92,178.03,210.17,184.38,222.13,199.12,244.32,195.37,181.86,229.45,187.06,219.09,197.9,200.35,191.46,191.42,189.7,194.49,169.5,171.78,166.2,167.16,179.26,171.38,189.89,195.7,245.83,208.63,187.72,189.15,225.28,219.23,219.23,188.33,265.38,263.45,256.14,255.6,249.69,239.59,0,1.549,237.45,230.6,233.08,234.35,221.73,215.15,209.63,205.05,205.2,206.81,182.93,184.04,193.58,225.85,196.55,192.07,187.54,183.87,192.04,175.9,173.69,186.22,187.45,197.19,195.42,195.15,183.92,182.41,204.5,206.27,213.03,225.2
237.5,449.36,214.39,181.66,198.97,257.15,217.05,307.81,189.27,0.737,0.91,273.27,304.63,275.67,201.51,268.07,228.06,253.55,250.98,225.41,193.52,225.66,199.87,237.62,214.61,259.81,210.86,197.35,244.94,202.55,234.58,213.39,215.84,206.95,206.91,205.19,209.98,184.99,187.27,181.69,182.65,194.75,186.87,205.38,211.19,261.32,224.13,203.21,204.64,240.77,234.72,234.72,203.82,280.87,278.94,271.63,271.09,265.18,255.08,1.549,0,252.94,246.09,248.57,249.84,237.22,230.64,225.12,220.54,220.69,222.3,198.42,199.53,209.06,241.34,212.04,207.56,203.03,199.35,207.53,191.39,189.17,201.71,202.94,212.67,210.91,210.64,199.41,197.9,219.99,221.76,228.52,240.69
217.62,442.11,195.1,173.85,187.8,249.82,204.28,303.2,181.37,260.3,262.03,268.66,300.02,271.06,195.05,263.46,211.26,253.23,250.65,220.81,183.76,221.06,189.37,230.55,207.34,255.48,203.35,190.63,234,191.14,222.85,196.28,198.37,192.7,182.59,182.11,186.9,177.09,180.81,173.99,173.55,179.26,175.17,186.58,191.91,230.66,207.33,192.15,191.87,233.44,227.39,227.39,191.05,276.26,274.33,267.02,266.48,260.57,250.47,237.44,252.93,0,245.77,248.25,249.52,236.89,223.57,214.18,208.89,208.96,209.76,184.17,183.32,189.18,221.46,192.16,184.81,190.38,190.87,200.28,180.89,179.41,179.31,178.62,192.78,193.44,193.53,191.9,190.63,215.39,217.16,224.18,227.92
212.97,442.59,193.39,174.33,187.8,244.69,202.57,296.36,184.79,253.46,255.19,261.82,293.18,264.22,198.47,256.62,209.55,252.58,252.55,221.25,185.18,221.5,190.89,232.11,206.7,257.72,201.63,189.99,232.29,188.58,221.14,190.23,192.32,190.4,177.46,177.46,182.25,180.51,184.23,174.47,174.03,179.26,176.88,184.87,190.2,223.82,205.62,190.88,190.16,228.31,222.26,222.26,189.34,269.42,267.49,260.18,259.64,253.73,243.63,230.6,246.1,245.77,0,250.14,248.87,243.73,225.12,212.47,207.18,207.25,207.39,181.87,179.9,184.53,216.81,187.51,180.16,188.67,191.19,200.76,182.41,180.83,174.66,173.49,186.73,187.39,187.48,190.18,189.99,215.83,217.6,226.42,226.21
