0,445.26,238.16,212.47,199.84,229.82,235.01,245.32,257.64,225.22,226.95,210.78,242.14,213.18,259.17,205.58,210.64,194.99,193.69,208.89,215.74,210.91,219.13,213.07,205.06,236.54,202.82,188.34,225.91,196.79,233.31,190.93,193.06,208.32,170.24,184.51,189.3,253.36,244.93,212.47,212.47,212.47,250.38,236.59,234.97,206.22,206.71,195.78,224.26,213.61,207.56,207.39,221.78,218.38,216.45,209.14,208.6,202.69,192.59,202.36,217.85,190.98,210.43,191.28,191.28,205.24,206.09,206.09,219.2,219.42,221.83,199.79,223.3,2.844,5.476,2.546,211.08,190.56,207.71,203.43,210.65,211.39,178.89,166.27,187.46,188.13,188.18,191.37,188.34,205.24,205.24,205.24,260.31
445.26,0,455.16,438.39,509.95,493.3,504.83,492.52,456.29,463.84,465.57,457.98,489.34,460.38,462.52,452.78,446.71,438.87,437.57,445.99,467.79,448.44,474.14,455.33,437.76,470.42,425.1,415.17,456.72,410.18,441.91,414.46,416.64,430.65,385.3,400.77,405.56,452.01,448.28,457.08,437.94,436.58,449.91,451.37,451.97,439.28,442.78,424.77,494.68,477.08,471.03,470.87,491.6,465.58,463.65,456.34,455.8,449.89,439.79,440.98,456.47,438.72,438.75,435.16,435.16,438.59,448.35,436.9,428.16,428.02,426.41,422.12,420.21,416.82,449.1,419.8,403.47,461.9,484.3,24.183,465.66,463.44,395.5,381.33,411.09,411.71,411.71,413.65,421.05,442.77,442.34,439.12,530.73
238.16,455.16,0,206.39,212.46,226,216.67,253.37,231.38,233.26,235,218.83,250.19,221.23,237.81,213.63,215.29,179.63,178.32,194.14,215.11,196.16,219.97,200.95,203.29,219.03,201.36,188.4,217.23,193.38,211.66,203.66,206.11,197.95,197.11,203.24,208.03,227.1,223.57,206.46,219.82,224.82,225.64,256.88,0.319,232.21,211.36,202.98,204.78,209.78,203.73,203.57,203.44,226.43,224.5,217.19,216.65,210.74,200.64,210.41,225.89,199.03,190.64,175.91,175.91,188.42,193.97,197.41,197.42,197.78,201.79,189.42,191.39,209.72,242,212.7,207.31,198.88,202.63,213.33,211.5,210.76,192.98,193.14,203.16,201.18,200.91,189.91,186.58,190.49,190.49,187.73,240.83
212.47,438.39,206.39,0,212.19,209.62,210.73,233.57,256.63,205.83,207.56,199.03,230.39,201.43,264.26,193.83,192.63,165.56,164.26,180.41,232.04,182.43,233.96,192.72,191.2,205.95,190.58,178.53,208.45,176.36,202.74,177.98,180.07,195.66,159.53,162.38,167.17,252.35,250.02,236.86,236.55,229.75,252.09,207.1,203.2,182.97,188.7,186.75,199.15,193.4,187.35,187.19,197.49,206.63,204.7,197.39,196.85,190.94,180.84,182.97,198.46,180.13,175.56,161.85,161.85,174.12,185.74,188.63,188.63,188.85,191.26,187.13,185.62,184.03,216.31,187.01,165.08,184.08,188.41,196.56,225.48,227.69,159.57,155.56,174.48,175.15,175.23,179.13,174.49,176.77,176.77,174.65,235.19
199.84,509.95,212.46,212.19,0,232.86,244.39,236.89,234.77,212.14,213.87,202.35,233.71,204.75,242.54,197.15,199.38,180.31,179.01,192.93,239.71,194.95,246.79,199.98,195.16,216.62,181.91,171.97,202.64,166.99,188.75,169.54,171.63,178.63,139.75,151.5,156.29,230.49,228.3,226.88,214.4,210.33,230.16,211.22,209.27,190.97,195.45,185.89,234.24,216.64,210.59,210.43,231.16,209.95,208.02,200.71,200.17,194.26,184.16,189.28,204.77,183.08,182.04,176.61,176.61,184.26,193,182.82,174.93,174.86,174.05,170.1,170.94,171.4,203.68,174.38,154.2,214.62,227.59,268.12,238.31,235.36,148.69,135.77,165.5,166.7,166.79,170.46,178.45,189.28,189.28,185.32,270.29
229.82,493.3,226,209.62,232.86,0,33.784,13.144,249.02,243.52,245.25,9.932,13.28,10.628,250.51,11.472,207.26,188.77,187.34,183.17,222.86,184.6,229.2,195.12,188.09,214.04,193.34,174.33,204.14,199.27,196.8,213.76,216.38,185.86,219.02,228.23,233.02,244.74,236.27,209.98,208.87,202.1,241.15,220.86,222.81,215.57,203.33,180.79,28.492,8.966,7.756,2.243,28.492,7.756,8.142,9.604,9.712,10.894,12.914,220.66,236.15,228.82,195.47,184.93,185.06,193.25,188.14,184.32,182.55,182.91,186.93,177.33,179.29,201.38,233.66,204.36,230.31,214.56,232.76,251.47,220.72,218.51,215.36,215.05,214.76,211.45,211.01,181.89,171.38,178.93,179.52,182.74,42.912
235.01,504.83,216.67,210.73,244.39,33.784,0,35.588,260.56,211.97,213.7,29.164,35.86,30.556,258.11,32.244,187.84,132.04,130.45,149,226.03,152.79,233.85,163.51,186.46,166.97,202.91,183.9,191.65,208.84,191.37,223.33,225.95,190.13,230.3,239.76,244.55,256.28,243.88,211.09,209.97,203.21,252,211.53,213.48,187.41,183.91,176.4,7.926,7.926,9.136,24.812,1.323,24.812,25.584,28.508,28.724,31.088,35.128,189.11,204.6,191.83,127.42,128.04,128.33,134.08,156.53,171.83,177.12,177.48,181.5,181.6,184.48,206.57,238.85,209.55,242,224.13,243.98,263,225.38,221.69,226.89,226.34,224.33,221.02,220.58,191.46,169.75,147.12,145.35,135.67,15.136
245.32,492.52,253.37,233.57,236.89,13.144,35.588,0,257.04,289.96,291.69,3.782,5.456,4.13,263.28,4.552,252.46,250.55,249.24,246.12,240.47,246.96,245.34,249.45,241.04,277.97,234.35,221.39,255.6,226.38,246.28,231.25,233.43,203.32,218.96,224.77,229.56,252.76,249.04,233.64,233.78,232.43,250.66,249.54,250.18,260.32,248.53,231.7,30.296,9.868,8.658,8.658,30.296,2.694,2.887,3.618,3.672,4.263,5.273,267.1,282.59,277.98,281.01,246.83,246.84,274.35,242.47,235.78,232.25,232.39,234,194.79,194.79,216.88,249.16,219.86,225.1,229.73,235.37,250.69,236.86,236.12,214.99,214.99,228.5,228.5,228.5,222.9,224.33,241.29,242.47,246.67,44.716
257.64,456.29,231.38,256.63,234.77,249.02,260.56,257.04,0,229.92,231.65,222.5,253.86,224.9,327.96,217.3,213.32,196.56,194.99,213.47,254.62,216.67,256.54,226.75,224.95,231.51,217.47,207.6,248.46,196.31,243.93,201.41,203.67,233.26,192.55,195.78,200.56,0.428,313.71,287.48,281.66,252.57,315.28,230.14,228.19,205.89,209.39,212.14,250.62,232.81,226.76,226.59,247.32,230.1,228.17,220.86,220.32,214.41,204.31,207.06,222.55,203.78,191.96,192.58,192.85,198.62,219.77,228.64,229.75,230.04,232.13,224.73,223.86,229.2,261.48,232.18,203.75,203.82,208.14,214.45,248.06,250.27,187.36,188.59,199.41,198.74,198.66,206.02,208.24,211,209.82,200.21,286.67
225.22,463.84,233.27,205.83,212.14,243.52,211.97,289.96,229.92,0,1.647,255.42,286.78,257.82,236.16,250.22,230.75,210.91,209.61,213.97,215.58,215.4,221.18,220.05,214.43,244.85,207.74,193.38,227.8,199.76,219.2,209.55,212,183.22,198.86,204.3,209.09,225.64,221.92,205.9,210.42,209.07,223.76,227.84,230.07,243.47,226.82,208.34,199.57,227.14,221.09,221.09,198.74,263.02,261.09,253.78,253.24,247.33,237.23,2.286,0.737,235.09,241.37,207.2,207.2,234.71,213.08,207.98,205.17,205.31,206.92,174.69,174.69,196.78,229.06,199.76,206.27,204.02,208.98,222.01,212.7,211.23,194.89,194.89,209.06,207.07,206.81,196.28,197.72,209.73,210.32,213.55,235.62
226.95,465.57,235,207.56,213.87,245.25,213.7,291.69,231.65,1.647,0,257.15,288.51,259.55,237.89,251.95,232.48,212.64,211.34,215.7,217.31,217.13,222.91,221.78,216.16,246.58,209.46,195.11,229.53,201.49,220.93,211.28,213.73,184.95,200.59,206.03,210.82,227.37,223.65,207.63,212.15,210.8,225.5,229.57,231.81,245.2,228.55,210.07,201.3,228.87,222.82,222.82,200.47,264.75,262.82,255.51,254.97,249.06,238.96,2.459,0.91,236.82,243.1,208.93,208.93,236.44,214.8,209.71,206.9,207.04,208.65,176.42,176.42,198.51,230.79,201.49,208,205.75,210.71,223.74,214.43,212.96,196.62,196.62,210.78,208.8,208.53,198.01,199.45,211.46,212.05,215.28,237.35
210.78,457.98,218.83,199.03,202.35,9.932,29.164,3.782,222.5,255.42,257.15,0,3.464,0.676,228.74,1.098,217.92,216,214.7,211.58,205.93,212.42,210.8,214.91,206.5,243.43,199.81,186.85,221.06,191.83,211.74,196.71,198.89,168.78,184.42,190.23,195.02,218.22,214.5,199.1,199.24,197.89,216.12,215,215.64,225.78,213.99,197.16,23.872,6.656,5.446,5.446,23.872,1.088,0.895,0.164,0.218,0.809,1.819,232.56,248.05,243.44,246.47,212.3,212.3,239.81,207.93,201.24,197.71,197.85,199.46,160.25,160.25,182.34,214.62,185.32,190.56,195.19,200.83,216.15,202.32,201.58,180.45,180.45,193.96,193.96,193.96,188.36,189.79,206.75,207.93,212.13,38.292
242.14,489.34,250.19,230.39,233.71,13.28,35.86,5.456,253.86,286.78,288.51,3.464,0,3.812,260.1,4.234,249.28,247.37,246.06,242.94,237.29,243.78,242.16,246.27,237.86,274.79,231.17,218.21,252.42,223.19,243.1,228.07,230.25,200.14,215.78,221.59,226.38,249.58,245.86,230.46,230.6,229.25,247.48,246.36,247,257.14,245.35,228.52,30.568,10.004,8.794,8.794,30.568,2.762,2.569,3.3,3.354,3.945,4.955,263.92,279.41,274.8,277.83,243.66,243.66,271.17,239.3,232.6,229.07,229.21,230.82,191.61,191.61,213.7,245.98,216.68,221.92,226.55,232.19,247.51,233.68,232.94,211.81,211.81,225.32,225.32,225.32,219.72,221.15,238.11,239.29,243.49,44.988
213.18,460.38,221.23,201.43,204.75,10.628,30.556,4.13,224.9,257.82,259.55,0.676,3.812,0,231.14,1.338,220.32,218.41,217.1,213.98,208.33,214.82,213.2,217.31,208.9,245.83,202.21,189.25,223.46,194.24,214.14,199.11,201.29,171.18,186.82,192.63,197.42,220.62,216.9,201.5,201.64,200.29,218.53,217.4,218.04,228.18,216.39,199.56,25.264,7.352,6.142,6.142,25.264,1.436,1.243,0.512,0.458,1.049,2.059,234.96,250.45,245.84,248.87,214.69,214.7,242.21,210.33,203.64,200.11,200.25,201.86,162.65,162.65,184.74,217.02,187.72,192.96,197.59,203.23,218.55,204.72,203.98,182.85,182.85,196.36,196.36,196.36,190.76,192.19,209.15,210.33,214.53,39.684
259.17,462.52,237.81,264.26,242.54,250.51,258.12,263.28,327.96,236.16,237.89,228.74,260.1,231.14,0,223.54,223.29,202.8,201.5,218.6,262.39,221.8,264.31,230.73,227.85,239.79,222.53,212.59,250.16,205.31,244.52,210.81,213.07,236.91,197.83,204.35,209.14,323.67,1.424,312.33,276.73,259.9,310.36,238.52,234.62,213.3,219.36,216.96,246.54,234.29,228.24,228.08,244.89,236.34,234.41,227.1,226.56,220.65,210.55,213.3,228.79,210.01,201.92,199.09,199.09,207.43,223.75,230.34,230.34,230.63,233.19,228.38,227.2,230.73,263.01,233.71,207.35,211.59,215.91,220.69,255.83,258.04,194.73,193.86,208.81,208.14,208.06,211.08,211.14,216.13,214.95,208.49,282.59
205.58,452.78,213.63,193.83,197.15,11.472,32.244,4.552,217.3,250.22,251.95,1.098,4.234,1.338,223.54,0,212.72,210.81,209.5,206.38,200.73,207.22,205.6,209.72,201.3,238.23,194.61,181.65,215.86,186.63,206.54,191.51,193.69,163.58,179.22,185.03,189.82,213.02,209.3,193.9,194.04,192.69,210.92,209.8,210.44,220.58,208.79,191.96,26.952,8.196,6.986,6.986,26.952,1.858,1.665,0.934,0.88,0.289,1.299,227.36,242.85,238.24,241.27,207.09,207.1,234.61,202.73,196.04,192.51,192.65,194.26,155.05,155.05,177.14,209.42,180.12,185.36,189.99,195.63,210.95,197.12,196.38,175.25,175.25,188.76,188.76,188.76,183.16,184.59,201.55,202.73,206.93,41.372
210.64,446.71,215.29,192.63,199.38,207.26,187.85,252.46,213.32,230.75,232.48,217.92,249.28,220.32,223.28,212.72,0,170.81,169.51,187.81,201.34,189.83,206.21,197.07,201.54,215.46,192.69,178.22,207.89,188.19,198.57,193.83,196.28,176.35,187.53,193.02,197.81,209.04,209.04,192.7,201.44,198.5,209.04,212.11,212.11,222.85,0.393,206.8,175.44,191.04,184.99,184.83,174.62,225.52,223.59,216.28,215.74,209.83,199.73,207.89,223.38,198.12,195.32,167.1,167.1,193.1,190.09,188.07,184.54,184.68,186.29,167.82,169.79,182.2,214.48,185.18,191.75,186.23,194.28,204.88,197.73,196.99,184.25,183.56,193.33,191.35,191.08,181.24,184.84,184.16,184.16,184.16,211.49
194.99,438.87,179.63,165.56,180.31,188.77,132.04,250.55,196.56,210.91,212.64,216.01,247.37,218.4,202.8,210.81,170.81,0,241.57,172.38,176.49,173.81,182.83,184.35,170.46,203.25,172.68,156.69,193.35,170.86,186.01,176.05,178.32,151.37,168.49,174.33,179.12,192.28,188.56,165.78,165.11,161.05,190.19,174.48,176.44,182.96,166.88,153.95,119.64,172.56,166.5,166.34,118.81,223.61,221.68,214.37,213.82,207.91,197.81,188.05,203.54,237.34,236.69,239.16,0.371,192.76,177.37,173.53,171.76,172.12,176.14,142.84,144.8,166.55,198.83,169.53,173.4,176.43,182.33,197.04,174.35,172.14,165.14,164.52,174.05,173.39,173.3,161.23,153.75,168.14,168.73,171.95,155.69
193.69,437.57,178.33,164.26,179.02,187.34,130.45,249.25,194.99,209.61,211.34,214.71,246.06,217.1,201.5,209.51,169.51,241.57,0,171.08,175.19,172.51,181.53,183.27,168.84,201.95,171.06,155.07,192.05,169.24,184.71,174.57,176.84,150.07,167.19,172.71,177.5,190.71,187.26,164.48,163.81,159.75,188.89,173.18,175.13,181.66,165.58,152.65,118.04,170.96,164.91,164.91,117.22,222.31,220.38,213.06,212.53,206.62,196.52,186.75,202.24,234.77,236.66,0.241,237.86,191.46,176.29,172.23,170.46,170.82,174.84,141.54,143.5,165.25,197.53,168.23,172.1,175.42,181.03,195.74,173.05,170.84,164.13,163.22,172.57,171.91,171.82,159.61,152.13,166.84,167.43,170.65,154.09
208.89,445.99,194.14,180.41,192.93,183.17,149,246.12,213.47,213.97,215.7,211.58,242.94,213.98,218.6,206.38,187.81,172.38,171.08,0,191.27,229,196.9,211.92,209.86,244.09,203.24,190.27,214.66,189.77,205.28,187.68,189.86,182.07,179.07,176.42,181.21,209.19,204.36,180.56,182.36,179.66,207.31,190.95,190.95,189.41,183.88,186.49,136.59,166.79,160.74,160.74,135.77,219.18,217.25,209.94,209.4,203.49,193.39,191.11,206.6,192.9,203.03,168.67,168.67,210.67,204.94,194.84,191.32,191.39,191.6,173.54,172.37,180.45,212.73,183.43,173.83,185.47,196.38,204.16,188.42,186.92,175.77,175.1,184.86,184.93,184.93,191.79,193.15,223.33,0.365,212.79,172.64
215.74,467.79,215.11,232.04,239.71,222.86,226.04,240.47,254.62,215.58,217.31,205.93,237.29,208.33,262.39,200.73,201.34,176.49,175.19,191.27,0,193.29,265.91,199.26,198.77,215.72,197.56,184.93,214.99,182.63,208.57,181.14,183.23,196.45,159.49,164.54,169.33,250.34,248.15,251.9,234.25,230.19,250.01,214.87,211.92,192.72,197.41,192.55,214.46,206.64,200.59,200.43,212.81,213.53,211.6,204.29,203.75,197.84,187.74,192.72,208.21,186.67,182.1,172.78,172.78,183.51,192.28,195.17,194.61,194.68,195.31,187.92,189.16,187.3,219.58,190.28,167.24,203.47,216.43,225.96,257.43,0.435,161.73,155.52,177.64,178.3,178.39,186.11,182.06,187.62,187.62,184.42,250.51
210.91,448.44,196.16,182.43,194.95,184.6,152.79,246.96,216.67,215.4,217.13,212.42,243.78,214.82,221.8,207.22,189.83,173.81,172.51,229,193.29,0,199.51,212.76,214.24,243.75,207.03,194.06,215.5,193.56,206.12,190.29,192.47,183.5,181.68,178.44,183.23,212.39,207.56,182.58,184.97,182.27,210.48,192.97,192.97,190.84,185.9,188.51,140.38,168.22,162.17,162.17,139.56,220.02,218.09,210.78,210.24,204.33,194.23,192.54,208.03,193.74,203.87,170.1,170.1,210.33,205.78,195.68,192.16,192.23,192.44,174.97,174.39,182.47,214.75,185.45,175.84,187.49,198.4,206.61,191.03,188.94,178.38,177.71,187.54,187.54,187.54,195.58,197.53,0.567,225.35,212.45,176.43
219.13,474.14,219.97,233.96,246.79,229.2,233.86,245.34,256.54,221.18,222.91,210.8,242.16,213.2,264.31,205.6,206.21,182.83,181.53,196.9,265.91,199.51,0,204.13,203.63,220.74,200.34,189.06,219.86,185.41,211.86,184.53,186.63,199.1,161.51,167.93,172.72,252.26,250.07,253.08,236.16,232.1,251.93,219.7,216.79,198.32,202.28,196.68,222.28,212.99,206.94,206.77,220.63,218.4,216.47,209.16,208.62,202.71,192.61,198.32,213.81,191.54,186.97,179.12,179.12,188.38,197.15,200.04,197.97,197.97,197.23,190.57,191.95,190.69,222.97,193.67,170.63,209.81,222.78,232.31,0.848,261.56,165.13,157.54,181.03,181.7,181.78,188.89,186.93,193.84,193.25,189.44,258.33
213.07,455.33,200.95,192.72,199.98,195.12,163.51,249.45,226.75,220.05,221.78,214.92,246.28,217.31,230.73,209.72,197.07,184.35,183.27,211.92,199.26,212.76,204.13,0,198.16,246.02,186.32,176.38,250.49,171.39,223.1,176.49,178.76,194.23,169.12,175.47,180.26,222.47,216.49,192.79,192.57,191.15,219.96,198.78,197.76,195.5,193.14,185.01,151.11,178.9,172.85,172.69,150.28,222.52,220.58,213.28,212.74,206.82,196.73,197.2,212.69,196.19,212.04,180.86,180.64,230.63,0.698,230.67,223.62,209.21,208.41,185.7,183.73,184.63,216.91,187.61,177.16,180.47,198.23,213.5,195.65,194.91,172.34,165.15,174.35,173.83,173.74,174.87,181.45,207.09,208.27,214.72,187.16
205.06,437.76,203.29,191.2,195.16,188.09,186.46,241.04,224.95,214.43,216.16,206.5,237.86,208.9,227.85,201.3,201.55,170.46,168.84,209.86,198.77,214.24,203.63,198.16,0,224.6,214.54,227.01,201.63,192.66,192.1,183.27,185.36,175.31,169.55,176.33,181.12,220.67,213.61,191.27,195.48,194.13,218.11,200.1,200.1,193.26,197.62,205.88,174.06,171.71,165.66,165.66,173.23,214.1,212.17,204.86,204.32,198.41,188.31,191.57,207.06,187.49,193.4,166.43,166.75,191.18,191.18,181.81,178.28,178.21,177.4,166.78,168.78,176.62,208.89,179.59,173.63,180.96,193.31,195.93,195.16,194.42,175.65,165.58,179.77,180.43,180.52,203.09,1.671,208.57,206.21,193.3,210.11
236.54,470.42,219.03,205.95,216.62,214.04,166.97,277.97,231.51,244.85,246.58,243.43,274.79,245.83,239.79,238.23,215.46,203.25,201.95,244.09,215.72,243.75,220.74,246.02,224.6,0,220.86,207.89,248.77,207.75,239.38,209.56,211.65,209.6,201.93,202.76,207.55,227.23,225.55,206.1,206.79,204.08,227.23,215.64,215.84,220.29,211.53,208.25,154.56,197.66,191.61,191.61,153.74,251.03,249.1,241.79,241.25,235.34,225.24,221.99,237.48,225.09,236.36,199.54,199.54,251.22,239.04,228.95,225.42,225.49,225.7,201.07,199.1,208.1,240.38,211.08,201.48,210.5,218.85,228.59,212.26,211.37,197.24,197.96,206.06,206.72,206.81,209.41,207.89,238.08,240.44,3.13,190.61
202.82,425.1,201.36,190.58,181.91,193.34,202.91,234.35,217.48,207.73,209.46,199.81,231.17,202.21,222.53,194.61,192.69,172.68,171.06,203.24,197.56,207.03,200.34,186.32,214.54,220.86,0,200.48,188.96,192.62,179.43,171.17,173.27,159.8,156.96,172.44,177.23,213.19,208.29,191.5,193.75,193.32,211.32,198.65,198.17,185,188.76,193.29,191.09,176.96,170.91,170.91,189.68,207.41,205.48,198.17,197.63,191.72,181.62,184.88,200.37,180.79,189.66,168.65,168.97,187.44,179.34,169.14,165.62,165.54,164.74,151.27,166.55,174.38,206.66,177.36,171.4,170.77,184.12,183.27,191.86,193.21,168.9,152.99,167.67,168.34,168.42,1.145,197.83,201.36,199.59,189.56,227.14
188.34,415.17,188.4,178.53,171.97,174.33,183.9,221.39,207.6,193.38,195.11,186.85,218.21,189.25,212.59,181.65,178.22,156.69,155.07,190.27,184.93,194.06,189.06,176.38,227.01,207.89,200.48,0,179.03,175.12,169.5,156.7,158.79,149.87,144,157.96,162.75,203.32,198.35,178.53,181.72,180.36,201.67,185.69,185.21,170.52,174.29,182.22,172.08,157.95,151.9,151.9,170.67,194.45,192.52,185.21,184.67,178.76,168.66,170.52,186.01,167.83,176.69,152.67,152.98,174.47,169.4,159.21,155.68,155.61,154.8,141.34,152.07,159.9,192.19,162.88,156.92,156.3,169.65,173.34,180.58,180.58,154.43,140.03,153.2,153.86,153.95,189.03,210.3,188.39,186.62,176.59,208.13
225.91,456.72,217.24,208.45,202.64,204.14,191.65,255.6,248.46,227.8,229.53,221.06,252.42,223.46,250.16,215.86,207.89,193.35,192.05,214.66,214.99,215.5,219.86,250.49,201.63,248.77,188.96,179.03,0,174.04,225.75,170.52,172.61,199.66,166.34,175.5,180.28,244.18,235.92,208.52,208.3,206.95,239.98,215.42,214.04,203.24,203.96,195.26,179.24,187.76,181.71,181.71,178.42,228.66,226.73,219.42,218.88,212.97,202.87,204.94,220.43,201.8,217.55,189.64,189.64,223.08,243.51,1.982,256.85,211.86,211.05,191.13,196.57,197.47,229.75,200.45,189.21,173.18,192.91,214.89,211.38,210.64,169.88,162.37,167.02,167.68,167.77,177.51,184.92,209.83,211.01,217.47,215.29
196.79,410.18,193.38,176.36,166.99,199.27,208.84,226.38,196.31,199.76,201.49,191.83,223.19,194.24,205.31,186.64,188.19,170.86,169.24,189.77,182.63,193.56,185.41,171.39,192.66,207.75,192.62,175.12,174.04,0,163.21,182.97,184.79,144.88,157.45,181.87,186.66,192.03,191.07,180.4,179.62,182.14,192.03,190.68,190.19,178.6,184.26,183.02,197.02,182.89,176.84,176.84,195.61,199.44,197.5,190.19,189.66,183.75,173.64,176.9,192.39,172.82,181.14,166.83,167.15,174.63,164.41,154.22,149.39,149.32,148.51,136.35,159.65,168.35,200.63,171.33,173.77,186.6,189.89,168.35,176.93,178.28,190.28,153.48,177.22,179.86,180.22,181.17,175.95,187.89,186.12,176.45,233.07
233.31,441.91,211.67,202.74,188.75,196.8,191.37,246.28,243.93,219.2,220.93,211.74,243.1,214.14,244.52,206.54,198.58,186.01,184.71,205.28,208.57,206.12,211.86,223.1,192.1,239.38,179.43,169.5,225.75,163.21,0,157.46,159.56,205.47,152.38,163.18,167.97,239.65,230.28,202.81,202.59,201.23,235.38,209.85,208.47,194.64,194.64,185.8,178.96,180.42,174.37,174.37,178.14,219.34,217.41,210.1,209.56,203.65,193.55,196.34,211.83,192.48,208.31,182.3,182.3,210.1,216.12,205.93,226.13,1.389,223.21,196.94,218.13,204.87,237.15,207.85,182.45,160.12,179.18,200.08,203.38,204.22,157.57,148.41,153.96,154.63,154.71,167.98,175.39,200.45,201.63,208.08,215.01
190.93,414.46,203.66,177.98,169.54,213.76,223.33,231.25,201.41,209.55,211.28,196.71,228.07,199.11,210.81,191.51,193.83,176.05,174.57,187.68,181.14,190.29,184.53,176.49,183.27,209.56,171.17,156.7,170.52,182.97,157.46,0,196.94,147.02,167.25,191.66,196.45,197.13,196.57,178.91,178.13,179.9,197.13,200.47,200.47,186.4,189.9,177.58,211.51,197.38,191.33,191.33,210.1,204.31,202.38,195.07,194.53,188.62,178.52,186.69,202.18,176.37,183.86,172.16,172.34,177.2,169.51,150.7,143.65,143.57,142.77,138.49,153.65,162.49,194.77,165.47,183.56,166.68,182.37,172.63,176.05,176.79,200.08,163.28,189.36,192.01,0.275,159.72,166.56,184.62,184.03,178.26,247.56
193.06,416.64,206.11,180.07,171.63,216.38,225.95,233.43,203.68,212,213.73,198.89,230.25,201.29,213.07,193.69,196.28,178.32,176.84,189.86,183.23,192.47,186.63,178.76,185.36,211.65,173.27,158.79,172.61,184.79,159.56,196.94,0,149.15,169.69,194.1,198.89,199.39,198.83,181,180.23,182.08,199.39,202.92,202.92,188.85,192.35,179.58,214.13,200,193.95,193.95,212.72,206.49,204.56,197.25,196.71,190.8,180.7,189.14,204.63,178.55,185.95,174.43,174.61,179.29,171.78,152.79,145.74,145.67,144.86,140.61,155.78,164.62,196.9,167.6,186,168.77,184.55,174.81,178.15,178.88,202.52,165.72,191.89,0.493,194.19,161.82,168.65,186.8,186.21,180.35,250.18
208.32,430.65,197.95,195.66,178.63,185.86,190.13,203.32,233.26,183.22,184.95,168.78,200.14,171.18,236.91,163.58,176.35,151.37,150.07,182.07,196.45,183.5,199.1,194.23,175.31,209.6,159.8,149.87,199.66,144.88,205.47,147.02,149.15,0,138.64,147.01,151.8,228.98,222.67,195.66,195.65,193.38,226.59,199.68,194.76,165.45,172.42,170.01,177.72,169.64,163.59,163.43,176.9,176.38,174.45,167.14,166.6,160.69,150.59,160.36,175.85,148.98,179.99,147.66,147.66,177.77,187.25,179.84,191.37,191.58,223.04,0.853,219.59,179.88,212.16,182.86,157.46,149.71,169.44,188.82,190.62,192.1,142.6,134.66,143.55,144.22,144.27,148.35,158.6,177.83,178.42,178.3,213.77
170.24,385.3,197.11,159.53,139.75,219.02,230.3,218.96,192.55,198.86,200.59,184.42,215.78,186.82,197.83,179.22,187.53,168.49,167.19,179.07,159.49,181.68,161.52,169.12,169.55,201.93,156.96,144,166.33,157.45,152.38,167.25,169.69,138.64,0,158.33,163.12,188.27,183.59,159.38,159.75,161.11,186.93,191.9,193.92,181.09,183.6,162.88,220.26,202.64,196.59,196.59,217.08,192.02,190.09,182.78,182.24,176.33,166.23,176,191.49,164.62,172.43,164.78,164.78,169.33,162.14,146.51,138.59,138.49,136.88,130.1,137.38,141.8,174.08,144.78,150.23,151.87,164.33,143.47,153.04,155.14,208.93,0.397,208.46,164.76,164.5,145.51,152.84,176.01,175.42,170.63,256.31
184.51,400.77,203.24,162.38,151.5,228.23,239.76,224.77,195.78,204.3,206.03,190.23,221.59,192.63,204.35,185.03,193.02,174.33,172.71,176.42,164.54,178.44,167.93,175.47,176.33,202.76,172.44,157.96,175.5,181.87,163.18,191.66,194.1,147.01,158.33,0,0.479,191.5,190.11,162.31,162.53,163.88,191.5,197.31,200.05,184.83,189.09,165.59,230.65,212.01,205.96,205.8,226.53,197.83,195.9,188.59,188.05,182.14,172.04,181.44,196.93,170.43,174.93,170.3,170.62,170.4,168.49,155.68,149.36,149.29,148.48,138.48,147.23,156.07,188.35,159.05,178.81,166.96,175.57,158.94,159.45,160.19,178.38,154.36,191.16,189.17,188.91,160.99,159.62,172.77,172.77,171.46,266.7
189.3,405.56,208.03,167.17,156.29,233.02,244.55,229.56,200.56,209.09,210.82,195.02,226.38,197.42,209.14,189.82,197.81,179.12,177.5,181.21,169.33,183.23,172.72,180.26,181.12,207.55,177.23,162.75,180.28,186.66,167.97,196.45,198.89,151.8,163.12,0.479,0,196.28,194.9,167.1,167.32,168.68,196.28,202.1,204.84,189.62,193.88,170.38,235.44,216.8,210.75,210.59,231.32,202.62,200.69,193.38,192.84,186.93,176.83,186.23,201.72,175.22,179.72,175.09,175.41,175.19,173.28,160.47,154.15,154.08,153.27,143.27,152.02,160.86,193.14,163.84,183.6,171.75,180.36,163.73,164.24,164.98,183.18,159.15,195.95,193.96,193.7,165.78,164.41,177.56,177.56,176.25,271.49
253.36,452.01,227.1,252.35,230.49,244.74,256.28,252.76,0.428,225.64,227.37,218.22,249.58,220.62,323.67,213.02,209.05,192.28,190.71,209.19,250.34,212.39,252.26,222.47,220.67,227.23,213.19,203.32,244.18,192.03,239.65,197.13,199.39,228.98,188.27,191.5,196.28,0,309.44,283.2,277.38,248.29,311,225.86,223.91,201.61,205.12,207.86,246.34,228.53,222.48,222.31,243.05,225.82,223.89,216.58,216.04,210.13,200.03,202.78,218.27,199.49,187.68,188.3,188.57,194.34,215.49,224.36,225.47,225.76,227.85,220.45,219.58,224.92,257.2,227.9,199.47,199.53,203.86,210.17,243.78,245.99,183.08,184.31,195.13,194.47,194.38,201.75,203.96,206.72,205.54,195.93,282.39
244.93,448.28,223.57,250.02,228.3,236.27,243.88,249.04,313.71,221.92,223.65,214.5,245.86,216.9,1.424,209.3,209.05,188.56,187.26,204.36,248.15,207.56,250.07,216.49,213.61,225.55,208.29,198.35,235.92,191.07,230.28,196.57,198.84,222.67,183.59,190.11,194.9,309.44,0,298.09,262.49,245.66,296.12,224.28,220.38,199.06,205.12,202.72,232.3,220.05,214,213.84,230.65,222.1,220.17,212.86,212.32,206.41,196.31,199.06,214.55,195.77,187.68,184.85,184.85,193.19,209.5,216.1,216.1,216.39,218.95,214.14,212.96,216.49,248.77,219.47,193.11,197.35,201.67,206.45,241.59,243.8,180.49,179.62,194.57,193.9,193.82,196.84,196.9,201.89,200.71,194.25,268.35
212.47,457.08,206.46,236.86,226.88,209.98,211.09,233.64,287.48,205.9,207.63,199.1,230.46,201.5,312.33,193.9,192.7,165.78,164.48,180.56,251.9,182.58,253.08,192.79,191.27,206.1,191.5,178.53,208.52,180.4,202.81,178.91,181,195.66,159.38,162.31,167.1,283.2,298.09,0,236.26,232.2,269.88,207.17,203.28,183.04,188.77,187.1,199.5,193.76,187.71,187.55,197.85,206.7,204.77,197.46,196.92,191.01,180.91,183.04,198.53,180.2,175.63,162.07,162.07,174.27,185.81,188.7,188.7,188.92,191.33,187.13,185.62,184.03,216.31,187.01,165.01,192.75,205.72,215.25,244.6,247.55,159.5,155.41,175.41,176.07,176.16,180.04,174.56,176.91,176.91,174.8,235.56
212.47,437.94,219.82,236.55,214.39,208.87,209.98,233.78,281.66,210.42,212.15,199.24,230.6,201.64,276.73,194.04,201.44,165.11,163.81,182.36,234.25,184.97,236.16,192.57,195.48,206.79,193.75,181.72,208.3,179.62,202.59,178.13,180.22,195.65,159.75,162.53,167.32,277.38,262.49,236.26,0,250.62,290.7,221.53,216.63,190.51,197.51,198.85,198.39,192.65,186.6,186.44,196.75,206.84,204.91,197.6,197.06,191.15,181.05,187.56,203.05,179.98,175.41,161.4,161.4,174.96,185.59,188.48,188.48,188.7,191.11,187.12,185.62,184.03,216.31,187.01,165.23,186.1,190.42,196.11,227.68,229.9,159.72,155.78,174.63,175.29,175.38,182.3,178.77,179.3,178.71,175.49,234.45
212.47,436.58,224.82,229.75,210.33,202.1,203.2,232.43,252.57,209.07,210.8,197.89,229.25,200.29,259.9,192.69,198.5,161.05,159.75,179.66,230.19,182.27,232.1,191.15,194.13,204.08,193.32,180.36,206.95,182.14,201.23,179.9,182.08,193.38,161.11,163.88,168.68,248.29,245.66,232.2,250.62,0,248.18,229.43,221.63,189.15,194.57,199.06,191.63,185.88,179.83,179.67,189.97,205.49,203.56,196.25,195.71,189.8,179.7,186.21,201.7,178.63,172.86,157.34,157.34,172.25,184.17,187.13,187.13,187.34,189.75,184.85,185.27,184.03,216.31,187.01,165.73,184.75,189.07,194.75,223.62,225.84,161.08,157.14,177.09,177.15,177.15,181.87,177.42,176.6,176.01,172.78,227.67
250.38,449.91,225.64,252.09,230.16,241.15,252.01,250.66,315.28,223.77,225.5,216.12,247.48,218.53,310.36,210.92,209.05,190.19,188.89,207.31,250.01,210.48,251.93,219.96,218.11,227.23,211.32,201.67,239.98,192.03,235.38,197.13,199.39,226.59,186.93,191.5,196.28,311,296.12,269.88,290.7,248.18,0,225.86,222.45,200.9,205.12,205.77,240.43,224.93,218.88,218.72,238.78,223.72,221.79,214.48,213.95,208.04,197.93,200.91,216.39,197.4,187.68,186.48,186.48,194.34,212.98,220.16,221.2,221.49,224.27,218.06,218.49,221.94,254.22,224.92,196.58,199.2,203.52,208.08,243.45,245.66,182.8,182.96,195.13,194.46,194.38,199.87,201.4,204.81,203.66,195.93,276.48
236.59,451.37,256.88,207.1,211.22,220.86,211.53,249.54,230.14,227.84,229.57,215,246.36,217.4,238.52,209.8,212.11,174.48,173.18,190.95,214.87,192.97,219.7,198.78,200.1,215.64,198.65,185.69,215.42,190.68,209.85,200.47,202.92,199.68,191.9,197.31,202.1,225.86,224.28,207.17,221.53,229.43,225.86,0,253.69,221.22,208.18,199.79,199.64,204.64,198.59,198.43,198.3,222.6,220.67,213.36,212.82,206.91,196.81,204.98,220.47,195.2,185.5,170.78,170.77,183.28,191.8,195.6,195.6,195.96,199.98,191.15,192.78,208.15,240.43,211.13,200.81,197.02,201.1,209.54,211.22,210.52,188.8,187.93,199.27,197.99,197.72,187.2,183.39,187.3,187.3,184.34,235.69
234.97,451.97,0.319,203.2,209.27,222.81,213.48,250.18,228.19,230.07,231.8,215.64,247,218.04,234.62,210.44,212.11,176.44,175.13,190.95,211.92,192.97,216.79,197.76,200.1,215.84,198.17,185.21,214.04,190.19,208.47,200.47,202.92,194.76,193.92,200.05,204.84,223.91,220.38,203.28,216.63,221.63,222.45,253.69,0,229.02,208.18,199.79,201.59,206.59,200.54,200.38,200.25,223.24,221.31,214,213.46,207.55,197.45,207.21,222.71,195.84,187.45,172.72,172.72,185.23,190.78,194.23,194.22,194.58,198.61,186.23,188.2,206.53,238.81,209.51,204.12,195.69,199.44,210.14,208.3,207.57,189.79,189.95,199.97,197.99,197.72,186.72,183.39,187.3,187.3,184.54,237.64
206.22,439.28,232.21,182.97,190.97,215.57,187.42,260.32,205.9,243.47,245.2,225.78,257.14,228.18,213.3,220.58,222.85,182.96,181.66,189.41,192.72,190.84,198.32,195.5,193.27,220.29,185,170.52,203.24,178.6,194.64,186.4,188.85,165.45,181.09,184.83,189.62,201.61,199.06,183.04,190.51,189.15,200.9,221.22,229.02,0,218.92,188.87,175.01,199.19,193.14,193.14,174.19,233.38,231.45,224.14,223.6,217.69,207.59,220.61,236.1,205.45,213.42,179.25,179.25,206.76,188.52,183.42,180.61,180.75,182.36,156.92,156.92,177.78,210.06,180.76,186.8,179.67,186.13,197.45,189.84,188.37,177.12,177.12,185.9,183.92,183.65,173.55,176.55,185.17,185.76,188.99,211.06
206.71,442.78,211.36,188.7,195.45,203.33,183.92,248.53,209.39,226.82,228.55,213.99,245.35,216.39,219.36,208.79,0.393,166.88,165.58,183.88,197.41,185.9,202.28,193.14,197.62,211.53,188.76,174.29,203.96,184.26,194.64,189.9,192.35,172.42,183.6,189.09,193.88,205.12,205.11,188.77,197.51,194.57,205.11,208.18,208.18,218.92,0,202.87,171.51,187.11,181.06,180.9,170.69,221.59,219.66,212.35,211.81,205.9,195.8,203.96,219.45,194.19,191.39,163.17,163.17,189.17,186.16,184.14,180.61,180.75,182.36,163.89,165.86,178.27,210.55,181.25,187.82,182.3,190.35,200.95,193.8,193.06,180.32,179.63,189.4,187.42,187.15,177.31,180.9,180.23,180.23,180.23,207.56
195.78,424.77,202.98,186.75,185.89,180.79,176.4,231.7,212.14,208.34,210.07,197.16,228.52,199.56,216.96,191.96,206.8,153.95,152.65,186.49,192.55,188.51,196.68,185.02,205.88,208.25,193.29,182.22,195.26,183.02,185.8,177.58,179.58,170.01,162.88,165.59,170.38,207.86,202.72,187.1,198.85,199.06,205.76,199.79,199.79,188.87,202.87,0,164,164.57,158.52,158.36,163.17,204.76,202.83,195.52,194.98,189.07,178.97,185.48,200.97,177.64,177.58,150.24,150.24,175.36,178.04,175.44,171.91,171.91,171.85,161.48,159.51,167.34,199.62,170.32,163.41,173.71,179.85,182.94,188.2,188.2,162.79,158.91,173.33,174.65,174.83,181.84,189.17,182.84,182.84,176.95,200.05
224.25,494.68,204.78,199.15,234.24,28.492,7.926,30.296,250.62,199.56,201.29,23.872,30.568,25.264,246.53,26.952,175.44,119.64,118.04,136.59,214.45,140.38,222.28,151.11,174.06,154.56,191.09,172.08,179.24,197.02,178.96,211.51,214.13,177.72,220.26,230.65,235.44,246.34,232.29,199.5,198.39,191.63,240.42,199.64,201.59,175.01,171.51,164,0,5.28,6.49,19.52,5.28,19.52,20.292,23.216,23.432,25.796,29.836,176.7,192.19,179.42,115.01,115.63,115.93,121.67,144.13,159.42,164.71,165.07,169.09,169.19,173.72,195.81,228.09,198.79,232.8,212.31,232.98,252.85,213.8,210.11,217.16,216.29,212.51,209.2,208.76,179.64,157.35,134.71,132.94,123.26,3.605
213.6,477.08,209.78,193.4,216.64,8.966,7.926,9.868,232.81,227.14,228.87,6.656,10.004,7.352,234.29,8.196,191.04,172.55,170.96,166.79,206.64,168.22,212.98,178.9,171.71,197.66,176.96,157.95,187.76,182.89,180.42,197.38,200,169.64,202.64,212.01,216.8,228.52,220.05,193.76,192.65,185.88,224.93,204.64,206.59,199.19,187.11,164.57,5.28,0,0.605,4.48,5.28,4.48,4.866,6.328,6.436,7.618,9.638,204.28,219.77,212.44,179.09,168.55,168.84,176.87,171.92,167.94,166.17,166.53,170.55,161.11,163.07,185.16,217.44,188.14,214.25,198.18,216.39,235.25,204.5,202.29,199.14,198.67,198.38,195.07,194.63,165.51,155,162.55,163.14,166.36,12.49
207.55,471.03,203.73,187.35,210.59,7.756,9.136,8.658,226.76,221.09,222.82,5.446,8.794,6.142,228.24,6.986,184.99,166.5,164.91,160.74,200.59,162.17,206.93,172.85,165.66,191.61,170.91,151.9,181.71,176.84,174.37,191.33,193.95,163.59,196.59,205.96,210.75,222.47,214,187.71,186.6,179.83,218.88,198.59,200.54,193.14,181.06,158.52,6.49,0.605,0,3.27,6.49,3.27,3.656,5.118,5.226,6.408,8.428,198.23,213.72,206.39,173.04,162.5,162.79,170.82,165.87,161.89,160.12,160.48,164.5,155.06,157.02,179.11,211.39,182.09,208.2,192.13,210.34,229.2,198.45,196.24,193.09,192.62,192.33,189.02,188.58,159.46,148.95,156.5,157.09,160.31,13.7
207.39,470.87,203.57,187.19,210.43,2.243,24.812,8.658,226.59,221.09,222.82,5.446,8.794,6.142,228.08,6.986,184.83,166.34,164.91,160.74,200.43,162.17,206.77,172.69,165.66,191.61,170.91,151.9,181.71,176.84,174.37,191.33,193.95,163.43,196.59,205.8,210.59,222.31,213.84,187.55,186.44,179.67,218.72,198.43,200.38,193.14,180.9,158.36,19.52,4.48,3.27,0,19.52,3.27,3.656,5.118,5.226,6.408,8.428,198.23,213.72,206.39,173.04,162.5,162.63,170.82,165.71,161.89,160.12,160.48,164.5,154.9,156.86,178.95,211.23,181.93,207.88,192.13,210.33,229.04,198.29,196.08,192.93,192.62,192.33,189.02,188.58,159.46,148.95,156.5,157.09,160.31,33.94
221.78,491.6,203.44,197.49,231.16,28.492,1.323,30.296,247.32,198.74,200.47,23.872,30.568,25.264,244.88,26.952,174.61,118.81,117.22,135.77,212.81,139.56,220.62,150.28,173.23,153.74,189.68,170.67,178.42,195.61,178.14,210.1,212.72,176.9,217.07,226.53,231.32,243.05,230.64,197.85,196.75,189.98,238.78,198.3,200.25,174.19,170.69,163.17,5.28,5.28,6.49,19.52,0,19.52,20.292,23.216,23.432,25.796,29.836,175.88,191.37,178.6,114.19,114.81,115.1,120.85,143.3,158.6,163.89,164.25,168.27,168.37,171.25,193.34,225.62,196.32,228.77,210.9,230.75,249.77,212.15,208.46,213.66,213.1,211.1,207.79,207.35,178.23,156.52,133.89,132.12,122.44,12.49
218.38,465.58,226.43,206.63,209.95,7.756,24.812,2.694,230.1,263.02,264.75,1.088,2.762,1.436,236.34,1.858,225.52,223.6,222.31,219.18,213.53,220.02,218.4,222.51,214.1,251.03,207.41,194.45,228.66,199.43,219.34,204.31,206.49,176.38,192.02,197.83,202.62,225.82,222.1,206.7,206.84,205.49,223.72,222.6,223.24,233.38,221.59,204.76,19.52,4.48,3.27,3.27,19.52,0,0.193,0.924,0.978,1.569,2.579,240.16,255.65,251.04,254.07,219.9,219.9,247.41,215.53,208.84,205.31,205.45,207.06,167.85,167.85,189.94,222.22,192.92,198.16,202.79,208.43,223.75,209.92,209.18,188.05,188.05,201.56,201.56,201.56,195.96,197.39,214.35,215.53,219.73,33.94
216.45,463.65,224.5,204.7,208.02,8.142,25.584,2.887,228.17,261.09,262.82,0.895,2.569,1.243,234.41,1.665,223.59,221.68,220.38,217.25,211.6,218.09,216.47,220.58,212.17,249.1,205.48,192.52,226.73,197.5,217.41,202.38,204.56,174.45,190.09,195.9,200.69,223.89,220.17,204.77,204.91,203.56,221.79,220.67,221.31,231.45,219.66,202.83,20.292,4.866,3.656,3.656,20.292,0.193,0,0.731,0.785,1.376,2.386,238.23,253.72,249.11,252.14,217.97,217.97,245.48,213.6,206.91,203.38,203.52,205.13,165.92,165.92,188.01,220.29,190.99,196.23,200.86,206.5,221.82,207.99,207.25,186.12,186.12,199.63,199.63,199.63,194.03,195.46,212.42,213.6,217.8,34.712
209.14,456.34,217.19,197.39,200.71,9.604,28.508,3.618,220.86,253.78,255.51,0.164,3.3,0.512,227.1,0.934,216.28,214.37,213.06,209.94,204.29,210.78,209.16,213.28,204.86,241.79,198.17,185.21,219.42,190.19,210.1,195.07,197.25,167.14,182.78,188.59,193.38,216.58,212.86,197.46,197.6,196.25,214.48,213.36,214,224.14,212.35,195.52,23.216,6.328,5.118,5.118,23.216,0.924,0.731,0,0.054,0.645,1.655,230.92,246.41,241.8,244.83,210.66,210.66,238.17,206.29,199.6,196.07,196.21,197.82,158.61,158.61,180.7,212.98,183.68,188.92,193.55,199.19,214.51,200.68,199.94,178.81,178.81,192.32,192.32,192.32,186.72,188.15,205.11,206.29,210.49,37.636
208.6,455.8,216.65,196.85,200.17,9.712,28.724,3.672,220.32,253.24,254.97,0.218,3.354,0.458,226.56,0.88,215.74,213.82,212.53,209.4,203.75,210.24,208.62,212.74,204.32,241.25,197.63,184.67,218.88,189.66,209.56,194.53,196.71,166.6,182.24,188.05,192.84,216.04,212.32,196.92,197.06,195.71,213.94,212.82,213.46,223.6,211.81,194.98,23.432,6.436,5.226,5.226,23.432,0.978,0.785,0.054,0,0.591,1.601,230.38,245.87,241.26,244.29,210.12,210.12,237.63,205.75,199.06,195.53,195.67,197.28,158.07,158.07,180.16,212.44,183.14,188.38,193.01,198.65,213.97,200.14,199.4,178.27,178.27,191.78,191.78,191.78,186.18,187.61,204.57,205.75,209.95,37.852
202.69,449.89,210.74,190.94,194.26,10.894,31.088,4.263,214.41,247.33,249.06,0.809,3.945,1.049,220.65,0.289,209.83,207.91,206.62,203.49,197.84,204.33,202.71,206.82,198.41,235.34,191.72,178.76,212.97,183.75,203.65,188.62,190.8,160.69,176.33,182.14,186.93,210.13,206.41,191.01,191.15,189.8,208.04,206.91,207.55,217.69,205.9,189.07,25.796,7.618,6.408,6.408,25.796,1.569,1.376,0.645,0.591,0,1.01,224.47,239.96,235.35,238.38,204.21,204.21,231.72,199.85,193.15,189.62,189.76,191.37,152.16,152.16,174.25,206.53,177.23,182.47,187.1,192.74,208.06,194.23,193.49,172.36,172.36,185.87,185.87,185.87,180.27,181.7,198.66,199.84,204.04,40.216
192.59,439.79,200.64,180.84,184.16,12.914,35.128,5.273,204.31,237.23,238.96,1.819,4.955,2.059,210.55,1.299,199.73,197.81,196.51,193.39,187.74,194.23,192.61,196.72,188.31,225.24,181.62,168.66,202.87,173.65,193.55,178.52,180.7,150.59,166.23,172.04,176.83,200.03,196.31,180.91,181.05,179.7,197.93,196.81,197.45,207.59,195.8,178.97,29.836,9.638,8.428,8.428,29.836,2.579,2.386,1.655,1.601,1.01,0,214.37,229.86,225.25,228.28,194.11,194.1,221.62,189.74,183.05,179.52,179.66,181.27,142.06,142.06,164.15,196.43,167.13,172.37,177,182.64,197.96,184.13,183.39,162.26,162.26,175.77,175.77,175.77,170.17,171.6,188.56,189.74,193.94,44.256
202.36,440.98,210.41,182.97,189.28,220.66,189.11,267.1,207.06,2.286,2.459,232.56,263.92,234.96,213.3,227.36,207.89,188.05,186.75,191.11,192.72,192.54,198.32,197.19,191.57,221.99,184.88,170.52,204.94,176.9,196.34,186.69,189.14,160.36,176,181.44,186.23,202.78,199.06,183.04,187.56,186.21,200.9,204.98,207.22,220.61,203.96,185.48,176.71,204.28,198.23,198.23,175.88,240.16,238.23,230.92,230.38,224.47,214.37,0,1.549,212.23,218.51,184.34,184.34,211.85,190.22,185.12,182.31,182.45,184.06,151.83,151.83,173.92,206.2,176.9,183.41,181.16,186.12,199.15,189.84,188.37,172.03,172.03,186.19,184.21,183.94,173.42,174.86,186.87,187.46,190.69,212.76
217.85,456.47,225.9,198.46,204.77,236.15,204.6,282.59,222.55,0.737,0.91,248.05,279.41,250.45,228.79,242.85,223.38,203.54,202.24,206.6,208.21,208.03,213.81,212.69,207.06,237.48,200.37,186.01,220.43,192.39,211.83,202.19,204.63,175.85,191.49,196.93,201.72,218.27,214.55,198.53,203.05,201.7,216.39,220.47,222.71,236.1,219.45,200.97,192.2,219.77,213.72,213.72,191.37,255.65,253.72,246.41,245.87,239.96,229.86,1.549,0,227.72,234,199.83,199.83,227.34,205.7,200.61,197.8,197.94,199.55,167.32,167.32,189.41,221.69,192.39,198.9,196.65,201.61,214.64,205.33,203.86,187.52,187.52,201.68,199.7,199.43,188.91,190.35,202.36,202.95,206.18,228.25
190.98,438.72,199.03,180.13,183.08,228.82,191.83,277.98,203.77,235.09,236.82,243.44,274.8,245.84,210.01,238.24,198.12,237.34,234.77,192.9,186.67,193.74,191.54,196.19,187.49,225.09,180.79,167.83,201.8,172.82,192.48,176.37,178.55,148.98,164.62,170.43,175.22,199.49,195.77,180.2,179.98,178.63,197.4,195.2,195.84,205.45,194.19,177.64,179.43,212.44,206.39,206.39,178.6,251.04,249.11,241.8,241.26,235.35,225.25,212.23,227.72,0,229.89,232.36,233.63,223.22,189.21,181.98,178.45,178.59,180.2,140.45,140.45,162.54,194.82,165.52,169.69,175.92,181.57,196.89,183.06,182.32,160.65,160.65,173.62,173.62,173.62,169.34,170.78,188.07,189.25,193.79,215.48
210.43,438.75,190.64,175.56,182.04,195.47,127.42,281.01,191.96,241.37,243.1,246.47,277.83,248.87,201.92,241.27,195.32,236.69,236.66,203.03,182.1,203.87,186.97,212.04,193.4,236.36,189.66,176.69,217.55,181.14,208.31,183.86,185.95,179.99,172.43,174.93,179.72,187.68,187.68,175.63,175.41,172.86,187.68,185.5,187.45,213.42,191.39,177.58,115.01,179.09,173.04,173.04,114.19,254.07,252.14,244.83,244.29,238.38,228.28,218.51,234,229.89,0,234.25,232.98,218.52,205.06,197.73,194.2,194.42,196.83,171.46,169.49,181.99,214.27,184.97,179.76,183.32,183.74,196.92,178.49,177.75,167.23,168.46,180.36,181.02,181.11,178.21,176.69,198.2,199.38,205.06,151.06
