0,445.26,235.95,212.47,199.84,229.82,241.35,245.32,250.88,225.22,226.95,210.78,242.14,213.18,259.01,205.58,210.64,194.99,193.69,208.89,215.74,210.91,219.13,213.07,205.06,236.54,202.82,188.34,225.91,196.79,233.31,190.93,193.06,208.32,170.24,184.51,189.3,246.6,244.77,212.47,212.47,212.47,234.91,232.2,232.76,206.22,206.71,195.78,247.77,213.61,207.56,207.39,228.13,218.38,216.45,209.14,208.6,202.69,192.59,202.36,217.85,190.98,210.43,191.28,191.28,205.24,206.09,206.09,219.2,219.42,221.83,199.79,223.3,2.844,5.476,2.546,211.08,190.56,207.71,203.43,210.65,211.39,178.89,166.27,187.46,188.13,188.18,191.37,188.34,205.24,205.24,205.24,283.82
445.26,0,418.53,423.44,499.97,490.12,501.66,488.28,421.25,456.27,458,453.74,485.1,456.14,435.92,448.54,432.79,435.86,434.56,444.68,463.92,447.29,470.26,455.33,434.78,467.41,423.4,413.46,456.72,408.48,441.91,413.57,415.81,430.65,385.3,400.77,405.56,416.97,421.68,453.21,422.99,405.72,409,408.06,415.34,426.88,428.86,416.56,508.07,473.91,467.86,467.69,488.43,461.34,459.41,452.1,451.56,445.65,435.55,433.41,448.9,435.01,432.83,432.15,432.15,435.05,448.35,436.9,428.16,428.02,426.41,422.12,420.21,416.82,449.1,419.8,403.47,454.98,474.32,24.183,461.78,459.57,395.5,381.33,410.88,410.88,410.82,411.95,418.07,441.62,441.03,436.11,544.12
235.95,418.53,0,165.26,181.43,223.88,235.25,233.8,180.68,207.19,208.92,199.26,230.62,201.66,187.9,194.06,189.9,170.09,168.47,177.82,176.04,180.41,182.26,195.09,175.57,202.25,177.31,161.81,210.64,171.69,200.74,186.18,188.8,195.18,185.29,193.59,198.38,176.4,173.66,165.33,173.05,177.82,183.01,217.16,0.319,192.49,185.97,162.58,241.66,207.5,201.45,201.45,222.02,206.86,204.93,197.62,197.08,191.17,181.07,184.33,199.82,180.54,168.18,166.06,166.38,170.42,188.11,190.82,186.49,186.85,190.87,186.65,186.91,207.51,239.79,210.49,200.76,173.23,166.94,176.7,173.78,171.69,181.32,181.32,187.18,183.87,183.43,165.86,158.86,174.74,174.17,170.95,277.71
212.47,423.44,165.26,0,194.2,195.5,206.94,214.41,189.37,182.98,184.71,179.87,211.23,182.27,208.62,174.67,159.2,143.93,142.63,166.38,203.72,169.58,207.11,177.61,177.2,184.42,179.2,166.24,204.39,169.93,201.55,175.76,177.94,195.27,159.4,162.38,167.17,185.09,194.38,200.78,200.47,167.55,175.1,162.93,162.07,155.25,155.27,153.05,213.35,179.19,173.14,173.07,193.71,187.47,185.54,178.23,177.69,171.78,161.68,160.12,175.61,161.68,144.34,140.22,140.22,151,170.63,184.57,187.37,187.66,190.29,186.74,185.62,184.03,216.31,187.01,165.08,175.35,174.76,181.61,198.63,199.37,158.17,155.43,172.8,173.01,173.01,167.75,160.49,163.91,162.73,153.12,249.4
199.84,499.97,181.43,194.2,0,229.68,241.22,228.98,193.46,199.11,200.84,194.44,225.8,196.84,209.61,189.24,184.44,175.42,174.12,189.5,230.03,192.7,237.12,199.98,187.22,210.69,179.23,169.29,202.64,164.3,188.75,168.58,170.76,178.63,139.75,151.5,156.29,189.18,195.37,217.2,193.75,176.58,179.8,173.59,178.24,175.55,180.51,166.79,247.63,213.47,207.42,207.25,227.99,202.04,200.11,192.8,192.26,186.35,176.25,176.25,191.74,176.25,174.03,171.71,171.71,178.34,193,182.82,174.93,174.86,174.05,170.1,170.94,171.4,203.68,174.38,154.2,204.64,217.6,258.14,228.64,225.69,148.69,135.77,165.21,165.83,165.83,167.78,170.51,187.03,185.85,179.4,283.68
229.82,490.12,223.88,195.5,229.68,0,14.516,13.144,228.52,243.52,245.25,9.932,13.28,10.628,230.52,11.472,207.26,188.77,187.34,183.17,210.74,184.6,218.56,195.12,188.09,214.04,193.34,174.33,204.14,199.27,196.8,213.76,216.38,185.86,219.02,228.23,233.02,224.24,216.28,195.79,194.82,190.76,214.59,214.84,220.69,215.57,203.33,180.79,15.798,8.966,7.756,2.243,11.87,7.756,8.142,9.604,9.712,10.894,12.914,220.66,236.15,228.82,195.47,184.93,185.06,193.25,188.14,184.32,182.55,182.91,186.93,177.33,179.29,201.38,233.66,204.36,230.31,214.56,232.19,248.29,210.08,206.39,215.36,215.05,214.76,211.45,211.01,181.89,171.38,178.93,179.52,182.74,23.008
241.35,501.66,235.25,206.94,241.22,14.516,0,15.418,240.22,254.89,256.62,12.206,15.554,12.902,242.05,13.746,218.79,200.3,198.71,194.54,222.25,195.97,230.07,206.65,199.46,225.41,204.71,185.7,215.51,210.64,208.17,225.13,227.75,197.39,230.39,239.76,244.55,235.94,227.81,207.3,206.19,202.13,226.12,226.21,232.06,226.94,214.86,192.32,3.287,2.775,3.38,10.03,1.323,10.03,10.416,11.878,11.986,13.168,15.188,232.03,247.52,240.19,206.84,196.3,196.59,204.62,199.67,195.69,193.92,194.28,198.3,188.86,190.82,212.91,245.19,215.9,242,225.93,243.73,259.83,221.59,217.9,226.89,226.42,226.13,222.82,222.38,193.26,182.75,190.3,190.89,194.11,6.892
245.32,488.28,233.8,214.41,228.98,13.144,15.418,0,232,277.79,279.52,3.782,5.456,4.13,241.96,4.552,237.76,242.39,241.09,235.22,225.89,236.06,232.13,246.32,229.88,267.19,231.79,216.12,254.16,226.29,244.92,231.25,233.43,203.32,218.96,224.77,229.56,227.72,227.72,214.63,213.96,213.38,221.27,226.71,230.61,248.14,233.83,213.38,16.7,9.868,8.658,8.658,12.772,2.694,2.887,3.618,3.672,4.263,5.273,254.93,270.42,265.81,265,238.68,238.68,258.33,239.34,234.35,230.82,231.03,233.44,194.79,194.79,216.88,249.16,219.86,225.1,228.28,230.47,246.45,223.64,221.54,214.99,214.99,228.5,228.5,228.5,220.34,213.17,230.39,231.58,235.9,23.91
250.88,421.25,180.68,189.37,193.46,228.52,240.22,232,0,195.62,197.35,197.47,228.83,199.86,235.32,192.27,177.49,177.93,177.07,187.56,195.91,190.14,200.78,207.07,183.18,211.52,186.2,172.36,223.12,176.07,214.78,189.35,191.88,211.8,186.82,195.38,200.17,0.428,221.08,194.85,193.7,172.34,222.65,186.66,177.49,169.37,173.56,164.96,246.63,212.47,206.42,206.09,226.99,205.07,203.13,195.82,195.28,189.38,179.27,172.76,188.25,180.35,174.46,174.66,174.22,179.16,200.09,203.3,200.53,200.89,204.91,203.27,203.86,222.44,254.72,225.42,201.28,173.01,168.69,179.42,192.3,191.56,183.76,182.85,188.96,186.95,186.6,174.75,166.47,184.47,183.91,180.22,282.68
225.22,456.27,207.19,182.98,199.11,243.52,254.89,277.79,195.62,0,1.647,243.25,274.61,245.65,204.54,238.05,211.14,202.76,201.45,202.1,194.12,202.94,199.73,213.19,196.76,234.07,198.74,183,224.16,194.25,215.06,208.56,211.1,183.22,198.86,204.3,209.09,191.34,190.3,183.13,182.68,185.17,188.14,200.1,204,231.3,207.21,183.95,261.3,227.14,221.09,221.09,241.66,250.85,248.92,241.61,241.07,235.16,225.06,2.286,0.737,222.91,225.36,199.04,199.04,218.7,206.21,204.34,200.88,201.16,204.04,174.69,174.69,196.78,229.06,199.76,206.27,198.79,201.21,214.44,191.25,189.77,194.89,194.89,208.81,206.17,205.81,187.29,180.05,197.27,198.45,202.77,297.35
226.95,458,208.92,184.71,200.84,245.25,256.62,279.52,197.35,1.647,0,244.98,276.34,247.38,206.27,239.78,212.87,204.48,203.19,203.83,195.85,204.67,201.46,214.92,198.49,235.8,200.47,184.72,225.89,195.97,216.79,210.29,212.83,184.95,200.59,206.03,210.82,193.07,192.03,184.86,184.41,186.91,189.87,201.83,205.73,233.03,208.94,185.68,263.03,228.87,222.82,222.82,243.39,252.58,250.65,243.34,242.8,236.89,226.79,2.459,0.91,224.64,227.09,200.78,200.78,220.43,207.94,206.07,202.61,202.89,205.78,176.42,176.42,198.51,230.79,201.49,208,200.52,202.94,216.17,192.98,191.5,196.62,196.62,210.55,207.9,207.55,189.02,181.78,199,200.18,204.5,299.08
210.78,453.74,199.26,179.87,194.44,9.932,12.206,3.782,197.46,243.25,244.98,0,3.464,0.676,207.42,1.098,203.22,207.85,206.55,200.69,191.35,201.52,197.58,211.78,195.34,232.65,197.25,181.58,219.63,191.75,210.38,196.71,198.89,168.78,184.42,190.23,195.02,193.18,193.19,180.08,179.42,178.84,186.73,192.17,196.07,213.6,199.29,178.84,13.488,6.656,5.446,5.446,9.56,1.088,0.895,0.164,0.218,0.809,1.819,220.39,235.88,231.27,230.46,204.14,204.14,223.79,204.8,199.81,196.28,196.49,198.9,160.25,160.25,182.34,214.62,185.32,190.56,193.74,195.93,211.91,189.11,187,180.45,180.45,193.96,193.96,193.96,185.8,178.63,195.86,197.04,201.35,20.698
242.14,485.1,230.62,211.23,225.8,13.28,15.554,5.456,228.83,274.61,276.34,3.464,0,3.812,238.78,4.234,234.58,239.21,237.91,232.04,222.71,232.88,228.94,243.14,226.71,264.01,228.61,212.94,250.98,223.11,241.74,228.07,230.25,200.14,215.78,221.59,226.38,224.54,224.54,211.44,210.78,210.2,218.09,223.53,227.43,244.96,230.65,210.2,16.836,10.004,8.794,8.794,12.908,2.762,2.569,3.3,3.354,3.945,4.955,251.75,267.24,262.63,261.81,235.5,235.5,255.15,236.16,231.16,227.64,227.85,230.26,191.61,191.61,213.7,245.98,216.68,221.92,225.1,227.29,243.27,220.47,218.36,211.81,211.81,225.32,225.32,225.32,217.16,210,227.21,228.39,232.71,24.046
213.18,456.14,201.66,182.27,196.84,10.628,12.902,4.13,199.87,245.65,247.38,0.676,3.812,0,209.82,1.338,205.62,210.25,208.95,203.08,193.75,203.92,199.99,214.18,197.74,235.06,199.65,183.98,222.03,194.15,212.78,199.11,201.29,171.18,186.82,192.63,197.42,195.58,195.58,182.49,181.82,181.24,189.13,194.57,198.47,216,201.69,181.24,14.184,7.352,6.142,6.142,10.256,1.436,1.243,0.512,0.458,1.049,2.059,222.79,238.28,233.67,232.86,206.54,206.54,226.19,207.2,202.21,198.68,198.89,201.31,162.65,162.65,184.74,217.02,187.72,192.96,196.14,198.33,214.31,191.5,189.4,182.85,182.85,196.36,196.36,196.36,188.2,181.03,198.25,199.44,203.76,21.394
259.01,435.92,187.9,208.62,209.61,230.52,242.05,241.97,235.32,204.54,206.27,207.42,238.78,209.83,0,202.22,183.94,178.06,176.76,196.56,215.24,199.71,220.1,212.54,199.07,216.54,201.4,188.43,236.88,189.63,230.62,199.42,201.86,226.99,197.57,204.35,209.14,231.04,1.424,219.7,211.11,186.02,217.72,190.75,184.71,176.59,180.01,174.92,248.46,214.3,208.25,208.09,228.82,215.03,213.09,205.78,205.24,199.33,189.23,181.68,197.17,190.31,176.98,174.35,174.35,183.65,205.56,217.06,216.44,216.73,219.83,218.46,221.06,230.57,262.85,233.55,205.95,190.41,186.09,194.09,211.62,210.89,194.53,193.6,198.92,196.93,196.67,189.95,182.36,194.04,192.91,185.24,284.51
205.58,448.54,194.06,174.67,189.24,11.472,13.746,4.552,192.27,238.05,239.78,1.098,4.234,1.338,202.22,0,198.02,202.65,201.35,195.48,186.15,196.33,192.38,206.58,190.14,227.46,192.05,176.38,214.42,186.55,205.18,191.51,193.69,163.58,179.22,185.03,189.82,187.98,187.98,174.88,174.22,173.64,181.53,186.97,190.87,208.4,194.09,173.64,15.028,8.196,6.986,6.986,11.1,1.858,1.665,0.934,0.88,0.289,1.299,215.19,230.68,226.07,225.25,198.94,198.94,218.6,199.6,194.6,191.08,191.29,193.7,155.05,155.05,177.14,209.42,180.12,185.36,188.54,190.73,206.71,183.91,181.8,175.25,175.25,188.76,188.76,188.76,180.6,173.44,190.66,191.83,196.15,22.238
210.64,432.79,189.9,159.2,184.44,207.26,218.79,237.76,177.49,211.14,212.87,203.22,234.58,205.62,183.94,198.02,0,165.58,164.28,184.56,172.1,186.57,179.18,196.81,186.63,210.53,188.58,171.51,207.64,184.12,198.4,193.83,196.28,176.35,187.53,193.02,197.81,173.2,169.7,159.27,163.86,175.48,173.08,182.81,186.71,193.37,0.393,177.32,225.2,191.04,184.99,184.83,205.56,210.82,208.89,201.58,201.04,195.13,185.03,188.28,203.77,184.49,175.15,161.87,161.87,178.17,189.83,187.82,184.29,184.51,186.29,167.82,169.79,182.2,214.48,185.18,191.75,184.59,185.8,190.96,170.7,167.75,184.25,183.56,193.33,191.35,191.08,177.13,169.92,180.91,180.91,179.23,261.25
194.99,435.86,170.09,143.93,175.42,188.77,200.31,242.39,177.93,202.76,204.49,207.85,239.21,210.25,178.06,202.65,165.58,0,225.56,170.89,159.1,171.14,166.92,184.35,159.54,203.25,170.68,151.67,193.35,170.86,186.01,176.05,178.32,151.37,168.49,174.33,179.12,173.65,163.82,144.15,143.48,142.13,161.75,162.14,166.9,174.81,161.65,139.11,206.71,172.56,166.5,166.34,187.08,215.45,213.52,206.21,205.67,199.76,189.66,179.9,195.38,221.33,220.68,223.15,0.371,184.61,177.37,173.53,171.76,172.12,176.14,142.84,144.8,166.55,198.83,169.53,173.4,176.38,181.78,194.03,158.44,154.75,165.14,164.52,174.05,173.39,173.3,159.23,142.83,165.47,167.24,171.95,242.76
193.69,434.56,168.47,142.63,174.12,187.34,198.71,241.09,177.07,201.45,203.19,206.55,237.91,208.95,176.76,201.35,164.28,225.56,0,169.59,157.8,169.84,165.62,183.27,158.24,201.95,169.38,150.37,192.05,169.24,184.71,174.57,176.84,150.07,167.19,172.71,177.5,172.79,162.52,142.85,142.18,140.83,160.14,160.84,165.28,173.51,160.35,137.81,205.12,170.96,164.91,164.91,185.48,214.15,212.22,204.91,204.37,198.46,188.36,178.6,194.09,218.75,220.65,0.241,221.85,183.31,176.29,172.23,170.46,170.82,174.84,141.54,143.5,165.25,197.53,168.23,172.1,175.4,180.79,192.73,157.14,153.45,164.13,163.22,172.57,171.91,171.82,157.93,141.53,164.17,165.94,170.65,241.17
208.89,444.68,177.82,166.38,189.5,183.17,194.54,235.22,187.56,202.1,203.83,200.69,232.04,203.08,196.56,195.49,184.56,170.89,169.59,0,179.42,221.86,186.5,211.92,202.71,236.94,203.24,189.77,214.66,189.77,205.28,187.68,189.86,182.07,179.07,176.42,181.21,183.28,182.32,166.59,165.92,165.74,171.87,170.73,174.63,177.54,180.63,172.84,200.95,166.79,160.74,160.74,181.31,208.28,206.35,199.04,198.5,192.6,182.5,179.24,194.73,182.61,193.05,167.18,167.18,203.52,204.94,194.84,191.32,191.39,191.6,173.54,172.37,180.45,212.73,183.43,173.83,185.47,196.38,202.85,178.02,175.07,175.77,175.1,184.86,184.93,184.93,191.79,186,216.19,0.365,205.64,237
215.74,463.92,176.04,203.72,230.04,210.74,222.25,225.89,195.91,194.12,195.85,191.35,222.71,193.75,215.24,186.15,172.1,159.1,157.8,179.42,0,182.62,256.24,190.37,186.4,198.02,185.6,172.63,214.97,176.46,208.23,178.46,180.55,196.45,159.49,164.54,169.33,191.63,201,242.23,203.27,175.76,181.64,171.51,172.85,168.16,168.17,162.73,228.66,194.5,188.45,188.31,209.02,198.95,197.02,189.71,189.17,183.26,173.16,171.26,186.75,172.63,158.47,155.39,155.39,165.13,183.39,195.15,194.27,194.34,194.99,187.92,189.16,187.3,219.58,190.28,167.24,193.48,206.45,222.09,247.75,0.435,160.33,155.52,174.96,175.62,175.71,174.15,169.69,176.95,175.77,166.72,264.71
210.91,447.29,180.41,169.57,192.7,184.6,195.97,236.07,190.14,202.94,204.67,201.53,232.88,203.92,199.71,196.33,186.57,171.14,169.84,221.86,182.62,0,189.65,212.76,207.09,236.6,207.03,193.56,215.5,193.56,206.12,190.29,192.47,183.5,181.68,178.44,183.23,185.86,185.47,169.79,169.12,169.53,174.48,173.32,177.22,178.38,182.65,176.63,202.38,168.22,162.17,162.17,182.74,209.13,207.2,199.88,199.34,193.44,183.34,180.08,195.57,183.45,193.89,167.43,167.43,203.18,205.78,195.68,192.16,192.23,192.44,174.97,174.39,182.47,214.75,185.45,175.84,187.49,198.4,205.46,181.17,178.27,178.38,177.71,187.54,187.54,187.54,195.58,190.38,0.567,218.21,205.3,238.43
219.13,470.26,182.26,207.11,237.12,218.56,230.07,232.13,200.78,199.73,201.46,197.58,228.95,199.99,220.1,192.39,179.18,166.92,165.62,186.5,256.24,189.65,0,196.71,191.27,205.1,190.46,177.5,219.84,179.85,211.53,181.85,183.94,199.1,161.51,167.93,172.72,196.5,205.86,243.41,206.66,180.63,186.51,177.12,179.07,175.01,175.25,168.33,236.48,202.32,196.27,196.13,216.84,205.19,203.26,195.94,195.41,189.5,179.4,176.87,192.36,178.97,165.55,163.21,163.21,172.21,189.73,200.02,197.64,197.64,197.23,190.57,191.95,190.69,222.97,193.67,170.63,199.83,212.79,228.43,0.848,251.88,163.72,157.54,178.35,179.01,179.1,179.01,174.56,183.98,182.85,173.8,272.53
213.07,455.33,195.09,177.61,199.98,195.12,206.65,246.32,207.07,213.19,214.92,211.78,243.14,214.18,212.54,206.58,196.81,184.35,183.27,211.92,190.37,212.76,196.71,0,198.16,246.02,186.32,176.38,250.49,171.39,223.1,176.49,178.76,194.23,169.12,175.47,180.26,202.79,198.3,177.83,177.16,175.81,192.32,189.95,191.9,188.64,192.88,181.04,213.06,178.9,172.85,172.69,193.42,219.38,217.45,210.14,209.6,203.69,193.59,190.33,205.82,194.12,212.04,180.86,180.64,230.63,0.698,230.67,223.62,209.21,208.41,185.7,183.73,184.63,216.91,187.61,177.16,180.47,198.23,213.5,188.23,186.02,172.34,165.15,174.35,173.83,173.74,174.87,181.45,207.09,208.27,214.72,249.11
205.06,434.78,175.57,177.2,187.22,188.09,199.46,229.89,183.18,196.76,198.49,195.35,226.71,197.75,199.07,190.14,186.63,159.54,158.24,202.71,186.4,207.09,191.27,198.16,0,217.46,214.54,224.92,201.63,192.66,192.1,183.27,185.36,175.31,169.55,176.33,181.12,178.9,184.83,177.2,180.18,188.28,172.31,171.46,172.38,172.2,182.7,204.77,205.87,171.71,165.66,165.66,186.23,202.94,201.02,193.7,193.16,187.25,177.16,173.9,189.39,177,177.5,155.83,155.83,184.04,191.18,181.81,178.28,178.21,177.4,166.78,168.78,176.62,208.89,179.59,173.63,180.96,190.33,192.95,182.79,182.05,175.65,165.58,179.77,180.43,180.52,203.09,1.671,201.42,199.06,186.16,241.92
236.54,467.41,202.25,184.42,210.69,214.04,225.41,267.2,211.52,234.07,235.8,232.66,264.01,235.06,216.54,227.45,210.53,203.25,201.95,236.94,198.02,236.6,205.1,246.02,217.46,0,220.86,206.88,248.77,207.75,239.38,209.56,211.65,209.6,201.93,202.76,207.55,207.24,202.3,184.63,183.97,182.61,196.29,195.16,199.06,209.51,206.6,189.72,231.82,197.66,191.61,191.61,212.18,240.25,238.32,231.02,230.48,224.56,214.47,211.21,226.7,215,227.15,199.54,199.54,244.08,239.04,228.95,225.42,225.49,225.7,201.07,199.1,208.1,240.38,211.08,201.48,210.5,218.01,225.58,196.62,193.67,197.24,197.96,206.06,206.72,206.81,209.41,200.75,230.93,233.29,3.13,267.87
202.82,423.4,177.31,179.2,179.23,193.34,204.71,231.79,186.2,198.74,200.47,197.25,228.61,199.65,201.4,192.05,188.58,170.68,169.38,203.24,185.6,207.03,190.46,186.32,214.54,220.86,0,200.23,188.96,192.37,179.43,171.17,173.27,159.8,156.96,172.44,177.23,181.92,187.16,179.13,181.6,189.32,172.77,172.17,174.12,174.19,184.65,193.29,211.12,176.96,170.91,170.91,191.48,204.85,202.92,195.61,195.07,189.16,179.06,175.88,191.37,178.57,187.22,166.97,166.97,187.44,179.34,169.14,165.62,165.54,164.74,151.27,166.55,174.38,206.66,177.36,171.4,170.77,183.23,181.57,181.98,181.25,168.9,152.99,167.67,168.34,168.42,1.145,197.83,201.36,199.59,189.56,247.17
188.34,413.46,161.81,166.24,169.29,174.33,185.7,216.12,172.36,183,184.72,181.58,212.94,183.98,188.43,176.38,171.51,151.67,150.37,189.77,172.63,193.56,177.5,176.38,224.92,206.88,200.23,0,179.03,174.88,169.5,156.7,158.79,149.87,144,157.96,162.75,168.08,174.19,166.16,169.17,177.87,159.05,157.7,158.62,158.44,167.58,181.82,192.11,157.95,151.9,151.9,172.47,189.18,187.25,179.94,179.4,173.49,163.39,160.13,175.63,163.24,171.24,147.96,147.96,173.46,169.4,159.21,155.68,155.61,154.8,141.34,152.07,159.9,192.19,162.88,156.92,156.3,168.76,171.63,169.02,168.28,154.43,140.03,153.2,153.86,153.95,188.78,208.21,187.89,186.12,175.58,228.16
225.91,456.72,210.64,204.39,202.64,204.14,215.51,254.17,223.12,224.16,225.89,219.63,250.98,222.03,236.88,214.43,207.64,193.35,192.05,214.66,214.97,215.5,219.84,250.49,201.63,248.77,188.96,179.03,0,174.04,225.75,170.52,172.61,199.66,166.34,175.5,180.28,218.84,222.64,204.6,203.82,202.58,208.13,206.72,207.45,199.61,203.71,195.26,221.92,187.76,181.71,181.71,202.28,227.22,225.3,217.98,217.45,211.54,201.44,201.3,216.79,200.9,217.55,189.64,189.64,223.08,243.51,1.982,256.85,211.86,211.05,191.13,196.57,197.47,229.75,200.45,189.21,173.18,192.91,214.89,211.36,210.62,169.88,162.37,167.02,167.68,167.77,177.51,184.92,209.83,211.01,217.47,257.97
196.79,408.48,171.69,169.93,164.3,199.27,210.64,226.29,176.07,194.24,195.97,191.75,223.11,194.15,189.63,186.55,184.12,170.86,169.24,189.77,176.46,193.56,179.85,171.39,192.66,207.75,192.37,174.88,174.04,0,163.21,182.97,184.79,144.88,157.45,181.87,186.66,171.79,175.39,171.15,170.01,171.99,164.19,164.19,168.5,169.69,180.19,182.85,217.05,182.89,176.84,176.84,197.41,199.35,197.42,190.11,189.57,183.66,173.56,171.38,186.88,172.82,181.14,166.83,167.15,174.63,164.41,154.22,149.39,149.32,148.51,136.35,159.65,168.35,200.63,171.33,173.77,183.62,183.72,166.65,171.37,172.11,190.28,153.48,177.22,179.86,180.22,180.92,175.95,187.89,186.12,176.45,253.1
233.31,441.91,200.74,201.55,188.75,196.8,208.17,244.92,214.78,215.06,216.79,210.38,241.74,212.78,230.62,205.18,198.4,186.01,184.71,205.28,208.23,206.12,211.53,223.1,192.1,239.38,179.43,169.5,225.75,163.21,0,157.46,159.56,205.47,152.38,163.18,167.97,210.5,216.38,201.77,201.1,200.47,200.25,197.55,197.55,190.5,194.47,185.8,214.58,180.42,174.37,174.37,194.94,217.98,216.05,208.74,208.2,202.29,192.19,192.2,207.69,191.66,208.31,182.3,182.3,210.1,216.12,205.93,226.13,1.389,223.21,196.94,218.13,204.87,237.15,207.85,182.45,160.12,179.18,200.08,203.05,203.88,157.57,148.41,153.96,154.63,154.71,167.98,175.39,200.45,201.63,208.08,250.63
190.93,413.57,186.18,175.76,168.58,213.76,225.13,231.25,189.35,208.56,210.29,196.71,228.07,199.11,199.42,191.51,193.83,176.05,174.57,187.68,178.46,190.29,181.85,176.49,183.27,209.56,171.17,156.7,170.52,182.97,157.46,0,196.94,147.02,167.25,191.66,196.45,185.07,185.18,176.23,175.76,176.48,177.71,178.68,182.99,184.18,189.9,177.58,231.54,197.38,191.33,191.33,211.9,204.31,202.38,195.07,194.53,188.62,178.52,185.71,201.19,176.37,183.86,172.16,172.34,177.2,169.51,150.7,143.65,143.57,142.77,138.49,153.65,162.49,194.77,165.47,183.56,166.68,182.37,171.74,173.37,174.11,200.08,163.28,189.36,192.01,0.275,159.72,166.56,184.62,184.03,178.26,267.59
193.06,415.81,188.8,177.94,170.76,216.38,227.75,233.43,191.88,211.1,212.83,198.89,230.25,201.29,201.86,193.69,196.28,178.32,176.84,189.86,180.55,192.47,183.94,178.76,185.36,211.65,173.27,158.79,172.61,184.79,159.56,196.94,0,149.15,169.69,194.1,198.89,187.6,187.62,178.32,177.94,178.75,180.15,181.3,185.61,186.8,192.35,179.58,234.16,200,193.95,193.95,214.52,206.49,204.56,197.25,196.71,190.8,180.7,188.24,203.73,178.55,185.95,174.43,174.61,179.29,171.78,152.79,145.74,145.67,144.86,140.61,155.78,164.62,196.9,167.6,186,168.77,184.55,173.98,175.46,176.2,202.52,165.72,191.89,0.493,194.19,161.82,168.65,186.8,186.21,180.35,270.21
208.32,430.65,195.18,195.27,178.63,185.86,197.39,203.32,211.8,183.22,184.95,168.78,200.14,171.18,226.99,163.58,176.35,151.37,150.07,182.07,196.45,183.5,199.1,194.23,175.31,209.6,159.8,149.87,199.66,144.88,205.47,147.02,149.15,0,138.64,147.01,151.8,207.52,212.75,195.32,195.12,193.38,195.36,192.65,191.99,165.45,172.42,170.01,203.8,169.64,163.59,163.43,184.16,176.38,174.45,167.14,166.6,160.69,150.59,160.36,175.85,148.98,179.99,147.66,147.66,177.77,187.25,179.84,191.37,191.58,223.04,0.853,219.59,179.88,212.16,182.86,157.46,149.71,169.44,188.82,190.62,192.1,142.6,134.66,143.55,144.22,144.27,148.35,158.6,177.83,178.42,178.3,239.85
170.24,385.3,185.29,159.4,139.75,219.02,230.39,218.96,186.82,198.86,200.59,184.42,215.78,186.82,197.57,179.22,187.53,168.49,167.19,179.07,159.49,181.68,161.52,169.12,169.55,201.93,156.96,144,166.33,157.45,152.38,167.25,169.69,138.64,0,158.33,163.12,182.54,183.33,159.32,159.55,161.11,175.01,175.24,182.1,181.09,183.6,162.88,236.8,202.64,196.59,196.59,217.16,192.02,190.09,182.78,182.24,176.33,166.23,176,191.49,164.62,172.43,164.78,164.78,169.33,162.14,146.51,138.59,138.49,136.88,130.1,137.38,141.8,174.08,144.78,150.23,151.87,164.33,143.47,153.04,155.14,208.93,0.397,208.46,164.76,164.5,145.51,152.84,176.01,175.42,170.63,272.85
184.51,400.77,193.59,162.38,151.5,228.23,239.76,224.77,195.38,204.3,206.03,190.23,221.59,192.63,204.35,185.03,193.02,174.33,172.71,176.42,164.54,178.44,167.93,175.47,176.33,202.76,172.44,157.96,175.5,181.87,163.18,191.66,194.1,147.01,158.33,0,0.479,191.11,190.11,162.31,162.53,163.88,181.68,181.68,190.4,184.83,189.09,165.59,246.17,212.01,205.96,205.8,226.53,197.83,195.9,188.59,188.05,182.14,172.04,181.44,196.93,170.43,174.93,170.3,170.62,170.4,168.49,155.68,149.36,149.29,148.48,138.48,147.23,156.07,188.35,159.05,178.81,166.96,175.57,158.94,159.45,160.19,178.38,154.36,191.16,189.17,188.91,160.99,159.62,172.77,172.77,171.46,282.22
189.3,405.56,198.38,167.17,156.29,233.02,244.55,229.56,200.17,209.09,210.82,195.02,226.38,197.42,209.14,189.82,197.81,179.12,177.5,181.21,169.33,183.23,172.72,180.26,181.12,207.55,177.23,162.75,180.28,186.66,167.97,196.45,198.89,151.8,163.12,0.479,0,195.89,194.9,167.1,167.32,168.68,186.47,186.47,195.19,189.62,193.88,170.38,250.96,216.8,210.75,210.59,231.32,202.62,200.69,193.38,192.84,186.93,176.83,186.23,201.72,175.22,179.72,175.09,175.41,175.19,173.28,160.47,154.15,154.08,153.27,143.27,152.02,160.86,193.14,163.84,183.6,171.75,180.36,163.73,164.24,164.98,183.18,159.15,195.95,193.96,193.7,165.78,164.41,177.56,177.56,176.25,287.01
246.6,416.97,176.4,185.09,189.18,224.24,235.94,227.72,0.428,191.34,193.07,193.18,224.54,195.58,231.04,187.99,173.21,173.65,172.79,183.28,191.63,185.86,196.5,202.79,178.9,207.24,181.92,168.08,218.84,171.79,210.5,185.07,187.6,207.52,182.54,191.1,195.89,0,216.8,190.57,189.42,168.06,218.37,182.38,173.21,165.09,169.28,160.68,242.34,208.19,202.14,201.81,222.71,200.79,198.85,191.54,191,185.09,175,168.48,183.97,176.07,170.18,170.38,169.94,174.88,195.81,199.02,196.25,196.61,200.63,198.99,199.58,218.16,250.44,221.14,197,168.73,164.41,175.14,188.02,187.28,179.48,178.57,184.68,182.67,182.32,170.47,162.19,180.19,179.63,175.94,278.4
244.77,421.68,173.66,194.38,195.37,216.28,227.81,227.73,221.08,190.3,192.03,193.19,224.55,195.58,1.424,187.99,169.7,163.82,162.52,182.32,201,185.47,205.86,198.3,184.83,202.3,187.16,174.19,222.64,175.39,216.38,185.18,187.62,212.75,183.33,190.11,194.9,216.8,0,205.46,196.87,171.78,203.48,176.51,170.47,162.35,165.77,160.68,234.22,200.06,194.01,193.85,214.58,200.78,198.86,191.54,191,185.1,174.99,167.44,182.93,176.07,162.73,160.11,160.11,169.41,191.32,202.82,202.2,202.49,205.59,204.22,206.82,216.33,248.61,219.31,191.71,176.17,171.85,179.85,197.38,196.65,180.3,179.36,184.68,182.69,182.43,175.71,168.12,179.8,178.67,171,270.27
212.47,453.21,165.33,200.78,217.21,195.79,207.3,214.63,194.85,183.13,184.86,180.09,211.44,182.49,219.7,174.89,159.27,144.15,142.85,166.59,242.23,169.79,243.4,177.83,177.2,184.63,179.13,166.16,204.6,171.15,201.77,176.23,178.32,195.32,159.32,162.31,167.1,190.57,205.46,0,200.18,167.55,177.25,162.92,162.14,155.33,155.34,153.05,213.71,179.55,173.5,173.36,194.07,187.69,185.75,178.45,177.91,172,161.9,160.27,175.76,161.9,144.55,140.44,140.44,151.21,170.85,184.78,187.59,187.88,190.44,186.79,185.62,184.03,216.31,187.01,165.01,182.77,195.74,211.38,234.93,237.88,158.1,155.35,172.73,173.39,173.48,167.68,160.49,164.12,162.94,153.33,249.76
212.47,422.99,173.05,200.47,193.75,194.82,206.19,213.96,193.7,182.68,184.41,179.42,210.78,181.82,211.11,174.22,163.86,143.48,142.18,165.93,203.27,169.13,206.66,177.16,180.18,183.97,181.6,169.17,203.82,170.01,201.1,175.76,177.94,195.12,159.55,162.53,167.32,189.42,196.87,200.18,0,182.65,179.52,176.81,169.86,156.43,159.93,159.93,212.6,178.44,172.39,172.39,192.96,187.02,185.09,177.78,177.24,171.33,161.23,159.82,175.31,161.23,143.89,139.77,139.77,150.55,170.18,184,186.92,187.21,189.99,186.59,185.62,184.03,216.31,187.01,165.23,175.07,174.31,181.16,198.18,198.92,158.32,155.58,172.95,173.01,173.01,170.15,163.47,163.45,162.28,152.67,248.65
212.47,405.72,177.82,167.55,176.58,190.76,202.13,213.38,172.34,185.17,186.91,178.84,210.2,181.24,186.02,173.64,175.48,142.13,140.83,165.74,175.76,169.53,180.63,175.81,188.28,182.61,189.32,177.87,202.58,171.99,200.47,176.48,178.75,193.38,161.11,163.88,168.68,168.06,171.78,167.55,182.65,0,177.01,175.65,174.63,162.31,171.55,178.36,208.54,174.38,168.33,168.33,188.9,186.44,184.51,177.2,176.66,170.75,160.65,162.31,177.8,160.12,142.53,138.42,138.42,149.19,168.83,182.76,186.29,186.58,189.18,184.85,185.27,184.03,216.31,187.01,165.73,169.56,163.24,163.89,172.15,171.41,159.98,157.14,174.46,173.82,173.73,177.87,171.57,163.86,162.09,151.31,244.59
234.91,409,183.01,175.1,179.8,214.59,226.12,221.27,222.65,188.14,189.87,186.73,218.09,189.13,217.72,181.53,173.08,161.75,160.14,171.87,181.64,174.48,186.51,192.32,172.31,196.29,172.77,159.05,208.13,164.19,200.25,177.71,180.15,195.36,175.01,181.68,186.47,218.37,203.48,177.25,179.52,177.01,0,197.4,179.82,163.58,169.15,155.6,232.53,198.37,192.32,192.16,212.89,194.33,192.4,185.09,184.55,178.64,168.54,165.28,180.77,169.07,157.11,157.73,158.05,163.77,185.34,188.31,186,186.37,190.38,186.83,188.79,206.47,238.75,209.45,188.55,162.07,157.75,167.17,178.03,177.3,171.04,171.04,177.21,175.22,174.96,161.31,155.6,168.81,168.22,164.99,268.58
232.2,408.06,217.16,162.92,173.59,214.84,226.21,226.71,186.66,200.1,201.83,192.17,223.53,194.57,190.75,186.97,182.81,162.14,160.84,170.73,171.51,173.32,177.12,189.95,171.46,195.15,172.17,157.7,206.72,164.19,197.55,178.68,181.3,192.65,175.24,181.68,186.47,182.38,176.51,162.92,176.81,175.65,197.4,0,213.97,181.5,178.88,158.47,232.62,198.46,192.41,192.41,212.98,199.77,197.84,190.53,189.99,184.08,173.98,177.24,192.73,173.45,161.09,158.43,158.43,163.32,182.97,186.9,183.3,183.66,187.68,184.12,185.67,203.76,236.04,206.74,187.82,163.42,157.9,166.23,168.64,167.16,172.18,171.27,179.33,176.37,175.93,160.72,154.75,167.65,167.08,163.85,268.67
232.76,415.34,0.319,162.07,178.24,220.69,232.06,230.61,177.49,204,205.73,196.07,227.43,198.47,184.71,190.87,186.71,166.9,165.28,174.63,172.85,177.22,179.07,191.9,172.38,199.06,174.12,158.62,207.45,168.5,197.55,182.99,185.61,191.99,182.1,190.4,195.19,173.21,170.47,162.14,169.86,174.63,179.82,213.97,0,189.3,182.78,159.39,238.47,204.31,198.26,198.26,218.83,203.67,201.74,194.43,193.89,187.98,177.88,181.14,196.63,177.35,164.99,162.87,163.19,167.22,184.92,187.63,183.3,183.66,187.68,183.46,183.72,204.32,236.6,207.3,197.57,170.04,163.75,173.51,170.59,168.5,178.13,178.13,183.99,180.68,180.24,162.67,155.67,171.55,170.98,167.75,274.52
206.22,426.88,192.49,155.25,175.55,215.57,226.94,248.14,169.37,231.3,233.03,213.6,244.96,216,176.59,208.4,193.37,174.81,173.51,177.54,168.16,178.38,175.02,188.63,172.2,209.51,174.19,158.44,199.61,169.69,190.5,184.18,186.8,165.45,181.09,184.83,189.62,165.09,162.35,155.32,156.43,162.31,163.58,181.5,189.3,0,189.44,159.39,233.35,199.19,193.14,193.14,213.71,221.2,219.27,211.96,211.42,205.51,195.41,208.44,223.93,193.27,197.41,171.1,171.1,190.75,181.66,179.79,176.32,176.61,179.49,156.92,156.92,177.78,210.06,180.76,186.8,174.24,176.09,185.05,166.53,163.8,177.12,177.12,184.96,181.87,181.43,162.74,155.49,172.71,173.89,178.21,269.4
206.71,428.86,185.97,155.27,180.51,203.33,214.86,233.83,173.56,207.21,208.94,199.29,230.65,201.69,180.01,194.09,0.393,161.65,160.35,180.63,168.17,182.65,175.25,192.88,182.7,206.6,184.65,167.58,203.71,180.19,194.47,189.9,192.35,172.42,183.6,189.09,193.88,169.28,165.77,155.34,159.93,171.55,169.15,178.88,182.78,189.44,0,173.39,221.27,187.11,181.06,180.9,201.63,206.89,204.96,197.65,197.11,191.2,181.1,184.35,199.84,180.56,171.22,157.94,157.94,174.24,185.9,183.89,180.36,180.58,182.36,163.89,165.86,178.27,210.55,181.25,187.82,180.66,181.87,187.03,166.77,163.82,180.32,179.63,189.4,187.42,187.15,173.2,165.99,176.97,176.98,175.3,257.32
195.78,416.56,162.58,153.05,166.79,180.79,192.32,213.38,164.96,183.95,185.68,178.84,210.2,181.24,174.92,173.64,177.32,139.11,137.81,172.84,162.73,176.63,168.33,181.04,204.77,189.72,193.29,181.82,195.26,182.85,185.8,177.58,179.58,170.01,162.88,165.59,170.38,160.68,160.68,153.05,159.93,178.36,155.6,158.47,159.39,159.39,173.39,0,198.73,164.57,158.52,158.36,179.09,186.44,184.51,177.2,176.66,170.75,160.65,161.09,176.58,160.12,149.63,135.4,135.4,156.29,174.06,175.44,171.91,171.91,171.85,161.48,159.51,167.34,199.62,170.32,163.41,171.75,170.08,174.73,159.85,158.38,162.79,158.91,173.33,174.65,174.83,181.84,188.06,170.96,169.19,158.42,234.78
247.76,508.07,241.66,213.35,247.63,15.798,3.287,16.7,246.63,261.3,263.03,13.488,16.836,14.184,248.46,15.028,225.2,206.71,205.12,200.95,228.66,202.38,236.48,213.06,205.87,231.82,211.12,192.11,221.92,217.05,214.58,231.54,234.16,203.8,236.8,246.17,250.96,242.34,234.22,213.71,212.6,208.54,232.53,232.62,238.47,233.35,221.27,198.73,0,3.416,4.021,11.312,1.964,11.312,11.698,13.16,13.268,14.45,16.47,238.44,253.93,246.6,213.25,202.71,203,211.03,206.08,202.1,200.33,200.69,204.71,195.27,197.23,219.32,251.6,222.3,248.41,232.34,250.14,266.24,228,224.31,233.3,232.83,232.54,229.23,228.79,199.67,189.16,196.71,197.3,200.52,3.605
213.6,473.91,207.5,179.19,213.47,8.966,2.775,9.868,212.47,227.14,228.87,6.656,10.004,7.352,214.3,8.196,191.04,172.55,170.96,166.79,194.5,168.22,202.32,178.9,171.71,197.66,176.96,157.95,187.76,182.89,180.42,197.38,200,169.64,202.64,212.01,216.8,208.19,200.06,179.55,178.44,174.38,198.37,198.46,204.31,199.19,187.11,164.57,3.416,0,0.605,4.48,1.452,4.48,4.866,6.328,6.436,7.618,9.638,204.28,219.77,212.44,179.09,168.55,168.84,176.87,171.92,167.94,166.17,166.53,170.55,161.11,163.07,185.16,217.44,188.14,214.25,198.18,215.98,232.08,193.84,190.15,199.14,198.67,198.38,195.07,194.63,165.51,155,162.55,163.14,166.36,7.021
207.55,467.86,201.45,173.14,207.42,7.756,3.38,8.658,206.41,221.09,222.82,5.446,8.794,6.142,208.25,6.986,184.99,166.5,164.91,160.74,188.45,162.17,196.27,172.85,165.66,191.61,170.91,151.9,181.71,176.84,174.37,191.33,193.95,163.59,196.59,205.96,210.75,202.13,194.01,173.5,172.39,168.33,192.32,192.41,198.26,193.14,181.06,158.52,4.021,0.605,0,3.27,2.057,3.27,3.656,5.118,5.226,6.408,8.428,198.23,213.72,206.39,173.04,162.5,162.79,170.82,165.87,161.89,160.12,160.48,164.5,155.06,157.02,179.11,211.39,182.09,208.2,192.13,209.93,226.03,187.79,184.1,193.09,192.62,192.33,189.02,188.58,159.46,148.95,156.5,157.09,160.31,7.626
207.39,467.69,201.45,173.07,207.25,2.243,10.03,8.658,206.09,221.09,222.82,5.446,8.794,6.142,208.09,6.986,184.83,166.34,164.91,160.74,188.31,162.17,196.13,172.69,165.66,191.61,170.91,151.9,181.71,176.84,174.37,191.33,193.95,163.43,196.59,205.8,210.59,201.81,193.85,173.36,172.39,168.33,192.16,192.41,198.26,193.14,180.9,158.36,11.312,4.48,3.27,0,7.384,3.27,3.656,5.118,5.226,6.408,8.428,198.23,213.72,206.39,173.04,162.5,162.63,170.82,165.71,161.89,160.12,160.48,164.5,154.9,156.86,178.95,211.23,181.93,207.88,192.13,209.76,225.86,187.65,183.96,192.93,192.62,192.33,189.02,188.58,159.46,148.95,156.5,157.09,160.31,18.522
228.12,488.43,222.02,193.71,227.99,11.87,1.323,12.772,226.98,241.66,243.39,9.56,12.908,10.256,228.82,11.1,205.56,187.07,185.48,181.31,209.02,182.74,216.84,193.42,186.23,212.18,191.48,172.47,202.28,197.41,194.94,211.9,214.52,184.16,217.16,226.53,231.32,222.71,214.58,194.07,192.96,188.9,212.89,212.98,218.83,213.71,201.63,179.09,1.964,1.452,2.057,7.384,0,7.384,7.77,9.232,9.34,10.522,12.542,218.8,234.29,226.96,193.61,183.07,183.37,191.39,186.44,182.46,180.69,181.05,185.07,175.63,177.59,199.68,231.97,202.66,228.77,212.7,230.5,246.6,208.36,204.67,213.66,213.19,212.9,209.59,209.15,180.03,169.52,177.07,177.66,180.88,5.569
218.38,461.34,206.86,187.47,202.04,7.756,10.03,2.694,205.07,250.85,252.58,1.088,2.762,1.436,215.02,1.858,210.82,215.45,214.15,208.28,198.95,209.13,205.18,219.38,202.94,240.25,204.85,189.18,227.22,199.35,217.98,204.31,206.49,176.38,192.02,197.83,202.62,200.79,200.78,187.69,187.02,186.44,194.33,199.77,203.67,221.2,206.89,186.44,11.312,4.48,3.27,3.27,7.384,0,0.193,0.924,0.978,1.569,2.579,227.99,243.48,238.87,238.06,211.74,211.74,231.4,212.4,207.4,203.88,204.09,206.5,167.85,167.85,189.94,222.22,192.92,198.16,201.34,203.53,219.51,196.71,194.6,188.05,188.05,201.56,201.56,201.56,193.4,186.23,203.46,204.64,208.96,18.522
216.45,459.41,204.93,185.54,200.11,8.142,10.416,2.887,203.13,248.92,250.65,0.895,2.569,1.243,213.09,1.665,208.89,213.52,212.22,206.35,197.02,207.2,203.26,217.45,201.02,238.32,202.92,187.25,225.29,197.42,216.05,202.38,204.56,174.45,190.09,195.9,200.69,198.85,198.85,185.75,185.09,184.51,192.4,197.84,201.74,219.27,204.96,184.51,11.698,4.866,3.656,3.656,7.77,0.193,0,0.731,0.785,1.376,2.386,226.06,241.55,236.94,236.13,209.81,209.81,229.46,210.47,205.48,201.95,202.16,204.57,165.92,165.92,188.01,220.29,190.99,196.23,199.41,201.6,217.58,194.77,192.67,186.12,186.12,199.63,199.63,199.63,191.47,184.31,201.52,202.71,207.03,18.908
209.14,452.1,197.62,178.23,192.8,9.604,11.878,3.618,195.82,241.61,243.34,0.164,3.3,0.512,205.78,0.934,201.58,206.21,204.91,199.04,189.71,199.89,195.94,210.14,193.7,231.02,195.61,179.94,217.98,190.11,208.74,195.07,197.25,167.14,182.78,188.59,193.38,191.55,191.54,178.44,177.78,177.2,185.09,190.53,194.43,211.96,197.65,177.2,13.16,6.328,5.118,5.118,9.232,0.924,0.731,0,0.054,0.645,1.655,218.75,234.24,229.63,228.81,202.5,202.5,222.16,203.16,198.16,194.64,194.85,197.26,158.61,158.61,180.7,212.98,183.68,188.92,192.1,194.29,210.27,187.46,185.36,178.81,178.81,192.32,192.32,192.32,184.16,177,194.22,195.4,199.72,20.37
208.6,451.56,197.08,177.69,192.26,9.712,11.986,3.672,195.28,241.07,242.8,0.218,3.354,0.458,205.24,0.88,201.04,205.67,204.37,198.5,189.17,199.34,195.41,209.6,193.16,230.47,195.07,179.4,217.44,189.57,208.2,194.53,196.71,166.6,182.24,188.05,192.84,191,191,177.91,177.24,176.66,184.55,189.99,193.89,211.42,197.11,176.66,13.268,6.436,5.226,5.226,9.34,0.978,0.785,0.054,0,0.591,1.601,218.21,233.7,229.09,228.28,201.96,201.96,221.61,202.62,197.63,194.1,194.31,196.72,158.07,158.07,180.16,212.44,183.14,188.38,191.56,193.75,209.73,186.92,184.82,178.27,178.27,191.78,191.78,191.78,183.62,176.46,193.67,194.86,199.18,20.478
202.69,445.65,191.17,171.78,186.35,10.894,13.168,4.263,189.37,235.16,236.89,0.809,3.945,1.049,199.33,0.289,195.13,199.76,198.46,192.6,183.26,193.44,189.5,203.69,187.25,224.56,189.16,173.49,211.54,183.66,202.29,188.62,190.8,160.69,176.33,182.14,186.93,185.09,185.09,171.99,171.33,170.75,178.64,184.08,187.98,205.51,191.2,170.75,14.45,7.618,6.408,6.408,10.522,1.569,1.376,0.645,0.591,0,1.01,212.3,227.79,223.18,222.37,196.05,196.05,215.7,196.71,191.72,188.19,188.4,190.82,152.16,152.16,174.25,206.53,177.23,182.47,185.65,187.84,203.82,181.01,178.91,172.36,172.36,185.87,185.87,185.87,177.71,170.55,187.76,188.95,193.26,21.66
192.59,435.55,181.07,161.68,176.25,12.914,15.188,5.273,179.27,225.06,226.79,1.819,4.955,2.059,189.23,1.299,185.03,189.66,188.36,182.49,173.16,183.34,179.39,193.59,177.15,214.47,179.06,163.39,201.44,173.56,192.19,178.52,180.7,150.59,166.23,172.04,176.83,175,174.99,161.9,161.23,160.65,168.54,173.98,177.88,195.41,181.1,160.65,16.47,9.638,8.428,8.428,12.542,2.579,2.386,1.655,1.601,1.01,0,202.2,217.69,213.08,212.27,185.95,185.95,205.6,186.61,181.62,178.09,178.3,180.71,142.06,142.06,164.15,196.43,167.13,172.37,175.55,177.74,193.72,170.91,168.81,162.26,162.26,175.77,175.77,175.77,167.61,160.44,177.66,178.85,183.17,23.68
202.36,433.41,184.33,160.12,176.25,220.66,232.03,254.93,172.76,2.286,2.459,220.39,251.75,222.79,181.68,215.19,188.28,179.89,178.6,179.24,171.26,180.08,176.87,190.33,173.9,211.21,175.88,160.13,201.3,171.38,192.2,185.7,188.24,160.36,176,181.44,186.23,168.48,167.44,160.27,159.82,162.31,165.28,177.24,181.14,208.44,184.35,161.09,238.44,204.28,198.23,198.23,218.8,227.99,226.06,218.75,218.21,212.3,202.2,0,1.549,200.05,202.5,176.18,176.19,195.84,183.35,181.48,178.02,178.3,181.19,151.83,151.83,173.92,206.2,176.9,183.41,175.93,178.35,191.58,168.39,166.91,172.03,172.03,185.95,183.31,182.95,164.43,157.19,174.41,175.59,179.91,274.49
217.85,448.9,199.82,175.61,191.74,236.15,247.52,270.42,188.25,0.737,0.91,235.88,267.24,238.28,197.17,230.68,203.77,195.39,194.08,194.73,186.75,195.57,192.36,205.82,189.39,226.7,191.37,175.63,216.79,186.88,207.68,201.19,203.73,175.85,191.49,196.93,201.72,183.97,182.93,175.76,175.31,177.81,180.77,192.73,196.63,223.93,199.84,176.58,253.93,219.77,213.72,213.72,234.29,243.48,241.55,234.24,233.7,227.79,217.69,1.549,0,215.54,217.99,191.67,191.68,211.33,198.84,196.97,193.51,193.8,196.67,167.32,167.32,189.41,221.69,192.39,198.9,191.42,193.84,207.07,183.88,182.4,187.52,187.52,201.44,198.8,198.44,179.92,172.68,189.9,191.08,195.4,289.98
190.98,435.01,180.54,161.68,176.25,228.82,240.19,265.81,180.35,222.91,224.64,231.27,262.63,233.67,190.31,226.07,184.49,221.33,218.75,182.61,172.63,183.45,178.97,194.12,177,215,178.57,163.23,200.9,172.82,191.66,176.37,178.55,148.98,164.62,170.43,175.22,176.07,176.07,161.9,161.23,160.12,169.07,173.45,177.35,193.27,180.56,160.12,246.6,212.44,206.39,206.39,226.96,238.87,236.94,229.63,229.09,223.18,213.08,200.05,215.54,0,213.87,216.35,217.62,207.21,187.14,181.08,177.55,177.77,180.18,140.45,140.45,162.54,194.82,165.52,169.69,175.01,177.2,193.18,170.49,168.27,160.65,160.65,173.62,173.62,173.62,167.12,160.29,177.78,178.96,183.7,282.65
210.43,432.83,168.18,144.34,174.03,195.47,206.84,265,174.46,225.36,227.09,230.46,261.81,232.85,176.97,225.25,175.15,220.68,220.65,193.05,158.47,193.89,165.55,212.04,177.5,227.15,187.22,171.24,217.55,181.14,208.31,183.86,185.95,179.99,172.43,174.93,179.72,170.18,162.73,144.55,143.89,142.53,157.11,161.09,164.99,197.41,171.22,149.63,213.25,179.09,173.04,173.04,193.61,238.06,236.13,228.81,228.28,222.37,212.27,202.5,217.99,213.87,0,218.24,216.97,206.34,205.06,197.73,194.2,194.42,196.83,171.46,169.49,181.99,214.27,184.97,179.76,183.31,180.68,191,157.07,154.12,167.23,168.46,180.36,181.02,181.11,175.77,160.79,188.22,189.4,195.85,249.3
