0,445.26,238.16,212.47,199.84,229.82,235.01,245.32,253.77,225.22,226.95,210.78,242.14,213.18,259.01,205.58,210.64,194.99,193.69,208.89,215.74,210.91,219.13,213.07,205.06,236.54,202.82,188.34,225.91,196.79,233.31,190.93,193.06,208.32,170.24,184.51,189.3,249.49,244.77,212.47,212.47,212.47,242.03,236.59,234.97,206.22,206.71,195.78,224.26,213.61,207.56,207.39,221.78,218.38,216.45,209.14,208.6,202.69,192.59,202.36,217.85,190.98,210.43,191.28,191.28,205.24,206.09,206.09,219.2,219.42,221.83,199.79,223.3,2.844,5.476,2.546,211.08,190.56,207.71,203.43,210.65,211.39,178.89,166.27,187.46,188.13,188.18,191.37,188.34,205.24,205.24,205.24,260.31
445.26,0,440.09,440.71,509.35,493.3,504.83,491.24,444.8,461.2,462.93,456.7,488.06,459.1,458.49,451.5,442.38,438.87,437.57,445.99,467.6,448.44,473.94,455.33,437.57,470.42,425.1,415.17,456.72,410.18,441.91,414.46,416.64,430.65,385.3,400.77,405.56,440.52,444.25,456.89,440.26,436.19,437.19,434.56,436.9,434.95,438.45,424.57,494.68,477.08,471.03,470.87,491.6,464.3,462.37,455.06,454.52,448.61,438.51,438.34,453.83,437.97,437.81,435.16,435.16,438.59,448.35,436.9,428.16,428.02,426.41,422.12,420.21,416.82,449.1,419.8,403.47,461.71,483.7,24.183,465.46,463.25,395.5,381.33,411.09,411.71,411.71,413.65,420.85,442.77,442.34,439.12,530.73
238.16,440.09,0,197.99,203.19,226,216.67,245.16,222.77,221.8,223.53,210.62,241.98,213.02,229.01,205.42,203.63,175.57,174.27,188.46,206.64,190.45,211.51,200.37,190.12,212.26,187.89,173.41,214.71,183.39,207.37,197.16,199.61,197.89,194.48,201.06,205.85,218.49,214.77,198.06,197.84,201.98,220.49,235.77,0.319,211.09,199.69,180.85,204.78,209.78,203.73,203.57,203.44,218.22,216.29,208.98,208.44,202.53,192.43,198.94,214.43,191.36,177.7,171.86,171.86,179.9,193.39,194.89,193.12,193.48,197.5,189.36,191.33,209.72,242,212.7,205.27,186.43,186.43,198.26,203.03,202.29,190.62,190.51,196.66,194.68,194.41,176.44,173.41,184.78,184.81,180.96,240.83
212.47,440.71,197.99,0,210.26,200.7,210.73,225.36,217.68,197.42,199.15,190.82,222.18,193.22,234.41,185.62,184.22,156.15,154.85,174.74,224.56,177.94,227.6,184.57,189.52,195.15,190.77,177.81,208.45,177.32,202.74,178.86,180.95,195.66,159.53,162.38,167.17,213.4,220.17,221.81,221.5,216.09,203.69,199.63,194.8,174.56,180.29,178.76,199.15,184.32,178.27,178.27,197.49,198.42,196.49,189.18,188.64,182.73,172.63,174.56,190.05,172.09,160.04,152.44,152.44,162.26,177.59,188.63,188.63,188.85,191.26,187.13,185.62,184.03,216.31,187.01,165.08,186.21,190.53,198.88,219.12,220.21,159.57,155.56,175.36,176.02,176.11,179.32,172.81,172.27,171.09,163.85,235.19
199.84,509.35,203.19,210.26,0,232.86,244.39,232.96,217,206.35,208.08,198.42,229.78,200.82,230.85,193.22,193.76,179.84,178.54,192.93,239.42,194.95,246.5,199.98,194.96,215.68,181.72,171.78,202.64,166.79,188.75,169.54,171.63,178.63,139.75,151.5,156.29,212.72,216.61,226.59,209.81,206.9,204.48,200.42,200,184.53,189.83,182.46,234.24,216.64,210.59,210.43,231.16,206.02,204.09,196.78,196.24,190.33,180.23,183.49,198.98,179.69,179.48,176.13,176.14,183.32,193,182.82,174.93,174.86,174.05,170.1,170.94,171.4,203.68,174.38,154.2,214.02,226.99,267.52,238.02,235.07,148.69,135.77,165.5,166.7,166.79,170.27,178.25,189.28,189.28,184.38,270.29
229.82,493.3,226,200.7,232.86,0,33.784,13.144,232.21,243.52,245.25,9.932,13.28,10.628,234.83,11.472,207.26,188.77,187.34,183.17,215.86,184.6,223.68,195.12,188.09,214.04,193.34,174.33,204.14,199.27,196.8,213.76,216.38,185.86,219.02,228.23,233.02,227.93,220.59,200.91,200.25,196.19,223.56,220.08,222.81,215.57,203.33,180.79,28.492,8.966,7.756,2.243,28.492,7.756,8.142,9.604,9.712,10.894,12.914,220.66,236.15,228.82,195.47,184.93,185.06,193.25,188.14,184.32,182.55,182.91,186.93,177.33,179.29,201.38,233.66,204.36,230.31,214.56,232.76,251.47,215.2,211.51,215.36,215.05,214.76,211.45,211.01,181.89,171.38,178.93,179.52,182.74,42.912
235.01,504.83,216.67,210.73,244.39,33.784,0,35.588,229.96,211.97,213.7,29.164,35.86,30.556,238.67,32.244,187.84,132.04,130.45,149,226.03,152.79,233.85,163.51,186.46,166.97,202.91,183.9,191.65,208.84,191.37,223.33,225.95,190.13,230.3,239.76,244.55,225.68,224.43,211.09,209.97,203.21,218.3,211.53,213.48,187.41,183.91,176.4,7.926,7.926,9.136,24.812,1.323,24.812,25.584,28.508,28.724,31.088,35.128,189.11,204.6,191.83,127.42,128.04,128.33,134.08,156.53,171.83,177.12,177.48,181.5,181.6,184.48,206.57,238.85,209.55,242,224.13,243.98,263,225.38,221.69,226.89,226.34,224.33,221.02,220.58,191.46,169.75,147.12,145.35,135.67,15.136
245.32,491.24,245.16,225.36,232.96,13.144,35.588,0,243.8,284.57,286.31,3.782,5.456,4.13,254.48,4.552,245.83,247.82,246.52,241.98,234.02,242.82,239.63,249.45,236.74,273.93,234.35,220.03,255.6,226.38,246.28,231.25,233.43,203.32,218.96,224.77,229.56,239.52,240.24,225.43,225.21,223.85,236.19,238.07,241.97,254.93,241.89,223.84,30.296,9.868,8.658,8.658,30.296,2.694,2.887,3.618,3.672,4.263,5.273,261.71,277.2,272.6,274.46,244.11,244.11,267.8,242.47,235.78,232.25,232.39,234,194.79,194.79,216.88,249.16,219.86,225.1,229.73,232.96,249.41,231.15,229.67,214.99,214.99,228.5,228.5,228.5,222.9,220.03,237.15,238.33,242.63,44.716
253.77,444.8,222.77,217.68,217,232.21,229.96,243.8,0,217.19,218.92,209.26,240.62,211.66,264.32,204.06,202.95,179.6,177.98,193.35,222.51,196.28,226.64,210.13,201.94,214.5,201.03,186.56,230.15,191.32,222.74,201.81,204.26,215.49,194.1,198.86,203.65,0.428,250.08,223.85,217.38,218.28,251.65,246.23,219.58,198.26,199.02,188.95,219.2,215.99,209.94,209.78,216.73,216.86,214.93,207.62,207.08,201.17,191.07,194.33,209.82,190.53,174.95,175.57,175.89,181.61,203.15,210.33,208.49,208.85,212.87,206.96,208.92,225.33,257.61,228.31,206.68,194.94,194.94,202.97,218.16,218.16,189.97,190.13,200.96,199.33,199.06,189.58,185.24,190.61,189.7,183.2,255.25
225.22,461.2,221.8,197.42,206.35,243.52,211.97,284.58,217.19,0,1.647,250.04,281.39,252.44,227.36,244.84,221.6,208.18,206.88,208.85,207.17,209.69,212.78,218.62,206.18,240.81,203.95,188.93,227.26,198.91,218.24,209.55,212,183.22,198.86,204.3,209.09,212.91,213.12,197.5,197.27,197.24,209.58,214.71,218.61,238.08,217.67,197.22,199.57,227.14,221.09,221.09,198.74,257.63,255.71,248.39,247.85,241.95,231.84,2.286,0.737,229.7,234.82,204.47,204.47,228.16,211.64,207.44,204.13,204.35,206.76,174.69,174.69,196.78,229.06,199.76,206.27,202.63,206.34,219.37,204.3,202.82,194.89,194.89,209.06,207.07,206.81,192.5,189.47,204.02,205.2,209.51,235.62
226.95,462.93,223.53,199.15,208.08,245.25,213.7,286.31,218.92,1.647,0,251.77,283.13,254.17,229.09,246.56,223.33,209.91,208.61,210.58,208.9,211.42,214.51,220.35,207.91,242.54,205.68,190.66,228.99,200.64,219.97,211.28,213.73,184.95,200.59,206.03,210.82,214.64,214.85,199.22,199,198.97,211.31,216.44,220.34,239.81,219.4,198.95,201.3,228.87,222.82,222.82,200.47,259.37,257.44,250.12,249.59,243.68,233.58,2.459,0.91,231.43,236.55,206.2,206.2,229.89,213.37,209.17,205.86,206.08,208.49,176.42,176.42,198.51,230.79,201.49,208,204.36,208.07,221.1,206.03,204.55,196.62,196.62,210.78,208.8,208.53,194.23,191.2,205.75,206.93,211.24,237.35
210.78,456.7,210.62,190.82,198.42,9.932,29.164,3.782,209.26,250.03,251.76,0,3.464,0.676,219.94,1.098,211.28,213.28,211.98,207.44,199.48,208.28,205.09,214.91,202.2,239.39,199.81,185.49,221.06,191.83,211.74,196.71,198.89,168.78,184.42,190.23,195.02,204.98,205.7,190.89,190.67,189.31,201.65,203.53,207.43,220.39,207.35,189.3,23.872,6.656,5.446,5.446,23.872,1.088,0.895,0.164,0.218,0.809,1.819,227.18,242.66,238.06,239.92,209.57,209.57,233.26,207.93,201.24,197.71,197.85,199.46,160.25,160.25,182.34,214.62,185.32,190.56,195.19,198.42,214.87,196.61,195.13,180.45,180.45,193.96,193.96,193.96,188.36,185.49,202.61,203.79,208.09,38.292
242.14,488.06,241.98,222.18,229.78,13.28,35.86,5.456,240.62,281.39,283.12,3.464,0,3.812,251.3,4.234,242.64,244.64,243.34,238.8,230.84,239.64,236.45,246.27,233.56,270.75,231.17,216.85,252.42,223.19,243.1,228.07,230.25,200.14,215.78,221.59,226.38,236.34,237.06,222.25,222.03,220.67,233.01,234.89,238.79,251.75,238.71,220.66,30.568,10.004,8.794,8.794,30.568,2.762,2.569,3.3,3.354,3.945,4.955,258.53,274.02,269.42,271.28,240.93,240.93,264.62,239.3,232.6,229.07,229.21,230.82,191.61,191.61,213.7,245.98,216.68,221.92,226.55,229.78,246.23,227.97,226.49,211.81,211.81,225.32,225.32,225.32,219.72,216.85,233.97,235.15,239.45,44.988
213.18,459.1,213.02,193.22,200.82,10.628,30.556,4.13,211.66,252.44,254.17,0.676,3.812,0,222.34,1.338,213.69,215.68,214.38,209.84,201.88,210.68,207.49,217.31,204.6,241.79,202.21,187.89,223.46,194.24,214.14,199.11,201.29,171.18,186.82,192.63,197.42,207.38,208.1,193.29,193.07,191.71,204.05,205.93,209.83,222.79,209.75,191.7,25.264,7.352,6.142,6.142,25.264,1.436,1.243,0.512,0.458,1.049,2.059,229.57,245.06,240.46,242.32,211.97,211.97,235.66,210.33,203.64,200.11,200.25,201.86,162.65,162.65,184.74,217.02,187.72,192.96,197.59,200.82,217.27,199.01,197.53,182.85,182.85,196.36,196.36,196.36,190.76,187.89,205.01,206.19,210.49,39.684
259.01,458.48,229.01,234.41,230.85,234.83,238.67,254.48,264.32,227.36,229.09,219.94,251.3,222.34,0,214.74,212.91,185.99,184.69,199.91,238.91,202.52,243.04,215.99,213.87,223.36,214.03,201.19,239.54,201.98,235.16,210.24,212.51,229.63,199.55,206.58,211.37,260.04,1.424,248.7,234.11,234.3,246.72,241.31,225.82,204.5,208.98,200.88,227.09,218.45,212.4,212.4,225.44,227.54,225.61,218.3,217.76,211.85,201.75,204.5,219.99,201.22,184.91,182.28,182.28,190.65,209.01,219.72,220.98,221.27,224.03,221.1,222.26,230.57,262.85,233.55,209.88,207.48,208.79,216.66,234.56,234.56,196.5,195.58,208.24,207.58,207.49,202.58,197.16,196.85,196.26,192.06,263.14
205.58,451.5,205.42,185.62,193.22,11.472,32.244,4.552,204.06,244.83,246.56,1.098,4.234,1.338,214.74,0,206.08,208.08,206.78,202.24,194.28,203.08,199.89,209.72,197,234.19,194.61,180.29,215.86,186.63,206.54,191.51,193.69,163.58,179.22,185.03,189.82,199.78,200.5,185.69,185.47,184.11,196.45,198.33,202.23,215.19,202.15,184.1,26.952,8.196,6.986,6.986,26.952,1.858,1.665,0.934,0.88,0.289,1.299,221.97,237.47,232.86,234.72,204.37,204.37,228.06,202.73,196.04,192.51,192.65,194.26,155.05,155.05,177.14,209.42,180.12,185.36,189.99,193.22,209.67,191.41,189.93,175.25,175.25,188.76,188.76,188.76,183.16,180.29,197.41,198.59,202.89,41.372
210.64,442.38,203.63,184.22,193.76,207.26,187.85,245.83,202.95,221.6,223.33,211.28,242.64,213.69,212.91,206.09,0,170.25,168.95,187.27,192.94,189.29,197.81,197.07,195.21,214.16,191.29,175.3,207.89,187.25,198.57,193.83,196.28,176.35,187.53,193.02,197.81,198.67,198.67,184.3,184.07,188.25,194.43,198.67,200.44,209.42,0.393,193.37,175.44,191.04,184.99,184.83,174.62,218.89,216.96,209.65,209.11,203.19,193.1,198.74,214.23,192.02,184.09,166.54,166.54,186.31,190.09,188.07,184.54,184.68,186.29,167.82,169.79,182.2,214.48,185.18,191.75,186.23,191.26,200.55,189.33,188.59,184.25,183.56,193.33,191.35,191.08,179.84,178.5,183.62,183.62,182.86,211.49
194.99,438.87,175.57,156.15,179.84,188.77,132.04,247.82,179.6,208.18,209.91,213.28,244.64,215.68,185.99,208.08,170.25,0,235.03,172.38,169.25,173.81,175.59,184.35,164.96,203.25,172.68,156.45,193.35,170.86,186.01,176.05,178.32,151.37,168.49,174.33,179.12,175.32,171.75,156.37,155.7,151.64,172.99,170.43,172.38,180.23,166.32,144.54,119.64,172.56,166.5,166.34,118.81,220.88,218.95,211.64,211.1,205.19,195.09,185.32,200.81,230.79,230.14,232.62,0.371,190.04,177.37,173.53,171.76,172.12,176.14,142.84,144.8,166.55,198.83,169.53,173.4,176.43,182.33,197.04,167.11,164.9,165.14,164.52,174.05,173.39,173.3,161.23,148.25,168.14,168.73,171.95,155.69
193.69,437.57,174.27,154.85,178.55,187.34,130.45,246.52,177.98,206.88,208.61,211.98,243.34,214.38,184.69,206.78,168.95,235.03,0,171.08,167.95,172.51,174.29,183.27,163.66,201.95,171.06,155.07,192.05,169.24,184.71,174.57,176.84,150.07,167.19,172.71,177.5,173.7,170.45,155.07,154.4,150.34,171.69,169.13,171.08,178.93,165.02,143.24,118.04,170.96,164.91,164.91,117.22,219.58,217.65,210.34,209.8,203.89,193.79,184.02,199.51,228.22,230.12,0.241,231.32,188.74,176.29,172.23,170.46,170.82,174.84,141.54,143.5,165.25,197.53,168.23,172.1,175.42,181.03,195.74,165.81,163.6,164.13,163.22,172.57,171.91,171.82,159.61,146.96,166.84,167.43,170.65,154.09
208.89,445.99,188.46,174.74,192.93,183.17,149,241.98,193.35,208.85,210.58,207.44,238.8,209.84,199.91,202.24,187.27,172.38,171.08,0,186.85,227.52,193.19,211.92,208.37,242.61,203.24,190.27,214.66,189.77,205.28,187.68,189.86,182.07,179.07,176.42,181.21,189.07,185.67,174.81,174.59,171.95,185.39,181.85,185.27,184.3,183.34,180.68,136.59,166.79,160.74,160.74,135.77,215.04,213.11,205.8,205.26,199.35,189.25,185.99,201.48,189.09,198.47,168.67,168.67,209.18,204.94,194.84,191.32,191.39,191.6,173.54,172.37,180.45,212.73,183.43,173.83,185.47,196.38,204.16,184.71,182.5,175.77,175.1,184.86,184.93,184.93,191.79,191.66,221.85,0.365,211.31,172.64
215.74,467.6,206.64,224.56,239.42,215.86,226.04,234.02,222.51,207.17,208.9,199.48,230.84,201.88,238.91,194.28,192.94,169.25,167.95,186.85,0,190.05,265.62,195.35,197.97,205.94,196.96,184.2,214.99,182.03,208.57,180.95,183.04,196.45,159.49,164.54,169.33,218.23,224.67,251.61,224.11,220.15,209.41,205.35,203.45,184.31,189.01,185.16,214.46,199.48,193.43,193.43,212.81,207.08,205.15,197.84,197.3,191.39,181.29,184.31,199.8,180.75,170.82,165.54,165.54,173.05,188.37,195.17,194.61,194.68,195.31,187.92,189.16,187.3,219.58,190.28,167.24,202.87,215.83,225.77,257.14,0.435,161.73,155.52,177.45,178.11,178.2,185.51,181.26,184.38,183.2,174.64,250.51
210.91,448.44,190.45,177.94,194.95,184.6,152.79,242.82,196.28,209.69,211.42,208.28,239.64,210.68,202.52,203.08,189.29,173.81,172.51,227.52,190.05,0,196.39,212.76,212.76,242.26,207.03,194.06,215.5,193.56,206.12,190.29,192.47,183.5,181.68,178.44,183.23,192,188.28,178.01,177.79,175.15,188,184.46,187.26,185.14,185.36,183.88,140.38,168.22,162.17,162.17,139.56,215.88,213.95,206.64,206.1,200.19,190.09,186.83,202.32,189.93,199.31,170.1,170.1,208.85,205.78,195.68,192.16,192.23,192.44,174.97,174.39,182.47,214.75,185.45,175.84,187.49,198.4,206.61,187.91,185.7,178.38,177.71,187.54,187.54,187.54,195.58,196.04,0.567,223.87,210.97,176.43
219.13,473.94,211.51,227.6,246.5,223.68,233.86,239.63,226.64,212.78,214.51,205.09,236.45,207.49,243.04,199.89,197.81,175.59,174.29,193.19,265.62,196.39,0,201.69,202.84,212.28,200.14,188.44,219.86,185.22,211.86,184.34,186.43,199.1,161.51,167.93,172.72,222.36,228.8,252.79,227.15,223.73,213.54,209.48,208.32,189.92,193.88,190.03,222.28,207.3,201.25,201.25,220.63,212.69,210.76,203.45,202.91,197,186.9,189.92,205.41,186.36,177.17,171.88,171.88,179.39,194.71,200.04,197.97,197.97,197.23,190.57,191.95,190.69,222.97,193.67,170.63,209.21,222.18,232.11,0.848,261.27,165.13,157.54,180.84,181.5,181.59,188.69,186.13,190.72,189.54,180.98,258.33
213.07,455.33,200.37,184.57,199.98,195.12,163.51,249.45,210.13,218.62,220.35,214.92,246.28,217.31,215.99,209.72,197.07,184.35,183.27,211.92,195.35,212.76,201.69,0,198.16,246.02,186.32,176.38,250.49,171.39,223.1,176.49,178.76,194.23,169.12,175.47,180.26,205.85,201.75,184.64,184.42,183.06,199.44,195.37,197.18,194.06,193.14,185.01,151.11,178.9,172.85,172.69,150.28,222.52,220.58,213.28,212.74,206.82,196.73,195.76,211.25,196.19,212.04,180.86,180.64,230.63,0.698,230.67,223.62,209.21,208.41,185.7,183.73,184.63,216.91,187.61,177.16,180.47,198.23,213.5,193.21,191,172.34,165.15,174.35,173.83,173.74,174.87,181.45,207.09,208.27,214.72,187.16
205.06,437.57,190.12,189.52,194.97,188.09,186.46,236.74,201.94,206.18,207.91,202.2,233.56,204.6,213.87,197,195.21,164.96,163.66,208.37,197.97,212.76,202.84,198.16,0,223.12,214.54,227.01,201.63,192.66,192.1,183.27,185.36,175.31,169.55,176.33,181.12,197.67,199.63,189.59,189.37,192.48,190.99,186.93,186.93,181.63,191.28,205.88,174.06,171.71,165.66,165.66,173.23,209.8,207.87,200.56,200.02,194.11,184.01,183.32,198.81,183.52,187.48,161.26,161.26,189.7,191.18,181.81,178.28,178.21,177.4,166.78,168.78,176.62,208.89,179.59,173.63,180.96,193.12,195.74,194.36,193.62,175.65,165.58,179.77,180.43,180.52,203.09,1.671,207.09,204.72,191.82,210.11
236.54,470.42,212.26,195.15,215.68,214.04,166.97,273.93,214.5,240.81,242.54,239.39,270.75,241.79,223.36,234.19,214.16,203.25,201.95,242.61,205.94,242.26,212.28,246.02,223.12,0,220.86,207.89,248.77,207.75,239.38,209.56,211.65,209.6,201.93,202.76,207.55,210.22,209.12,195.22,195,193.15,207.36,205.19,209.07,216.25,210.23,200.04,154.56,197.66,191.61,191.61,153.74,246.99,245.06,237.75,237.21,231.3,221.2,217.95,233.44,221.32,232.57,199.54,199.54,249.74,239.04,228.95,225.42,225.49,225.7,201.07,199.1,208.1,240.38,211.08,201.48,210.5,218.85,228.59,203.8,201.58,197.24,197.96,206.06,206.72,206.81,209.41,206.41,236.59,238.96,3.13,190.61
202.82,425.1,187.89,190.77,181.72,193.34,202.91,234.35,201.03,203.95,205.68,199.81,231.17,202.21,214.03,194.61,191.29,172.68,171.06,203.24,196.96,207.03,200.14,186.32,214.54,220.86,0,200.48,188.96,192.62,179.43,171.17,173.27,159.8,156.96,172.44,177.23,196.75,199.79,190.7,190.92,193.32,188.76,184.7,184.7,179.39,187.36,193.29,191.09,176.96,170.91,170.91,189.68,207.41,205.48,198.17,197.63,191.72,181.62,181.09,196.58,180.79,189.66,168.65,168.97,187.44,179.34,169.14,165.62,165.54,164.74,151.27,166.55,174.38,206.66,177.36,171.4,170.77,184.12,183.27,191.66,192.61,168.9,152.99,167.67,168.34,168.42,1.145,197.83,201.36,199.59,189.56,227.14
188.34,415.17,173.41,177.81,171.78,174.33,183.9,220.03,186.56,188.93,190.66,185.49,216.85,187.89,201.19,180.29,175.3,156.45,155.07,190.27,184.2,194.06,188.44,176.38,227.01,207.89,200.48,0,179.03,175.12,169.5,156.7,158.79,149.87,144,157.96,162.75,182.28,186.95,177.73,177.96,180.36,174.28,170.22,170.22,164.37,171.37,182.22,172.08,157.95,151.9,151.9,170.67,193.09,191.16,183.85,183.31,177.4,167.3,166.07,181.56,166.81,176.47,152.67,152.74,174.47,169.4,159.21,155.68,155.61,154.8,141.34,152.07,159.9,192.19,162.88,156.92,156.3,169.65,173.34,179.96,179.85,154.43,140.03,153.2,153.86,153.95,189.03,210.3,188.39,186.62,176.59,208.13
225.91,456.72,214.71,208.45,202.64,204.14,191.65,255.6,230.15,227.26,228.99,221.06,252.42,223.46,239.54,215.86,207.89,193.35,192.05,214.66,214.99,215.5,219.86,250.49,201.63,248.77,188.96,179.03,0,174.04,225.75,170.52,172.61,199.66,166.34,175.5,180.28,225.87,225.3,208.52,208.3,206.95,217.99,212.69,211.52,202.7,203.96,195.26,179.24,187.76,181.71,181.71,178.42,228.66,226.73,219.42,218.88,212.97,202.87,204.4,219.89,201.8,217.55,189.64,189.64,223.08,243.51,1.982,256.85,211.86,211.05,191.13,196.57,197.47,229.75,200.45,189.21,173.18,192.91,214.89,211.38,210.64,169.88,162.37,167.02,167.68,167.77,177.51,184.92,209.83,211.01,217.47,215.29
196.79,410.18,183.39,177.32,166.79,199.27,208.84,226.38,191.32,198.91,200.64,191.83,223.19,194.24,201.98,186.64,187.25,170.86,169.24,189.77,182.03,193.56,185.22,171.39,192.66,207.75,192.62,175.12,174.04,0,163.21,182.97,184.79,144.88,157.45,181.87,186.66,187.04,187.74,179.8,177.62,181.95,182.32,179.61,180.2,174.89,183.32,183.02,197.02,182.89,176.84,176.84,195.61,199.44,197.5,190.19,189.66,183.75,173.64,176.05,191.54,172.82,181.14,166.83,167.15,174.63,164.41,154.22,149.39,149.32,148.51,136.35,159.65,168.35,200.63,171.33,173.77,186.4,189.29,168.35,176.74,177.68,190.28,153.48,177.22,179.86,180.22,181.17,175.95,187.89,186.12,176.45,233.07
233.31,441.91,207.37,202.74,188.75,196.8,191.37,246.28,222.74,218.24,219.97,211.74,243.1,214.14,235.16,206.54,198.58,186.01,184.71,205.28,208.57,206.12,211.86,223.1,192.1,239.38,179.43,169.5,225.75,163.21,0,157.46,159.56,205.47,152.38,163.18,167.97,218.46,220.92,202.81,202.59,201.23,208.9,204.83,204.18,193.68,194.64,185.8,178.96,180.42,174.37,174.37,178.14,219.34,217.41,210.1,209.56,203.65,193.55,195.38,210.87,192.48,208.31,182.3,182.3,210.1,216.12,205.93,226.13,1.389,223.21,196.94,218.13,204.87,237.15,207.85,182.45,160.12,179.18,200.08,203.38,204.22,157.57,148.41,153.96,154.63,154.71,167.98,175.39,200.45,201.63,208.08,215.01
190.93,414.46,197.16,178.86,169.54,213.76,223.33,231.25,201.81,209.55,211.28,196.71,228.07,199.11,210.24,191.51,193.83,176.05,174.57,187.68,180.95,190.29,184.34,176.49,183.27,209.56,171.17,156.7,170.52,182.97,157.46,0,196.94,147.02,167.25,191.66,196.45,197.53,196,178.72,179.16,179.7,194.14,190.07,193.97,186.4,189.9,177.58,211.51,197.38,191.33,191.33,210.1,204.31,202.38,195.07,194.53,188.62,178.52,186.69,202.18,176.37,183.86,172.16,172.34,177.2,169.51,150.7,143.65,143.57,142.77,138.49,153.65,162.49,194.77,165.47,183.56,166.68,182.37,172.63,175.86,176.6,200.08,163.28,189.36,192.01,0.275,159.72,166.56,184.62,184.03,178.26,247.56
193.06,416.64,199.61,180.95,171.63,216.38,225.95,233.43,204.26,212,213.73,198.89,230.25,201.29,212.51,193.69,196.28,178.32,176.84,189.86,183.04,192.47,186.43,178.76,185.36,211.65,173.27,158.79,172.61,184.79,159.56,196.94,0,149.15,169.69,194.1,198.89,199.98,198.27,180.81,181.25,181.88,196.58,192.52,196.42,188.85,192.35,179.58,214.13,200,193.95,193.95,212.72,206.49,204.56,197.25,196.71,190.8,180.7,189.14,204.63,178.55,185.95,174.43,174.61,179.29,171.78,152.79,145.74,145.67,144.86,140.61,155.78,164.62,196.9,167.6,186,168.77,184.55,174.81,177.95,178.69,202.52,165.72,191.89,0.493,194.19,161.82,168.65,186.8,186.21,180.35,250.18
208.32,430.65,197.89,195.66,178.63,185.86,190.13,203.32,215.49,183.22,184.95,168.78,200.14,171.18,229.63,163.58,176.35,151.37,150.07,182.07,196.45,183.5,199.1,194.23,175.31,209.6,159.8,149.87,199.66,144.88,205.47,147.02,149.15,0,138.64,147.01,151.8,211.21,215.39,195.66,195.65,193.38,203.22,197.87,194.7,165.45,172.42,170.01,177.72,169.64,163.59,163.43,176.9,176.38,174.45,167.14,166.6,160.69,150.59,160.36,175.85,148.98,179.99,147.66,147.66,177.77,187.25,179.84,191.37,191.58,223.04,0.853,219.59,179.88,212.16,182.86,157.46,149.71,169.44,188.82,190.62,192.1,142.6,134.66,143.55,144.22,144.27,148.35,158.6,177.83,178.42,178.3,213.77
170.24,385.3,194.48,159.53,139.75,219.02,230.3,218.96,194.1,198.86,200.59,184.42,215.78,186.82,199.55,179.22,187.53,168.49,167.19,179.07,159.49,181.68,161.52,169.12,169.55,201.93,156.96,144,166.33,157.45,152.38,167.25,169.69,138.64,0,158.33,163.12,189.82,185.31,159.38,159.75,161.11,188.01,185.85,191.29,181.09,183.6,162.88,220.26,202.64,196.59,196.59,217.08,192.02,190.09,182.78,182.24,176.33,166.23,176,191.49,164.62,172.43,164.78,164.78,169.33,162.14,146.51,138.59,138.49,136.88,130.1,137.38,141.8,174.08,144.78,150.23,151.87,164.33,143.47,153.04,155.14,208.93,0.397,208.46,164.76,164.5,145.51,152.84,176.01,175.42,170.63,256.31
184.51,400.77,201.06,162.38,151.5,228.23,239.76,224.77,198.86,204.3,206.03,190.23,221.59,192.63,206.58,185.03,193.02,174.33,172.71,176.42,164.54,178.44,167.93,175.47,176.33,202.76,172.44,157.96,175.5,181.87,163.18,191.66,194.1,147.01,158.33,0,0.479,194.58,192.34,162.31,162.53,163.88,194.5,192.02,197.87,184.83,189.09,165.59,230.65,212.01,205.96,205.8,226.53,197.83,195.9,188.59,188.05,182.14,172.04,181.44,196.93,170.43,174.93,170.3,170.62,170.4,168.49,155.68,149.36,149.29,148.48,138.48,147.23,156.07,188.35,159.05,178.81,166.96,175.57,158.94,159.45,160.19,178.38,154.36,191.16,189.17,188.91,160.99,159.62,172.77,172.77,171.46,266.7
189.3,405.56,205.85,167.17,156.29,233.02,244.55,229.56,203.65,209.09,210.82,195.02,226.38,197.42,211.37,189.82,197.81,179.12,177.5,181.21,169.33,183.23,172.72,180.26,181.12,207.55,177.23,162.75,180.28,186.66,167.97,196.45,198.89,151.8,163.12,0.479,0,199.37,197.13,167.1,167.32,168.68,199.29,196.81,202.66,189.62,193.88,170.38,235.44,216.8,210.75,210.59,231.32,202.62,200.69,193.38,192.84,186.93,176.83,186.23,201.72,175.22,179.72,175.09,175.41,175.19,173.28,160.47,154.15,154.08,153.27,143.27,152.02,160.86,193.14,163.84,183.6,171.75,180.36,163.73,164.24,164.98,183.18,159.15,195.95,193.96,193.7,165.78,164.41,177.56,177.56,176.25,271.49
249.49,440.52,218.49,213.4,212.72,227.93,225.68,239.52,0.428,212.91,214.64,204.98,236.34,207.38,260.04,199.78,198.67,175.32,173.7,189.07,218.23,192,222.36,205.85,197.66,210.22,196.75,182.28,225.87,187.04,218.46,197.53,199.98,211.21,189.82,194.58,199.37,0,245.8,219.57,213.1,214,247.37,241.96,215.3,193.98,194.74,184.67,214.92,211.71,205.66,205.5,212.45,212.58,210.65,203.34,202.8,196.89,186.79,190.05,205.54,186.25,170.67,171.29,171.61,177.33,198.87,206.05,204.21,204.57,208.59,202.68,204.64,221.05,253.33,224.03,202.4,190.66,190.66,198.69,213.88,213.88,185.69,185.85,196.68,195.05,194.78,185.3,180.95,186.33,185.42,178.92,250.97
244.77,444.25,214.77,220.17,216.61,220.59,224.43,240.24,250.08,213.12,214.85,205.7,237.06,208.1,1.424,200.5,198.67,171.75,170.45,185.67,224.67,188.28,228.8,201.75,199.63,209.12,199.79,186.95,225.3,187.74,220.92,196,198.27,215.39,185.31,192.34,197.13,245.8,0,234.46,219.87,220.06,232.48,227.07,211.58,190.26,194.74,186.64,212.85,204.21,198.16,198.16,211.2,213.3,211.37,204.06,203.52,197.61,187.51,190.26,205.75,186.98,170.67,168.04,168.04,176.4,194.77,205.48,206.74,207.03,209.79,206.86,208.02,216.33,248.61,219.31,195.64,193.24,194.55,202.41,220.32,220.32,182.26,181.34,194,193.34,193.25,188.34,182.92,182.61,182.02,177.82,248.9
212.47,456.89,198.06,221.81,226.59,200.91,211.09,225.43,223.85,197.5,199.22,190.89,222.25,193.29,248.7,185.69,184.3,156.37,155.07,174.81,251.61,178.01,252.79,184.64,189.59,195.23,190.7,177.73,208.52,179.8,202.81,178.72,180.81,195.66,159.38,162.31,167.1,219.57,234.46,0,221.22,215.8,206.25,200.83,194.87,174.63,180.37,178.69,199.5,184.53,178.48,178.48,197.85,198.49,196.56,189.25,188.71,182.8,172.7,174.63,190.13,172.16,160.12,152.66,152.66,162.33,177.66,188.7,188.7,188.92,191.33,187.13,185.62,184.03,216.31,187.01,165.01,192.16,205.12,215.06,244.31,247.26,159.5,155.41,175.22,175.88,175.97,179.25,172.88,172.34,171.16,163.93,235.56
212.47,440.26,197.84,221.5,209.81,200.25,209.98,225.21,217.38,197.27,199,190.67,222.03,193.07,234.11,185.47,184.07,155.7,154.4,174.59,224.11,177.79,227.15,184.42,189.37,195,190.92,177.96,208.3,177.62,202.59,179.16,181.25,195.65,159.75,162.53,167.32,213.1,219.87,221.21,0,216.69,203.4,199.33,194.65,174.41,180.14,178.91,198.39,183.87,177.82,177.82,196.75,198.27,196.34,189.03,188.49,182.58,172.48,174.41,189.9,171.94,159.89,151.99,151.99,162.11,177.44,188.48,188.48,188.7,191.11,187.12,185.62,184.03,216.31,187.01,165.23,185.91,190.23,198.43,218.67,219.76,159.72,155.78,175.66,176.32,176.41,179.47,172.66,172.12,170.94,163.7,234.45
212.47,436.19,201.98,216.09,206.9,196.19,203.2,223.85,218.28,197.24,198.97,189.31,220.67,191.71,234.3,184.11,188.25,151.64,150.34,171.95,220.15,175.15,223.73,183.06,192.48,193.15,193.32,180.36,206.95,181.95,201.23,179.7,181.88,193.38,161.11,163.88,168.68,214,220.06,215.8,216.69,0,206.76,202.69,198.8,176.08,184.32,190.06,191.63,179.81,173.76,173.76,189.97,196.91,194.98,187.67,187.13,181.22,171.12,174.38,189.87,170.59,158.54,147.93,147.93,160.76,176.08,187.13,187.13,187.34,189.75,184.85,185.27,184.03,216.31,187.01,165.73,184.36,188.68,194.36,215.24,215.8,161.08,157.14,176.95,176.95,176.95,181.87,175.77,169.48,168.3,161.85,227.67
242.03,437.19,220.49,203.69,204.48,223.56,218.3,236.19,251.65,209.58,211.31,201.65,233.01,204.05,246.72,196.45,194.43,172.98,171.69,185.39,209.41,188,213.54,199.44,190.99,207.36,188.76,174.28,217.99,182.31,208.9,194.14,196.58,203.22,188.01,194.5,199.29,247.37,232.48,206.25,203.4,206.76,0,255.27,217.3,193.07,190.5,178.3,206.41,207.34,201.29,201.13,205.07,209.25,207.32,200.01,199.47,193.56,183.46,186.72,202.21,182.92,170.56,169.28,169.28,175,192.46,198.17,194.65,195.01,199.03,194.69,195.16,213.59,245.87,216.57,200.27,184,184,195.36,205.06,205.06,184.04,184.04,193.64,191.65,191.39,177.31,174.28,182.33,181.74,176.06,242.46
236.59,434.56,235.77,199.63,200.42,220.08,211.53,238.07,246.23,214.71,216.44,203.53,234.89,205.93,241.31,198.33,198.67,170.43,169.13,181.85,205.35,184.46,209.48,195.37,186.93,205.19,184.7,170.22,212.69,179.61,204.83,190.07,192.52,197.87,185.85,192.02,196.81,241.96,227.07,200.83,199.33,202.69,255.27,0,232.58,200.1,194.74,177.66,199.64,203.86,197.81,197.65,198.3,211.13,209.2,201.89,201.35,195.44,185.34,191.85,207.34,184.27,170.61,166.72,166.72,172.83,188.39,192.88,190.58,190.94,194.96,189.34,191.1,208.15,240.43,211.13,197.58,181.29,181.29,192.73,201,201,181.72,181.88,189.57,187.59,187.32,173.25,170.22,178.79,178.2,173.89,235.69
234.97,436.9,0.319,194.8,200,222.81,213.48,241.97,219.58,218.61,220.34,207.43,238.79,209.83,225.82,202.23,200.44,172.38,171.08,185.27,203.45,187.26,208.32,197.18,186.93,209.07,184.7,170.22,211.52,180.2,204.18,193.97,196.42,194.7,191.29,197.87,202.66,215.3,211.58,194.87,194.65,198.8,217.3,232.58,0,207.91,196.5,177.66,201.59,206.59,200.54,200.38,200.25,215.03,213.1,205.79,205.25,199.34,189.24,195.75,211.24,188.17,174.51,168.67,168.67,176.71,190.2,191.7,189.93,190.29,194.31,186.17,188.14,206.53,238.81,209.51,202.08,183.24,183.24,195.07,199.84,199.1,187.43,187.32,193.47,191.49,191.22,173.25,170.22,181.59,181.62,177.77,237.64
206.22,434.95,211.09,174.56,184.53,215.57,187.42,254.93,198.26,238.08,239.81,220.39,251.75,222.79,204.5,215.19,209.42,180.23,178.93,184.3,184.31,185.14,189.92,194.06,181.63,216.25,179.39,164.37,202.7,174.89,193.68,186.4,188.85,165.45,181.09,184.83,189.62,193.98,190.26,174.63,174.41,176.08,193.07,200.1,207.91,0,205.49,175.44,175.01,199.19,193.14,193.14,174.19,227.99,226.06,218.75,218.21,212.3,202.2,215.23,230.72,200.06,206.88,176.52,176.52,200.22,187.08,182.88,179.57,179.79,182.2,156.92,156.92,177.78,210.06,180.76,186.8,178.12,181.99,193.12,181.44,179.96,177.12,177.12,185.9,183.92,183.65,167.94,164.92,179.47,180.65,184.95,211.06
206.71,438.45,199.69,180.29,189.83,203.33,183.92,241.89,199.02,217.67,219.4,207.35,238.71,209.76,208.98,202.16,0.393,166.32,165.02,183.34,189.01,185.36,193.88,193.14,191.28,210.23,187.36,171.37,203.96,183.32,194.64,189.9,192.35,172.42,183.6,189.09,193.88,194.74,194.74,180.37,180.14,184.32,190.5,194.74,196.51,205.49,0,189.44,171.51,187.11,181.06,180.9,170.69,214.96,213.02,205.72,205.18,199.26,189.17,194.81,210.3,188.09,180.16,162.61,162.61,182.38,186.16,184.14,180.61,180.75,182.36,163.89,165.86,178.27,210.55,181.25,187.82,182.3,187.33,196.62,185.4,184.66,180.32,179.63,189.4,187.42,187.15,175.91,174.57,179.69,179.69,178.93,207.56
195.78,424.57,180.85,178.76,182.46,180.79,176.4,223.84,188.95,197.23,198.96,189.3,220.66,191.7,200.88,184.1,193.37,144.54,143.24,180.68,185.16,183.88,190.03,185.02,205.88,200.04,193.29,182.22,195.26,183.02,185.8,177.58,179.58,170.01,162.88,165.59,170.38,184.67,186.64,178.69,178.91,190.06,178.3,177.66,177.66,175.44,189.44,0,164,164.57,158.52,158.36,163.17,196.9,194.97,187.66,187.12,181.21,171.11,174.37,189.86,170.16,164.93,140.83,140.83,167.15,178.04,175.44,171.91,171.91,171.85,161.48,159.51,167.34,199.62,170.32,163.41,173.71,179.31,182.74,181.55,180.81,162.79,158.91,173.33,174.65,174.83,181.84,189.17,178.21,177.03,168.74,200.05
224.25,494.68,204.78,199.15,234.24,28.492,7.926,30.296,219.2,199.56,201.29,23.872,30.568,25.264,227.09,26.952,175.44,119.64,118.04,136.59,214.45,140.38,222.28,151.11,174.06,154.56,191.09,172.08,179.24,197.02,178.96,211.51,214.13,177.72,220.26,230.65,235.44,214.92,212.85,199.5,198.39,191.63,206.41,199.64,201.59,175.01,171.51,164,0,5.28,6.49,19.52,5.28,19.52,20.292,23.216,23.432,25.796,29.836,176.7,192.19,179.42,115.01,115.63,115.93,121.67,144.13,159.42,164.71,165.07,169.09,169.19,173.72,195.81,228.09,198.79,232.8,212.31,232.98,252.85,213.8,210.11,217.16,216.29,212.51,209.2,208.76,179.64,157.35,134.71,132.94,123.26,3.605
213.6,477.08,209.78,184.32,216.64,8.966,7.926,9.868,215.99,227.14,228.87,6.656,10.004,7.352,218.45,8.196,191.04,172.55,170.96,166.79,199.48,168.22,207.3,178.9,171.71,197.66,176.96,157.95,187.76,182.89,180.42,197.38,200,169.64,202.64,212.01,216.8,211.71,204.21,184.53,183.87,179.81,207.34,203.86,206.59,199.19,187.11,164.57,5.28,0,0.605,4.48,5.28,4.48,4.866,6.328,6.436,7.618,9.638,204.28,219.77,212.44,179.09,168.55,168.84,176.87,171.92,167.94,166.17,166.53,170.55,161.11,163.07,185.16,217.44,188.14,214.25,198.18,216.39,235.25,198.82,195.13,199.14,198.67,198.38,195.07,194.63,165.51,155,162.55,163.14,166.36,12.49
207.55,471.03,203.73,178.27,210.59,7.756,9.136,8.658,209.94,221.09,222.82,5.446,8.794,6.142,212.4,6.986,184.99,166.5,164.91,160.74,193.43,162.17,201.25,172.85,165.66,191.61,170.91,151.9,181.71,176.84,174.37,191.33,193.95,163.59,196.59,205.96,210.75,205.66,198.16,178.48,177.82,173.76,201.29,197.81,200.54,193.14,181.06,158.52,6.49,0.605,0,3.27,6.49,3.27,3.656,5.118,5.226,6.408,8.428,198.23,213.72,206.39,173.04,162.5,162.79,170.82,165.87,161.89,160.12,160.48,164.5,155.06,157.02,179.11,211.39,182.09,208.2,192.13,210.34,229.2,192.77,189.08,193.09,192.62,192.33,189.02,188.58,159.46,148.95,156.5,157.09,160.31,13.7
207.39,470.87,203.57,178.27,210.43,2.243,24.812,8.658,209.78,221.09,222.82,5.446,8.794,6.142,212.4,6.986,184.83,166.34,164.91,160.74,193.43,162.17,201.25,172.69,165.66,191.61,170.91,151.9,181.71,176.84,174.37,191.33,193.95,163.43,196.59,205.8,210.59,205.5,198.16,178.48,177.82,173.76,201.13,197.65,200.38,193.14,180.9,158.36,19.52,4.48,3.27,0,19.52,3.27,3.656,5.118,5.226,6.408,8.428,198.23,213.72,206.39,173.04,162.5,162.63,170.82,165.71,161.89,160.12,160.48,164.5,154.9,156.86,178.95,211.23,181.93,207.88,192.13,210.33,229.04,192.77,189.08,192.93,192.62,192.33,189.02,188.58,159.46,148.95,156.5,157.09,160.31,33.94
221.78,491.6,203.44,197.49,231.16,28.492,1.323,30.296,216.73,198.74,200.47,23.872,30.568,25.264,225.44,26.952,174.61,118.81,117.22,135.77,212.81,139.56,220.62,150.28,173.23,153.74,189.68,170.67,178.42,195.61,178.14,210.1,212.72,176.9,217.07,226.53,231.32,212.45,211.2,197.85,196.75,189.98,205.07,198.3,200.25,174.19,170.69,163.17,5.28,5.28,6.49,19.52,0,19.52,20.292,23.216,23.432,25.796,29.836,175.88,191.37,178.6,114.19,114.81,115.1,120.85,143.3,158.6,163.89,164.25,168.27,168.37,171.25,193.34,225.62,196.32,228.77,210.9,230.75,249.77,212.15,208.46,213.66,213.1,211.1,207.79,207.35,178.23,156.52,133.89,132.12,122.44,12.49
218.38,464.3,218.22,198.42,206.02,7.756,24.812,2.694,216.86,257.63,259.37,1.088,2.762,1.436,227.54,1.858,218.88,220.88,219.58,215.04,207.08,215.88,212.69,222.51,209.8,246.99,207.41,193.09,228.66,199.43,219.34,204.31,206.49,176.38,192.02,197.83,202.62,212.58,213.3,198.49,198.27,196.91,209.25,211.13,215.03,227.99,214.95,196.9,19.52,4.48,3.27,3.27,19.52,0,0.193,0.924,0.978,1.569,2.579,234.77,250.27,245.66,247.52,217.17,217.17,240.86,215.53,208.84,205.31,205.45,207.06,167.85,167.85,189.94,222.22,192.92,198.16,202.79,206.02,222.47,204.21,202.73,188.05,188.05,201.56,201.56,201.56,195.96,193.09,210.21,211.39,215.69,33.94
216.45,462.37,216.29,196.49,204.09,8.142,25.584,2.887,214.93,255.7,257.44,0.895,2.569,1.243,225.61,1.665,216.96,218.95,217.65,213.11,205.15,213.95,210.76,220.58,207.87,245.06,205.48,191.16,226.73,197.5,217.41,202.38,204.56,174.45,190.09,195.9,200.69,210.65,211.37,196.56,196.34,194.98,207.32,209.2,213.1,226.06,213.02,194.97,20.292,4.866,3.656,3.656,20.292,0.193,0,0.731,0.785,1.376,2.386,232.84,248.33,243.72,245.59,215.24,215.24,238.93,213.6,206.91,203.38,203.52,205.13,165.92,165.92,188.01,220.29,190.99,196.23,200.86,204.09,220.54,202.28,200.8,186.12,186.12,199.63,199.63,199.63,194.03,191.16,208.28,209.46,213.76,34.712
209.14,455.06,208.98,189.18,196.78,9.604,28.508,3.618,207.62,248.39,250.12,0.164,3.3,0.512,218.3,0.934,209.65,211.64,210.34,205.8,197.84,206.64,203.45,213.28,200.56,237.75,198.17,183.85,219.42,190.19,210.1,195.07,197.25,167.14,182.78,188.59,193.38,203.34,204.06,189.25,189.03,187.67,200.01,201.89,205.79,218.75,205.72,187.66,23.216,6.328,5.118,5.118,23.216,0.924,0.731,0,0.054,0.645,1.655,225.54,241.02,236.42,238.28,207.93,207.93,231.62,206.29,199.6,196.07,196.21,197.82,158.61,158.61,180.7,212.98,183.68,188.92,193.55,196.78,213.23,194.97,193.49,178.81,178.81,192.32,192.32,192.32,186.72,183.85,200.97,202.15,206.45,37.636
208.6,454.52,208.44,188.64,196.24,9.712,28.724,3.672,207.08,247.85,249.58,0.218,3.354,0.458,217.76,0.88,209.11,211.1,209.8,205.26,197.3,206.1,202.91,212.74,200.02,237.21,197.63,183.31,218.88,189.66,209.56,194.53,196.71,166.6,182.24,188.05,192.84,202.8,203.52,188.71,188.49,187.13,199.47,201.35,205.25,218.21,205.18,187.12,23.432,6.436,5.226,5.226,23.432,0.978,0.785,0.054,0,0.591,1.601,224.99,240.48,235.88,237.74,207.39,207.39,231.08,205.75,199.06,195.53,195.67,197.28,158.07,158.07,180.16,212.44,183.14,188.38,193.01,196.24,212.69,194.43,192.95,178.27,178.27,191.78,191.78,191.78,186.18,183.31,200.43,201.61,205.91,37.852
202.69,448.61,202.53,182.73,190.33,10.894,31.088,4.263,201.17,241.94,243.67,0.809,3.945,1.049,211.85,0.289,203.19,205.19,203.89,199.35,191.39,200.19,197,206.82,194.11,231.3,191.72,177.4,212.97,183.75,203.65,188.62,190.8,160.69,176.33,182.14,186.93,196.89,197.61,182.8,182.58,181.22,193.56,195.44,199.34,212.3,199.26,181.21,25.796,7.618,6.408,6.408,25.796,1.569,1.376,0.645,0.591,0,1.01,219.09,234.57,229.97,231.83,201.48,201.48,225.17,199.85,193.15,189.62,189.76,191.37,152.16,152.16,174.25,206.53,177.23,182.47,187.1,190.33,206.78,188.52,187.04,172.36,172.36,185.87,185.87,185.87,180.27,177.4,194.52,195.7,200,40.216
192.59,438.51,192.43,172.63,180.23,12.914,35.128,5.273,191.07,231.84,233.57,1.819,4.955,2.059,201.75,1.299,193.1,195.09,193.79,189.25,181.29,190.09,186.9,196.72,184.01,221.2,181.62,167.3,202.87,173.65,193.55,178.52,180.7,150.59,166.23,172.04,176.83,186.79,187.51,172.7,172.48,171.12,183.46,185.34,189.24,202.2,189.17,171.11,29.836,9.638,8.428,8.428,29.836,2.579,2.386,1.655,1.601,1.01,0,208.98,224.47,219.87,221.73,191.38,191.38,215.07,189.74,183.05,179.52,179.66,181.27,142.06,142.06,164.15,196.43,167.13,172.37,177,180.23,196.68,178.42,176.94,162.26,162.26,175.77,175.77,175.77,170.17,167.3,184.42,185.6,189.9,44.256
202.36,438.34,198.94,174.56,183.49,220.66,189.11,261.72,194.33,2.286,2.459,227.18,258.53,229.57,204.5,221.97,198.74,185.32,184.02,185.99,184.31,186.83,189.92,195.76,183.32,217.95,181.09,166.07,204.4,176.05,195.38,186.69,189.14,160.36,176,181.44,186.23,190.05,190.26,174.63,174.41,174.38,186.72,191.85,195.75,215.22,194.81,174.37,176.71,204.28,198.23,198.23,175.88,234.77,232.84,225.53,224.99,219.09,208.98,0,1.549,206.84,211.96,181.61,181.61,205.3,188.78,184.58,181.27,181.49,183.9,151.83,151.83,173.92,206.2,176.9,183.41,179.77,183.48,196.51,181.44,179.96,172.03,172.03,186.19,184.21,183.94,169.64,166.61,181.16,182.34,186.65,212.76
217.85,453.83,214.43,190.05,198.98,236.15,204.6,277.2,209.82,0.737,0.91,242.67,274.03,245.06,219.99,237.47,214.23,200.81,199.51,201.48,199.8,202.32,205.41,211.25,198.81,233.44,196.58,181.56,219.89,191.54,210.87,202.19,204.63,175.85,191.49,196.93,201.72,205.54,205.75,190.13,189.9,189.87,202.21,207.34,211.24,230.72,210.3,189.85,192.2,219.77,213.72,213.72,191.37,250.27,248.33,241.03,240.48,234.57,224.47,1.549,0,222.33,227.45,197.1,197.1,220.79,204.27,200.07,196.76,196.98,199.39,167.32,167.32,189.41,221.69,192.39,198.9,195.26,198.97,212,196.93,195.45,187.52,187.52,201.68,199.7,199.43,185.13,182.1,196.65,197.83,202.14,228.25
190.98,437.97,191.36,172.09,179.69,228.82,191.83,272.6,190.53,229.7,231.43,238.06,269.42,240.46,201.22,232.86,192.02,230.79,228.22,189.09,180.75,189.93,186.36,196.19,183.52,221.32,180.79,166.81,201.8,172.82,192.48,176.37,178.55,148.98,164.62,170.43,175.22,186.25,186.98,172.16,171.94,170.59,182.92,184.27,188.17,200.06,188.09,170.16,179.43,212.44,206.39,206.39,178.6,245.66,243.73,236.42,235.88,229.96,219.87,206.84,222.33,0,223.34,225.81,227.08,216.68,189.21,181.98,178.45,178.59,180.2,140.45,140.45,162.54,194.82,165.52,169.69,175.92,179.69,196.14,177.88,176.4,160.65,160.65,173.62,173.62,173.62,169.34,166.81,184.26,185.44,190.02,215.48
210.43,437.81,177.7,160.04,179.48,195.47,127.42,274.46,174.95,234.82,236.55,239.92,271.28,242.32,184.91,234.72,184.09,230.14,230.12,198.47,170.82,199.31,177.17,212.04,187.48,232.57,189.66,176.47,217.55,181.14,208.31,183.86,185.95,179.99,172.43,174.93,179.72,170.67,170.67,160.11,159.89,158.54,170.56,170.61,174.51,206.88,180.16,164.93,115.01,179.09,173.04,173.04,114.19,247.52,245.59,238.28,237.74,231.83,221.73,211.96,227.45,223.34,0,227.71,226.44,213.13,205.06,197.73,194.2,194.42,196.83,171.46,169.49,181.99,214.27,184.97,179.76,183.32,183.17,195.98,168.69,166.47,167.23,168.46,180.36,181.02,181.11,178.21,170.77,193.64,194.82,201.28,151.06
