0,445.26,237.44,238.39,203.43,229.82,235.01,245.32,254.39,225.22,226.95,210.78,242.14,213.18,269.94,205.58,210.64,194.99,193.69,208.89,253.7,210.91,261.52,213.07,206.06,236.54,203.82,189.35,225.91,199.33,238.07,190.93,193.06,208.32,170.24,184.51,189.3,250.11,255.7,238.75,237.64,231.4,239.32,235.72,234.25,206.22,206.71,196.79,224.26,213.61,207.56,207.39,221.78,218.38,216.45,209.14,208.6,202.69,192.59,202.36,217.85,190.98,210.43,191.28,191.28,205.24,206.09,206.09,223.96,224.18,226.59,199.79,223.3,2.844,5.476,2.546,211.08,190.56,212.17,203.43,253.04,249.35,178.89,166.27,187.46,188.13,188.18,192.37,189.35,205.24,205.24,205.24,260.31
445.26,0,488.59,493.42,56.902,508.36,519.65,508.84,499.21,488.73,490.46,474.3,505.66,476.7,516.27,469.1,480.53,457.84,456.54,470.4,508.58,471.83,516.4,464.77,463.48,496.21,442.38,432.44,460.81,427.52,446.08,428.82,430.87,433.06,399.42,412.05,416.84,494.93,502.03,493.63,492.85,494.84,484.94,483.59,485.4,470.48,476.6,464.89,509.03,491.98,485.93,485.93,506.42,481.9,479.97,472.66,472.12,466.21,456.11,465.87,481.36,454.5,465.54,454.13,454.13,463.32,457.79,440.99,432.41,432.19,429.78,424.53,421.24,416.82,449.1,419.8,409.35,61.224,56.902,24.183,507.92,504.23,414.85,395.45,424.62,425.94,426.07,430.93,446.77,466.16,466.75,464.91,545.08
237.44,488.59,0,167.03,240.39,223.88,215.53,233.8,180.68,207.19,208.92,199.26,230.62,201.66,187.9,194.06,189.95,170.09,168.47,177.82,182.05,180.43,189.87,195.09,187.21,202.25,198.34,179.34,210.91,203.11,203.58,208.86,211.3,195.18,199.24,209.24,214.03,176.4,173.66,167.1,177.84,203.12,183.01,217.16,0.319,192.49,186.03,188.92,204.18,207.5,201.45,201.45,202.3,206.86,204.93,197.62,197.08,191.17,181.07,184.33,199.82,180.54,168.18,166.06,166.38,170.42,188.11,191.09,189.33,189.69,193.71,186.65,186.91,209,241.28,211.98,213.96,208.24,229.85,246.75,181.39,177.7,196.18,195.27,208.36,206.37,206.11,186.89,170.5,174.76,174.17,170.95,240.23
238.39,493.42,167.03,0,241.37,195.5,206.58,215.84,230.16,183.42,185.15,181.3,212.66,183.7,255.01,176.1,163.15,143.93,142.63,168.5,281.95,172.29,289.77,178.41,186.7,184.42,203.73,184.72,210.12,209.66,209.32,211.82,214.08,205.56,205.11,209.35,214.14,225.88,240.77,267,266.69,182.56,212.56,171.87,163.84,155.72,159.22,162.74,195.5,179.19,173.14,173.07,193.35,188.9,186.97,179.66,179.12,173.21,163.11,160.56,176.05,163.11,144.34,140.22,140.22,151,171.43,190.3,195.07,195.43,199.45,197.03,201.11,209.95,242.23,212.93,212.17,211.8,233.41,251.59,281.29,277.6,203.74,201.14,209.82,209.16,209.07,192.28,169.99,166.62,164.85,153.12,231.55
203.43,56.902,240.39,241.37,0,252.25,261.82,265.05,253.15,243.42,245.15,230.51,261.87,232.91,267,225.31,229.74,210.61,209.29,219.55,256.54,222.16,264.36,214.41,215.01,243.98,194.06,184.13,207.57,185.69,193.84,179.54,181.6,183.32,153.87,169.79,174.58,248.87,252.76,241.59,243.24,246.4,239.39,236.91,237.2,222.3,225.81,215.75,250,235.87,229.82,229.82,248.59,238.11,236.18,228.87,228.33,222.42,212.32,220.56,236.05,210.71,218.81,206.88,206.9,212.15,207.43,187.75,180.02,179.95,179.15,174.79,179.41,174.99,207.27,177.97,167.52,12.858,8.536,8.536,255.88,252.19,167.58,149.9,175.34,176.67,176.79,182.62,198.3,216.49,215.9,212.68,286.05
229.82,508.36,223.88,195.5,252.25,0,33.784,13.144,228.52,243.52,245.25,9.932,13.28,10.628,230.52,11.472,207.26,188.77,187.34,183.17,210.74,184.6,218.56,195.12,188.09,214.04,193.34,174.33,204.14,199.27,196.8,213.76,216.38,185.86,219.02,228.23,233.02,224.24,216.28,195.79,194.82,190.76,214.59,214.84,220.69,215.57,203.33,180.79,28.492,8.966,7.756,2.243,28.492,7.756,8.142,9.604,9.712,10.894,12.914,220.66,236.15,228.82,195.47,184.93,185.06,193.25,188.14,184.32,182.55,182.91,186.93,177.33,179.29,201.38,233.66,204.36,230.31,214.56,236.17,266.53,210.08,206.39,215.36,215.05,214.76,211.45,211.01,181.89,171.38,178.93,179.52,182.74,42.912
235.01,519.65,215.53,206.58,261.82,33.784,0,35.588,229.12,211.97,213.7,29.164,35.86,30.556,235.71,32.244,187.84,132.04,130.45,149,221.89,152.79,229.71,163.51,186.46,166.97,202.91,183.9,191.65,208.84,191.37,223.33,225.95,190.13,230.3,239.76,244.55,224.84,221.47,206.94,205.83,201.77,211.5,210.39,212.34,187.41,183.91,176.4,7.926,7.926,9.136,24.812,1.323,24.812,25.584,28.508,28.724,31.088,35.128,189.11,204.6,191.83,127.42,128.04,128.33,134.08,156.53,171.83,177.12,177.48,181.5,181.6,184.48,206.57,238.85,209.55,242,224.13,245.74,277.82,221.23,217.54,226.89,226.34,224.33,221.02,220.58,191.46,169.75,147.12,145.35,135.67,15.136
245.32,508.84,233.8,215.84,265.05,13.144,35.588,0,232,277.79,279.52,3.782,5.456,4.13,241.96,4.552,237.76,242.39,241.09,235.34,231.07,236.18,238.89,246.32,230.26,267.19,232.37,216.5,254.16,227.16,244.92,231.25,233.43,203.32,218.96,224.77,229.56,227.72,227.72,216.13,215.24,218.8,221.27,226.71,230.61,248.14,233.83,217.27,30.296,9.868,8.658,8.658,30.296,2.694,2.887,3.618,3.672,4.263,5.273,254.93,270.42,265.81,266.6,238.68,238.68,259.94,239.34,234.35,230.82,231.03,233.44,194.79,194.79,216.88,249.16,219.86,225.1,233.77,255.38,267.01,230.41,226.73,214.99,214.99,228.5,228.5,228.5,220.92,213.55,230.51,231.69,235.9,44.716
254.39,499.21,180.68,230.16,253.15,228.52,229.12,232,0,195.62,197.35,197.47,228.83,199.86,270.92,192.27,177.49,177.93,177.07,187.56,245.4,190.17,253.22,207.07,194.01,211.52,206.78,187.77,226.44,212.71,220.6,225.32,227.77,211.81,209.87,214.78,219.57,0.428,256.68,230.45,229.56,182.51,258.25,186.84,177.49,169.37,173.56,166.15,218.37,212.47,206.42,206.09,215.89,205.07,203.13,195.82,195.28,189.38,179.27,172.76,188.25,180.35,174.46,174.66,174.22,179.16,200.09,206.62,206.35,206.71,210.73,203.28,203.86,225.95,258.23,228.93,220.6,224.41,246.02,257.38,244.74,241.05,206.27,205.89,224.49,222.84,222.57,195.33,177.3,184.5,183.91,180.22,254.42
225.22,488.73,207.19,183.42,243.42,243.52,211.97,277.79,195.62,0,1.647,243.25,274.61,245.65,204.54,238.05,211.14,202.76,201.45,203.19,198.53,204.62,206.35,213.19,203.65,234.07,205.87,188.5,224.16,204.52,215.06,211.96,214.32,183.22,198.86,204.3,209.09,191.34,190.3,183.58,182.97,192.19,188.14,200.1,204,231.3,207.21,190.66,199.57,227.14,221.09,221.09,198.74,250.85,248.92,241.61,241.07,235.16,225.06,2.286,0.737,222.91,226.96,199.04,199.04,220.3,206.21,204.34,200.88,201.16,204.04,174.69,174.69,196.78,229.06,199.76,206.27,212.47,234.08,246.9,197.87,194.18,194.89,194.89,210.15,209.39,209.21,194.42,186.94,198.95,199.54,202.77,235.62
226.95,490.46,208.92,185.15,245.15,245.25,213.7,279.52,197.35,1.647,0,244.98,276.34,247.38,206.27,239.78,212.87,204.48,203.19,204.92,200.26,206.35,208.08,214.92,205.38,235.8,207.6,190.23,225.89,206.25,216.79,213.69,216.05,184.95,200.59,206.03,210.82,193.07,192.03,185.31,184.7,193.92,189.87,201.83,205.73,233.03,208.94,192.39,201.3,228.87,222.82,222.82,200.47,252.58,250.65,243.34,242.8,236.89,226.79,2.459,0.91,224.64,228.69,200.78,200.78,222.03,207.94,206.07,202.61,202.89,205.78,176.42,176.42,198.51,230.79,201.49,208,214.2,235.81,248.63,199.6,195.91,196.62,196.62,211.88,211.12,210.94,196.15,188.67,200.68,201.27,204.5,237.35
210.78,474.3,199.26,181.3,230.51,9.932,29.164,3.782,197.46,243.25,244.98,0,3.464,0.676,207.42,1.098,203.22,207.85,206.55,200.8,196.53,201.64,204.35,211.78,195.72,232.65,197.83,181.96,219.63,192.62,210.38,196.71,198.89,168.78,184.42,190.23,195.02,193.18,193.19,181.58,180.7,184.26,186.73,192.17,196.07,213.6,199.29,182.73,23.872,6.656,5.446,5.446,23.872,1.088,0.895,0.164,0.218,0.809,1.819,220.39,235.88,231.27,232.06,204.14,204.14,225.39,204.8,199.81,196.28,196.49,198.9,160.25,160.25,182.34,214.62,185.32,190.56,199.23,220.84,232.47,195.87,192.18,180.45,180.45,193.96,193.96,193.96,186.38,179.01,195.97,197.15,201.35,38.292
242.14,505.66,230.62,212.66,261.87,13.28,35.86,5.456,228.83,274.61,276.34,3.464,0,3.812,238.78,4.234,234.58,239.21,237.91,232.16,227.89,233,235.71,243.14,227.09,264.01,229.19,213.32,250.98,223.98,241.74,228.07,230.25,200.14,215.78,221.59,226.38,224.54,224.54,212.94,212.06,215.62,218.09,223.53,227.43,244.96,230.65,214.09,30.568,10.004,8.794,8.794,30.568,2.762,2.569,3.3,3.354,3.945,4.955,251.75,267.24,262.63,263.41,235.5,235.5,256.75,236.16,231.16,227.64,227.85,230.26,191.61,191.61,213.7,245.98,216.68,221.92,230.59,252.2,263.83,227.23,223.54,211.81,211.81,225.32,225.32,225.32,217.74,210.38,227.33,228.51,232.71,44.988
213.18,476.7,201.66,183.7,232.91,10.628,30.556,4.13,199.87,245.65,247.38,0.676,3.812,0,209.82,1.338,205.62,210.25,208.95,203.2,198.94,204.04,206.75,214.18,198.12,235.06,200.23,184.36,222.03,195.02,212.78,199.11,201.29,171.18,186.82,192.63,197.42,195.58,195.58,183.99,183.1,186.66,189.13,194.57,198.47,216,201.69,185.13,25.264,7.352,6.142,6.142,25.264,1.436,1.243,0.512,0.458,1.049,2.059,222.79,238.28,233.67,234.46,206.54,206.54,227.79,207.2,202.21,198.68,198.89,201.31,162.65,162.65,184.74,217.02,187.72,192.96,201.63,223.24,234.87,198.28,194.59,182.85,182.85,196.36,196.36,196.36,188.78,181.41,198.37,199.55,203.76,39.684
269.95,516.27,187.9,255.01,267,230.52,235.71,241.97,270.92,204.54,206.27,207.42,238.78,209.83,0,202.22,184.02,178.06,176.76,196.56,270.25,199.76,278.06,212.54,206.44,216.54,222.28,203.27,240.09,228.21,235.91,237.11,239.55,231.78,225.8,231.5,236.29,266.64,1.424,255.3,254.41,196.8,253.32,196.8,184.71,176.59,180.09,179.83,224.96,214.3,208.25,208.09,222.48,215.03,213.09,205.78,205.24,199.33,189.23,181.68,197.17,190.31,176.98,174.35,174.35,183.65,205.56,220.27,221.66,222.02,226.04,223.25,224.99,241.51,273.78,244.49,234.97,236.49,258.1,274.44,269.59,265.9,221.67,221.83,236.61,234.62,234.36,210.83,189.73,194.09,192.91,185.24,261.01
205.58,469.1,194.06,176.1,225.31,11.472,32.244,4.552,192.27,238.05,239.78,1.098,4.234,1.338,202.22,0,198.02,202.65,201.35,195.6,191.33,196.44,199.15,206.58,190.52,227.46,192.63,176.76,214.42,187.42,205.18,191.51,193.69,163.58,179.22,185.03,189.82,187.98,187.98,176.38,175.5,179.06,181.53,186.97,190.87,208.4,194.09,177.53,26.952,8.196,6.986,6.986,26.952,1.858,1.665,0.934,0.88,0.289,1.299,215.19,230.68,226.07,226.86,198.94,198.94,220.2,199.6,194.6,191.08,191.29,193.7,155.05,155.05,177.14,209.42,180.12,185.36,194.03,215.64,227.27,190.67,186.98,175.25,175.25,188.76,188.76,188.76,181.18,173.81,190.77,191.95,196.15,41.372
210.64,480.53,189.96,163.15,229.74,207.26,187.85,237.76,177.49,211.14,212.87,203.22,234.58,205.62,184.02,198.02,0,165.58,164.28,184.56,178.17,186.57,185.99,196.81,194.95,210.53,196.52,180.07,207.64,198.98,198.4,200.19,202.55,176.35,190.29,193.48,198.27,173.2,169.78,163.22,169.34,181.95,173.08,182.87,186.77,203.47,0.393,187.43,175.44,191.04,184.99,184.83,174.62,210.82,208.89,201.58,201.04,195.13,185.03,188.28,203.77,184.49,175.15,161.87,161.87,178.17,189.83,187.82,184.29,184.51,186.29,167.82,169.79,182.2,214.48,185.18,193.28,199.52,221.13,238.7,177.51,173.82,188.08,186.32,198.84,197.62,197.44,185.07,178.24,180.91,180.91,179.23,211.49
194.99,457.84,170.09,143.93,210.61,188.77,132.04,242.39,177.93,202.76,204.49,207.85,239.21,210.25,178.06,202.65,165.58,0,227.16,170.89,159.1,171.14,166.92,184.35,159.54,203.25,170.68,151.67,193.35,170.86,186.01,176.05,178.32,151.37,168.49,174.33,179.12,173.65,163.82,144.15,143.48,142.13,161.75,162.14,166.9,174.81,161.65,139.11,119.64,172.56,166.5,166.34,118.81,215.45,213.52,206.21,205.67,199.76,189.66,179.9,195.38,222.93,222.28,224.75,0.371,184.61,177.37,173.53,171.76,172.12,176.14,142.84,144.8,166.55,198.83,169.53,173.4,178.05,199.66,216.01,158.44,154.75,165.14,164.52,174.05,173.39,173.3,159.23,142.83,165.47,167.24,171.95,155.69
193.69,456.54,168.47,142.63,209.29,187.34,130.45,241.09,177.07,201.45,203.19,206.55,237.91,208.95,176.76,201.35,164.28,227.16,0,169.59,157.8,169.84,165.62,183.27,158.24,201.95,169.38,150.37,192.05,169.24,184.71,174.57,176.84,150.07,167.19,172.71,177.5,172.79,162.52,142.85,142.18,140.83,160.14,160.84,165.28,173.51,160.35,137.81,118.04,170.96,164.91,164.91,117.22,214.15,212.22,204.91,204.37,198.46,188.36,178.6,194.09,220.35,222.25,0.241,223.45,183.31,176.29,172.23,170.46,170.82,174.84,141.54,143.5,165.25,197.53,168.23,172.1,176.43,198.04,214.71,157.14,153.45,164.13,163.22,172.57,171.91,171.82,157.93,141.53,164.17,165.94,170.65,154.09
208.89,470.4,177.82,168.5,219.55,183.17,149,235.34,187.56,203.19,204.92,200.8,232.16,203.2,196.56,195.6,184.56,170.89,169.59,0,183.67,221.86,191.49,211.92,202.71,236.94,206.11,192.13,214.66,193.3,205.28,188.36,190.45,182.07,179.07,176.42,181.21,183.28,182.32,168.72,168.05,167.87,171.87,170.73,174.63,178.64,180.63,174.97,136.59,166.79,160.74,160.74,135.77,208.4,206.47,199.16,198.62,192.71,182.61,180.33,195.82,182.61,193.05,167.18,167.18,203.52,204.94,194.84,191.32,191.39,191.6,173.54,172.37,180.45,212.73,183.43,173.83,190.53,212.14,228.57,183.01,179.32,175.77,175.1,184.86,185.52,185.61,194.66,186,216.19,0.365,205.64,172.64
253.7,508.58,182.05,281.95,256.54,210.74,221.89,231.08,245.4,198.53,200.26,196.53,227.9,198.94,270.25,191.33,178.17,159.1,157.8,183.67,0,187.46,1.652,193.58,201.79,199.58,218.82,199.81,225.36,224.75,224.56,226.98,229.25,220.87,220.28,224.44,229.23,241.12,256,1.495,281.35,197.51,227.8,186.96,178.86,170.74,174.24,177.83,210.81,194.5,188.45,188.31,208.66,204.13,202.21,194.9,194.35,188.44,178.34,175.67,191.16,178.34,159.5,155.39,155.39,166.16,186.6,205.54,210.3,210.66,214.69,212.34,216.42,225.26,257.54,228.24,227.4,226.97,248.58,266.75,0.804,0.435,218.83,216.31,224.98,224.32,224.23,207.37,185.08,181.79,180.02,168.28,246.86
210.91,471.83,180.43,172.29,222.16,184.6,152.79,236.18,190.17,204.62,206.35,201.64,233,204.04,199.76,196.44,186.57,171.14,169.84,221.86,187.46,0,195.28,212.76,207.09,236.6,210.49,196.51,215.5,197.36,206.12,191.56,193.65,183.5,181.68,178.44,183.23,185.89,185.52,172.51,171.84,172.24,174.48,173.34,177.24,180.07,182.65,179.35,140.38,168.22,162.17,162.17,139.56,209.24,207.31,200,199.46,193.55,183.45,181.76,197.25,183.45,193.89,167.43,167.43,203.18,205.78,195.68,192.16,192.23,192.44,174.97,174.39,182.47,214.75,185.45,175.84,192.81,214.42,230,186.8,183.11,178.38,177.71,188.06,188.72,188.81,199.04,190.38,0.567,218.21,205.3,176.43
261.52,516.4,189.87,289.77,264.36,218.56,229.71,238.89,253.22,206.35,208.08,204.36,235.72,206.75,278.06,199.16,185.99,166.92,165.62,191.49,1.652,195.28,0,201.4,209.61,207.4,226.64,207.63,233.18,232.57,232.38,234.8,237.07,228.69,228.1,232.26,237.05,248.94,263.82,2.277,289.17,205.33,235.62,194.78,186.68,178.56,182.06,185.65,218.63,202.32,196.27,196.13,216.48,211.96,210.02,202.72,202.18,196.27,186.17,183.49,198.98,186.17,167.32,163.21,163.21,173.98,194.41,213.36,218.13,218.49,222.5,220.16,224.24,233.08,265.36,236.06,235.22,234.79,256.4,274.57,0.848,1.217,226.65,224.13,232.8,232.14,232.05,215.19,192.9,189.61,187.84,176.1,254.68
213.07,464.77,195.09,178.41,214.41,195.12,163.51,246.32,207.07,213.19,214.92,211.78,243.14,214.18,212.54,206.58,196.81,184.35,183.27,211.92,193.58,212.76,201.39,0,198.16,246.02,186.32,176.38,250.49,171.39,223.1,176.49,178.76,194.23,169.12,175.47,180.26,202.79,198.3,178.62,177.96,176.61,192.32,189.95,191.9,188.64,192.88,181.04,151.11,178.9,172.85,172.69,150.28,219.38,217.45,210.14,209.6,203.69,193.59,190.33,205.82,194.12,212.04,180.86,180.64,230.63,0.698,230.67,223.62,209.21,208.41,185.7,183.73,184.63,216.91,187.61,177.16,180.47,202.08,222.94,192.92,189.22,172.34,165.15,174.35,173.83,173.74,174.87,181.45,207.09,208.27,214.72,187.16
206.06,463.48,187.21,186.7,215.01,188.09,186.46,230.27,194.01,203.65,205.38,195.73,227.09,198.13,206.44,190.52,194.95,159.54,158.24,202.71,201.79,207.09,209.61,198.16,0,217.46,221.12,249.01,201.63,206.2,192.1,188.59,190.68,175.31,176.33,187.28,192.07,189.73,192.2,186.84,189.56,197.86,184.77,184.02,184.02,182.49,191.02,217.06,174.06,171.71,165.66,165.66,173.23,203.32,201.4,194.08,193.54,187.63,177.54,180.79,196.28,177,177.5,155.83,155.83,184.04,191.18,181.81,178.28,178.21,177.4,166.78,168.78,177.62,209.9,180.6,186.89,191.25,212.86,221.65,201.13,197.44,186.24,172.36,185.09,185.75,185.84,209.67,1.671,201.42,199.06,186.16,210.11
236.54,496.21,202.25,184.42,243.98,214.04,166.97,267.2,211.52,234.07,235.8,232.66,264.01,235.06,216.54,227.45,210.53,203.25,201.95,236.94,199.58,236.6,207.4,246.02,217.46,0,220.86,206.88,248.77,208.05,239.38,209.56,211.65,209.6,201.93,202.76,207.55,207.24,202.3,184.63,183.97,182.61,196.29,195.16,199.06,209.51,206.6,189.72,154.56,197.66,191.61,191.61,153.74,240.25,238.32,231.02,230.48,224.56,214.47,211.21,226.7,215,227.15,199.54,199.54,244.08,239.04,228.95,225.42,225.49,225.7,201.07,199.1,208.1,240.38,211.08,201.48,212.5,234.11,254.38,198.92,195.23,197.24,197.96,206.06,206.72,206.81,209.41,200.75,230.93,233.29,3.13,190.61
203.82,442.38,198.35,203.73,194.06,193.34,202.91,232.37,206.78,205.87,207.6,197.83,229.19,200.23,222.28,192.63,196.52,170.68,169.38,206.11,218.82,210.49,226.64,186.32,221.12,220.86,0,217.93,188.96,210.08,179.43,178.97,180.97,159.8,159.77,178.87,183.66,202.5,208.04,203.87,206.59,213.62,195.91,195.16,195.16,183.13,192.59,204.53,191.09,176.96,170.91,170.91,189.68,205.43,203.5,196.19,195.65,189.74,179.64,183.01,198.5,178.57,187.22,166.97,166.97,187.44,179.34,169.14,165.62,165.54,164.74,151.27,166.55,175.38,207.66,178.36,190.33,181.57,203.18,200.55,218.16,214.47,176.06,155.8,174.72,176.04,176.22,1.145,204.41,204.82,202.46,189.56,227.14
189.35,432.44,179.34,184.72,184.13,174.33,183.9,216.5,187.77,188.5,190.23,181.96,213.32,184.36,203.27,176.76,180.07,151.67,150.37,192.13,199.81,196.51,207.63,176.38,249.01,206.88,217.93,0,179.03,192.58,169.5,164.49,166.5,149.87,146.81,164.39,169.18,183.49,189.03,184.86,187.58,194.61,176.9,176.15,176.15,165.64,176.14,198.31,172.08,157.95,151.9,151.9,170.67,189.56,187.63,180.32,179.78,173.87,163.77,165.64,181.13,163.24,171.24,147.96,147.96,173.46,169.4,159.21,155.68,155.61,154.8,141.34,152.07,160.91,193.19,163.89,175.86,167.09,188.7,190.61,199.15,195.46,161.59,142.84,160.24,161.57,161.74,206.48,232.3,190.84,188.48,175.58,208.13
225.91,460.81,210.92,210.12,207.57,204.14,191.65,254.17,226.44,224.16,225.89,219.63,250.98,222.03,240.09,214.43,207.64,193.35,192.05,214.66,225.36,215.5,233.18,250.49,201.63,248.77,188.96,179.03,0,174.04,225.75,170.52,172.61,199.66,166.34,175.5,180.28,222.16,225.85,210.41,209.52,209.6,210.95,208.24,207.73,199.61,203.71,196.07,179.24,187.76,181.71,181.71,178.42,227.22,225.3,217.98,217.45,211.54,201.44,201.3,216.79,200.9,217.55,189.64,189.64,223.08,243.51,1.982,256.85,211.86,211.05,191.13,196.57,197.47,229.75,200.45,190,173.18,194.79,218.98,224.7,221.01,169.88,162.37,167.02,167.68,167.77,177.51,184.92,209.83,211.01,217.47,215.29
199.33,427.52,203.11,209.66,185.69,199.27,208.84,227.16,212.71,204.52,206.25,192.62,223.98,195.02,228.21,187.42,198.98,170.86,169.24,193.3,224.75,197.36,232.57,171.39,206.2,208.05,210.08,192.58,174.04,0,164.51,187.2,189.03,144.88,160.5,193.93,198.72,208.43,213.97,209.8,212.52,218.76,201.84,201.08,199.92,183.69,195.05,195.28,197.02,182.89,176.84,176.84,195.61,200.22,198.29,190.98,190.44,184.53,174.43,181.66,197.15,172.82,181.14,166.83,167.15,174.63,164.41,154.22,150.69,150.62,149.81,136.35,162.05,170.89,203.17,173.87,185.83,222.29,243.9,185.69,224.09,220.4,202.35,156.53,181.45,184.1,184.45,198.63,189.49,191.69,189.65,176.75,233.07
238.07,446.08,203.58,209.32,193.84,196.8,191.37,244.92,220.6,215.06,216.79,210.38,241.74,212.78,235.91,205.18,198.4,186.01,184.71,205.28,224.56,206.12,232.38,223.1,192.1,239.38,179.43,169.5,225.75,164.51,0,157.46,159.56,205.47,152.38,163.18,167.97,216.32,221.67,209.61,208.72,208.18,203.62,200.91,200.39,190.5,194.47,186.54,178.96,180.42,174.37,174.37,178.14,217.98,216.05,208.74,208.2,202.29,192.19,192.2,207.69,191.66,208.31,182.3,182.3,210.1,216.12,205.93,226.13,1.389,223.21,196.94,222.88,209.63,241.91,212.61,187.21,160.12,181.73,204.25,223.9,220.21,157.57,148.41,153.96,154.63,154.71,167.98,175.39,200.45,201.63,208.08,215.01
190.93,428.82,208.86,211.82,179.54,213.76,223.33,231.25,225.32,211.96,213.69,196.71,228.07,199.11,237.11,191.51,200.19,176.05,174.57,188.36,226.98,191.56,234.8,176.49,188.59,209.56,178.97,164.49,170.52,187.2,157.46,0,201.17,147.02,170.29,203.73,208.52,221.04,222.87,212.03,213.74,216.92,209.73,205.67,205.67,190.31,196.26,186.76,211.51,197.38,191.33,191.33,210.1,204.31,202.38,195.07,194.53,188.62,178.52,189.1,204.59,176.37,183.86,172.16,172.34,177.2,169.51,150.7,143.65,143.57,142.77,138.49,153.65,162.49,194.77,165.47,195.63,177.47,199.08,186.99,226.32,222.63,212.15,166.32,193.59,196.24,0.275,167.52,171.88,185.89,184.71,178.26,247.56
193.06,430.87,211.3,214.09,181.6,216.38,225.95,233.43,227.77,214.32,216.05,198.89,230.25,201.29,239.55,193.69,202.55,178.32,176.84,190.45,229.25,193.65,237.07,178.76,190.68,211.65,180.97,166.5,172.61,189.03,159.56,201.17,0,149.15,172.74,206.17,210.96,223.49,225.31,214.3,215.92,219.01,212.17,208.11,208.11,192.66,198.62,188.85,214.13,200,193.95,193.95,212.72,206.49,204.56,197.25,196.71,190.8,180.7,191.46,206.95,178.55,185.95,174.43,174.61,179.29,171.78,152.79,145.74,145.67,144.86,140.61,155.78,164.62,196.9,167.6,198.07,179.53,201.14,189.04,228.59,224.9,214.59,168.77,196.13,0.493,198.42,169.52,173.97,187.98,186.8,180.35,250.18
208.32,433.05,195.18,205.56,183.32,185.86,190.13,203.32,211.81,183.22,184.95,168.78,200.14,171.18,231.78,163.58,176.35,151.37,150.07,182.07,220.87,183.5,228.69,194.23,175.31,209.6,159.8,149.87,199.66,144.88,205.47,147.02,149.15,0,138.64,147.01,151.8,207.53,217.54,205.92,204.81,201,195.36,192.65,191.99,165.45,172.42,170.01,177.72,169.64,163.59,163.43,176.9,176.38,174.45,167.14,166.6,160.69,150.59,160.36,175.85,148.98,179.99,147.66,147.66,177.77,187.25,179.84,191.37,191.58,227.8,0.853,224.35,179.88,212.16,182.86,157.46,149.71,171.32,191.22,220.21,216.52,142.6,134.66,143.55,144.22,144.27,148.35,158.6,177.83,178.42,178.3,213.77
170.24,399.42,199.24,205.11,153.87,219.02,230.3,218.96,209.87,198.86,200.59,184.42,215.78,186.82,225.8,179.22,190.29,168.49,167.19,179.07,220.28,181.68,228.1,169.12,176.33,201.93,159.77,146.81,166.33,160.5,152.38,170.29,172.74,138.64,0,161.49,166.28,205.59,211.56,205.33,204.74,206.39,195.59,194.24,196.05,181.09,186.36,176.42,220.26,202.64,196.59,196.59,217.08,192.02,190.09,182.78,182.24,176.33,166.23,176,191.49,164.62,172.43,164.78,164.78,169.33,162.14,146.51,138.59,138.49,136.88,130.1,137.38,141.8,174.08,144.78,153.39,154.86,176.47,157.59,219.62,215.93,221,0.397,220.53,167.81,167.54,148.32,159.62,176.01,175.42,170.63,256.31
184.51,412.05,209.24,209.35,169.79,228.23,239.76,224.77,214.78,204.3,206.03,190.23,221.59,192.63,231.5,185.03,193.48,174.33,172.71,176.42,224.44,178.44,232.26,175.47,187.28,202.76,178.87,164.39,175.5,193.93,163.18,203.73,206.17,147.01,161.49,0,0.479,210.5,217.26,209.49,208.93,213.13,201.13,201.13,206.05,184.83,189.55,186.9,230.65,212.01,205.96,205.8,226.53,197.83,195.9,188.59,188.05,182.14,172.04,181.44,196.93,170.43,174.93,170.3,170.62,170.4,168.49,155.68,149.36,149.29,148.48,138.48,147.23,156.07,188.35,159.05,183.04,174.37,195.98,170.22,223.78,220.09,182.62,157.52,203.23,201.24,200.98,167.42,170.57,172.77,172.77,171.46,266.7
189.3,416.84,214.03,214.14,174.58,233.02,244.55,229.56,219.57,209.09,210.82,195.02,226.38,197.42,236.29,189.82,198.27,179.12,177.5,181.21,229.23,183.23,237.05,180.26,192.07,207.55,183.66,169.18,180.28,198.72,167.97,208.52,210.96,151.8,166.28,0.479,0,215.29,222.05,214.28,213.72,217.92,205.92,205.92,210.84,189.62,194.34,191.69,235.44,216.8,210.75,210.59,231.32,202.62,200.69,193.38,192.84,186.93,176.83,186.23,201.72,175.22,179.72,175.09,175.41,175.19,173.28,160.47,154.15,154.08,153.27,143.27,152.02,160.86,193.14,163.84,187.83,179.16,200.77,175.01,228.57,224.88,187.41,162.31,208.02,206.03,205.77,172.21,175.36,177.56,177.56,176.25,271.49
250.11,494.93,176.4,225.88,248.87,224.24,224.84,227.72,0.428,191.34,193.07,193.18,224.54,195.58,266.64,187.99,173.21,173.65,172.79,183.28,241.12,185.89,248.94,202.79,189.73,207.24,202.5,183.49,222.16,208.43,216.32,221.04,223.49,207.53,205.59,210.5,215.29,0,252.4,226.17,225.28,178.23,253.97,182.56,173.21,165.09,169.28,161.87,214.09,208.19,202.14,201.81,211.61,200.79,198.85,191.54,191,185.09,175,168.48,183.97,176.07,170.18,170.38,169.94,174.88,195.81,202.34,202.07,202.43,206.45,199,199.58,221.67,253.95,224.65,216.31,220.13,241.74,253.1,240.46,236.77,201.99,201.62,220.21,218.56,218.29,191.05,173.02,180.22,179.63,175.94,250.14
255.7,502.03,173.66,240.77,252.76,216.28,221.47,227.73,256.68,190.3,192.03,193.19,224.55,195.58,1.424,187.99,169.78,163.82,162.52,182.32,256,185.52,263.82,198.3,192.2,202.3,208.04,189.03,225.85,213.97,221.67,222.87,225.31,217.54,211.56,217.26,222.05,252.4,0,241.06,240.17,182.56,239.08,182.56,170.47,162.35,165.85,165.59,210.72,200.06,194.01,193.85,208.24,200.78,198.86,191.54,191,185.1,174.99,167.44,182.93,176.07,162.73,160.11,160.11,169.41,191.32,206.03,207.42,207.78,211.8,209.01,210.75,227.27,259.55,230.25,220.73,222.25,243.86,260.2,255.34,251.66,207.44,207.59,222.37,220.38,220.12,196.59,175.49,179.85,178.67,171,246.77
238.75,493.63,167.1,267,241.59,195.79,206.94,216.13,230.45,183.58,185.31,181.58,212.94,183.99,255.3,176.39,163.22,144.15,142.85,168.72,1.495,172.51,2.277,178.63,186.84,184.63,203.87,184.86,210.41,209.8,209.61,212.03,214.3,205.92,205.33,209.49,214.28,226.17,241.06,0,266.4,182.56,212.85,172.01,163.91,155.79,159.29,162.88,195.86,179.55,173.5,173.36,193.71,189.19,187.25,179.95,179.41,173.49,163.4,160.72,176.21,163.4,144.55,140.44,140.44,151.21,171.65,190.59,195.35,195.71,199.73,197.39,201.47,210.31,242.59,213.29,212.45,212.02,233.63,251.8,1.429,1.06,203.88,201.36,210.03,209.37,209.28,192.42,170.13,166.84,165.07,153.33,231.91
237.64,492.85,177.84,266.69,243.24,194.82,205.83,215.24,229.56,182.97,184.7,180.7,212.06,183.1,254.41,175.5,169.34,143.48,142.18,168.05,281.35,171.84,289.17,177.96,189.56,183.97,206.59,187.58,209.52,212.52,208.72,213.74,215.92,204.81,204.73,208.93,213.72,225.28,240.17,266.4,0,202.16,211.96,207.9,174.65,158.41,165.41,169.52,194.75,178.44,172.39,172.39,192.6,188.3,186.37,179.06,178.52,172.61,162.51,160.11,175.6,162.51,143.89,139.77,139.77,150.55,170.98,189.7,194.47,194.83,198.78,196.28,200.36,209.2,241.48,212.18,211.57,214.14,235.75,251.02,280.69,277,203.31,200.76,210.99,210.99,210.99,195.14,172.85,166.17,164.4,152.67,230.8
231.4,494.84,203.12,182.56,246.4,190.76,201.77,218.8,182.51,192.19,193.92,184.26,215.62,186.66,196.8,179.06,181.96,142.13,140.83,167.87,197.51,172.24,205.33,176.6,197.86,182.61,213.62,194.61,209.6,218.76,208.18,216.92,219.01,201,206.39,213.13,217.92,178.23,182.56,182.56,202.16,0,207.9,203.84,199.94,183.7,178.03,193.36,191.01,174.38,168.33,168.33,188.54,191.86,189.93,182.62,182.08,176.17,166.07,169.33,184.82,165.54,142.53,138.42,138.42,149.19,169.63,189.78,194,194.28,197.5,192.47,194.12,202.96,235.24,205.94,213.55,218.15,239.76,253.01,196.85,193.16,208.45,202.42,213.42,214.08,214.17,202.17,181.15,166.57,164.22,151.31,227.06
239.32,484.94,183.01,212.56,239.39,214.59,211.5,221.27,258.25,188.14,189.87,186.73,218.09,189.13,253.32,181.53,173.08,161.75,160.14,171.87,227.8,174.48,235.62,192.32,184.77,196.29,195.91,176.9,210.95,201.84,203.62,209.73,212.17,195.36,195.59,201.13,205.92,253.97,239.08,212.85,211.96,207.9,0,202.16,179.82,163.58,169.15,164.34,200.74,198.37,192.32,192.16,198.27,194.33,192.4,185.09,184.55,178.64,168.54,165.28,180.77,169.07,157.11,157.73,158.05,163.77,185.34,191.13,189.37,189.73,193.75,186.83,188.79,210.88,243.16,213.86,209.23,208.81,230.42,243.11,227.14,223.45,192.43,191.63,208.89,207.24,206.98,184.46,168.06,168.81,168.22,164.99,236.79
235.72,483.59,217.16,171.87,236.91,214.84,210.39,226.71,186.84,200.1,201.83,192.17,223.53,194.57,196.8,186.97,182.87,162.14,160.84,170.73,186.96,173.34,194.78,189.95,184.02,195.15,195.16,176.15,208.24,201.09,200.91,205.67,208.11,192.65,194.24,201.13,205.92,182.56,182.56,172.01,207.9,203.84,202.16,0,213.97,181.5,178.94,189.63,199.04,198.46,192.41,192.41,197.16,199.77,197.84,190.53,189.99,184.08,173.98,177.24,192.73,173.45,161.09,158.43,158.43,163.32,182.97,188.42,186.66,187.02,191.04,184.12,185.67,207.28,239.56,210.26,208.29,205.05,226.66,241.76,186.3,182.61,191.07,190.27,205.17,203.18,202.92,183.71,167.31,167.67,167.08,163.85,235.09
234.25,485.4,0.319,163.84,237.2,220.69,212.34,230.61,177.49,204,205.73,196.07,227.43,198.47,184.71,190.87,186.77,166.9,165.28,174.63,178.86,177.24,186.68,191.9,184.02,199.06,195.15,176.15,207.73,199.92,200.39,205.67,208.11,191.99,196.05,206.05,210.84,173.21,170.47,163.91,174.65,199.94,179.82,213.97,0,189.3,182.84,185.73,200.99,204.31,198.26,198.26,199.11,203.67,201.74,194.43,193.89,187.98,177.88,181.14,196.63,177.35,164.99,162.87,163.19,167.22,184.92,187.91,186.14,186.5,190.52,183.46,183.72,205.81,238.09,208.79,210.77,205.05,226.66,243.57,178.2,174.51,192.99,192.08,205.17,203.18,202.92,183.71,167.31,171.57,170.98,167.75,237.04
206.22,470.48,192.49,155.72,222.3,215.57,187.42,248.14,169.37,231.3,233.03,213.6,244.96,216,176.59,208.4,203.47,174.81,173.51,178.64,170.74,180.07,178.56,188.63,182.49,209.51,183.13,165.64,199.61,183.69,190.5,190.31,192.66,165.45,181.09,184.83,189.62,165.09,162.35,155.79,158.41,183.7,163.58,181.5,189.3,0,199.54,169.5,175.01,199.19,193.14,193.14,174.19,221.2,219.27,211.96,211.42,205.51,195.41,208.44,223.93,193.27,199.01,171.1,171.1,192.35,181.66,179.79,176.32,176.61,179.49,156.92,156.92,177.78,210.06,180.76,186.8,189.63,211.24,228.65,170.08,166.39,177.12,177.12,189.06,187.73,187.56,171.69,165.78,174.4,174.99,178.21,211.06
206.71,476.6,186.03,159.22,225.81,203.33,183.92,233.83,173.56,207.21,208.94,199.29,230.65,201.69,180.09,194.09,0.393,161.65,160.35,180.63,174.24,182.65,182.06,192.88,191.02,206.6,192.59,176.14,203.71,195.05,194.47,196.26,198.62,172.42,186.36,189.55,194.34,169.28,165.85,159.29,165.41,178.02,169.15,178.94,182.84,199.54,0,183.5,171.51,187.11,181.06,180.9,170.69,206.89,204.96,197.65,197.11,191.2,181.1,184.35,199.84,180.56,171.22,157.94,157.94,174.24,185.9,183.89,180.36,180.58,182.36,163.89,165.86,178.27,210.55,181.25,189.35,195.59,217.2,234.77,173.58,169.89,184.15,182.39,194.91,193.69,193.51,181.14,174.31,176.97,176.98,175.3,207.56
196.79,464.89,188.92,162.74,215.75,180.79,176.4,217.27,166.15,190.66,192.39,182.73,214.09,185.13,179.83,177.53,187.43,139.11,137.81,174.97,177.83,179.35,185.65,181.04,217.06,189.72,204.53,198.31,196.07,195.28,186.54,186.76,188.85,170.01,176.42,186.9,191.69,161.87,165.59,162.88,169.52,193.36,164.34,189.63,185.73,169.5,183.5,0,164,164.57,158.52,158.36,163.17,190.33,188.4,181.09,180.55,174.64,164.54,167.8,183.29,164.01,149.63,135.4,135.4,156.29,174.06,176.25,172.72,172.65,171.85,161.48,159.51,168.35,200.63,171.33,183.29,189.7,211.31,223.06,177.17,173.48,183.14,172.45,183.26,183.92,184.01,193.08,200.35,173.68,171.32,158.42,200.05
224.25,509.03,204.18,195.5,250,28.492,7.926,30.296,218.37,199.56,201.29,23.872,30.568,25.264,224.96,26.952,175.44,119.64,118.04,136.59,210.81,140.38,218.63,151.11,174.06,154.56,191.09,172.08,179.24,197.02,178.96,211.51,214.13,177.72,220.26,230.65,235.44,214.09,210.72,195.86,194.75,191.01,200.74,199.04,200.99,175.01,171.51,164,0,5.28,6.49,19.52,5.28,19.52,20.292,23.216,23.432,25.796,29.836,176.7,192.19,179.42,115.01,115.63,115.93,121.67,144.13,159.42,164.71,165.07,169.09,169.19,173.72,195.81,228.09,198.79,232.8,212.31,233.92,267.2,210.15,206.46,217.16,216.29,212.51,209.2,208.76,179.64,157.35,134.71,132.94,123.26,3.605
213.6,491.98,207.5,179.19,235.87,8.966,7.926,9.868,212.47,227.14,228.87,6.656,10.004,7.352,214.3,8.196,191.04,172.55,170.96,166.79,194.5,168.22,202.32,178.9,171.71,197.66,176.96,157.95,187.76,182.89,180.42,197.38,200,169.64,202.64,212.01,216.8,208.19,200.06,179.55,178.44,174.38,198.37,198.46,204.31,199.19,187.11,164.57,5.28,0,0.605,4.48,5.28,4.48,4.866,6.328,6.436,7.618,9.638,204.28,219.77,212.44,179.09,168.55,168.84,176.87,171.92,167.94,166.17,166.53,170.55,161.11,163.07,185.16,217.44,188.14,214.25,198.18,219.79,250.15,193.84,190.15,199.14,198.67,198.38,195.07,194.63,165.51,155,162.55,163.14,166.36,12.49
207.55,485.93,201.45,173.14,229.82,7.756,9.136,8.658,206.41,221.09,222.82,5.446,8.794,6.142,208.25,6.986,184.99,166.5,164.91,160.74,188.45,162.17,196.27,172.85,165.66,191.61,170.91,151.9,181.71,176.84,174.37,191.33,193.95,163.59,196.59,205.96,210.75,202.13,194.01,173.5,172.39,168.33,192.32,192.41,198.26,193.14,181.06,158.52,6.49,0.605,0,3.27,6.49,3.27,3.656,5.118,5.226,6.408,8.428,198.23,213.72,206.39,173.04,162.5,162.79,170.82,165.87,161.89,160.12,160.48,164.5,155.06,157.02,179.11,211.39,182.09,208.2,192.13,213.74,244.1,187.79,184.1,193.09,192.62,192.33,189.02,188.58,159.46,148.95,156.5,157.09,160.31,13.7
207.39,485.93,201.45,173.07,229.82,2.243,24.812,8.658,206.09,221.09,222.82,5.446,8.794,6.142,208.09,6.986,184.83,166.34,164.91,160.74,188.31,162.17,196.13,172.69,165.66,191.61,170.91,151.9,181.71,176.84,174.37,191.33,193.95,163.43,196.59,205.8,210.59,201.81,193.85,173.36,172.39,168.33,192.16,192.41,198.26,193.14,180.9,158.36,19.52,4.48,3.27,0,19.52,3.27,3.656,5.118,5.226,6.408,8.428,198.23,213.72,206.39,173.04,162.5,162.63,170.82,165.71,161.89,160.12,160.48,164.5,154.9,156.86,178.95,211.23,181.93,207.88,192.13,213.74,244.1,187.65,183.96,192.93,192.62,192.33,189.02,188.58,159.46,148.95,156.5,157.09,160.31,33.94
221.78,506.42,202.3,193.35,248.59,28.492,1.323,30.296,215.89,198.74,200.47,23.872,30.568,25.264,222.48,26.952,174.61,118.81,117.22,135.77,208.66,139.56,216.48,150.28,173.23,153.74,189.68,170.67,178.42,195.61,178.14,210.1,212.72,176.9,217.07,226.53,231.32,211.61,208.24,193.71,192.6,188.54,198.27,197.16,199.11,174.19,170.69,163.17,5.28,5.28,6.49,19.52,0,19.52,20.292,23.216,23.432,25.796,29.836,175.88,191.37,178.6,114.19,114.81,115.1,120.85,143.3,158.6,163.89,164.25,168.27,168.37,171.25,193.34,225.62,196.32,228.77,210.9,232.51,264.59,208,204.31,213.66,213.1,211.1,207.79,207.35,178.23,156.52,133.89,132.12,122.44,12.49
218.38,481.9,206.86,188.9,238.11,7.756,24.812,2.694,205.07,250.85,252.58,1.088,2.762,1.436,215.02,1.858,210.82,215.45,214.15,208.4,204.13,209.24,211.95,219.38,203.32,240.25,205.43,189.56,227.22,200.22,217.98,204.31,206.49,176.38,192.02,197.83,202.62,200.79,200.78,189.19,188.3,191.86,194.33,199.77,203.67,221.2,206.89,190.33,19.52,4.48,3.27,3.27,19.52,0,0.193,0.924,0.978,1.569,2.579,227.99,243.48,238.87,239.66,211.74,211.74,233,212.4,207.4,203.88,204.09,206.5,167.85,167.85,189.94,222.22,192.92,198.16,206.83,228.44,240.07,203.47,199.78,188.05,188.05,201.56,201.56,201.56,193.98,186.61,203.57,204.75,208.96,33.94
216.45,479.97,204.93,186.97,236.18,8.142,25.584,2.887,203.13,248.92,250.65,0.895,2.569,1.243,213.09,1.665,208.89,213.52,212.22,206.47,202.2,207.31,210.03,217.45,201.4,238.32,203.5,187.63,225.29,198.29,216.05,202.38,204.56,174.45,190.09,195.9,200.69,198.85,198.85,187.25,186.37,189.93,192.4,197.84,201.74,219.27,204.96,188.4,20.292,4.866,3.656,3.656,20.292,0.193,0,0.731,0.785,1.376,2.386,226.06,241.55,236.94,237.73,209.81,209.81,231.06,210.47,205.48,201.95,202.16,204.57,165.92,165.92,188.01,220.29,190.99,196.23,204.9,226.51,238.14,201.55,197.86,186.12,186.12,199.63,199.63,199.63,192.05,184.68,201.64,202.82,207.03,34.712
209.14,472.66,197.62,179.66,228.87,9.604,28.508,3.618,195.82,241.61,243.34,0.164,3.3,0.512,205.78,0.934,201.58,206.21,204.91,199.16,194.9,200,202.71,210.14,194.08,231.02,196.19,180.32,217.98,190.98,208.74,195.07,197.25,167.14,182.78,188.59,193.38,191.55,191.54,179.94,179.06,182.62,185.09,190.53,194.43,211.96,197.65,181.09,23.216,6.328,5.118,5.118,23.216,0.924,0.731,0,0.054,0.645,1.655,218.75,234.24,229.63,230.42,202.5,202.5,223.75,203.16,198.16,194.64,194.85,197.26,158.61,158.61,180.7,212.98,183.68,188.92,197.59,219.2,230.83,194.24,190.54,178.81,178.81,192.32,192.32,192.32,184.74,177.38,194.33,195.51,199.72,37.636
208.6,472.12,197.08,179.12,228.33,9.712,28.724,3.672,195.28,241.07,242.8,0.218,3.354,0.458,205.24,0.88,201.04,205.67,204.37,198.62,194.35,199.46,202.17,209.6,193.54,230.47,195.65,179.78,217.44,190.44,208.2,194.53,196.71,166.6,182.24,188.05,192.84,191,191,179.41,178.52,182.08,184.55,189.99,193.89,211.42,197.11,180.55,23.432,6.436,5.226,5.226,23.432,0.978,0.785,0.054,0,0.591,1.601,218.21,233.7,229.09,229.88,201.96,201.96,223.21,202.62,197.63,194.1,194.31,196.72,158.07,158.07,180.16,212.44,183.14,188.38,197.05,218.66,230.29,193.69,190,178.27,178.27,191.78,191.78,191.78,184.2,176.84,193.79,194.97,199.18,37.852
202.69,466.21,191.17,173.21,222.42,10.894,31.088,4.263,189.37,235.16,236.89,0.809,3.945,1.049,199.33,0.289,195.13,199.76,198.46,192.71,188.44,193.55,196.27,203.69,187.63,224.56,189.74,173.87,211.54,184.53,202.29,188.62,190.8,160.69,176.33,182.14,186.93,185.09,185.09,173.49,172.61,176.17,178.64,184.08,187.98,205.51,191.2,174.64,25.796,7.618,6.408,6.408,25.796,1.569,1.376,0.645,0.591,0,1.01,212.3,227.79,223.18,223.97,196.05,196.05,217.31,196.71,191.72,188.19,188.4,190.82,152.16,152.16,174.25,206.53,177.23,182.47,191.14,212.75,224.38,187.78,184.09,172.36,172.36,185.87,185.87,185.87,178.29,170.93,187.88,189.06,193.26,40.216
192.59,456.11,181.07,163.11,212.32,12.914,35.128,5.273,179.27,225.06,226.79,1.819,4.955,2.059,189.23,1.299,185.03,189.66,188.36,182.61,178.34,183.45,186.16,193.59,177.53,214.47,179.64,163.77,201.44,174.43,192.19,178.52,180.7,150.59,166.23,172.04,176.83,175,174.99,163.4,162.51,166.07,168.54,173.98,177.88,195.41,181.1,164.54,29.836,9.638,8.428,8.428,29.836,2.579,2.386,1.655,1.601,1.01,0,202.2,217.69,213.08,213.87,185.95,185.95,207.2,186.61,181.62,178.09,178.3,180.71,142.06,142.06,164.15,196.43,167.13,172.37,181.04,202.65,214.28,177.68,174,162.26,162.26,175.77,175.77,175.77,168.19,160.82,177.78,178.96,183.17,44.256
202.36,465.87,184.33,160.56,220.56,220.66,189.11,254.93,172.76,2.286,2.459,220.39,251.75,222.79,181.68,215.19,188.28,179.89,178.6,180.33,175.67,181.76,183.49,190.33,180.79,211.21,183.01,165.64,201.3,181.66,192.2,189.1,191.46,160.36,176,181.44,186.23,168.48,167.44,160.72,160.11,169.33,165.28,177.24,181.14,208.44,184.35,167.8,176.71,204.28,198.23,198.23,175.88,227.99,226.06,218.75,218.21,212.3,202.2,0,1.549,200.05,204.1,176.18,176.19,197.44,183.35,181.48,178.02,178.3,181.19,151.83,151.83,173.92,206.2,176.9,183.41,189.61,211.22,224.04,175.01,171.32,172.03,172.03,187.29,186.53,186.35,171.56,164.08,176.09,176.68,179.91,212.76
217.85,481.36,199.82,176.05,236.05,236.15,204.6,270.42,188.25,0.737,0.91,235.88,267.24,238.28,197.17,230.68,203.77,195.39,194.08,195.82,191.16,197.25,198.98,205.82,196.28,226.7,198.5,181.13,216.79,197.15,207.68,204.59,206.95,175.85,191.49,196.93,201.72,183.97,182.93,176.21,175.6,184.82,180.77,192.73,196.63,223.93,199.84,183.29,192.2,219.77,213.72,213.72,191.37,243.48,241.55,234.24,233.7,227.79,217.69,1.549,0,215.54,219.59,191.67,191.68,212.93,198.84,196.97,193.51,193.8,196.67,167.32,167.32,189.41,221.69,192.39,198.9,205.1,226.71,239.53,190.5,186.81,187.52,187.52,202.78,202.02,201.84,187.05,179.57,191.58,192.17,195.4,228.25
190.98,454.5,180.54,163.11,210.71,228.82,191.83,265.81,180.35,222.91,224.64,231.27,262.63,233.67,190.31,226.07,184.49,222.93,220.36,182.61,178.34,183.45,186.16,194.12,177,215,178.57,163.23,200.9,172.82,191.66,176.37,178.55,148.98,164.62,170.43,175.22,176.07,176.07,163.4,162.51,165.54,169.07,173.45,177.35,193.27,180.56,164.01,179.43,212.44,206.39,206.39,178.6,238.87,236.94,229.63,229.09,223.18,213.08,200.05,215.54,0,215.47,217.95,219.22,208.81,187.14,181.08,177.55,177.77,180.18,140.45,140.45,162.54,194.82,165.52,169.69,178.89,200.5,212.67,177.69,173.99,160.65,160.65,173.62,173.62,173.62,167.12,160.29,177.78,178.96,183.7,215.48
210.43,465.54,168.18,144.34,218.81,195.47,127.42,266.6,174.46,226.96,228.69,232.06,263.42,234.45,176.97,226.86,175.15,222.28,222.25,193.05,159.5,193.89,167.32,212.04,177.5,227.15,187.22,171.24,217.55,181.14,208.31,183.86,185.95,179.99,172.43,174.93,179.72,170.18,162.73,144.55,143.89,142.53,157.11,161.09,164.99,199.01,171.22,149.63,115.01,179.09,173.04,173.04,114.19,239.66,237.73,230.42,229.88,223.97,213.87,204.1,219.59,215.47,0,219.84,218.57,206.34,205.06,197.73,194.2,194.42,196.83,171.46,169.49,181.99,214.27,184.97,179.76,186.8,208.41,223.71,158.84,155.15,167.23,168.46,180.36,181.02,181.11,175.77,160.79,188.22,189.4,195.85,151.06
