0,445.26,255.39,212.47,199.84,229.82,235.01,245.32,252.67,225.22,226.95,210.78,242.14,213.18,259.01,205.58,210.64,194.99,193.69,208.89,215.74,210.91,219.13,213.07,205.06,236.54,202.82,188.34,225.91,196.79,233.31,190.93,193.06,208.32,170.24,184.51,189.3,248.39,244.77,212.47,212.47,212.47,241.51,242.45,252.21,206.22,206.71,195.78,224.26,213.61,207.56,207.39,221.78,218.38,216.45,209.14,208.6,202.69,192.59,202.36,217.85,190.98,210.43,191.28,191.28,205.24,206.09,206.09,219.2,219.42,221.83,199.79,223.3,2.844,5.476,2.546,211.08,190.56,207.71,203.43,210.65,211.39,178.89,166.27,187.46,188.13,188.18,191.37,188.34,205.24,205.24,205.24,260.31
445.26,0,422.76,423.44,503.78,498,509.09,496.7,422.59,471.52,473.25,462.16,493.52,464.56,436.27,456.96,453.84,444.16,442.86,449.81,463.92,451.24,470.26,455.54,434.78,476.73,423.4,413.46,456.72,408.48,441.91,413.57,415.81,430.65,385.3,400.77,405.56,418.31,422.03,453.21,422.99,405.72,410.96,409.82,419.57,450.36,449.91,419.16,498.86,481.62,475.57,475.57,495.86,469.76,467.83,460.52,459.98,454.07,443.97,448.66,464.15,442.36,447.03,440.45,440.45,444.9,448.56,436.9,428.16,428.02,426.41,422.12,420.21,416.82,449.1,419.8,403.47,456.55,478.13,24.183,461.78,459.57,395.5,381.33,410.88,410.88,410.82,411.95,418.07,445.57,446.16,445.43,534.9
255.39,422.76,0,206.47,199.03,250.09,259.96,257.73,235.72,234.37,236.1,223.19,254.55,225.59,240.53,217.99,219.33,199.66,198.36,210.77,208.55,212.79,211.94,224.61,213.2,235.85,203.65,195.23,240.83,185.25,233.49,195.66,198.1,226.46,189.3,194.62,199.41,231.44,226.3,210.68,233.86,237.59,264.24,1.294,0.319,214.47,215.4,208.56,249.2,233.88,227.83,227.66,246.73,230.79,228.86,221.55,221.01,215.1,205,211.51,227,203.92,201.28,195.96,195.96,203.5,217.63,221.01,219.24,219.6,223.62,217.93,219.48,226.96,259.24,229.94,200.76,181.58,172.93,180.93,203.46,204.2,185.33,185.33,195.16,193.17,192.91,192.2,196.49,207.12,207.12,204.56,285.25
212.47,423.44,206.47,0,194.63,225.34,219.43,240.67,218.52,213.87,215.6,206.13,237.49,208.53,230,200.93,193.68,182.01,180.71,189.52,209.32,190.95,211.97,205.07,186.21,219.24,184.48,172.45,213.49,169.99,204.18,175.76,177.94,195.33,159.4,162.38,167.17,214.24,215.76,213.47,213.15,189.1,208.32,193.53,203.28,191.02,189.75,181.64,207.03,209.12,203.07,202.91,206.2,213.73,211.8,204.49,203.95,198.04,187.94,191.01,206.5,186.34,189.53,178.3,178.3,187.6,198.09,193.67,190.14,190.29,191.89,186.8,185.62,184.03,216.31,187.01,165.08,175.35,174.76,181.61,203.49,204.97,158.17,155.43,172.8,173.01,173.01,173.03,169.5,185.28,185.87,187.94,243.08
199.84,503.78,199.03,194.63,0,237.56,248.65,243.7,203.94,220.36,222.09,209.16,240.52,211.56,215.57,203.96,203.21,186.91,185.61,198.14,233.85,199.57,240.93,201.54,189.88,224.09,179.23,169.29,202.64,164.3,188.75,168.58,170.76,178.63,139.75,151.5,156.29,199.66,201.33,221.02,195.78,183.99,193.67,186.09,195.84,199.2,199.28,176.88,238.42,221.18,215.13,215.13,235.42,216.76,214.83,207.52,206.98,201.07,190.97,197.5,212.99,189.36,193.95,183.2,183.2,191.74,194.56,182.82,174.93,174.86,174.05,170.1,170.94,171.4,203.68,174.38,154.2,208.45,221.42,261.95,232.45,229.5,148.69,135.77,165.21,165.83,165.83,167.78,173.16,193.9,194.49,192.8,274.47
229.82,498,250.09,225.34,237.56,0,33.784,13.144,252.69,243.52,245.25,9.932,13.28,10.628,259.6,11.472,209,188.77,187.34,183.17,236.74,184.6,241.61,195.12,188.09,214.04,193.34,174.33,204.14,199.27,196.8,213.76,216.38,185.86,219.02,228.23,233.02,248.41,245.36,225.7,224.59,218.04,238.5,237.15,246.9,215.57,205.07,182.53,28.492,8.966,7.756,2.243,28.492,7.756,8.142,9.604,9.712,10.894,12.914,220.66,236.15,228.82,212.07,184.93,185.06,209.85,188.14,184.32,182.55,182.91,186.93,177.33,179.29,201.38,233.66,204.36,230.31,214.56,233.73,256.17,233.13,232.39,215.36,215.05,214.76,211.45,211.01,181.89,171.38,178.93,179.52,182.74,42.912
235.01,509.09,259.96,219.43,248.65,33.784,0,35.588,264.28,211.97,213.7,29.164,35.86,30.556,266.53,32.244,187.84,132.04,130.45,149,234.74,152.79,242.56,163.51,186.46,166.97,202.91,183.9,191.65,208.84,191.37,223.33,225.95,190.13,230.3,239.76,244.55,260,252.29,219.79,218.68,211.91,249.77,247.02,256.77,187.41,183.91,176.4,7.926,7.926,9.136,24.812,1.323,24.812,25.584,28.508,28.724,31.088,35.128,189.11,204.6,191.83,127.42,128.04,128.33,134.08,156.53,171.83,177.12,177.48,181.5,181.6,184.48,206.57,238.85,209.55,242,224.13,244.65,267.26,234.08,230.39,226.89,226.34,224.33,221.02,220.58,191.46,169.75,147.12,145.35,135.67,15.136
245.32,496.7,257.73,240.67,243.7,13.144,35.588,0,253.95,317.99,319.72,3.782,5.456,4.13,267.63,4.552,278.28,276.02,274.4,255,248.7,255.84,253.57,256.09,250.13,289.11,238.98,227.53,258.74,227.53,249.35,231.25,233.43,203.32,218.96,224.77,229.56,249.67,253.39,240.89,240.22,245.47,243.43,244.79,254.54,288.35,274.35,244.3,30.296,9.868,8.658,8.658,30.296,2.694,2.887,3.618,3.672,4.263,5.273,295.13,310.62,306.01,300.14,271.99,272.31,293.48,249.11,238.92,235.39,235.46,236.27,194.79,194.79,216.88,249.16,219.86,225.1,231.57,240.67,254.87,245.09,244.35,214.99,214.99,228.5,228.5,228.5,227.53,233.42,250.17,251.35,257.81,44.716
252.67,422.59,235.72,218.52,203.94,252.69,264.28,253.95,0,228.07,229.8,219.41,250.77,221.81,272.45,214.21,213.64,198.03,196.41,208.21,218.63,210.82,221.28,223.34,205.52,232.08,195.8,185.86,238.9,179.9,231.05,190.99,193.44,222.79,186.82,195.38,200.17,0.428,258.21,231.98,228.59,207.39,259.78,222.78,232.53,206.9,209.71,192.53,254.05,236.61,230.56,230.26,251.05,227.01,225.08,217.77,217.23,211.32,201.22,205.21,220.7,200.15,197.5,194,194.32,199.72,216.36,219.08,216.87,217.16,220.37,214.26,215.1,224.23,256.51,227.21,201.28,177.82,173.5,180.76,212.8,214.27,183.76,182.85,190.49,188.51,188.24,184.35,188.81,205.15,204.56,200.78,290.1
225.22,471.52,234.37,213.88,220.36,243.52,211.97,317.99,228.07,0,1.647,283.45,314.81,285.85,241.75,278.25,261.43,236.38,234.76,231.65,223.62,232.49,229.23,231.23,230.02,263.61,218.79,205.83,233.87,207.42,224.56,212.52,214.79,183.22,198.86,204.3,209.09,223.79,227.51,213.95,214.85,225.36,220.07,221.43,231.18,271.5,257.5,227.45,199.57,227.14,221.09,221.09,198.74,291.05,289.12,281.81,281.27,275.36,265.26,2.286,0.737,263.12,260.5,232.35,232.67,253.84,224.25,214.05,210.52,210.67,211.56,174.69,174.69,196.78,229.06,199.76,206.27,209.78,217.22,229.69,220.75,219.27,194.89,194.89,210.52,209.86,209.77,207.34,213.31,226.82,228,232.31,235.62
226.95,473.25,236.1,215.6,222.09,245.25,213.7,319.72,229.8,1.647,0,285.18,316.54,287.58,243.48,279.98,263.16,238.11,236.49,233.38,225.35,234.22,230.96,232.96,231.75,265.34,220.52,207.56,235.6,209.15,226.29,214.25,216.52,184.95,200.59,206.03,210.82,225.52,229.24,215.68,216.58,227.09,221.8,223.16,232.91,273.23,259.23,229.18,201.3,228.87,222.82,222.82,200.47,292.78,290.85,283.54,283,277.09,266.99,2.459,0.91,264.85,262.23,234.08,234.4,255.57,225.98,215.78,212.25,212.4,213.29,176.42,176.42,198.51,230.79,201.49,208,211.51,218.95,231.42,222.48,221,196.62,196.62,212.25,211.59,211.5,209.07,215.04,228.55,229.73,234.04,237.35
210.78,462.16,223.19,206.13,209.16,9.932,29.164,3.782,219.41,283.45,285.18,0,3.464,0.676,233.09,1.098,243.74,241.48,239.86,220.46,214.16,221.3,219.03,221.55,215.59,254.57,204.43,192.98,224.2,192.98,214.81,196.71,198.89,168.78,184.42,190.23,195.02,215.13,218.85,206.35,205.68,210.93,208.89,210.25,220,253.81,239.81,209.76,23.872,6.656,5.446,5.446,23.872,1.088,0.895,0.164,0.218,0.809,1.819,260.59,276.08,271.47,265.6,237.45,237.77,258.94,214.57,204.38,200.85,200.92,201.72,160.25,160.25,182.34,214.62,185.32,190.56,197.03,206.13,220.33,210.55,209.81,180.45,180.45,193.96,193.96,193.96,192.98,198.88,215.63,216.81,223.27,38.292
242.14,493.52,254.55,237.49,240.52,13.28,35.86,5.456,250.77,314.81,316.54,3.464,0,3.812,264.45,4.234,275.1,272.84,271.22,251.82,245.52,252.66,250.39,252.91,246.95,285.93,235.79,224.34,255.56,224.34,246.17,228.07,230.25,200.14,215.78,221.59,226.38,246.49,250.21,237.71,237.04,242.28,240.25,241.61,251.36,285.17,271.17,241.12,30.568,10.004,8.794,8.794,30.568,2.762,2.569,3.3,3.354,3.945,4.955,291.95,307.44,302.83,296.96,268.81,269.13,290.3,245.93,235.74,232.21,232.28,233.08,191.61,191.61,213.7,245.98,216.68,221.92,228.39,237.49,251.69,241.91,241.17,211.81,211.81,225.32,225.32,225.32,224.34,230.24,246.99,248.17,254.63,44.988
213.18,464.56,225.59,208.53,211.56,10.628,30.556,4.13,221.81,285.85,287.58,0.676,3.812,0,235.49,1.338,246.14,243.88,242.26,222.86,216.56,223.7,221.43,223.95,217.99,256.97,206.84,195.38,226.6,195.38,217.21,199.11,201.29,171.18,186.82,192.63,197.42,217.53,221.25,208.75,208.08,213.33,211.29,212.65,222.4,256.21,242.21,212.16,25.264,7.352,6.142,6.142,25.264,1.436,1.243,0.512,0.458,1.049,2.059,262.99,278.48,273.87,268,239.85,240.17,261.34,216.97,206.78,203.25,203.32,204.12,162.65,162.65,184.74,217.02,187.72,192.96,199.43,208.53,222.73,212.95,212.21,182.85,182.85,196.36,196.36,196.36,195.38,201.28,218.03,219.21,225.67,39.684
259.01,436.27,240.53,230,215.57,259.6,266.54,267.63,272.45,241.75,243.48,233.09,264.45,235.49,0,227.89,223.6,211.71,210.09,218.67,230.26,220.69,232.91,234.76,213.26,245.19,205.64,195.7,248.76,190.71,239.59,200.51,202.95,231.61,197.57,204.35,209.14,268.17,1.424,256.83,234.83,213.63,254.85,227.59,237.35,219.67,219.67,202.36,254.42,243.22,237.17,237.17,253.31,240.69,238.76,231.45,230.91,225,214.9,218.89,234.38,213.83,211.18,207.68,208,213.36,227.78,228.94,225.41,225.7,228.26,223.08,223.08,230.57,262.85,233.55,205.95,191.5,187.18,194.44,224.43,225.91,194.53,193.6,200.01,198.02,197.76,194.19,196.55,215.02,215.02,213.89,290.47
205.58,456.96,217.99,200.93,203.96,11.472,32.244,4.552,214.21,278.25,279.98,1.098,4.234,1.338,227.89,0,238.54,236.28,234.66,215.26,208.96,216.1,213.83,216.35,210.39,249.37,199.23,187.79,219,187.78,209.61,191.51,193.69,163.58,179.22,185.03,189.82,209.93,213.65,201.15,200.48,205.72,203.69,205.05,214.8,248.61,234.61,204.56,26.952,8.196,6.986,6.986,26.952,1.858,1.665,0.934,0.88,0.289,1.299,255.39,270.88,266.27,260.4,232.25,232.57,253.74,209.37,199.18,195.65,195.72,196.52,155.05,155.05,177.14,209.42,180.12,185.36,191.83,200.93,215.13,205.35,204.61,175.25,175.25,188.76,188.76,188.76,187.78,193.68,210.43,211.61,218.07,41.372
210.64,453.84,219.33,193.68,203.21,209,187.85,278.28,213.64,261.43,263.16,243.74,275.1,246.14,223.6,238.54,0,201.86,200.25,214.01,202.39,216.03,207.26,207.1,222.29,239.49,204.74,193.26,209.74,196.76,200.43,197.7,199.97,176.35,187.53,193.02,197.81,209.36,209.36,193.75,199.65,216.81,205.04,206.39,216.14,245.36,0.393,229.31,175.44,192.62,186.57,186.57,174.62,251.34,249.41,242.1,241.56,235.65,225.55,238.57,254.06,223.41,225.98,197.84,198.16,219.32,200.12,189.92,186.4,186.54,187.43,167.82,169.79,182.2,214.48,185.18,191.75,190.91,199.6,212.01,198.78,198.04,184.25,183.56,195.71,195.04,194.95,193.29,205.58,210.36,210.36,208.19,211.49
194.99,444.16,199.66,182.01,186.91,188.77,132.04,276.02,198.03,236.38,238.11,241.48,272.84,243.88,211.71,236.28,201.86,0,260.7,186.39,192.01,187.82,196.97,188.37,185.54,217.27,178.85,165.89,196.11,170.88,188.63,176.05,178.32,151.37,168.49,174.33,179.12,193.75,197.47,182.23,181.56,184.06,185.37,186.72,196.47,208.44,197.94,175.4,119.64,172.56,166.5,166.34,118.81,249.08,247.15,239.84,239.3,233.39,223.29,213.52,229.01,256.47,255.82,258.29,0.371,218.08,181.39,176.29,174.53,174.75,177.16,142.84,144.8,166.55,198.83,169.53,173.4,176.96,183.69,202.33,188.5,187.66,165.14,164.52,174.05,173.39,173.3,167.4,168.83,182.15,182.74,185.97,155.69
193.69,442.86,198.37,180.71,185.61,187.34,130.45,274.4,196.41,234.76,236.49,239.86,271.22,242.26,210.09,234.66,200.25,260.7,0,184.78,190.71,186.2,195.67,186.75,183.9,215.65,177.21,164.25,194.5,169.24,187.02,174.57,176.84,150.07,167.19,172.71,177.5,192.13,195.85,180.93,180.26,182.76,184.07,185.43,195.18,206.82,196.32,173.78,118.04,170.96,164.91,164.91,117.22,247.46,245.53,238.22,237.68,231.77,221.67,211.91,227.39,253.9,255.79,0.241,256.99,217.09,179.77,174.68,172.91,173.13,175.54,141.54,143.5,165.25,197.53,168.23,172.1,175.66,182.39,201.03,187.2,186.36,164.13,163.22,172.57,171.91,171.82,165.76,167.19,180.53,181.12,184.35,154.09
208.89,449.81,210.77,189.52,198.14,183.17,149,255,208.21,231.65,233.38,220.46,251.82,222.86,218.67,215.26,214.01,186.39,184.78,0,198.11,240.04,203.72,212.02,220.89,255.12,204.7,194.76,214.66,189.77,205.28,187.68,189.86,182.07,179.07,176.42,181.21,203.93,204.43,189.52,192.58,206.7,197.32,197.83,207.58,212.18,210.08,202.56,136.59,166.79,160.74,160.74,135.77,228.06,226.13,218.82,218.28,212.37,202.27,208.79,224.28,201.13,217.48,182.37,182.68,221.7,205.04,194.84,191.32,191.39,191.6,173.54,172.37,180.45,212.73,183.43,173.83,185.47,196.6,207.98,195.24,193.76,175.77,175.1,184.86,184.93,184.93,193.25,204.18,234.37,0.365,223.82,172.64
215.74,463.92,208.55,209.32,233.85,236.74,234.74,248.7,218.63,223.62,225.35,214.16,245.52,216.56,230.26,208.96,202.39,192.01,190.71,198.11,0,199.54,260.05,210.37,192.61,228.99,191.39,178.76,217.84,176.46,208.25,178.46,180.55,196.45,159.49,164.54,169.33,214.35,216.02,246.04,210.46,193.5,208.35,195.61,205.36,200.76,198.46,186.4,222.34,220.36,214.31,214.31,221.51,221.76,219.83,212.52,211.98,206.07,195.97,200.76,216.25,194.9,198.27,188.3,188.3,197.56,203.39,198.02,194.28,194.35,194.99,187.92,189.16,187.3,219.58,190.28,167.24,197.3,210.26,222.09,251.57,0.435,160.33,155.52,174.96,175.62,175.71,179.94,175.9,193.87,194.46,197.69,258.39
210.91,451.24,212.79,190.95,199.57,184.6,152.79,255.84,210.82,232.49,234.22,221.3,252.66,223.7,220.69,216.1,216.03,187.82,186.2,240.04,199.54,0,205.15,212.86,225.27,254.78,208.49,198.55,215.5,193.56,206.12,190.29,192.47,183.5,181.68,178.44,183.23,206.54,206.45,190.95,194.6,208.13,199.34,199.85,209.6,213.02,212.1,204.58,140.38,168.22,162.17,162.17,139.56,228.9,226.97,219.66,219.12,213.21,203.11,209.63,225.12,201.97,218.32,183.79,184.11,221.36,205.88,195.68,192.16,192.23,192.44,174.97,174.39,182.47,214.75,185.45,175.84,187.49,198.62,209.41,196.67,195.19,178.38,177.71,187.54,187.54,187.54,197.04,208.56,0.567,236.39,223.48,176.43
219.13,470.26,211.94,211.97,240.93,241.61,242.56,253.57,221.28,229.23,230.96,219.03,250.39,221.43,232.91,213.83,207.26,196.98,195.68,203.72,260.05,205.15,0,214.45,197.48,233.81,194.78,182.89,221.57,179.85,211.53,181.85,183.94,199.1,161.51,167.93,172.72,217,218.67,247.22,213.12,196.9,211.01,199,208.75,206.37,203.33,189.79,230.16,225.23,219.18,219.18,229.33,226.63,224.7,217.39,216.85,210.94,200.84,206.37,221.86,199.61,203.23,193.27,193.27,201.98,207.47,201.75,197.64,197.64,197.23,190.57,191.95,190.69,222.97,193.67,170.63,203.64,216.61,228.43,0.848,255.7,163.72,157.54,178.35,179.01,179.1,183.33,180.77,199.48,200.07,202.51,266.21
213.07,455.54,224.61,205.07,201.54,195.12,163.51,256.09,223.34,231.23,232.96,221.55,252.91,223.95,234.76,216.35,207.1,188.37,186.75,212.02,210.37,212.86,214.45,0,198.98,246.12,186.32,176.38,250.74,171.39,223.1,176.49,178.76,194.23,169.12,175.47,180.26,219.06,220.52,205.14,204.92,210.05,210.31,211.67,221.42,206.67,203.17,192.62,151.11,178.9,172.85,172.69,150.28,229.15,227.22,219.91,219.37,213.46,203.36,208.37,223.86,201.75,218.1,184.34,184.66,230.88,0.698,230.92,223.86,209.21,208.41,185.7,183.73,184.63,216.91,187.61,177.16,180.47,198.23,213.71,205.97,206.02,172.34,165.15,174.35,173.83,173.74,174.87,182.27,207.19,208.37,214.82,187.16
205.06,434.78,213.2,186.21,189.88,188.09,186.46,250.13,205.52,230.02,231.75,215.59,246.95,217.99,213.26,210.39,222.29,185.54,183.9,220.89,192.61,225.27,197.48,198.98,0,235.64,214.54,224.92,201.63,192.66,192.1,183.27,185.36,175.31,169.55,176.33,181.12,201.24,199.02,186.14,193.07,209.43,200.25,200.25,210,212.16,218.36,210.91,174.06,171.71,165.66,165.66,173.23,223.19,221.26,213.95,213.41,207.5,197.4,207.17,222.66,195.79,208.88,181.49,181.83,202.22,192,181.81,178.28,178.21,177.4,166.78,168.78,176.62,208.89,179.59,173.63,180.96,190.33,192.95,189,188.26,175.65,165.58,179.77,180.43,180.52,203.09,1.671,219.6,217.24,204.34,210.11
236.54,476.73,235.85,219.24,224.09,214.04,166.97,289.11,232.08,263.61,265.34,254.57,285.93,256.97,245.19,249.37,239.49,217.27,215.65,255.12,228.99,254.78,233.81,246.12,235.64,0,222.67,212.73,248.77,207.75,239.38,209.56,211.65,209.6,201.93,202.76,207.55,227.8,230.95,219.31,219.13,232.96,221.56,222.92,232.67,239.06,235.56,225.75,154.56,197.66,191.61,191.61,153.74,262.17,260.24,252.93,252.39,246.48,236.38,240.75,256.24,235.23,251.58,213.24,213.56,262.26,239.14,228.95,225.42,225.49,225.7,201.07,199.1,208.1,240.38,211.08,201.48,210.5,222.49,234.9,225.33,224.64,197.24,197.96,206.06,206.72,206.81,211.22,218.93,249.11,251.47,3.13,190.61
202.82,423.4,203.65,184.48,179.23,193.34,202.91,238.98,195.8,218.79,220.52,204.44,235.79,206.83,205.64,199.24,204.74,178.85,177.21,204.7,191.39,208.49,194.78,186.32,214.54,222.67,0,200.23,188.96,192.37,179.43,171.17,173.27,159.8,156.96,172.44,177.23,191.52,191.4,185.34,187.82,195.1,188.2,190.71,200.46,199.33,200.81,193.29,191.09,176.96,170.91,170.91,189.68,212.03,210.11,202.79,202.26,196.34,186.25,195.93,211.42,184.64,196.22,174.8,175.14,189.56,179.34,169.14,165.62,165.54,164.74,151.27,166.55,174.38,206.66,177.36,171.4,170.77,183.23,181.57,186.3,187.04,168.9,152.99,167.67,168.34,168.42,1.145,197.83,202.82,201.05,191.37,227.14
188.34,413.46,195.23,172.45,169.29,174.33,183.9,227.53,185.86,205.83,207.56,192.98,224.34,195.38,195.7,187.78,193.26,165.89,164.25,194.76,178.76,198.55,182.89,176.38,224.92,212.73,200.23,0,179.03,174.88,169.5,156.7,158.79,149.87,144,157.96,162.75,181.58,181.46,172.38,176.05,185.16,179.78,182.29,192.04,186.36,189.33,181.82,172.08,157.95,151.9,151.9,170.67,200.59,198.66,191.34,190.81,184.89,174.79,182.97,198.46,173.19,186.28,161.84,162.18,179.62,169.4,159.21,155.68,155.61,154.8,141.34,152.07,159.9,192.19,162.88,156.92,156.3,168.76,171.63,174.41,174.41,154.43,140.03,153.2,153.86,153.95,188.78,208.21,192.88,191.11,181.43,208.13
225.91,456.72,240.83,213.49,202.64,204.14,191.65,258.74,238.9,233.87,235.6,224.2,255.56,226.6,248.76,219,209.75,196.11,194.5,214.66,217.84,215.5,221.57,250.74,201.63,248.77,188.96,179.03,0,174.04,225.75,170.52,172.61,199.66,166.34,175.5,180.28,234.62,234.52,213.49,213.49,216.81,227.88,227.89,237.64,209.31,205.82,195.26,179.24,187.76,181.71,181.71,178.42,231.8,229.87,222.56,222.02,216.11,206.01,211.01,226.5,204.4,220.75,192.09,192.4,223.32,243.76,1.982,257.09,211.86,211.05,191.13,196.57,197.47,229.75,200.45,189.21,173.18,192.91,214.89,213.09,213.49,169.88,162.37,167.02,167.68,167.77,177.51,184.92,209.83,211.01,217.47,215.29
196.79,408.48,185.25,169.99,164.3,199.27,208.84,227.53,179.9,207.42,209.15,192.98,224.34,195.38,190.71,187.78,196.76,170.87,169.24,189.77,176.46,193.56,179.85,171.39,192.66,207.75,192.37,174.88,174.04,0,163.21,182.97,184.79,144.88,157.45,181.87,186.66,175.62,176.47,174.23,171.79,176.43,169.8,172.31,182.06,189.56,192.83,182.85,197.02,182.89,176.84,176.84,195.61,200.59,198.65,191.34,190.81,184.89,174.79,184.56,200.05,173.19,181.29,166.83,167.16,174.63,164.41,154.22,149.39,149.32,148.51,136.35,159.65,168.35,200.63,171.33,173.77,183.62,183.72,166.65,171.37,172.11,190.28,153.48,177.22,179.86,180.22,180.92,175.95,187.89,186.12,176.45,233.07
233.31,441.91,233.49,204.18,188.75,196.8,191.37,249.35,231.05,224.56,226.29,214.81,246.17,217.21,239.59,209.61,200.43,188.63,187.02,205.28,208.25,206.12,211.53,223.1,192.1,239.38,179.43,169.5,225.75,163.21,0,157.46,159.56,205.47,152.38,163.18,167.97,226.77,225.35,204.18,204.18,207.43,220.25,220.55,230.3,200,196.5,185.8,178.96,180.42,174.37,174.37,178.14,222.41,220.48,213.17,212.63,206.72,196.62,201.7,217.19,195.01,211.36,184.61,184.93,210.27,216.12,205.93,226.13,1.389,223.21,196.94,218.13,204.87,237.15,207.85,182.45,160.12,179.18,200.08,203.05,203.9,157.57,148.41,153.96,154.63,154.71,167.98,175.39,200.45,201.63,208.08,215.01
190.93,413.57,195.66,175.76,168.58,213.76,223.33,231.25,190.99,212.52,214.25,196.71,228.07,199.11,200.51,191.51,197.7,176.05,174.57,187.68,178.46,190.29,181.85,176.49,183.27,209.56,171.17,156.7,170.52,182.97,157.46,0,196.94,147.02,167.25,191.66,196.45,186.71,186.27,176.23,175.76,176.73,180.4,182.72,192.47,192.36,193.77,177.58,211.51,197.38,191.33,191.33,210.1,204.31,202.38,195.07,194.53,188.62,178.52,189.66,205.15,176.37,183.86,172.16,172.34,177.2,169.51,150.7,143.65,143.57,142.77,138.49,153.65,162.49,194.77,165.47,183.56,166.68,182.37,171.74,173.37,174.11,200.08,163.28,189.36,192.01,0.275,159.72,166.56,184.62,184.03,178.26,247.56
193.06,415.81,198.1,177.94,170.76,216.38,225.95,233.43,193.44,214.79,216.52,198.89,230.25,201.29,202.95,193.69,199.97,178.32,176.84,189.86,180.55,192.47,183.94,178.76,185.36,211.65,173.27,158.79,172.61,184.79,159.56,196.94,0,149.15,169.69,194.1,198.89,189.16,188.71,178.32,177.94,179,182.84,185.16,194.91,194.63,196.04,179.58,214.13,200,193.95,193.95,212.72,206.49,204.56,197.25,196.71,190.8,180.7,191.93,207.42,178.55,185.95,174.43,174.61,179.29,171.78,152.79,145.74,145.67,144.86,140.61,155.78,164.62,196.9,167.6,186,168.77,184.55,173.98,175.46,176.2,202.52,165.72,191.89,0.493,194.19,161.82,168.65,186.8,186.21,180.35,250.18
208.32,430.65,226.46,195.33,178.63,185.86,190.13,203.32,222.79,183.22,184.95,168.78,200.14,171.18,231.61,163.58,176.35,151.37,150.07,182.07,196.45,183.5,199.1,194.23,175.31,209.6,159.8,149.87,199.66,144.88,205.47,147.02,149.15,0,138.64,147.01,151.8,218.51,217.37,195.33,195.33,194.96,212.36,213.52,223.27,165.45,172.42,170.01,177.72,169.64,163.59,163.43,176.9,176.38,174.45,167.14,166.6,160.69,150.59,160.36,175.85,148.98,179.99,147.66,147.66,177.77,187.25,179.84,191.37,191.58,223.04,0.853,219.59,179.88,212.16,182.86,157.46,149.71,169.44,188.82,190.62,192.1,142.6,134.66,143.55,144.22,144.27,148.35,158.6,177.83,178.42,178.3,213.77
170.24,385.3,189.3,159.4,139.75,219.02,230.3,218.96,186.82,198.86,200.59,184.42,215.78,186.82,197.57,179.22,187.53,168.49,167.19,179.07,159.49,181.68,161.52,169.12,169.55,201.93,156.96,144,166.33,157.45,152.38,167.25,169.69,138.64,0,158.33,163.12,182.54,183.33,159.32,159.55,161.11,175.01,176.36,186.11,181.09,183.6,162.88,220.26,202.64,196.59,196.59,217.08,192.02,190.09,182.78,182.24,176.33,166.23,176,191.49,164.62,172.43,164.78,164.78,169.33,162.14,146.51,138.59,138.49,136.88,130.1,137.38,141.8,174.08,144.78,150.23,151.87,164.33,143.47,153.04,155.14,208.93,0.397,208.46,164.76,164.5,145.51,152.84,176.01,175.42,170.63,256.31
184.51,400.77,194.62,162.38,151.5,228.23,239.76,224.77,195.38,204.3,206.03,190.23,221.59,192.63,204.35,185.03,193.02,174.33,172.71,176.42,164.54,178.44,167.93,175.47,176.33,202.76,172.44,157.96,175.5,181.87,163.18,191.66,194.1,147.01,158.33,0,0.479,191.11,190.11,162.31,162.53,163.88,181.68,181.68,191.43,184.83,189.09,165.59,230.65,212.01,205.96,205.8,226.53,197.83,195.9,188.59,188.05,182.14,172.04,181.44,196.93,170.43,174.93,170.3,170.62,170.4,168.49,155.68,149.36,149.29,148.48,138.48,147.23,156.07,188.35,159.05,178.81,166.96,175.57,158.94,159.45,160.19,178.38,154.36,191.16,189.17,188.91,160.99,159.62,172.77,172.77,171.46,266.7
189.3,405.56,199.41,167.17,156.29,233.02,244.55,229.56,200.17,209.09,210.82,195.02,226.38,197.42,209.14,189.82,197.81,179.12,177.5,181.21,169.33,183.23,172.72,180.26,181.12,207.55,177.23,162.75,180.28,186.66,167.97,196.45,198.89,151.8,163.12,0.479,0,195.89,194.9,167.1,167.32,168.68,186.47,186.47,196.22,189.62,193.88,170.38,235.44,216.8,210.75,210.59,231.32,202.62,200.69,193.38,192.84,186.93,176.83,186.23,201.72,175.22,179.72,175.09,175.41,175.19,173.28,160.47,154.15,154.08,153.27,143.27,152.02,160.86,193.14,163.84,183.6,171.75,180.36,163.73,164.24,164.98,183.18,159.15,195.95,193.96,193.7,165.78,164.41,177.56,177.56,176.25,271.49
248.39,418.31,231.44,214.24,199.66,248.41,260,249.67,0.428,223.79,225.52,215.13,246.49,217.53,268.17,209.93,209.36,193.75,192.13,203.93,214.34,206.54,217,219.06,201.24,227.8,191.52,181.58,234.62,175.62,226.77,186.71,189.16,218.51,182.54,191.1,195.89,0,253.93,227.7,224.31,203.11,255.5,218.5,228.25,202.62,205.43,188.25,249.77,232.33,226.28,225.98,246.77,222.73,220.8,213.49,212.95,207.04,196.94,200.93,216.42,195.87,193.22,189.72,190.04,195.44,212.08,214.8,212.59,212.88,216.09,209.98,210.82,219.95,252.23,222.93,197,173.54,169.22,176.48,208.52,210,179.48,178.57,186.21,184.23,183.96,180.07,184.53,200.87,200.28,196.5,285.82
244.77,422.03,226.3,215.76,201.33,245.36,252.3,253.39,258.21,227.51,229.24,218.85,250.21,221.25,1.424,213.65,209.36,197.47,195.85,204.43,216.02,206.45,218.67,220.52,199.02,230.95,191.4,181.46,234.52,176.47,225.35,186.27,188.71,217.37,183.33,190.11,194.9,253.93,0,242.59,220.59,199.39,240.61,213.36,223.11,205.43,205.43,188.12,240.18,228.98,222.93,222.93,239.07,226.45,224.52,217.21,216.67,210.76,200.66,204.65,220.14,199.59,196.94,193.44,193.76,199.12,213.54,214.7,211.17,211.46,214.02,208.84,208.84,216.33,248.61,219.31,191.71,177.26,172.94,180.2,210.19,211.67,180.3,179.36,185.77,183.78,183.52,179.95,182.31,200.78,200.78,199.65,276.23
212.47,453.21,210.68,213.47,221.02,225.7,219.79,240.89,231.98,213.95,215.68,206.35,237.71,208.75,256.83,201.15,193.75,182.23,180.93,189.52,246.04,190.95,247.22,205.14,186.14,219.31,185.34,172.38,213.49,174.23,204.18,176.23,178.32,195.33,159.32,162.31,167.1,227.7,242.59,0,212.87,191.27,214.38,197.74,207.49,191.09,189.82,184.17,207.39,209.48,203.43,203.27,206.56,213.95,212.02,204.71,204.17,198.26,188.16,191.09,206.58,186.55,189.68,178.52,178.52,187.74,198.16,193.67,190.14,190.29,191.89,186.8,185.62,184.03,216.31,187.01,165.01,186.58,199.55,211.38,238.74,241.69,158.1,155.35,172.73,173.39,173.48,173.89,169.43,185.28,185.87,188.02,243.44
212.47,422.99,233.86,213.15,195.78,224.59,218.68,240.22,228.59,214.85,216.58,205.68,237.04,208.08,234.83,200.48,199.65,181.56,180.26,192.58,210.46,194.6,213.12,204.92,193.07,219.13,187.82,176.05,213.49,171.79,204.18,175.76,177.94,195.33,159.55,162.53,167.32,224.31,220.59,212.87,0,209.47,222.52,220.92,230.67,193.69,195.72,193.89,206.28,208.37,202.32,202.16,205.45,213.28,211.35,204.04,203.5,197.59,187.49,191.99,207.48,185.88,189.23,177.85,177.85,187.3,197.94,193.67,190.14,190.29,191.89,186.8,185.62,184.03,216.31,187.01,165.23,176.24,174.31,181.16,204.64,206.11,158.32,155.58,172.95,173.01,173.01,176.36,176.37,188.93,188.93,187.83,242.33
212.47,405.72,237.59,189.1,183.99,218.04,211.91,245.47,207.39,225.36,227.09,210.93,242.28,213.33,213.63,205.73,216.82,184.06,182.76,206.7,193.5,208.13,196.9,210.05,209.43,232.96,195.1,185.16,216.81,176.43,207.43,176.74,179,194.96,161.11,163.88,168.68,203.11,199.39,191.27,209.47,0,219.23,224.65,234.4,206.94,212.89,221.76,199.51,201.66,195.61,195.61,198.68,218.52,216.6,209.29,208.75,202.84,192.74,202.5,217.99,191.13,202.82,180.35,180.35,200.6,203.07,197,193.47,193.54,194.34,186.42,185.27,184.03,216.31,187.01,165.73,171.13,163.24,163.89,188.41,189.15,159.98,157.14,174.52,174.07,173.99,183.65,192.72,202.47,203.06,201.66,235.56
241.51,410.96,264.24,208.32,193.67,238.5,249.76,243.43,259.78,220.07,221.8,208.89,240.25,211.29,254.85,203.69,205.04,185.37,184.07,197.32,208.35,199.34,211.01,210.31,200.25,221.56,188.2,179.78,227.88,169.8,220.25,180.4,182.84,212.36,175.01,181.68,186.47,255.5,240.61,214.38,222.52,219.23,0,251.3,261.05,199.02,201.11,193.1,239.02,222.28,216.23,216.07,236.54,216.49,214.56,207.25,206.71,200.8,190.7,197.21,212.7,189.63,186.98,181.66,181.66,189.2,203.34,208.06,206.07,206.36,209.54,203.83,204.51,213.07,245.35,216.05,188.55,167.55,163.22,169.13,202.53,204,171.04,171.04,179.9,177.91,177.65,176.75,183.54,193.67,193.67,190.26,275.07
242.45,409.82,1.294,193.53,186.09,237.15,247.02,244.79,222.78,221.43,223.16,210.25,241.61,212.65,227.59,205.05,206.39,186.72,185.43,197.83,195.61,199.85,199,211.67,200.25,222.91,190.71,182.29,227.89,172.31,220.55,182.72,185.16,213.52,176.36,181.68,186.47,218.5,213.35,197.74,220.92,224.65,251.3,0,0.975,201.53,202.46,195.62,236.26,220.94,214.88,214.72,233.79,217.85,215.92,208.61,208.07,202.16,192.06,198.57,214.06,190.98,188.33,183.01,183.01,190.56,204.69,208.07,206.3,206.66,210.68,204.99,206.54,214.01,246.29,217,187.82,168.63,159.99,167.99,190.52,191.26,172.39,172.39,182.22,180.23,179.97,179.26,183.54,194.18,194.18,191.61,272.31
252.21,419.57,0.319,203.28,195.84,246.9,256.77,254.54,232.53,231.18,232.91,220,251.36,222.4,237.34,214.8,216.14,196.47,195.17,207.58,205.36,209.6,208.75,221.42,210,232.67,200.46,192.04,237.64,182.06,230.3,192.47,194.91,223.27,186.11,191.43,196.22,228.25,223.1,207.49,230.67,234.4,261.05,0.975,0,211.28,212.21,205.37,246.01,230.69,224.64,224.47,243.54,227.6,225.67,218.36,217.82,211.91,201.81,208.32,223.81,200.73,198.09,192.77,192.76,200.31,214.44,217.82,216.05,216.41,220.43,214.74,216.29,223.77,256.05,226.74,197.57,178.38,169.74,177.74,200.27,201.01,182.14,182.14,191.97,189.98,189.72,189.01,193.29,203.93,203.93,201.37,282.06
206.22,450.36,214.47,191.01,199.2,215.57,187.42,288.35,206.9,271.5,273.23,253.81,285.17,256.21,219.67,248.61,245.36,208.44,206.82,212.18,200.76,213.02,206.37,206.67,212.16,239.06,199.33,186.36,209.31,189.56,200,192.36,194.63,165.45,181.09,184.83,189.62,202.62,205.43,191.09,193.69,206.94,199.02,201.53,211.28,0,241.43,211.38,175.01,199.19,193.14,193.14,174.19,261.41,259.48,252.17,251.63,245.72,235.62,248.64,264.13,233.47,232.55,204.41,204.72,225.89,199.69,189.5,185.97,186.11,187,156.92,156.92,177.78,210.06,180.76,186.8,188.02,196.06,208.53,197.89,196.41,177.12,177.12,190.36,189.7,189.61,187.88,195.45,207.35,208.53,207.76,211.06
206.71,449.91,215.4,189.75,199.28,205.07,183.92,274.35,209.71,257.5,259.23,239.81,271.17,242.21,219.67,234.61,0.393,197.94,196.32,210.08,198.46,212.1,203.33,203.17,218.36,235.56,200.81,189.33,205.81,192.83,196.5,193.77,196.04,172.42,183.6,189.09,193.88,205.43,205.43,189.82,195.72,212.88,201.11,202.46,212.21,241.43,0,225.38,171.51,188.69,182.64,182.64,170.69,247.41,245.48,238.17,237.63,231.72,221.62,234.64,250.13,219.47,222.05,193.91,194.22,215.39,196.19,186,182.47,182.61,183.5,163.89,165.86,178.27,210.55,181.25,187.82,186.98,195.67,208.08,194.85,194.11,180.32,179.63,191.78,191.11,191.02,189.36,201.65,206.43,206.43,204.26,207.56
195.78,419.16,208.56,181.64,176.88,182.53,176.4,244.3,192.53,227.45,229.19,209.76,241.12,212.16,202.36,204.56,229.31,175.4,173.78,202.56,186.4,204.58,189.79,192.61,210.91,225.75,193.29,181.82,195.26,182.85,185.8,177.58,179.58,170.01,162.88,165.59,170.38,188.25,188.12,184.17,193.89,221.76,193.1,195.62,205.37,211.38,225.38,0,164,166.15,160.1,160.1,163.17,217.36,215.43,208.12,207.58,201.67,191.57,204.6,220.08,189.43,199.52,171.37,171.69,192.86,185.63,175.44,171.91,171.91,171.85,161.48,159.51,167.34,199.62,170.32,163.41,171.75,173.74,177.33,181.31,182.05,162.79,158.91,173.33,174.65,174.83,181.84,194.2,198.91,198.91,194.45,200.05
224.25,498.86,249.2,207.03,238.41,28.492,7.926,30.296,254.05,199.56,201.29,23.872,30.568,25.264,254.42,26.952,175.44,119.64,118.04,136.59,222.34,140.38,230.16,151.11,174.06,154.56,191.09,172.08,179.24,197.02,178.96,211.51,214.13,177.72,220.26,230.65,235.44,249.77,240.18,207.39,206.28,199.51,239.02,236.26,246.01,175.01,171.51,164,0,5.28,6.49,19.52,5.28,19.52,20.292,23.216,23.432,25.796,29.836,176.7,192.19,179.42,115.01,115.63,115.93,121.67,144.13,159.42,164.71,165.07,169.09,169.19,173.72,195.81,228.09,198.79,232.8,212.31,233.4,257.02,221.68,217.99,217.16,216.29,212.51,209.2,208.76,179.64,157.35,134.71,132.94,123.26,3.605
213.6,481.62,233.88,209.12,221.18,8.966,7.926,9.868,236.61,227.14,228.87,6.656,10.004,7.352,243.22,8.196,192.62,172.55,170.96,166.79,220.36,168.22,225.23,178.9,171.71,197.66,176.96,157.95,187.76,182.89,180.42,197.38,200,169.64,202.64,212.01,216.8,232.33,228.98,209.48,208.37,201.66,222.28,220.94,230.69,199.19,188.69,166.15,5.28,0,0.605,4.48,5.28,4.48,4.866,6.328,6.436,7.618,9.638,204.28,219.77,212.44,195.69,168.55,168.84,193.47,171.92,167.94,166.17,166.53,170.55,161.11,163.07,185.16,217.44,188.14,214.25,198.18,217.51,239.79,216.75,216.01,199.14,198.67,198.38,195.07,194.63,165.51,155,162.55,163.14,166.36,12.49
207.55,475.57,227.83,203.07,215.13,7.756,9.136,8.658,230.56,221.09,222.82,5.446,8.794,6.142,237.17,6.986,186.57,166.5,164.91,160.74,214.31,162.17,219.18,172.85,165.66,191.61,170.91,151.9,181.71,176.84,174.37,191.33,193.95,163.59,196.59,205.96,210.75,226.28,222.93,203.43,202.32,195.61,216.23,214.88,224.64,193.14,182.64,160.1,6.49,0.605,0,3.27,6.49,3.27,3.656,5.118,5.226,6.408,8.428,198.23,213.72,206.39,189.64,162.5,162.79,187.42,165.87,161.89,160.12,160.48,164.5,155.06,157.02,179.11,211.39,182.09,208.2,192.13,211.46,233.74,210.7,209.96,193.09,192.62,192.33,189.02,188.58,159.46,148.95,156.5,157.09,160.31,13.7
207.39,475.57,227.66,202.91,215.13,2.243,24.812,8.658,230.26,221.09,222.82,5.446,8.794,6.142,237.17,6.986,186.57,166.34,164.91,160.74,214.31,162.17,219.18,172.69,165.66,191.61,170.91,151.9,181.71,176.84,174.37,191.33,193.95,163.43,196.59,205.8,210.59,225.98,222.93,203.27,202.16,195.61,216.07,214.72,224.47,193.14,182.64,160.1,19.52,4.48,3.27,0,19.52,3.27,3.656,5.118,5.226,6.408,8.428,198.23,213.72,206.39,189.64,162.5,162.63,187.42,165.71,161.89,160.12,160.48,164.5,154.9,156.86,178.95,211.23,181.93,207.88,192.13,211.3,233.74,210.7,209.96,192.93,192.62,192.33,189.02,188.58,159.46,148.95,156.5,157.09,160.31,33.94
221.78,495.86,246.73,206.2,235.42,28.492,1.323,30.296,251.05,198.74,200.47,23.872,30.568,25.264,253.31,26.952,174.61,118.81,117.22,135.77,221.51,139.56,229.33,150.28,173.23,153.74,189.68,170.67,178.42,195.61,178.14,210.1,212.72,176.9,217.07,226.53,231.32,246.77,239.06,206.56,205.45,198.68,236.53,233.79,243.54,174.19,170.69,163.17,5.28,5.28,6.49,19.52,0,19.52,20.292,23.216,23.432,25.796,29.836,175.88,191.37,178.6,114.19,114.81,115.1,120.85,143.3,158.6,163.89,164.25,168.27,168.37,171.25,193.34,225.62,196.32,228.77,210.9,231.42,254.03,220.85,217.16,213.66,213.1,211.1,207.79,207.35,178.23,156.52,133.89,132.12,122.44,12.49
218.38,469.76,230.79,213.73,216.76,7.756,24.812,2.694,227.01,291.05,292.78,1.088,2.762,1.436,240.69,1.858,251.34,249.08,247.46,228.06,221.76,228.9,226.63,229.15,223.19,262.17,212.03,200.59,231.8,200.58,222.41,204.31,206.49,176.38,192.02,197.83,202.62,222.73,226.45,213.95,213.28,218.52,216.49,217.85,227.6,261.41,247.41,217.36,19.52,4.48,3.27,3.27,19.52,0,0.193,0.924,0.978,1.569,2.579,268.19,283.68,279.07,273.2,245.05,245.37,266.54,222.17,211.98,208.45,208.52,209.32,167.85,167.85,189.94,222.22,192.92,198.16,204.63,213.73,227.93,218.15,217.41,188.05,188.05,201.56,201.56,201.56,200.59,206.48,223.23,224.41,230.87,33.94
216.45,467.83,228.86,211.8,214.83,8.142,25.584,2.887,225.08,289.12,290.85,0.895,2.569,1.243,238.76,1.665,249.41,247.15,245.53,226.13,219.83,226.97,224.7,227.22,221.26,260.24,210.11,198.65,229.87,198.65,220.48,202.38,204.56,174.45,190.09,195.9,200.69,220.8,224.52,212.02,211.35,216.59,214.56,215.92,225.67,259.48,245.48,215.43,20.292,4.866,3.656,3.656,20.292,0.193,0,0.731,0.785,1.376,2.386,266.26,281.75,277.14,271.27,243.12,243.44,264.61,220.24,210.05,206.52,206.59,207.4,165.92,165.92,188.01,220.29,190.99,196.23,202.7,211.8,226,216.22,215.48,186.12,186.12,199.63,199.63,199.63,198.65,204.55,221.3,222.48,228.94,34.712
209.14,460.52,221.55,204.49,207.52,9.604,28.508,3.618,217.77,281.81,283.54,0.164,3.3,0.512,231.45,0.934,242.1,239.84,238.22,218.82,212.52,219.66,217.39,219.91,213.95,252.93,202.79,191.34,222.56,191.34,213.17,195.07,197.25,167.14,182.78,188.59,193.38,213.49,217.21,204.71,204.04,209.28,207.25,208.61,218.36,252.17,238.17,208.12,23.216,6.328,5.118,5.118,23.216,0.924,0.731,0,0.054,0.645,1.655,258.95,274.44,269.83,263.96,235.81,236.13,257.3,212.93,202.74,199.21,199.28,200.09,158.61,158.61,180.7,212.98,183.68,188.92,195.39,204.49,218.69,208.91,208.17,178.81,178.81,192.32,192.32,192.32,191.34,197.24,213.99,215.17,221.63,37.636
208.6,459.98,221.01,203.95,206.98,9.712,28.724,3.672,217.23,281.27,283,0.218,3.354,0.458,230.91,0.88,241.56,239.3,237.68,218.28,211.98,219.12,216.85,219.37,213.41,252.39,202.25,190.8,222.02,190.8,212.63,194.53,196.71,166.6,182.24,188.05,192.84,212.95,216.67,204.17,203.5,208.75,206.71,208.07,217.82,251.63,237.63,207.58,23.432,6.436,5.226,5.226,23.432,0.978,0.785,0.054,0,0.591,1.601,258.41,273.9,269.29,263.42,235.27,235.59,256.76,212.39,202.2,198.67,198.74,199.55,158.07,158.07,180.16,212.44,183.14,188.38,194.85,203.95,218.15,208.37,207.63,178.27,178.27,191.78,191.78,191.78,190.8,196.7,213.45,214.63,221.09,37.852
202.69,454.07,215.1,198.04,201.07,10.894,31.088,4.263,211.32,275.36,277.09,0.809,3.945,1.049,225,0.289,235.65,233.39,231.77,212.37,206.07,213.21,210.94,213.46,207.5,246.48,196.34,184.89,216.11,184.89,206.72,188.62,190.8,160.69,176.33,182.14,186.93,207.04,210.76,198.26,197.59,202.84,200.8,202.16,211.91,245.72,231.72,201.67,25.796,7.618,6.408,6.408,25.796,1.569,1.376,0.645,0.591,0,1.01,252.5,267.99,263.38,257.51,229.36,229.68,250.85,206.48,196.29,192.76,192.83,193.63,152.16,152.16,174.25,206.53,177.23,182.47,188.94,198.04,212.24,202.46,201.72,172.36,172.36,185.87,185.87,185.87,184.89,190.79,207.54,208.72,215.18,40.216
192.59,443.97,205,187.94,190.97,12.914,35.128,5.273,201.22,265.26,266.99,1.819,4.955,2.059,214.9,1.299,225.55,223.29,221.67,202.27,195.97,203.11,200.84,203.36,197.4,236.38,186.25,174.79,206.01,174.79,196.62,178.52,180.7,150.59,166.23,172.04,176.83,196.94,200.66,188.16,187.49,192.73,190.7,192.06,201.81,235.62,221.62,191.57,29.836,9.638,8.428,8.428,29.836,2.579,2.386,1.655,1.601,1.01,0,242.4,257.89,253.28,247.41,219.26,219.58,240.75,196.38,186.19,182.66,182.73,183.54,142.06,142.06,164.15,196.43,167.13,172.37,178.84,187.94,202.14,192.36,191.62,162.26,162.26,175.77,175.77,175.77,174.79,180.69,197.44,198.62,205.08,44.256
202.36,448.66,211.51,191.01,197.5,220.66,189.11,295.13,205.21,2.286,2.459,260.59,291.95,262.99,218.89,255.39,238.57,213.52,211.91,208.79,200.76,209.63,206.37,208.37,207.16,240.75,195.93,182.97,211.01,184.56,201.7,189.66,191.93,160.36,176,181.44,186.23,200.93,204.65,191.09,191.99,202.5,197.21,198.57,208.32,248.64,234.64,204.59,176.71,204.28,198.23,198.23,175.88,268.19,266.26,258.95,258.41,252.5,242.4,0,1.549,240.26,237.64,209.5,209.81,230.98,201.39,191.19,187.66,187.81,188.7,151.83,151.83,173.92,206.2,176.9,183.41,186.92,194.36,206.83,197.89,196.41,172.03,172.03,187.66,187,186.91,184.48,190.45,203.96,205.14,209.45,212.76
217.85,464.15,227,206.5,212.99,236.15,204.6,310.62,220.7,0.737,0.91,276.08,307.44,278.48,234.38,270.88,254.06,229.01,227.39,224.28,216.25,225.12,221.86,223.86,222.66,256.24,211.42,198.46,226.5,200.05,217.19,205.15,207.42,175.85,191.49,196.93,201.72,216.42,220.14,206.58,207.48,217.99,212.7,214.06,223.81,264.13,250.13,220.08,192.2,219.77,213.72,213.72,191.37,283.68,281.75,274.44,273.9,267.99,257.89,1.549,0,255.75,253.13,224.98,225.3,246.47,216.88,206.68,203.15,203.3,204.19,167.32,167.32,189.41,221.69,192.39,198.9,202.41,209.85,222.32,213.38,211.9,187.52,187.52,203.15,202.49,202.4,199.97,205.94,219.45,220.63,224.94,228.25
190.98,442.36,203.92,186.33,189.36,228.82,191.83,306.01,200.15,263.12,264.85,271.47,302.83,273.87,213.83,266.27,223.41,256.47,253.9,201.13,194.9,201.97,199.61,201.75,195.79,235.23,184.64,173.19,204.4,173.19,195.01,176.37,178.55,148.98,164.62,170.43,175.22,195.87,199.59,186.55,185.89,191.13,189.63,190.98,200.73,233.47,219.47,189.43,179.43,212.44,206.39,206.39,178.6,279.07,277.14,269.83,269.29,263.38,253.28,240.26,255.75,0,249.02,251.49,252.76,242.36,194.78,184.58,181.05,181.12,181.93,140.45,140.45,162.54,194.82,165.52,169.69,177.23,186.33,200.53,191.13,190.55,160.65,160.65,173.62,173.62,173.62,173.19,179.08,196.3,197.48,203.93,215.48
210.43,447.03,201.28,189.53,193.95,212.07,127.42,300.14,197.5,260.5,262.23,265.6,296.96,268,211.18,260.4,225.98,255.82,255.79,217.48,198.27,218.32,203.23,218.1,208.88,251.58,196.22,186.28,220.75,181.29,211.36,183.86,185.95,179.99,172.43,174.93,179.72,193.22,196.94,189.68,189.23,202.82,186.98,188.33,198.09,232.55,222.05,199.52,115.01,195.69,189.64,189.64,114.19,273.2,271.27,263.96,263.42,257.51,247.41,237.64,253.13,249.02,0,253.38,252.11,246.55,211.12,200.93,197.4,197.47,198.27,171.46,169.49,181.99,214.27,184.97,179.76,183.7,192.35,205.2,194.75,193.92,167.23,168.46,180.36,181.02,181.11,184.77,192.17,212.65,213.83,220.28,151.06
