0,465.79,235.95,226.93,219.57,229.82,235.01,245.32,250.88,225.22,226.95,210.78,242.14,213.18,262.51,205.58,220.32,195.33,194.03,233.89,229.09,236.5,232.48,249.17,235.17,258.31,246.3,227.29,270.03,265.26,312.15,272.01,274.28,303.27,248.84,273.25,278.04,246.6,248.27,226.86,227.08,227.29,234.91,232.2,232.76,207.45,216.39,214.74,224.26,213.61,207.56,207.39,221.78,218.38,216.45,209.14,208.6,202.69,192.59,202.36,217.85,190.98,224.6,191.62,191.62,227.23,242.19,250.21,298.04,298.26,300.67,294.75,326.22,2.844,5.476,2.546,313.99,256.09,247.45,223.96,224,224.74,267.64,244.87,269.89,269.35,269.26,234.85,218.46,230.83,230.24,227.02,260.31
465.79,0,424.9,455.88,557.52,492.67,503.82,500.84,439.63,462.02,463.75,466.3,497.66,468.7,460.75,461.1,445.73,441.03,439.73,461.57,524.09,464.77,530.43,469.08,470.26,480.17,479.01,460,471.08,447.97,456.28,444.04,445.96,446.95,406.46,432.57,437.36,435.35,446.52,513.38,455.43,422.71,425.36,416.63,421.71,434.07,441.8,439.31,492.74,476.43,470.38,470.24,490.59,473.9,471.97,464.66,464.12,458.21,448.11,439.16,454.65,449.19,440.6,437.32,437.32,447.28,462.1,451.26,442.67,442.39,439.17,438.42,441.76,437.35,469.63,440.33,429.87,515.84,531.87,24.183,521.95,519.74,435.38,402.49,439.04,441.03,441.29,467.56,453.55,459.1,457.92,448.87,528.79
235.95,424.9,0,167.03,203.54,223.88,215.53,233.8,180.68,207.19,208.92,199.26,230.62,201.66,187.9,194.06,189.95,170.09,168.47,177.82,182.05,180.43,189.87,195.09,187.21,202.25,198.34,179.34,210.91,205.9,203.58,211.68,213.95,195.18,204.7,206.16,210.95,176.4,173.66,167.1,177.84,199.07,183.01,217.16,0.319,192.49,186.03,187.71,204.18,207.5,201.45,201.45,202.3,206.86,204.93,197.62,197.08,191.17,181.07,184.33,199.82,180.54,168.18,166.06,166.38,170.42,188.11,191.09,189.33,189.69,193.71,186.65,186.91,207.51,239.79,210.49,208.55,203.08,182.56,183.07,181.39,177.7,200.53,200.73,209.68,209.02,208.93,186.89,170.5,174.76,174.17,170.95,240.23
226.93,455.88,167.03,0,240.76,195.5,206.58,215.84,221.35,183.42,185.15,181.3,212.66,183.7,239.13,176.1,163.15,143.93,142.63,168.5,243,172.29,247.87,178.41,186.7,184.42,203.73,184.72,208.76,195.54,206.65,195.94,198.03,202.1,181.34,186.5,191.29,217.07,224.89,236.53,236.22,182.56,204.44,171.87,163.84,155.72,159.22,162.74,195.5,179.19,173.14,173.07,193.35,188.9,186.97,179.66,179.12,173.21,163.11,160.56,176.05,163.11,144.34,140.22,140.22,151,171.43,188.94,192.47,192.76,195.21,193.57,194.6,198.49,230.77,201.47,185.39,209.89,204.2,214.05,239.39,238.65,183.69,177.37,192.44,193.1,193.19,192.28,169.99,166.62,164.85,153.12,231.55
219.57,557.52,203.54,240.76,0,232.23,243.38,250.8,243.43,220.02,221.75,216.26,247.62,218.66,258.35,211.06,199.66,180.59,179.29,205.16,299.13,208.95,306.21,208.64,219.75,221.07,226.16,207.15,217.85,198.69,204.88,194.77,196.69,194.7,160.91,186.36,191.15,239.15,244.11,286.3,240.16,210.01,226.45,208.45,200.35,192.23,195.73,195.6,232.3,215.99,209.94,209.8,230.15,223.86,221.93,214.62,214.08,208.17,198.07,197.16,212.65,197.82,180.99,176.88,176.88,187.65,201.66,198.03,191.21,190.99,188.58,186.17,195.55,191.13,223.41,194.11,183.66,262.19,275.15,315.69,297.73,294.78,187.79,156.94,189.77,191.76,192.02,214.71,203.04,203.28,201.51,189.77,268.35
229.82,492.67,223.88,195.5,232.23,0,33.784,13.144,228.52,243.52,245.25,9.932,13.28,10.628,230.52,11.472,207.26,188.77,187.34,183.17,210.74,184.6,218.56,195.12,188.09,214.04,193.34,174.33,204.14,276.97,196.8,271.78,273.52,185.86,267.67,252.25,257.04,224.24,216.28,195.79,194.82,190.76,214.59,214.84,220.69,215.57,203.33,180.79,28.492,8.966,7.756,2.243,28.492,7.756,8.142,9.604,9.712,10.894,12.914,220.66,236.15,228.82,195.47,184.93,185.06,193.25,188.14,184.32,182.55,182.91,186.93,177.33,179.29,201.38,233.66,204.36,238.75,265.59,248.31,250.84,210.08,206.39,265.47,263.7,265.28,268.59,269.03,181.89,171.38,178.93,179.52,182.74,42.912
235.01,503.82,215.53,206.58,243.38,33.784,0,35.588,229.12,211.97,213.7,29.164,35.86,30.556,235.71,32.244,187.84,132.04,130.45,149,221.89,152.79,229.71,163.51,186.46,166.97,202.91,183.9,191.65,288.77,191.37,283.35,285.09,190.13,279.2,257.44,262.23,224.84,221.47,206.94,205.83,201.77,211.5,210.39,212.34,187.41,183.91,176.4,7.926,7.926,9.136,24.812,1.323,24.812,25.584,28.508,28.724,31.088,35.128,189.11,204.6,191.83,127.42,128.04,128.33,134.08,156.53,171.83,177.12,177.48,181.5,181.6,184.48,206.57,238.85,209.55,243.94,277.05,259.46,261.99,221.23,217.54,271.47,275.23,276.85,280.16,280.6,191.46,169.75,147.12,145.35,135.67,15.136
245.32,500.84,233.8,215.84,250.8,13.144,35.588,0,232,277.79,279.52,3.782,5.456,4.13,241.96,4.552,237.76,242.39,241.09,236.32,231.07,237.75,238.89,246.32,247.85,267.19,246.49,227.48,257.29,269.35,249.95,266.79,268.71,203.32,267.11,267.51,272.3,227.72,227.72,216.13,215.24,218.8,221.27,226.71,230.61,248.14,233.83,227.42,30.296,9.868,8.658,8.658,30.296,2.694,2.887,3.618,3.672,4.263,5.273,254.93,270.42,265.81,266.6,238.68,238.68,259.94,239.34,237.47,235.71,236.06,240.08,194.79,194.79,216.88,249.16,219.86,254.25,262,256.19,259.01,230.41,226.73,274.03,263.14,261.79,263.78,264.04,235.04,231.14,232.08,232.67,235.9,44.716
250.88,439.63,180.68,221.35,243.43,228.52,229.12,232,0,195.62,197.35,197.47,228.83,199.86,262.66,192.27,177.49,177.93,177.07,187.56,232.28,190.17,238.62,207.07,194.01,211.52,206.78,187.77,226.44,202.56,220.6,207.66,209.93,211.81,200.04,201.1,205.89,0.428,248.42,222.19,220.9,182.51,249.99,186.84,177.49,169.37,173.56,166.15,218.37,212.47,206.42,206.09,215.89,205.07,203.13,195.82,195.28,189.38,179.27,172.76,188.25,180.35,174.46,174.66,174.22,179.16,200.09,206.62,206.35,206.71,210.73,203.28,203.86,222.44,254.72,225.42,204.1,215.04,197.29,197.8,230.14,227.93,195.49,196.07,205.66,205,204.91,195.33,177.3,184.5,183.91,180.22,254.42
225.22,462.02,207.19,183.42,220.02,243.52,211.97,277.79,195.62,0,1.647,243.25,274.61,245.65,204.54,238.05,211.14,202.76,201.45,203.19,198.53,204.62,206.35,213.19,221.24,234.07,213.36,194.35,224.16,244.43,216.83,244.63,246.64,183.22,245.78,242.77,247.56,191.34,190.3,183.58,182.97,192.19,188.14,200.1,204,231.3,207.21,200.81,199.57,227.14,221.09,221.09,198.74,250.85,248.92,241.61,241.07,235.16,225.06,2.286,0.737,222.91,226.96,199.04,199.04,220.3,206.21,204.34,202.58,202.94,206.96,174.69,174.69,196.78,229.06,199.76,230.83,235.37,219.68,220.19,197.87,194.18,240.95,241.81,240.38,241.71,241.88,201.91,204.53,198.95,199.54,202.77,235.62
226.95,463.75,208.92,185.15,221.75,245.25,213.7,279.52,197.35,1.647,0,244.98,276.34,247.38,206.27,239.78,212.87,204.48,203.19,204.92,200.26,206.35,208.08,214.92,222.96,235.8,215.09,196.08,225.89,246.16,218.56,246.36,248.37,184.95,247.51,244.5,249.29,193.07,192.03,185.31,184.7,193.92,189.87,201.83,205.73,233.03,208.94,202.54,201.3,228.87,222.82,222.82,200.47,252.58,250.65,243.34,242.8,236.89,226.79,2.459,0.91,224.64,228.69,200.78,200.78,222.03,207.94,206.07,204.31,204.67,208.69,176.42,176.42,198.51,230.79,201.49,232.56,237.1,221.41,221.92,199.6,195.91,242.68,243.54,242.11,243.44,243.61,203.64,206.25,200.68,201.27,204.5,237.35
210.78,466.3,199.26,181.3,216.26,9.932,29.164,3.782,197.46,243.25,244.98,0,3.464,0.676,207.42,1.098,203.22,207.85,206.55,201.78,196.53,203.21,204.35,211.78,213.31,232.65,211.95,192.94,222.75,234.81,215.41,232.25,234.17,168.78,232.57,232.97,237.76,193.18,193.19,181.58,180.7,184.26,186.73,192.17,196.07,213.6,199.29,192.88,23.872,6.656,5.446,5.446,23.872,1.088,0.895,0.164,0.218,0.809,1.819,220.39,235.88,231.27,232.06,204.14,204.14,225.39,204.8,202.93,201.16,201.52,205.54,160.25,160.25,182.34,214.62,185.32,219.71,227.45,221.66,224.47,195.87,192.18,239.49,228.6,227.25,229.24,229.5,200.5,196.6,197.54,198.13,201.35,38.292
242.14,497.66,230.62,212.66,247.62,13.28,35.86,5.456,228.83,274.61,276.34,3.464,0,3.812,238.78,4.234,234.58,239.21,237.91,233.14,227.89,234.57,235.71,243.14,244.67,264.01,243.31,224.3,254.11,266.17,246.78,263.61,265.53,200.14,263.93,264.33,269.12,224.54,224.54,212.94,212.06,215.62,218.09,223.53,227.43,244.96,230.65,224.24,30.568,10.004,8.794,8.794,30.568,2.762,2.569,3.3,3.354,3.945,4.955,251.75,267.24,262.63,263.41,235.5,235.5,256.75,236.16,234.29,232.52,232.88,236.91,191.61,191.61,213.7,245.98,216.68,251.07,258.81,253.01,255.83,227.23,223.54,270.85,259.96,258.61,260.6,260.86,231.86,227.96,228.9,229.49,232.71,44.988
213.18,468.7,201.66,183.7,218.66,10.628,30.556,4.13,199.87,245.65,247.38,0.676,3.812,0,209.82,1.338,205.62,210.25,208.95,204.18,198.94,205.61,206.75,214.18,215.71,235.06,214.35,195.34,225.15,237.21,217.81,234.65,236.57,171.18,234.97,235.37,240.16,195.58,195.58,183.99,183.1,186.66,189.13,194.57,198.47,216,201.69,195.28,25.264,7.352,6.142,6.142,25.264,1.436,1.243,0.512,0.458,1.049,2.059,222.79,238.28,233.67,234.46,206.54,206.54,227.79,207.2,205.33,203.57,203.93,207.94,162.65,162.65,184.74,217.02,187.72,222.11,229.85,224.06,226.87,198.28,194.59,241.89,231,229.65,231.64,231.9,202.9,199,199.94,200.53,203.76,39.684
262.51,460.75,187.9,239.13,258.35,230.52,235.71,241.97,262.66,204.54,206.27,207.42,238.78,209.83,0,202.22,184.02,178.06,176.76,196.56,250.13,199.76,256.48,212.54,206.44,216.54,222.28,203.27,240.09,216.24,235.39,221.34,223.61,230.73,207.65,213.98,218.77,258.38,1.424,247.04,238.53,196.8,245.06,196.8,184.71,176.59,180.09,179.83,224.96,214.3,208.25,208.09,222.48,215.03,213.09,205.78,205.24,199.33,189.23,181.68,197.17,190.31,176.98,174.35,174.35,183.65,205.56,220.27,221.21,221.5,224.28,222.2,223.41,234.07,266.35,237.05,216.83,227.3,216.21,218.93,248,245.78,205.83,203.68,218.98,218.68,218.59,210.83,189.73,194.09,192.91,185.24,261.01
205.58,461.1,194.06,176.1,211.06,11.472,32.244,4.552,192.27,238.05,239.78,1.098,4.234,1.338,202.22,0,198.02,202.65,201.35,196.58,191.33,198.01,199.15,206.58,208.11,227.46,206.75,187.74,217.55,229.61,210.21,227.06,228.97,163.58,227.37,227.77,232.56,187.98,187.98,176.38,175.5,179.06,181.53,186.97,190.87,208.4,194.09,187.68,26.952,8.196,6.986,6.986,26.952,1.858,1.665,0.934,0.88,0.289,1.299,215.19,230.68,226.07,226.86,198.94,198.94,220.2,199.6,197.73,195.97,196.33,200.34,155.05,155.05,177.14,209.42,180.12,214.51,222.25,216.45,219.27,190.67,186.98,234.29,223.4,222.06,224.04,224.31,195.3,191.4,192.34,192.93,196.15,41.372
220.32,445.73,189.96,163.15,199.66,207.26,187.85,237.76,177.49,211.14,212.87,203.22,234.58,205.62,184.02,198.02,0,165.58,164.28,184.56,178.17,186.57,185.99,196.81,194.95,210.53,199.27,180.26,211.97,232.9,205.41,236.27,238.4,176.35,233.38,222.34,227.13,173.2,169.78,163.22,169.34,181.95,173.08,182.87,186.77,213.62,0.393,197.57,175.44,191.04,184.99,184.83,174.62,210.82,208.89,201.58,201.04,195.13,185.03,188.28,203.77,184.49,175.15,161.87,161.87,178.17,189.83,192.16,191.16,191.52,195.54,167.82,169.79,191.88,224.16,194.86,214.54,220.89,202.89,203.9,177.51,173.82,226.93,229.41,232.81,233.47,233.52,187.82,178.24,180.91,180.91,179.23,211.49
195.33,441.03,170.09,143.93,180.59,188.77,132.04,242.39,177.93,202.76,204.49,207.85,239.21,210.25,178.06,202.65,165.58,0,227.16,170.89,159.1,171.14,166.92,184.35,159.54,203.25,170.68,151.67,193.35,220.03,186.01,216.59,218.51,151.37,216.91,217.33,222.11,173.65,163.82,144.15,143.48,142.13,161.75,162.14,166.9,174.81,161.65,139.11,119.64,172.56,166.5,166.34,118.81,215.45,213.52,206.21,205.67,199.76,189.66,179.9,195.38,222.93,222.28,224.75,0.371,184.61,177.37,173.53,171.76,172.12,176.14,142.84,144.8,166.89,199.17,169.87,204.26,211.27,196.67,199.2,158.44,154.75,225.5,212.94,211.59,213.58,213.84,159.23,142.83,165.47,167.24,171.95,155.69
194.03,439.73,168.47,142.63,179.29,187.34,130.45,241.09,177.07,201.45,203.19,206.55,237.91,208.95,176.76,201.35,164.28,227.16,0,169.59,157.8,169.84,165.62,183.27,158.24,201.95,169.38,150.37,192.05,218.73,184.71,215.29,217.21,150.07,215.56,216.03,220.81,172.79,162.52,142.85,142.18,140.83,160.14,160.84,165.28,173.51,160.35,137.81,118.04,170.96,164.91,164.91,117.22,214.15,212.22,204.91,204.37,198.46,188.36,178.6,194.09,220.35,222.25,0.241,223.45,183.31,176.29,172.23,170.46,170.82,174.84,141.54,143.5,165.59,197.87,168.57,202.96,209.66,195.37,197.9,157.14,153.45,223.94,211.59,210.29,212.28,212.54,157.93,141.53,164.17,165.94,170.65,154.09
233.89,461.57,177.82,168.5,205.16,183.17,149,236.32,187.56,203.19,204.92,201.78,233.14,204.18,196.56,196.58,184.56,170.89,169.59,0,183.67,221.98,191.49,216.9,202.83,237.06,215.85,196.84,235.19,224.19,227.54,221.41,223.32,190.26,220.13,226.69,231.48,183.28,182.32,168.72,168.05,167.87,171.87,170.73,174.63,178.64,180.63,174.97,136.59,166.79,160.74,160.74,135.77,209.38,207.45,200.14,199.6,193.69,183.59,180.33,195.82,184.13,193.05,167.18,167.18,203.64,209.92,215.37,213.29,213.65,217.67,181.73,183.7,205.45,237.73,208.43,226.04,223.89,215.71,219.74,183.01,179.32,226.69,216.16,216.41,218.39,218.66,204.4,186.12,216.31,0.365,205.76,172.64
229.09,524.09,182.05,243,299.13,210.74,221.89,231.08,232.28,198.53,200.26,196.53,227.9,198.94,250.13,191.33,178.17,159.1,157.8,183.67,0,187.46,325.33,193.58,201.79,199.58,218.75,199.74,220.52,208.21,216.91,204.29,206.2,208.49,180.77,195.88,200.67,228,235.89,311.32,242.4,197.51,215.3,186.96,178.86,170.74,174.24,177.83,210.81,194.5,188.45,188.31,208.66,204.13,202.21,194.9,194.35,188.44,178.34,175.67,191.16,178.34,159.5,155.39,155.39,166.16,186.6,200.7,202.95,203.02,203.46,199.96,202.14,200.65,232.93,203.63,193.18,251.03,264,282.26,316.85,0.435,197.3,176.8,199.29,201.27,201.54,207.3,185.08,181.79,180.02,168.28,246.86
236.5,464.77,180.43,172.29,208.95,184.6,152.79,237.75,190.17,204.62,206.35,203.21,234.57,205.61,199.76,198.01,186.57,171.14,169.84,221.98,187.46,0,195.28,217.74,207.21,236.72,219.05,200.04,237.21,226.8,230.74,223.43,225.34,192.87,221.56,228.71,233.5,185.89,185.52,172.51,171.84,172.24,174.48,173.34,177.24,180.07,182.65,179.35,140.38,168.22,162.17,162.17,139.56,210.81,208.88,201.57,201.03,195.12,185.02,181.76,197.25,185.56,193.89,167.43,167.43,203.3,210.76,217.39,216.49,216.85,220.87,184.34,186.31,208.06,240.34,211.04,227.47,226.5,219.27,222.94,186.8,183.11,228.71,217.59,218.43,220.41,220.68,207.6,190.5,0.567,218.33,205.42,176.43
232.48,530.43,189.87,247.87,306.21,218.56,229.71,238.89,238.62,206.35,208.08,204.36,235.72,206.75,256.48,199.16,185.99,166.92,165.62,191.49,325.33,195.28,0,201.4,209.61,207.4,225.83,206.82,226.87,211.6,221.49,207.68,209.6,211.88,182.68,199.27,204.06,234.34,242.24,312.5,247.27,204.77,221.64,194.78,186.68,178.56,182.06,185.65,218.63,202.32,196.27,196.13,216.48,211.96,210.02,202.72,202.18,196.27,186.17,183.49,198.98,186.17,167.32,163.21,163.21,173.98,194.41,207.05,207.6,207.6,206.85,203.35,207.01,204.04,236.32,207.02,196.57,257.38,270.34,288.6,0.848,320.98,200.7,178.71,202.68,204.67,204.93,214.38,192.9,189.61,187.84,176.1,254.68
249.17,469.08,195.09,178.41,208.64,195.12,163.51,246.32,207.07,213.19,214.92,211.78,243.14,214.18,212.54,206.58,196.81,184.35,183.27,216.9,193.58,217.74,201.39,0,211.57,250,225.66,206.65,266.43,211.38,253.8,215.13,217.22,206.64,207.68,224.55,229.34,202.79,198.3,178.62,177.96,176.61,192.32,189.95,191.9,188.64,192.88,183.71,151.11,178.9,172.85,172.69,150.28,219.38,217.45,210.14,209.6,203.69,193.59,190.33,205.82,194.12,212.04,180.86,180.64,246.57,0.698,246.61,239.55,239.91,243.93,198.11,200.08,220.73,253.01,223.71,243.01,208.32,212.64,227.25,192.92,189.22,221.75,203.71,211.63,212.29,212.38,214.21,194.86,212.07,213.25,218.7,187.16
235.17,470.26,187.21,186.7,219.75,188.09,186.46,247.85,194.01,221.24,222.97,213.31,244.67,215.71,206.44,208.11,194.95,159.54,158.24,202.83,201.79,207.21,209.61,211.57,0,217.58,278.38,259.37,242.76,217.11,240.57,217.92,220.01,202.4,216.79,220.72,225.51,189.73,192.2,186.84,189.56,197.86,184.77,184.02,184.02,197.33,191.02,217.06,174.06,171.71,165.66,165.66,173.23,220.91,218.98,211.67,211.13,205.22,195.12,198.38,213.87,194.58,177.5,155.83,155.83,184.16,204.59,222.94,226.47,226.68,229.1,193.87,193.47,206.73,239.01,209.71,219.78,216.29,218.12,228.43,201.13,197.44,220.38,212.82,214.42,215.08,215.17,266.93,1.671,201.54,199.18,186.28,210.11
258.31,480.17,202.25,184.42,221.07,214.04,166.97,267.2,211.52,234.07,235.8,232.66,264.01,235.06,216.54,227.45,210.53,203.25,201.95,237.06,199.58,236.72,207.4,250,217.58,0,231.66,212.65,257.84,244.8,248.74,246.89,248.89,214.69,247.92,254.34,259.13,207.24,202.3,184.63,183.97,182.61,196.29,195.16,199.06,209.51,206.6,189.72,154.56,197.66,191.61,191.61,153.74,240.25,238.32,231.02,230.48,224.56,214.47,211.21,226.7,215,227.15,199.54,199.54,244.2,243.02,238.02,234.49,234.85,238.87,206.16,208.12,229.88,262.15,232.86,254.26,241.74,233.68,238.34,198.92,195.23,251.7,243.95,242.64,243.96,244.14,220.21,200.87,231.05,233.41,3.13,190.61
246.3,479.01,198.35,203.73,226.16,193.34,202.91,246.49,206.78,213.36,215.09,211.95,243.31,214.35,222.28,206.75,199.27,170.68,169.38,215.85,218.75,219.05,225.83,225.66,278.38,231.66,0,1.901,256.84,216.46,254.66,217.27,219.36,213.54,212.67,222.7,227.49,202.5,208.04,203.87,206.59,213.62,195.91,195.16,195.16,188.81,195.34,217.32,191.09,176.96,170.91,170.91,189.68,219.55,217.62,210.31,209.77,203.86,193.76,190.5,205.99,194.3,191.58,166.97,166.97,198.24,218.68,237.02,240.55,240.77,243.18,205.01,204.61,217.86,250.14,220.84,230.92,215.65,219.97,237.18,217.35,214.4,219.9,208.7,213.77,214.43,214.52,1.145,261.67,213.38,212.2,200.36,227.14
227.29,460,179.34,184.72,207.15,174.33,183.9,227.48,187.77,194.35,196.08,192.94,224.3,195.34,203.27,187.74,180.26,151.67,150.37,196.84,199.74,200.04,206.82,206.65,259.37,212.65,1.901,0,237.83,197.45,235.65,198.26,200.35,194.53,193.66,203.69,208.48,183.49,189.03,184.86,187.58,194.61,176.9,176.15,176.15,169.8,176.33,198.31,172.08,157.95,151.9,151.9,170.67,200.54,198.61,191.3,190.76,184.85,174.75,171.49,186.98,175.29,172.57,147.96,147.96,179.23,199.67,218.01,221.54,221.76,224.17,186,185.6,198.85,231.13,201.83,211.91,196.64,200.96,218.17,198.34,195.39,200.89,189.69,194.76,195.42,195.51,0.756,242.66,194.37,193.19,181.35,208.13
270.03,471.08,210.92,208.76,217.85,204.14,191.65,257.29,226.44,224.16,225.89,222.75,254.11,225.15,240.09,217.55,211.98,193.35,192.05,235.19,220.52,237.21,226.87,266.43,242.76,257.84,256.84,237.83,0,212.55,284.84,216.91,219.08,234.78,197.62,222.34,227.13,222.16,225.85,209.05,208.16,207.79,210.95,208.24,207.73,199.61,208.05,208.86,179.24,187.76,181.71,181.71,178.42,230.35,228.42,221.11,220.57,214.66,204.56,201.3,216.79,205.09,218.82,189.64,189.64,239.01,259.45,1.982,272.78,270.95,273.37,226.25,226.97,241.59,273.87,244.57,256.8,209.5,213.82,229.25,218.39,216.17,219.54,193.65,214.16,214.15,214.16,245.39,226.05,231.54,231.54,226.54,215.29
265.26,447.96,205.9,195.54,198.69,276.97,288.77,269.35,202.56,244.43,246.16,234.81,266.17,237.21,216.24,229.61,232.9,220.03,218.73,224.19,208.21,226.8,211.6,211.38,217.11,244.8,216.46,197.45,212.55,0,200.93,274.12,275.95,191.6,237.27,259.87,264.66,198.28,202,205.98,195.69,190.75,192.29,193.64,202.71,222.27,228.97,203.7,279.66,261.02,254.97,254.54,275.54,242.41,240.48,233.17,232.63,226.72,216.62,221.57,237.06,215.55,215.82,216.32,216.32,211.38,204.4,192.73,187.11,187.04,186.24,183.07,227.99,236.82,269.1,239.8,251.77,268.53,250.4,206.14,203.12,203.86,268.29,233.3,268.37,271.02,271.37,205.01,200.4,221.13,220.54,213.5,315.71
312.15,456.28,203.58,206.65,204.88,196.8,191.37,249.96,220.6,216.83,218.56,215.42,246.78,217.81,235.39,210.22,205.41,186.01,184.71,227.54,216.91,230.74,221.49,253.8,240.57,248.74,254.66,235.65,284.84,200.93,0,203.85,205.94,300.43,182.65,212.63,217.42,216.32,221.15,206.9,206.05,205.61,203.62,200.91,200.39,192.27,201.48,206.14,178.96,180.42,174.37,174.37,178.14,223.02,221.09,213.78,213.23,207.33,197.22,193.97,209.46,197.76,209.72,182.3,182.3,226.39,246.82,265.02,329.05,1.389,326.12,291.9,296.96,283.71,315.99,286.69,261.29,197.87,202.2,214.45,213.01,212.56,207.01,178.68,200.35,201.01,201.1,243.21,223.86,225.07,223.89,217.44,215.01
272.01,444.04,211.68,195.94,194.77,271.78,283.36,266.8,207.66,244.63,246.36,232.25,263.61,234.65,221.34,227.05,236.27,216.59,215.29,221.41,204.29,223.43,207.68,215.13,217.92,246.89,217.27,198.26,216.91,274.12,203.85,0,288.09,196.46,247.07,269.66,274.45,203.38,207.1,202.06,196.09,194.59,197.39,198.74,208.49,224.06,232.34,204.1,274.25,255.6,249.56,249.35,270.12,239.85,237.93,230.61,230.07,224.16,214.06,221.77,237.26,212.46,220.92,212.88,212.88,214.93,208.15,197.09,190.03,189.96,189.16,187.93,234.73,243.57,275.85,246.55,261.56,261.89,248.45,202.21,199.2,199.94,278.08,243.1,280.51,283.16,0.275,205.82,201.21,217.76,217.76,215.59,310.3
274.28,445.96,213.95,198.03,196.69,273.52,285.1,268.71,209.93,246.64,248.37,234.17,265.53,236.57,223.61,228.97,238.4,218.51,217.21,223.32,206.2,225.34,209.6,217.22,220.01,248.89,219.36,200.35,219.08,275.95,205.94,288.09,0,198.64,249.51,272.11,276.9,205.65,209.37,203.97,198.18,196.76,199.65,201.01,210.76,226.15,234.47,206.19,275.99,257.34,251.29,251.09,271.87,241.77,239.84,232.53,231.99,226.08,215.98,223.78,239.27,214.37,223.19,214.8,214.8,217.02,210.24,199.26,192.13,192.06,191.25,190.11,237,245.84,278.12,248.82,264.01,263.72,250.46,204.13,201.12,201.85,280.53,245.54,283.05,0.493,285.34,207.91,203.3,219.67,219.67,217.59,312.04
303.28,446.95,195.18,202.1,194.7,185.86,190.13,203.32,211.81,183.22,184.95,168.78,200.14,171.18,230.73,163.58,176.35,151.37,150.07,190.26,208.49,192.87,211.88,206.64,202.4,214.69,213.54,194.53,234.78,191.6,300.43,196.46,198.64,0,175.99,206.19,210.98,207.53,216.49,202.19,201.79,198.72,195.36,192.65,191.99,165.45,172.42,179.94,177.72,169.64,163.59,163.43,176.9,176.38,174.45,167.14,166.6,160.69,150.59,160.36,175.85,148.98,180.64,147.66,147.66,184.34,199.66,214.96,286.32,286.54,301.88,0.853,298.43,274.84,307.12,277.82,252.41,188.54,192.87,205.12,203.4,204.14,200.46,172.02,193.71,193.71,193.71,202.09,185.69,187.2,186.61,183.39,213.77
248.84,406.46,204.7,181.34,160.91,267.67,279.2,267.11,200.04,245.78,247.51,232.57,263.93,234.97,207.65,227.37,233.38,216.91,215.56,220.13,180.77,221.56,182.68,207.68,216.79,247.92,212.67,193.66,197.62,237.27,182.65,247.07,249.51,175.99,0,238.27,243.06,195.76,193.41,182.78,181.78,183.11,189.44,191.76,201.51,222.82,229.45,198.34,269.98,251.45,245.41,245.24,265.98,240.17,238.24,230.93,230.39,224.48,214.38,222.92,238.41,212.77,226.24,213.15,213.2,215.56,200.7,177.8,168.98,168.76,166.35,167.46,215.98,220.4,252.68,223.38,230.17,228.1,222.53,164.63,174.2,176.42,286.94,0.397,286.46,244.58,244.32,201.22,200.08,215.89,216.48,216.62,306.03
273.25,432.57,206.16,186.49,186.36,252.25,257.44,267.51,201.1,242.77,244.5,232.97,264.33,235.37,213.98,227.77,222.34,217.33,216.03,226.69,195.88,228.71,199.27,224.55,220.72,254.34,222.7,203.69,222.34,259.87,212.63,269.66,272.11,206.19,238.27,0,0.479,196.82,199.74,193.65,186.64,185.33,191,193.51,202.97,218.21,218.41,202.33,246.69,236.03,229.98,229.82,244.21,240.57,238.64,231.33,230.79,224.88,214.78,219.91,235.4,213.18,232.5,213.61,213.61,222.68,217.57,202.52,198.81,198.74,197.93,197.66,235.98,244.81,277.09,247.79,269.96,250.7,242.05,190.74,190.79,191.53,269.54,234.3,269.17,267.18,266.92,211.25,204.01,223.04,223.04,223.04,282.74
278.04,437.36,210.95,191.28,191.15,257.04,262.23,272.3,205.89,247.56,249.29,237.76,269.12,240.16,218.77,232.56,227.13,222.11,220.81,231.48,200.67,233.5,204.06,229.34,225.51,259.13,227.49,208.48,227.13,264.66,217.42,274.45,276.9,210.98,243.06,0.479,0,201.61,204.53,198.44,191.44,190.12,195.79,198.3,207.76,223,223.2,207.12,251.48,240.83,234.78,234.61,249,245.36,243.43,236.12,235.58,229.67,219.57,224.7,240.19,217.97,237.29,218.41,218.41,227.47,222.36,207.31,203.6,203.53,202.72,202.45,240.77,249.6,281.88,252.58,274.75,255.49,246.84,195.53,195.58,196.32,274.33,239.09,273.95,271.97,271.7,216.04,208.8,227.83,227.83,227.83,287.53
246.6,435.35,176.4,217.07,239.15,224.24,224.84,227.72,0.428,191.34,193.07,193.18,224.54,195.58,258.38,187.99,173.21,173.65,172.79,183.28,228,185.89,234.34,202.79,189.73,207.24,202.5,183.49,222.16,198.28,216.32,203.38,205.65,207.53,195.76,196.82,201.61,0,244.14,217.91,216.62,178.23,245.71,182.56,173.21,165.09,169.28,161.87,214.09,208.19,202.14,201.81,211.61,200.79,198.85,191.54,191,185.09,175,168.48,183.97,176.07,170.18,170.38,169.94,174.88,195.81,202.34,202.07,202.43,206.45,199,199.58,218.16,250.44,221.14,199.82,210.76,193.01,193.52,225.86,223.65,191.21,191.79,201.38,200.72,200.63,191.05,173.02,180.22,179.63,175.94,250.14
248.27,446.52,173.66,224.89,244.11,216.28,221.47,227.73,248.42,190.3,192.03,193.19,224.55,195.58,1.424,187.99,169.78,163.82,162.52,182.32,235.89,185.52,242.24,198.3,192.2,202.3,208.04,189.03,225.85,202,221.15,207.1,209.37,216.49,193.41,199.74,204.53,244.14,0,232.8,224.29,182.56,230.82,182.56,170.47,162.35,165.85,165.59,210.72,200.06,194.01,193.85,208.24,200.78,198.86,191.54,191,185.1,174.99,167.44,182.93,176.07,162.73,160.11,160.11,169.41,191.32,206.03,206.97,207.26,210.04,207.96,209.17,219.83,252.11,222.81,202.59,213.06,201.97,204.69,233.76,231.54,191.59,189.44,204.74,204.44,204.35,196.59,175.49,179.85,178.67,171,246.77
226.86,513.38,167.1,236.53,286.3,195.79,206.94,216.13,222.19,183.58,185.31,181.58,212.94,183.99,247.04,176.39,163.22,144.15,142.85,168.72,311.32,172.51,312.5,178.63,186.84,184.63,203.87,184.86,209.05,205.98,206.9,202.06,203.97,202.19,182.78,193.65,198.44,217.91,232.8,0,235.93,182.56,204.59,172.01,163.91,155.79,159.29,162.88,195.86,179.55,173.5,173.36,193.71,189.19,187.25,179.95,179.41,173.49,163.4,160.72,176.21,163.4,144.55,140.44,140.44,151.21,171.65,189.23,192.76,193.01,195.43,193.66,194.74,198.42,230.7,201.4,190.95,240.32,253.29,271.55,304.02,306.97,195.07,178.81,197.06,199.04,199.31,192.42,170.13,166.84,165.07,153.33,231.91
227.08,455.43,177.84,236.22,240.16,194.82,205.83,215.24,220.9,182.97,184.7,180.7,212.06,183.1,238.53,175.5,169.34,143.48,142.18,168.05,242.4,171.84,247.27,177.96,189.56,183.97,206.59,187.58,208.16,195.69,206.05,196.09,198.18,201.79,181.78,186.64,191.43,216.62,224.29,235.93,0,201.76,204.47,200.41,174.65,158.41,165.41,169.52,194.75,178.44,172.39,172.39,192.6,188.3,186.37,179.06,178.52,172.61,162.51,160.11,175.6,162.51,143.89,139.77,139.77,150.55,170.98,188.34,191.87,192.16,194.76,193.26,194.3,198.64,230.92,201.62,185.54,209.44,203.75,213.6,238.79,238.05,183.84,177.81,192.59,193.25,193.34,195.14,172.85,166.17,164.4,152.67,230.8
227.29,422.72,199.07,182.56,210.01,190.76,201.77,218.8,182.51,192.19,193.92,184.26,215.62,186.66,196.8,179.06,181.96,142.13,140.83,167.87,197.51,172.24,204.77,176.6,197.86,182.61,213.62,194.61,207.79,190.75,205.61,194.59,196.77,198.72,183.11,185.34,190.12,178.23,182.56,182.56,201.76,0,201.15,199.25,195.88,179.64,178.03,193.36,191.01,174.38,168.33,168.33,188.54,191.86,189.93,182.62,182.08,176.17,166.07,169.33,184.82,165.54,142.53,138.42,138.42,149.19,169.63,187.97,191.5,191.72,194.13,190.19,192.12,198.85,231.13,201.83,185.47,194.32,179.19,180.88,196.29,193.16,182.53,179.15,191.83,191.83,191.83,202.17,181.15,166.57,164.22,151.31,227.06
234.91,425.36,183.01,204.44,226.45,214.59,211.5,221.27,249.99,188.14,189.87,186.73,218.09,189.13,245.06,181.53,173.08,161.75,160.14,171.87,215.3,174.48,221.64,192.32,184.77,196.29,195.91,176.9,210.95,192.29,203.62,197.39,199.65,195.36,189.44,191,195.79,245.71,230.82,204.59,204.47,201.15,0,202.16,179.82,163.58,169.15,164.34,200.74,198.37,192.32,192.16,198.27,194.33,192.4,185.09,184.55,178.64,168.54,165.28,180.77,169.07,157.11,157.73,158.05,163.77,185.34,191.13,189.37,189.73,193.75,186.83,188.79,206.47,238.75,209.45,194,201.39,183.02,183.53,213.16,210.95,185.27,185.47,195.39,194.72,194.64,184.46,168.06,168.81,168.22,164.99,236.79
232.2,416.63,217.16,171.87,208.45,214.84,210.39,226.71,186.84,200.1,201.83,192.17,223.53,194.57,196.8,186.97,182.87,162.14,160.84,170.73,186.96,173.34,194.78,189.95,184.02,195.15,195.16,176.15,208.24,193.64,200.91,198.74,201.01,192.65,191.76,193.51,198.3,182.56,182.56,172.01,200.41,199.25,202.16,0,213.97,181.5,178.94,184.52,199.04,198.46,192.41,192.41,197.16,199.77,197.84,190.53,189.99,184.08,173.98,177.24,192.73,173.45,161.09,158.43,158.43,163.32,182.97,188.42,186.66,187.02,191.04,184.12,185.67,203.76,236.04,206.74,196.51,195.47,174.8,174.8,186.3,182.61,187.59,187.79,196.74,196.08,195.99,183.71,167.31,167.67,167.08,163.85,235.09
232.76,421.71,0.319,163.84,200.35,220.69,212.34,230.61,177.49,204,205.73,196.07,227.43,198.47,184.71,190.87,186.77,166.9,165.28,174.63,178.86,177.24,186.68,191.9,184.02,199.06,195.15,176.15,207.73,202.71,200.39,208.49,210.76,191.99,201.51,202.97,207.76,173.21,170.47,163.91,174.65,195.88,179.82,213.97,0,189.3,182.84,184.52,200.99,204.31,198.26,198.26,199.11,203.67,201.74,194.43,193.89,187.98,177.88,181.14,196.63,177.35,164.99,162.87,163.19,167.22,184.92,187.91,186.14,186.5,190.52,183.46,183.72,204.32,236.6,207.3,205.36,199.89,179.37,179.88,178.2,174.51,197.34,197.54,206.49,205.83,205.74,183.71,167.31,171.57,170.98,167.75,237.04
207.45,434.07,192.49,155.72,192.23,215.57,187.42,248.14,169.37,231.3,233.03,213.6,244.96,216,176.59,208.4,213.62,174.81,173.51,178.64,170.74,180.07,178.56,188.63,197.33,209.51,188.81,169.8,199.61,222.27,192.27,224.06,226.15,165.45,222.82,218.21,223,165.09,162.35,155.79,158.41,179.64,163.58,181.5,189.3,0,209.69,179.64,175.01,199.19,193.14,193.14,174.19,221.2,219.27,211.96,211.42,205.51,195.41,208.44,223.93,193.27,199.01,171.1,171.1,192.35,181.66,179.79,178.02,178.38,182.4,156.92,156.92,179.01,211.29,181.99,207.97,209.74,191.74,192.24,170.08,166.39,216.39,218.85,220.56,221.22,221.31,177.36,180.63,174.4,174.99,178.21,211.06
216.39,441.8,186.03,159.22,195.73,203.33,183.92,233.83,173.56,207.21,208.94,199.29,230.65,201.69,180.09,194.09,0.393,161.65,160.35,180.63,174.24,182.65,182.06,192.88,191.02,206.6,195.34,176.33,208.05,228.97,201.48,232.34,234.47,172.42,229.45,218.41,223.2,169.28,165.85,159.29,165.41,178.02,169.15,178.94,182.84,209.69,0,193.64,171.51,187.11,181.06,180.9,170.69,206.89,204.96,197.65,197.11,191.2,181.1,184.35,199.84,180.56,171.22,157.94,157.94,174.24,185.9,188.23,187.23,187.59,191.61,163.89,165.86,187.95,220.23,190.93,210.61,216.96,198.96,199.97,173.58,169.89,223,225.48,228.88,229.54,229.59,183.89,174.31,176.97,176.98,175.3,207.56
214.74,439.31,187.71,162.74,195.6,180.79,176.4,227.42,166.15,200.81,202.54,192.88,224.24,195.28,179.83,187.68,197.57,139.11,137.81,174.97,177.83,179.35,185.65,183.71,217.06,189.72,217.32,198.31,208.86,203.7,206.14,204.1,206.19,179.93,198.34,202.33,207.12,161.87,165.59,162.88,169.52,193.36,164.34,184.52,184.52,179.64,193.64,0,164,164.57,158.52,158.36,163.17,200.48,198.55,191.24,190.7,184.79,174.69,177.95,193.44,174.16,149.63,135.4,135.4,156.29,176.73,189.04,191.96,192.25,195.05,171.41,171.91,186.3,218.58,189.28,199.35,202.16,192.61,197.48,177.17,173.48,203.54,194.37,200.6,201.26,201.35,205.87,200.35,173.68,171.32,158.42,200.05
224.25,492.74,204.18,195.5,232.3,28.492,7.926,30.296,218.37,199.56,201.29,23.872,30.568,25.264,224.96,26.952,175.44,119.64,118.04,136.59,210.81,140.38,218.63,151.11,174.06,154.56,191.09,172.08,179.24,279.66,178.96,274.24,275.98,177.72,269.98,246.68,251.47,214.09,210.72,195.86,194.75,191.01,200.74,199.04,200.99,175.01,171.51,164,0,5.28,6.49,19.52,5.28,19.52,20.292,23.216,23.432,25.796,29.836,176.7,192.19,179.42,115.01,115.63,115.93,121.67,144.13,159.42,164.71,165.07,169.09,169.19,173.72,195.81,228.09,198.79,233.18,267.92,248.38,250.91,210.15,206.46,260.71,266.01,267.75,271.05,271.5,179.64,157.35,134.71,132.94,123.26,3.605
213.6,476.43,207.5,179.19,215.99,8.966,7.926,9.868,212.47,227.14,228.87,6.656,10.004,7.352,214.3,8.196,191.04,172.55,170.96,166.79,194.5,168.22,202.32,178.9,171.71,197.66,176.96,157.95,187.76,261.02,180.42,255.61,257.34,169.64,251.45,236.03,240.82,208.19,200.06,179.55,178.44,174.38,198.37,198.46,204.31,199.19,187.11,164.57,5.28,0,0.605,4.48,5.28,4.48,4.866,6.328,6.436,7.618,9.638,204.28,219.77,212.44,179.09,168.55,168.84,176.87,171.92,167.94,166.17,166.53,170.55,161.11,163.07,185.16,217.44,188.14,222.53,249.3,232.07,234.6,193.84,190.15,249.26,247.48,249.1,252.41,252.85,165.51,155,162.55,163.14,166.36,12.49
207.55,470.38,201.45,173.14,209.94,7.756,9.136,8.658,206.41,221.09,222.82,5.446,8.794,6.142,208.25,6.986,184.99,166.5,164.91,160.74,188.45,162.17,196.27,172.85,165.66,191.61,170.91,151.9,181.71,254.97,174.37,249.55,251.29,163.59,245.4,229.98,234.77,202.13,194.01,173.5,172.39,168.33,192.32,192.41,198.26,193.14,181.06,158.52,6.49,0.605,0,3.27,6.49,3.27,3.656,5.118,5.226,6.408,8.428,198.23,213.72,206.39,173.04,162.5,162.79,170.82,165.87,161.89,160.12,160.48,164.5,155.06,157.02,179.11,211.39,182.09,216.48,243.25,226.02,228.55,187.79,184.1,243.21,241.44,243.05,246.36,246.8,159.46,148.95,156.5,157.09,160.31,13.7
207.39,470.24,201.45,173.07,209.8,2.243,24.812,8.658,206.09,221.09,222.82,5.446,8.794,6.142,208.09,6.986,184.83,166.34,164.91,160.74,188.31,162.17,196.13,172.69,165.66,191.61,170.91,151.9,181.71,254.54,174.37,249.35,251.09,163.43,245.24,229.82,234.61,201.81,193.85,173.36,172.39,168.33,192.16,192.41,198.26,193.14,180.9,158.36,19.52,4.48,3.27,0,19.52,3.27,3.656,5.118,5.226,6.408,8.428,198.23,213.72,206.39,173.04,162.5,162.63,170.82,165.71,161.89,160.12,160.48,164.5,154.9,156.86,178.95,211.23,181.93,216.32,243.16,225.88,228.41,187.65,183.96,243.04,241.27,242.85,246.16,246.6,159.46,148.95,156.5,157.09,160.31,33.94
221.78,490.59,202.3,193.35,230.15,28.492,1.323,30.296,215.89,198.74,200.47,23.872,30.568,25.264,222.48,26.952,174.61,118.81,117.22,135.77,208.66,139.56,216.48,150.28,173.23,153.74,189.68,170.67,178.42,275.54,178.14,270.13,271.86,176.9,265.98,244.21,249,211.61,208.24,193.71,192.6,188.54,198.27,197.16,199.11,174.19,170.69,163.17,5.28,5.28,6.49,19.52,0,19.52,20.292,23.216,23.432,25.796,29.836,175.88,191.37,178.6,114.19,114.81,115.1,120.85,143.3,158.6,163.89,164.25,168.27,168.37,171.25,193.34,225.62,196.32,230.71,263.82,246.23,248.76,208,204.31,258.24,262,263.63,266.93,267.38,178.23,156.52,133.89,132.12,122.44,12.49
218.38,473.9,206.86,188.9,223.86,7.756,24.812,2.694,205.07,250.85,252.58,1.088,2.762,1.436,215.02,1.858,210.82,215.45,214.15,209.38,204.13,210.81,211.95,219.38,220.91,240.25,219.55,200.54,230.35,242.41,223.02,239.85,241.77,176.38,240.17,240.57,245.36,200.79,200.78,189.19,188.3,191.86,194.33,199.77,203.67,221.2,206.89,200.48,19.52,4.48,3.27,3.27,19.52,0,0.193,0.924,0.978,1.569,2.579,227.99,243.48,238.87,239.66,211.74,211.74,233,212.4,210.53,208.76,209.13,213.15,167.85,167.85,189.94,222.22,192.92,227.31,235.06,229.25,232.07,203.47,199.78,247.09,236.2,234.85,236.84,237.1,208.1,204.2,205.14,205.73,208.96,33.94
216.45,471.97,204.93,186.97,221.93,8.142,25.584,2.887,203.13,248.92,250.65,0.895,2.569,1.243,213.09,1.665,208.89,213.52,212.22,207.45,202.2,208.88,210.03,217.45,218.98,238.32,217.62,198.61,228.42,240.48,221.09,237.92,239.84,174.45,238.24,238.64,243.43,198.85,198.85,187.25,186.37,189.93,192.4,197.84,201.74,219.27,204.96,198.55,20.292,4.866,3.656,3.656,20.292,0.193,0,0.731,0.785,1.376,2.386,226.06,241.55,236.94,237.73,209.81,209.81,231.06,210.47,208.6,206.84,207.2,211.21,165.92,165.92,188.01,220.29,190.99,225.38,233.12,227.32,230.14,201.55,197.86,245.16,234.27,232.92,234.91,235.17,206.17,202.27,203.21,203.8,207.03,34.712
209.14,464.66,197.62,179.66,214.62,9.604,28.508,3.618,195.82,241.61,243.34,0.164,3.3,0.512,205.78,0.934,201.58,206.21,204.91,200.14,194.9,201.57,202.71,210.14,211.67,231.02,210.31,191.3,221.11,233.17,213.77,230.61,232.53,167.14,230.93,231.33,236.12,191.55,191.54,179.94,179.06,182.62,185.09,190.53,194.43,211.96,197.65,191.24,23.216,6.328,5.118,5.118,23.216,0.924,0.731,0,0.054,0.645,1.655,218.75,234.24,229.63,230.42,202.5,202.5,223.75,203.16,201.29,199.53,199.89,203.91,158.61,158.61,180.7,212.98,183.68,218.07,225.81,220.01,222.83,194.24,190.54,237.85,226.96,225.61,227.6,227.86,198.86,194.96,195.9,196.49,199.72,37.636
208.6,464.12,197.08,179.12,214.08,9.712,28.724,3.672,195.28,241.07,242.8,0.218,3.354,0.458,205.24,0.88,201.04,205.67,204.37,199.6,194.35,201.03,202.17,209.6,211.13,230.47,209.77,190.76,220.57,232.63,213.23,230.07,231.99,166.6,230.39,230.79,235.58,191,191,179.41,178.52,182.08,184.55,189.99,193.89,211.42,197.11,190.7,23.432,6.436,5.226,5.226,23.432,0.978,0.785,0.054,0,0.591,1.601,218.21,233.7,229.09,229.88,201.96,201.96,223.21,202.62,200.75,198.99,199.34,203.36,158.07,158.07,180.16,212.44,183.14,217.53,225.27,219.47,222.29,193.69,190,237.31,226.42,225.07,227.06,227.32,198.32,194.42,195.36,195.95,199.18,37.852
202.69,458.21,191.17,173.21,208.17,10.894,31.088,4.263,189.37,235.16,236.89,0.809,3.945,1.049,199.33,0.289,195.13,199.76,198.46,193.69,188.44,195.12,196.27,203.69,205.22,224.56,203.86,184.85,214.66,226.72,207.33,224.16,226.08,160.69,224.48,224.88,229.67,185.09,185.09,173.49,172.61,176.17,178.64,184.08,187.98,205.51,191.2,184.79,25.796,7.618,6.408,6.408,25.796,1.569,1.376,0.645,0.591,0,1.01,212.3,227.79,223.18,223.97,196.05,196.05,217.31,196.71,194.84,193.07,193.44,197.46,152.16,152.16,174.25,206.53,177.23,211.62,219.36,213.56,216.38,187.78,184.09,231.4,220.51,219.16,221.15,221.41,192.41,188.51,189.45,190.04,193.26,40.216
192.59,448.11,181.07,163.11,198.07,12.914,35.128,5.273,179.27,225.06,226.79,1.819,4.955,2.059,189.23,1.299,185.03,189.66,188.36,183.59,178.34,185.02,186.16,193.59,195.12,214.47,193.76,174.75,204.56,216.62,197.22,214.06,215.98,150.59,214.38,214.78,219.57,175,174.99,163.4,162.51,166.07,168.54,173.98,177.88,195.41,181.1,174.69,29.836,9.638,8.428,8.428,29.836,2.579,2.386,1.655,1.601,1.01,0,202.2,217.69,213.08,213.87,185.95,185.95,207.2,186.61,184.74,182.98,183.34,187.35,142.06,142.06,164.15,196.43,167.13,201.52,209.26,203.47,206.28,177.68,174,221.3,210.41,209.06,211.05,211.31,182.31,178.41,179.35,179.94,183.17,44.256
202.36,439.16,184.33,160.56,197.16,220.66,189.11,254.93,172.76,2.286,2.459,220.39,251.75,222.79,181.68,215.19,188.28,179.89,178.6,180.33,175.67,181.76,183.49,190.33,198.38,211.21,190.5,171.49,201.3,221.57,193.97,221.77,223.78,160.36,222.92,219.91,224.7,168.48,167.44,160.72,160.11,169.33,165.28,177.24,181.14,208.44,184.35,177.95,176.71,204.28,198.23,198.23,175.88,227.99,226.06,218.75,218.21,212.3,202.2,0,1.549,200.05,204.1,176.18,176.19,197.44,183.35,181.48,179.72,180.08,184.1,151.83,151.83,173.92,206.2,176.9,207.97,212.51,196.82,197.33,175.01,171.32,218.09,218.95,217.52,218.85,219.02,179.05,181.66,176.09,176.68,179.91,212.76
217.85,454.65,199.82,176.05,212.65,236.15,204.6,270.42,188.25,0.737,0.91,235.88,267.24,238.28,197.17,230.68,203.77,195.39,194.08,195.82,191.16,197.25,198.98,205.82,213.86,226.7,205.99,186.98,216.79,237.06,209.46,237.26,239.27,175.85,238.41,235.4,240.19,183.97,182.93,176.21,175.6,184.82,180.77,192.73,196.63,223.93,199.84,193.44,192.2,219.77,213.72,213.72,191.37,243.48,241.55,234.24,233.7,227.79,217.69,1.549,0,215.54,219.59,191.67,191.68,212.93,198.84,196.97,195.21,195.57,199.59,167.32,167.32,189.41,221.69,192.39,223.46,228,212.32,212.82,190.5,186.81,233.58,234.44,233.01,234.34,234.51,194.54,197.16,191.58,192.17,195.4,228.25
190.98,449.19,180.54,163.11,197.82,228.82,191.83,265.81,180.35,222.91,224.64,231.27,262.63,233.67,190.31,226.07,184.49,222.93,220.36,184.12,178.34,185.56,186.16,194.12,194.58,215,194.29,175.28,205.09,215.55,197.76,212.46,214.37,148.98,212.77,213.18,217.97,176.07,176.07,163.4,162.51,165.54,169.07,173.45,177.35,193.27,180.56,174.16,179.43,212.44,206.39,206.39,178.6,238.87,236.94,229.63,229.09,223.18,213.08,200.05,215.54,0,215.47,217.95,219.22,208.81,187.14,185.28,183.51,183.87,187.89,140.45,140.45,162.54,194.82,165.52,199.91,208.68,204,207.35,177.69,173.99,221.08,208.8,207.46,209.44,209.71,182.84,177.87,179.88,180.48,183.7,215.48
224.6,440.6,168.18,144.34,180.99,195.47,127.42,266.6,174.46,226.96,228.69,232.06,263.42,234.45,176.97,226.86,175.15,222.28,222.25,193.05,159.5,193.89,167.32,212.04,177.5,227.15,191.58,172.57,218.82,215.82,209.72,220.92,223.19,180.64,226.24,232.5,237.29,170.18,162.73,144.55,143.89,142.53,157.11,161.09,164.99,199.01,171.22,149.63,115.01,179.09,173.04,173.04,114.19,239.66,237.73,230.42,229.88,223.97,213.87,204.1,219.59,215.47,0,219.84,218.57,206.34,205.06,199,195.47,195.83,199.85,172.1,174.07,196.16,228.44,199.14,222.4,207.52,194.67,198.77,158.84,155.15,230.78,222.27,218.92,218.26,218.17,180.13,160.79,188.22,189.4,195.85,151.06
