0,445.26,248.02,234.61,203.43,241.87,235.01,277.09,259.19,260.67,262.4,242.55,273.91,244.95,272.07,237.35,248.19,225.39,224.09,261.32,232.13,263.34,233.31,271.16,265.15,288.97,265.01,258.09,284,243.13,278.28,202.14,204.23,227.9,170.24,195.68,200.47,254.91,257.83,234.39,235.06,237.98,244.43,242.88,244.83,240.2,244.26,237.29,224.26,225.65,219.6,219.44,221.78,250.15,248.22,240.91,240.37,234.46,224.36,237.81,253.3,221.68,259.87,221.68,221.68,264.18,264.18,264.18,264.18,264.39,266.81,219.37,251.86,2.844,5.476,2.546,239.64,198.68,215.97,203.43,224.83,227.78,190.07,166.27,198.64,199.3,199.39,253.56,248.45,257.67,257.67,257.67,260.31
445.26,0,424.9,461.81,565.99,492.67,503.82,497.3,439.63,461.75,463.48,462.76,494.12,465.15,460.75,457.56,445.73,440.47,439.17,458.04,539.31,461.83,545.65,461.56,473.08,476.01,442.38,432.44,461.05,427.52,446.08,428.82,430.87,433.06,399.42,412.05,416.84,435.35,446.52,528.6,461.36,422.71,425.36,416.63,421.71,434.07,441.8,439.31,492.74,476.43,470.38,470.24,490.59,470.36,468.43,461.12,460.58,454.67,444.56,438.89,454.38,445.1,437.91,436.76,436.76,443.12,454.58,441.23,432.41,432.19,429.78,424.53,421.24,416.82,449.1,419.8,409.35,527.38,540.34,24.183,537.17,534.96,414.85,395.45,424.62,425.94,426.07,430.93,456.38,456.16,454.39,444.71,528.79
248.02,424.9,0,167.03,199.96,223.88,215.53,233.8,180.68,207.19,208.92,199.26,230.62,201.66,187.9,194.06,189.95,170.09,168.47,177.82,182.05,180.43,189.87,202.94,199.02,202.25,223.6,216.69,234.45,201.73,232.41,210.12,212.39,221.97,204.7,206.16,210.95,176.4,173.66,167.1,183.01,209.75,183.01,217.16,0.319,192.49,186.03,216.61,204.18,207.5,201.45,201.45,202.3,206.86,204.93,197.62,197.08,191.17,181.07,184.33,199.82,180.54,168.18,166.06,166.38,170.42,195.95,214.63,218.16,218.52,222.54,213.44,214.24,219.58,251.86,222.56,208.55,194.99,181.45,183.07,181.39,177.7,200.53,200.73,208.12,207.46,207.37,212.15,182.31,174.76,174.17,170.95,240.23
234.61,461.81,167.03,0,251.85,195.5,206.58,221.72,230.77,183.67,185.4,187.18,218.54,189.58,252.14,181.98,163.15,143.93,142.63,168.5,251.98,172.29,256.85,182.25,186.7,186.47,218.3,209.54,213.44,195.23,211.25,200.33,202.6,210.3,181.62,192.85,197.64,226.49,237.9,245.51,245.2,182.56,213.17,179.54,163.84,155.72,159.22,162.74,195.5,179.19,173.14,173.07,193.35,194.78,192.85,185.54,185,179.09,168.99,160.81,176.3,169.52,146.91,140.22,140.22,153.58,175.27,193.62,197.14,197.36,199.77,201.77,202.8,206.17,238.45,209.15,193.06,218.87,211.34,219.98,248.37,247.63,185.86,177.65,198.33,197.67,197.58,206.85,169.99,166.62,164.85,155.17,231.55
203.43,565.99,199.96,251.85,0,232.23,243.38,243.75,238.06,213.03,214.76,209.21,240.57,211.61,259.57,204.01,197.69,180.03,178.73,202.18,310.19,205.97,317.27,204.84,222.99,217.55,194.06,184.13,208.15,185.02,193.84,179.54,181.6,183.32,153.87,169.79,174.58,233.78,245.33,297.36,251.25,215.43,220.46,201.41,196.77,188.47,193.76,199.03,232.3,215.99,209.94,209.8,230.15,216.81,214.88,207.57,207.03,201.12,191.02,190.17,205.66,190.77,177.47,176.32,176.32,184.13,197.86,188.33,180.02,179.95,179.15,174.79,179.41,174.99,207.27,177.97,167.52,270.66,283.62,324.16,308.79,305.84,167.58,149.9,175.34,176.67,176.79,182.62,206.28,200.3,198.53,186.25,268.35
241.87,492.67,223.88,195.5,232.23,0,33.784,13.144,228.52,249.37,251.1,9.932,13.28,10.628,230.52,11.472,210.12,191.7,190.26,199.16,210.74,200.59,218.56,231.79,204.09,230.04,264.54,254.6,267.8,249.61,265,252.14,254.24,202.83,246.44,243.74,248.53,224.24,216.28,195.79,194.82,190.76,214.59,214.84,220.69,221.42,206.19,183.66,28.492,8.966,7.756,2.243,28.492,7.756,8.142,9.604,9.712,10.894,12.914,226.51,242,234.67,201.49,187.85,187.99,199.27,224.81,247.98,251.46,251.11,252.56,194.3,196.26,213.43,245.71,216.41,235.85,248.14,244,250.84,210.08,206.39,241.24,242.47,248.64,249.31,249.39,253.09,187.38,194.92,195.51,198.74,42.912
235.01,503.82,215.53,206.58,243.38,33.784,0,35.588,229.12,211.97,213.7,29.164,35.86,30.556,235.71,32.244,187.84,132.04,130.45,149,221.89,152.79,229.71,166.6,186.46,166.97,246.18,230.19,204.93,245.16,208.18,255.33,257.77,190.13,257.69,255.44,260.23,224.84,221.47,206.94,205.83,201.77,211.5,210.39,212.34,187.41,183.91,176.4,7.926,7.926,9.136,24.812,1.323,24.812,25.584,28.508,28.724,31.088,35.128,189.11,204.6,191.83,127.42,128.04,128.33,134.08,159.62,185.11,193.93,194.29,198.31,181.6,184.48,206.57,238.85,209.55,243.94,254.33,255.37,261.99,221.23,217.54,252.77,253.72,254.83,252.84,252.58,234.73,169.75,147.12,145.35,135.67,15.136
277.09,497.3,233.8,221.72,243.75,13.144,35.588,0,232,295.94,297.67,3.782,5.456,4.13,241.96,4.552,250.78,253.84,252.54,286.42,234.36,287.86,240.71,296.74,280.17,315.95,276.22,269.3,313.25,254.34,301.09,253.73,255.65,260.37,247.16,243.87,248.66,227.72,227.72,221.93,221.27,229.49,221.27,226.71,230.61,266.29,246.85,252.31,30.296,9.868,8.658,8.658,30.296,2.694,2.887,3.618,3.672,4.263,5.273,273.08,288.57,283.96,292.13,250.13,250.13,285.47,289.76,293.43,293.43,287.2,287.7,251.84,247.91,248.65,280.93,251.63,241.17,250.31,247.25,255.47,232.23,230.01,246.68,243.19,248.73,250.72,250.98,264.77,263.46,282.19,282.77,284.66,44.716
259.19,439.63,180.68,230.77,238.06,228.52,229.12,232,0,195.62,197.35,197.47,228.83,199.86,271.24,192.27,177.49,177.93,177.07,187.56,237.24,190.17,242.11,211.68,194.01,211.52,226.68,219.76,243.2,202.56,240.64,207.66,209.93,235.01,200.04,201.1,205.89,0.428,257,230.77,230.77,186.84,258.57,186.84,177.49,169.37,173.56,166.15,218.37,212.47,206.42,206.09,215.89,205.07,203.13,195.82,195.28,189.38,179.27,172.76,188.25,180.35,174.46,174.66,174.22,179.16,204.7,223.38,226.46,226.75,229.49,226.48,226.81,230.75,263.03,233.73,204.1,208.03,195.06,197.8,233.63,232.89,195.49,196.07,205.66,205,204.91,215.23,177.3,184.5,183.91,180.22,254.42
260.67,461.75,207.19,183.67,213.03,249.37,211.97,295.94,195.62,0,1.647,261.4,292.76,263.8,204.54,256.2,224.16,214.2,212.9,251.92,198.69,253.94,206.51,257.92,253.56,277.66,251.44,243.01,275.86,229.64,270.09,233.94,236.13,235.19,232.83,230.09,234.88,191.34,190.3,183.74,188.14,202.87,188.14,200.1,204,249.45,220.23,225.69,199.57,232.99,226.94,226.94,198.74,269,267.07,259.76,259.22,253.31,243.21,2.286,0.737,241.06,252.49,210.49,210.49,245.83,250.94,256.04,256.88,256.2,259.39,226.66,227.81,232.23,264.51,235.21,227.58,224.51,214.39,219.92,198.03,194.34,227.31,228.86,231.19,231.19,231.19,239.99,236.85,248.27,248.27,246.36,235.62
262.4,463.48,208.92,185.4,214.76,251.1,213.7,297.67,197.35,1.647,0,263.13,294.49,265.53,206.27,257.93,225.89,215.93,214.63,253.65,200.42,255.67,208.24,259.65,255.29,279.39,253.17,244.74,277.59,231.37,271.82,235.67,237.85,236.92,234.56,231.82,236.61,193.07,192.03,185.47,189.87,204.6,189.87,201.83,205.73,251.18,221.96,227.42,201.3,234.72,228.67,228.67,200.47,270.73,268.8,261.49,260.95,255.04,244.94,2.459,0.91,242.79,254.22,212.22,212.22,247.56,252.67,257.77,258.61,257.93,261.12,228.39,229.54,233.96,266.24,236.94,229.31,226.24,216.12,221.65,199.76,196.07,229.04,230.59,232.92,232.92,232.92,241.72,238.58,250,250,248.09,237.35
242.55,462.75,199.26,187.18,209.21,9.932,29.164,3.782,197.46,261.4,263.13,0,3.464,0.676,207.42,1.098,216.24,219.3,218,251.88,199.82,253.31,206.17,262.2,245.63,281.41,241.68,234.76,278.71,219.8,266.55,219.19,221.11,225.83,212.62,209.33,214.12,193.18,193.19,187.39,186.73,194.94,186.73,192.17,196.07,231.75,212.31,217.77,23.872,6.656,5.446,5.446,23.872,1.088,0.895,0.164,0.218,0.809,1.819,238.54,254.03,249.42,257.59,215.59,215.59,250.93,255.22,258.89,258.89,252.66,253.16,217.3,213.37,214.11,246.39,217.09,206.63,215.77,212.71,220.92,197.69,195.47,212.14,208.65,214.19,216.18,216.44,230.23,228.92,247.65,248.24,250.12,38.292
273.91,494.11,230.62,218.54,240.57,13.28,35.86,5.456,228.83,292.76,294.49,3.464,0,3.812,238.78,4.234,247.6,250.66,249.36,283.25,231.18,284.67,237.53,293.56,276.99,312.77,273.04,266.12,310.07,251.16,297.91,250.55,252.47,257.19,243.98,240.69,245.48,224.54,224.54,218.75,218.09,226.3,218.09,223.53,227.43,263.11,243.67,249.13,30.568,10.004,8.794,8.794,30.568,2.762,2.569,3.3,3.354,3.945,4.955,269.9,285.39,280.78,288.95,246.95,246.95,282.29,286.58,290.25,290.25,284.02,284.52,248.66,244.73,245.47,277.75,248.45,237.99,247.13,244.07,252.28,229.05,226.83,243.5,240.01,245.55,247.54,247.8,261.59,260.28,279,279.6,281.48,44.988
244.95,465.15,201.66,189.58,211.61,10.628,30.556,4.13,199.87,263.8,265.53,0.676,3.812,0,209.82,1.338,218.64,221.7,220.4,254.28,202.22,255.72,208.57,264.6,248.03,283.81,244.08,237.16,281.11,222.2,268.95,221.59,223.51,228.23,215.02,211.73,216.52,195.58,195.58,189.79,189.13,197.35,189.13,194.57,198.47,234.15,214.71,220.17,25.264,7.352,6.142,6.142,25.264,1.436,1.243,0.512,0.458,1.049,2.059,240.94,256.43,251.82,259.99,217.99,217.99,253.33,257.62,261.29,261.29,255.06,255.56,219.7,215.77,216.51,248.79,219.49,209.03,218.17,215.11,223.33,200.09,197.88,214.54,211.05,216.59,218.58,218.84,232.63,231.32,250.05,250.63,252.52,39.684
272.07,460.75,187.9,252.14,259.57,230.52,235.71,241.97,271.24,204.54,206.27,207.42,238.78,209.83,0,202.22,184.02,178.06,176.76,196.56,258.76,199.76,263.62,216.17,206.44,216.54,240.36,233.21,249.54,216.24,249.69,221.34,223.61,247.3,207.65,213.98,218.77,266.96,1.424,255.62,251.84,196.8,253.64,196.8,184.71,176.59,180.09,179.83,224.96,214.3,208.25,208.09,222.48,215.03,213.09,205.78,205.24,199.33,189.23,181.68,197.17,190.31,176.98,174.35,174.35,183.65,209.19,229.72,235.51,235.8,238.38,238.77,237.6,243.63,275.91,246.62,216.98,226.89,216.19,218.93,255.14,254.41,205.83,203.68,218.98,218.68,218.59,228.91,189.73,194.09,192.91,185.24,261.01
237.35,457.56,194.06,181.98,204.01,11.472,32.244,4.552,192.27,256.2,257.93,1.098,4.234,1.338,202.22,0,211.04,214.1,212.8,246.69,194.63,248.12,200.97,257,240.43,276.21,236.48,229.56,273.51,214.6,261.35,213.99,215.91,220.63,207.42,204.13,208.92,187.98,187.98,182.19,181.53,189.75,181.53,186.97,190.87,226.55,207.11,212.57,26.952,8.196,6.986,6.986,26.952,1.858,1.665,0.934,0.88,0.289,1.299,233.34,248.83,244.22,252.39,210.39,210.39,245.73,250.02,253.69,253.69,247.46,247.96,212.1,208.17,208.91,241.19,211.89,201.43,210.57,207.51,215.72,192.49,190.28,206.94,203.45,208.99,210.98,211.24,225.03,223.72,242.44,243.03,244.91,41.372
248.19,445.73,189.96,163.15,197.69,210.12,187.85,250.78,177.49,224.16,225.89,216.24,247.6,218.64,184.02,211.04,0,174.94,173.64,194.8,178.17,197.41,185.99,218.02,215.99,218.46,238.97,230.54,250.46,220.57,248.44,229.86,232.22,218.3,226.96,225.08,229.87,173.2,169.78,163.22,173.08,188.8,173.08,182.87,186.77,238.51,0.393,222.46,175.44,193.74,187.69,187.69,174.62,223.84,221.91,214.6,214.06,208.15,198.05,201.31,216.8,197.51,181.06,171.23,171.23,186.1,211.04,230.64,234.26,234.55,237.61,209.77,209.37,219.75,252.03,222.73,223.45,213.62,200.66,203.9,177.51,173.82,222.39,222.99,228.05,227.28,227.11,227.52,199.28,191.74,191.15,187.16,211.49
225.39,440.47,170.09,143.93,180.03,191.7,132.04,253.84,177.93,214.2,215.93,219.3,250.66,221.7,178.06,214.1,174.94,0,252.7,188.44,159.1,188.69,166.92,228.58,177.09,225.77,226.78,219.87,257.8,204.91,246.92,202.03,203.95,207.3,195.46,192.17,196.96,173.65,163.82,144.15,143.48,142.13,161.75,162.14,166.9,186.25,171.01,149.23,119.64,175.48,169.43,169.27,118.81,226.9,224.97,217.66,217.12,211.21,201.11,191.34,206.83,248.46,247.81,250.29,0.371,196.06,221.6,237.98,238.51,233.03,232.23,198.77,196.8,196.95,229.23,199.93,189.47,200.81,190.43,198.64,158.44,154.75,194.98,191.49,197.03,199.02,199.28,215.33,160.38,183.02,184.79,194.47,155.69
224.09,439.17,168.47,142.63,178.73,190.26,130.45,252.54,177.07,212.9,214.63,218,249.36,220.4,176.76,212.8,173.64,252.7,0,187.14,157.8,187.39,165.62,227.28,175.79,224.47,225.19,218.28,256.82,203.31,245.28,200.73,202.65,205.68,194.14,190.87,195.66,172.79,162.52,142.85,142.18,140.83,160.14,160.84,165.28,184.95,169.71,147.93,118.04,173.88,167.83,167.83,117.22,225.6,223.67,216.36,215.82,209.91,199.81,190.04,205.53,245.89,247.79,0.241,248.99,194.76,220.3,237,237.21,231.39,230.59,197.15,195.18,195.65,227.93,198.63,188.17,199.51,189.13,197.34,157.14,153.45,193.68,190.17,195.73,197.72,197.98,213.74,159.08,181.72,183.49,193.17,154.09
261.32,458.04,177.82,168.5,202.18,199.16,149,286.42,187.56,251.92,253.65,251.88,283.25,254.28,196.56,246.69,194.8,188.44,187.14,0,183.67,238.14,191.49,247.22,218.99,253.22,243.78,236.08,278.41,218.53,266.09,221.37,223.46,238.57,214.73,220.32,225.11,183.28,182.32,168.72,168.05,169.48,171.87,170.73,174.63,225.29,190.87,187.41,136.59,182.78,176.73,176.73,135.77,259.49,257.55,250.25,249.71,243.8,233.69,229.06,244.55,234.23,213.14,184.73,184.73,219.8,240.24,258.58,262.11,252.2,251.66,230.04,228.07,232.88,265.16,235.86,224.01,218.4,210.5,216.21,183.01,179.32,217.52,210.75,217.87,218.53,218.62,232.33,202.28,232.47,0.365,221.92,172.64
232.13,539.31,182.05,251.98,310.19,210.74,221.89,234.37,237.24,198.69,200.42,199.83,231.19,202.23,258.76,194.63,178.17,159.1,157.8,183.67,0,187.46,336.39,195.22,201.79,201.23,222.05,212.12,221.96,207.28,217.31,209.22,211.31,210.53,184.06,198.92,203.71,232.96,244.52,322.38,251.38,197.51,219.64,190.25,178.86,170.74,174.24,177.83,210.81,194.5,188.45,188.31,208.66,207.43,205.5,198.19,197.64,191.73,181.63,175.83,191.32,181.63,161.15,155.39,155.39,167.81,188.24,202.14,203.34,203.42,203.85,202,203.48,203.69,235.97,206.67,196.22,259.5,272.47,297.48,327.91,0.435,197.77,180.09,205.54,206.38,206.47,210.6,185.08,181.79,180.02,169.93,246.86
263.34,461.83,180.43,172.29,205.97,200.59,152.79,287.86,190.17,253.94,255.67,253.31,284.68,255.72,199.76,248.12,197.41,188.69,187.39,238.14,187.46,0,195.28,246.88,223.37,252.88,246.98,239.28,278.06,222.32,268.55,225.75,227.84,240.59,218.51,223.53,228.31,185.89,185.52,172.51,171.84,173.27,174.48,173.34,177.24,227.69,193.48,191.79,140.38,184.21,178.16,178.16,139.56,260.91,258.99,251.68,251.13,245.23,235.13,231.08,246.57,235.66,212.8,184.98,184.98,219.46,239.9,258.25,261.77,254.66,254.81,232.06,230.09,234.9,267.18,237.88,226.62,222.19,214.29,220,186.8,183.11,220.72,214.54,222.25,222.91,223,235.53,206.66,0.567,234.49,221.58,176.43
233.31,545.65,189.87,256.85,317.27,218.56,229.71,240.71,242.11,206.51,208.24,206.17,237.53,208.57,263.62,200.97,185.99,166.92,165.62,191.49,336.39,195.28,0,202.3,209.61,208.31,223.23,213.29,226.83,209.2,220.41,210.17,212.23,211.71,184.5,200.1,204.89,237.83,249.38,323.56,256.25,205.33,224.51,196.6,186.68,178.56,182.06,185.65,218.63,202.32,196.27,196.13,216.48,213.77,211.84,204.53,203.99,198.08,187.98,183.65,199.14,187.98,168.23,163.21,163.21,174.89,195.32,207.01,206.52,206.52,205.77,203.18,205.39,204.87,237.15,207.85,197.4,265.85,278.81,303.82,0.848,332.04,198.21,180.53,205.97,207.3,207.42,211.78,192.9,189.61,187.84,177.01,254.68
271.16,461.56,202.94,182.25,204.84,231.79,166.6,296.74,211.68,257.92,259.65,262.2,293.56,264.6,216.17,257,218.02,228.58,227.28,247.22,195.22,246.88,202.3,0,227.73,287.77,222.61,217.21,332.92,197.26,263.94,189.25,191.34,233.79,179.88,194.96,199.75,207.4,201.93,182.39,181.95,181.95,196.29,195.84,199.75,229.97,214.09,196.15,154.19,215.41,209.36,209.36,153.37,269.8,267.87,260.56,260.02,254.11,244.01,235.06,250.55,245.09,251.9,224.87,224.87,313.06,0.698,313.1,306.04,250.05,249.24,225.26,250.48,242.72,275,245.7,220.3,188.84,205.91,219.73,193.82,190.87,189.35,175.91,185.75,186.41,186.5,211.16,211.02,241.21,243.57,256.47,190.24
265.16,473.08,199.02,186.7,222.99,204.09,186.46,280.17,194.01,253.56,255.29,245.63,276.99,248.03,206.44,240.43,215.99,177.09,175.79,218.99,201.79,223.37,209.61,227.73,0,233.74,259.81,251.38,258.92,241.4,256.74,245.13,247.23,234.73,237.06,237.57,242.36,189.73,192.2,186.84,189.56,197.86,189.56,191.93,195.83,232.39,212.06,233.02,174.06,187.71,181.66,181.66,173.23,253.23,251.3,243.99,243.45,237.54,227.44,230.7,246.19,226.91,193.66,173.38,173.38,200.32,220.75,239.1,242.63,242.84,245.26,226.2,225.79,236.72,269,239.69,238.73,239.06,226.52,231.25,201.13,197.44,234.55,233.09,241.63,242.3,242.38,248.36,1.671,217.7,215.34,202.44,210.11
288.97,476.01,202.25,186.47,217.55,230.04,166.97,315.95,211.52,277.66,279.39,281.41,312.77,283.81,216.54,276.22,218.46,225.77,224.47,253.22,201.23,252.88,208.31,287.77,233.74,0,259.27,253.87,314.55,233.92,287.55,236.12,238.21,264.77,231.93,241.52,246.31,207.24,202.3,186.69,186.02,187.46,196.29,195.16,199.06,249.71,214.53,202.16,154.56,213.66,207.61,207.61,153.74,289.02,287.08,279.78,279.24,273.32,263.23,254.8,270.29,264.3,253.7,222.06,222.06,260.36,280.79,294.73,294.19,273.66,272.86,256.24,255.72,260.53,292.81,263.51,245.85,233.92,227.78,234.18,199.83,196.88,235.92,227.96,232.62,233.28,233.37,247.82,217.03,247.21,249.57,3.13,190.61
265.01,442.38,223.6,218.3,194.06,264.54,246.18,276.22,226.68,251.44,253.17,241.68,273.04,244.08,240.36,236.48,238.97,226.78,225.19,243.78,222.05,246.98,223.23,222.61,259.81,259.27,0,234.81,225.26,226.96,215.73,185.74,187.84,188.46,159.77,191.46,196.25,222.4,226.12,223.79,218.6,214.96,214.08,215.05,220.41,228.58,235.04,229.38,233.77,248.64,242.59,242.11,232.95,249.28,247.35,240.04,239.5,233.59,223.49,228.58,244.07,222.42,232.51,222.78,223.07,225.85,215.63,205.44,201.91,201.84,201.03,179.93,227.73,236.57,268.85,239.55,243.61,185.34,202.63,200.55,214.75,217.7,185.85,155.8,182.25,182.91,183,1.145,243.1,241.31,240.13,227.97,269.82
258.1,432.44,216.69,209.54,184.13,254.6,230.19,269.3,219.76,243.01,244.74,234.76,266.12,237.16,233.21,229.56,230.54,219.87,218.28,236.08,212.12,239.28,213.29,217.21,251.38,253.87,234.81,0,219.86,209.46,210.33,171.27,173.36,181.55,146.81,176.98,181.77,215.48,218.97,212.54,209.54,206.54,207.17,208.13,213.5,220.15,226.61,220.96,217.79,238.71,232.66,232.17,216.96,242.36,240.43,233.12,232.58,226.67,216.57,220.15,235.64,215.5,227.11,215.87,216.16,220.45,210.23,200.04,196.51,196.44,195.63,173.02,220.82,229.66,261.94,232.63,229.77,170.87,188.16,190.61,204.81,207.77,171.37,142.84,167.77,168.43,168.52,223.36,234.67,233.61,232.43,222.57,253.84
284,461.05,234.45,213.44,208.15,267.8,204.93,313.25,243.2,275.86,277.59,278.71,310.07,281.11,249.54,273.51,250.47,257.8,256.82,278.41,221.96,278.06,226.83,332.92,258.92,314.55,225.26,219.86,0,199.91,266.58,181.69,183.79,231.34,167.23,187.41,192.2,238.92,235.3,213.58,213.13,213.13,229.47,227.36,231.26,247.91,246.54,227.34,192.52,251.58,245.53,245.37,191.7,286.31,284.38,277.07,276.53,270.62,260.52,253,268.49,261.06,276.59,254.41,254.09,305.51,325.94,1.982,339.27,252.69,251.88,222.81,263.32,255.56,287.84,258.54,233.14,181.29,198.58,219.22,218.35,217.61,181.8,163.26,178.2,178.86,178.95,213.81,242.21,272.4,274.75,283.25,228.57
243.13,427.52,201.73,195.23,185.02,249.61,245.16,254.34,202.56,229.64,231.37,219.8,251.16,222.2,216.24,214.6,220.57,204.91,203.31,218.53,207.28,222.32,209.2,197.26,241.4,233.92,226.96,209.46,199.9,0,190.38,220.72,222.55,166.58,182.85,237.07,241.86,198.28,202,208.87,195.38,190.75,192.07,193.17,198.54,208.36,216.64,210.98,232.75,233.72,227.67,227.18,231.93,227.4,225.47,218.16,217.62,211.71,201.61,206.78,222.27,200.54,207.16,200.9,201.2,200.5,190.28,180.09,176.56,176.48,175.68,158.05,205.85,214.69,246.97,217.67,228.97,230.63,230.63,185.69,200.72,202.93,245.48,178.88,214.97,217.62,217.97,215.51,224.69,216.65,214.88,202.62,268.8
278.28,446.08,232.41,211.25,193.84,265,208.18,301.09,240.64,270.09,271.82,266.55,297.91,268.95,249.69,261.35,248.44,246.92,245.28,266.09,217.31,268.55,220.41,263.94,256.74,287.55,215.73,210.33,266.58,190.38,0,168.64,170.73,224.83,152.38,174.35,179.14,236.36,235.45,211.39,210.95,210.95,227.13,225.31,229.22,243.11,244.51,225.15,195.77,248.94,242.89,242.57,194.95,274.15,272.22,264.91,264.37,258.46,248.36,247.23,262.72,247.79,261.82,242.87,243.21,267.17,256.96,246.76,254.7,1.389,251.77,216.3,263.1,249.84,282.12,252.82,227.42,168.24,185.52,204.25,211.93,212.96,168.74,148.41,165.14,165.8,165.89,204.28,240.03,262.88,262.44,256.25,231.82
202.14,428.82,210.12,200.33,179.54,252.14,255.33,253.73,207.66,233.94,235.67,219.19,250.55,221.59,221.34,213.99,229.86,202.03,200.73,221.37,209.22,225.75,210.17,189.25,245.13,236.12,185.74,171.27,181.69,220.72,168.64,0,234.69,147.05,192.64,246.86,251.65,203.38,207.1,213.35,200.48,195.85,197.39,198.74,206.93,213.57,225.93,220.78,242.93,235.97,229.92,229.71,242.1,226.79,224.86,217.55,217.01,211.1,201,211.09,226.57,198.32,212.25,198.32,198.32,202.7,182.27,161.88,154.82,154.75,153.94,138.52,164.86,173.7,205.98,176.68,238.76,181.25,198.54,186.99,201.69,204.87,255.28,188.67,227.11,229.76,0.275,174.3,228.42,220.08,217.72,204.82,278.98
204.23,430.87,212.39,202.6,181.6,254.24,257.78,255.65,209.93,236.12,237.85,221.11,252.47,223.51,223.61,215.91,232.22,203.95,202.65,223.46,211.31,227.84,212.23,191.34,247.23,238.21,187.84,173.36,183.79,222.55,170.73,234.69,0,149.15,195.08,249.3,254.09,205.65,209.37,215.44,202.75,198.12,199.65,201.01,209.2,215.84,228.28,223.22,245.37,238.06,232.01,231.81,244.55,228.71,226.78,219.47,218.93,213.02,202.92,213.27,228.75,200.24,214.52,200.24,200.24,204.79,184.36,163.97,156.91,156.84,156.03,140.61,166.95,175.79,208.07,178.77,241.2,183.34,200.63,189.04,203.75,206.96,257.72,191.11,229.64,0.493,231.94,176.39,230.52,222.18,219.81,206.91,281.42
227.9,433.05,221.97,210.3,183.32,202.83,190.13,260.37,235.01,235.19,236.92,225.83,257.19,228.23,247.3,220.63,218.3,207.3,205.68,238.57,210.53,240.59,211.71,233.79,234.73,264.77,188.46,181.55,231.34,166.58,224.83,147.05,149.15,0,138.64,147.01,151.8,230.73,233.06,210.24,210.3,209.4,219.03,217.35,218.78,210.63,214.37,206.86,177.72,186.45,180.4,180.4,176.9,233.43,231.5,224.19,223.65,217.74,207.64,212.33,227.82,206.04,235.38,203.27,203.59,242.13,226.81,211.52,210.72,210.94,268.01,0.853,264.57,199.46,231.74,202.44,177.03,149.71,171.32,191.22,203.23,206.18,142.6,134.66,143.55,144.22,144.3,177.01,218.02,234.92,234.92,233.47,213.77
170.24,399.42,204.7,181.62,153.87,246.44,257.69,247.16,200.04,232.83,234.56,212.62,243.98,215.02,207.65,207.42,226.96,195.46,194.14,214.72,184.06,218.51,184.5,179.88,237.06,231.93,159.77,146.81,167.23,182.85,152.38,192.64,195.08,138.64,0,183.84,188.63,195.76,193.41,189.56,182.07,183.46,189.44,191.76,201.51,212.81,223.03,214.1,247.05,230.22,224.17,224.01,244.46,220.22,218.29,210.98,210.44,204.53,194.43,209.97,225.46,191.75,209.54,191.73,191.75,198.44,172.9,147.41,138.59,138.49,136.88,130.1,137.38,141.8,174.08,144.78,175.74,154.86,176.47,157.59,176.02,179.71,264.13,0.397,263.66,190.15,189.89,148.32,220.35,212.85,211.07,200.63,283.1
195.68,412.05,206.16,192.85,169.79,243.75,255.44,243.87,201.1,230.09,231.82,209.33,240.69,211.73,213.98,204.13,225.08,192.17,190.87,220.32,198.92,223.53,200.1,194.96,237.57,241.52,191.46,176.98,187.41,237.07,174.35,246.86,249.3,147.01,183.84,0,0.479,196.82,199.74,201.18,193.15,190.77,191,193.51,202.97,212.35,221.15,217.14,246.26,227.69,221.64,221.31,242.21,216.93,215,207.69,207.15,201.24,191.14,207.23,222.72,188.46,219.49,188.46,188.46,208.41,187.98,167.59,160.53,160.46,159.66,138.48,158.4,167.24,199.52,170.22,216.56,182.49,199.77,170.22,191.62,194.57,216.14,179.87,246.36,244.37,244.11,180.01,220.86,217.86,216.68,210.22,282.31
200.47,416.84,210.95,197.64,174.58,248.54,260.23,248.66,205.89,234.88,236.61,214.12,245.48,216.52,218.77,208.92,229.87,196.96,195.66,225.12,203.71,228.32,204.89,199.75,242.36,246.31,196.25,181.77,192.2,241.86,179.14,251.65,254.09,151.8,188.63,0.479,0,201.61,204.53,205.97,197.94,195.56,195.79,198.3,207.76,217.14,225.94,221.93,251.05,232.48,226.43,226.11,247,221.72,219.79,212.48,211.94,206.03,195.93,212.02,227.51,193.25,224.28,193.25,193.25,213.2,192.77,172.38,165.32,165.25,164.45,143.27,163.19,172.03,204.31,175.01,221.35,187.28,204.56,175.01,196.41,199.36,220.93,184.66,251.15,249.16,248.9,184.8,225.65,222.65,221.46,215.01,287.1
254.91,435.35,176.4,226.49,233.78,224.24,224.84,227.72,0.428,191.34,193.07,193.18,224.54,195.58,266.96,187.99,173.21,173.65,172.79,183.28,232.96,185.89,237.83,207.4,189.73,207.24,222.4,215.48,238.92,198.28,236.36,203.38,205.65,230.73,195.76,196.82,201.61,0,252.72,226.49,226.49,182.56,254.29,182.56,173.21,165.09,169.28,161.87,214.09,208.19,202.14,201.81,211.61,200.79,198.85,191.54,191,185.09,175,168.48,183.97,176.07,170.18,170.38,169.94,174.88,200.42,219.1,222.18,222.47,225.21,222.2,222.53,226.47,258.75,229.45,199.82,203.75,190.78,193.52,229.35,228.61,191.21,191.79,201.38,200.72,200.63,210.95,173.02,180.22,179.63,175.94,250.14
257.84,446.52,173.66,237.9,245.33,216.28,221.47,227.73,257,190.3,192.03,193.19,224.55,195.58,1.424,187.99,169.78,163.82,162.52,182.32,244.52,185.52,249.38,201.93,192.2,202.3,226.12,218.97,235.3,202,235.45,207.1,209.37,233.06,193.41,199.74,204.53,252.72,0,241.38,237.6,182.56,239.4,182.56,170.47,162.35,165.85,165.59,210.72,200.06,194.01,193.85,208.24,200.78,198.86,191.54,191,185.1,174.99,167.44,182.93,176.07,162.73,160.11,160.11,169.41,194.95,215.48,221.27,221.56,224.14,224.53,223.36,229.39,261.67,232.37,202.74,212.65,201.95,204.69,240.9,240.17,191.59,189.44,204.74,204.44,204.35,214.67,175.49,179.85,178.67,171,246.77
234.39,528.6,167.1,245.51,297.36,195.79,206.94,221.93,230.77,183.74,185.47,187.39,218.75,189.79,255.62,182.19,163.22,144.15,142.85,168.72,322.38,172.51,323.56,182.39,186.84,186.69,223.79,212.54,213.58,208.87,211.39,213.35,215.44,210.25,189.56,201.18,205.97,226.49,241.38,0,244.91,182.56,213.17,179.54,163.91,155.79,159.29,162.88,195.86,179.55,173.5,173.36,193.71,194.99,193.06,185.75,185.21,179.3,169.2,160.88,176.37,169.74,147.13,140.44,140.44,153.8,175.41,193.76,197.29,197.5,199.92,201.72,202.8,205.95,238.23,208.93,198.48,248.79,261.76,286.77,315.08,318.03,200.5,185.59,209.85,210.51,210.6,212.34,170.13,166.84,165.07,155.39,231.91
235.06,461.36,183.01,245.2,251.25,194.82,205.83,221.27,230.77,188.14,189.87,186.73,218.09,189.13,251.84,181.53,173.08,143.48,142.18,168.05,251.38,171.84,256.25,181.95,189.56,186.02,218.6,209.54,213.14,195.38,210.95,200.48,202.75,210.3,182.07,193.15,197.94,226.49,237.6,244.91,0,203.76,213.17,209.11,179.82,163.58,169.15,169.52,194.75,178.44,172.39,172.39,192.6,194.33,192.4,185.09,184.55,178.64,168.54,165.28,180.77,169.07,146.46,139.77,139.77,153.13,174.97,193.32,196.84,197.06,199.47,201.77,202.8,206.62,238.9,209.6,193.51,218.42,210.89,219.53,247.77,247.03,186.01,178.1,198.48,197.82,197.73,207.15,172.85,166.17,164.4,154.72,230.8
237.98,422.72,209.75,182.56,215.43,190.76,201.77,229.49,186.84,202.87,204.6,194.94,226.3,197.35,196.8,189.75,188.8,142.13,140.83,169.48,197.51,173.27,205.33,181.95,197.86,187.45,214.96,206.54,213.13,190.75,210.95,195.85,198.12,209.4,183.46,190.77,195.56,182.56,182.56,182.56,203.76,0,214.52,210.46,206.56,190.32,184.87,193.36,191.01,174.38,168.33,168.33,188.54,202.55,200.62,193.31,192.77,186.86,176.76,180.01,195.5,176.22,147.87,138.42,138.42,154.53,174.97,193.31,196.84,197.06,199.47,200.87,202.8,209.54,241.82,212.52,193.76,198.48,180.38,180.88,196.85,193.16,184.7,179.5,193.85,193.19,193.1,203.51,181.15,167.6,165.83,156.16,227.06
244.43,425.36,183.01,213.17,220.46,214.59,211.5,221.27,258.57,188.14,189.87,186.73,218.09,189.13,253.64,181.53,173.08,161.75,160.14,171.87,219.64,174.48,224.51,196.29,189.56,196.29,214.08,207.17,229.47,192.07,227.13,197.39,199.65,219.03,189.44,191,195.79,254.29,239.4,213.17,213.17,214.52,0,206.15,179.82,163.58,169.15,169.52,200.74,198.37,192.32,192.16,198.27,194.33,192.4,185.09,184.55,178.64,168.54,165.28,180.77,169.07,157.11,157.73,158.05,163.77,189.31,209.65,212.95,213.24,216.23,210.5,211.87,215.99,248.27,218.97,194,193.76,180.79,183.53,216.03,215.29,185.27,185.47,195.39,194.72,194.64,202.63,172.85,168.81,168.22,164.99,236.79
242.88,416.63,217.16,179.54,201.41,214.84,210.39,226.71,186.84,200.1,201.83,192.17,223.53,194.57,196.8,186.97,182.87,162.14,160.84,170.73,190.25,173.34,196.6,195.84,191.93,195.15,215.05,208.13,227.36,193.17,225.31,198.74,201.01,217.35,191.76,193.51,198.3,182.56,182.56,179.54,209.11,210.46,206.15,0,213.97,181.5,178.94,213.42,199.04,198.46,192.41,192.41,197.16,199.77,197.84,190.53,189.99,184.08,173.98,177.24,192.73,173.45,161.09,158.43,158.43,163.32,188.87,207.54,211.07,211.43,214.92,208.82,209.1,214.44,246.72,217.42,196.51,187.9,174.36,174.8,188.12,185.9,187.59,187.79,196.74,196.08,195.99,203.6,175.22,167.67,167.08,163.85,235.09
244.83,421.71,0.319,163.84,196.77,220.69,212.34,230.61,177.49,204,205.73,196.07,227.43,198.47,184.71,190.87,186.77,166.9,165.28,174.63,178.86,177.24,186.68,199.75,195.83,199.06,220.41,213.5,231.26,198.54,229.22,206.93,209.2,218.78,201.51,202.97,207.76,173.21,170.47,163.91,179.82,206.56,179.82,213.97,0,189.3,182.84,213.42,200.99,204.31,198.26,198.26,199.11,203.67,201.74,194.43,193.89,187.98,177.88,181.14,196.63,177.35,164.99,162.87,163.19,167.22,192.77,211.44,214.97,215.32,219.34,210.25,211.05,216.39,248.67,219.37,205.36,191.8,178.26,179.88,178.2,174.51,197.34,197.54,204.93,204.27,204.18,208.96,179.12,171.57,170.98,167.75,237.04
240.2,434.07,192.49,155.72,188.47,221.42,187.42,266.29,169.37,249.45,251.18,231.75,263.11,234.15,176.59,226.55,238.51,186.25,184.95,225.29,170.74,227.69,178.56,229.97,232.39,249.71,228.58,220.15,247.91,208.36,243.11,213.57,215.84,210.63,212.81,212.35,217.14,165.09,162.35,155.79,163.58,190.32,163.58,181.5,189.3,0,234.58,204.53,175.01,205.04,198.99,198.99,174.19,239.35,237.42,230.11,229.57,223.66,213.56,226.59,242.08,211.42,224.54,182.55,182.55,217.88,222.99,228.09,228.93,229.22,232.43,202.1,205.43,211.76,244.04,214.74,209.35,200.19,188.32,192.24,170.08,166.39,208.5,208.84,211.57,210.91,210.82,217.13,215.68,222.02,221.64,218.42,211.06
244.26,441.8,186.03,159.22,193.76,206.19,183.92,246.85,173.56,220.23,221.96,212.31,243.67,214.71,180.09,207.11,0.393,171.01,169.71,190.87,174.24,193.48,182.06,214.09,212.06,214.53,235.04,226.61,246.54,216.64,244.51,225.93,228.28,214.37,223.03,221.15,225.94,169.28,165.85,159.29,169.15,184.87,169.15,178.94,182.84,234.58,0,218.53,171.51,189.81,183.76,183.76,170.69,219.91,217.98,210.67,210.13,204.22,194.12,197.38,212.87,193.58,177.13,167.3,167.3,182.17,207.11,226.72,230.33,230.62,233.68,205.84,205.44,215.82,248.1,218.8,219.52,209.69,196.73,199.97,173.58,169.89,218.46,219.06,224.12,223.35,223.18,223.59,195.35,187.81,187.22,183.23,207.56
237.29,439.31,216.61,162.74,199.03,183.66,176.4,252.31,166.15,225.69,227.42,217.77,249.13,220.17,179.83,212.57,222.46,149.23,147.93,187.41,177.83,191.79,185.65,196.15,233.02,202.16,229.38,220.96,227.34,210.98,225.15,220.78,223.22,206.86,214.1,217.14,221.93,161.87,165.59,162.88,169.52,193.36,169.52,213.42,213.42,204.53,218.53,0,164,167.28,161.23,161.23,163.17,225.37,223.44,216.13,215.59,209.68,199.58,202.83,218.32,199.04,162.08,145.52,145.52,168.74,189.17,207.52,211.05,211.26,213.67,198.33,197.93,208.85,241.13,211.83,216.06,209.98,194.94,197.48,177.17,173.48,213.04,210.13,220.06,218.29,218.03,217.93,216.31,186.12,183.76,170.86,200.05
224.25,492.74,204.18,195.5,232.3,28.492,7.926,30.296,218.37,199.56,201.29,23.872,30.568,25.264,224.96,26.952,175.44,119.64,118.04,136.59,210.81,140.38,218.63,154.19,174.06,154.56,233.77,217.79,192.52,232.75,195.77,242.92,245.37,177.72,247.05,246.26,251.05,214.09,210.72,195.86,194.75,191.01,200.74,199.04,200.99,175.01,171.51,164,0,5.28,6.49,19.52,5.28,19.52,20.292,23.216,23.432,25.796,29.836,176.7,192.19,179.42,115.01,115.63,115.93,121.67,147.21,172.7,181.52,181.88,185.9,169.19,173.72,195.81,228.09,198.79,233.18,241.92,246.26,250.91,210.15,206.46,243.63,243.08,242.42,240.44,240.17,222.32,157.35,134.71,132.94,123.26,3.605
225.65,476.43,207.5,179.19,215.99,8.966,7.926,9.868,212.47,232.99,234.72,6.656,10.004,7.352,214.3,8.196,193.74,175.48,173.88,182.78,194.5,184.21,202.32,215.41,187.71,213.66,248.64,238.71,251.58,233.72,248.94,235.97,238.06,186.45,230.22,227.69,232.48,208.19,200.06,179.55,178.44,174.38,198.37,198.46,204.31,205.04,189.81,167.28,5.28,0,0.605,4.48,5.28,4.48,4.866,6.328,6.436,7.618,9.638,210.13,225.62,218.29,185.11,171.47,171.77,182.89,208.43,231.76,235.24,235.05,236.5,177.92,179.88,197.21,229.49,200.19,219.63,231.92,227.62,234.6,193.84,190.15,225.02,226.25,232.47,233.13,233.22,237.19,171,178.54,179.13,182.36,12.49
219.6,470.38,201.45,173.14,209.94,7.756,9.136,8.658,206.41,226.94,228.67,5.446,8.794,6.142,208.25,6.986,187.69,169.43,167.83,176.73,188.45,178.16,196.27,209.36,181.66,207.61,242.59,232.66,245.53,227.67,242.89,229.92,232.01,180.4,224.17,221.64,226.43,202.13,194.01,173.5,172.39,168.33,192.32,192.41,198.26,198.99,183.76,161.23,6.49,0.605,0,3.27,6.49,3.27,3.656,5.118,5.226,6.408,8.428,204.08,219.57,212.24,179.06,165.42,165.72,176.84,202.38,225.71,229.19,229,230.45,171.87,173.83,191.16,223.44,194.14,213.58,225.87,221.57,228.55,187.79,184.1,218.97,220.2,226.42,227.08,227.17,231.14,164.95,172.49,173.08,176.31,13.7
219.44,470.24,201.45,173.07,209.8,2.243,24.812,8.658,206.09,226.94,228.67,5.446,8.794,6.142,208.09,6.986,187.69,169.27,167.83,176.73,188.31,178.16,196.13,209.36,181.66,207.61,242.11,232.17,245.37,227.18,242.57,229.71,231.81,180.4,224.01,221.31,226.1,201.81,193.85,173.36,172.39,168.33,192.16,192.41,198.26,198.99,183.76,161.23,19.52,4.48,3.27,0,19.52,3.27,3.656,5.118,5.226,6.408,8.428,204.08,219.57,212.24,179.06,165.42,165.56,176.84,202.38,225.55,229.03,228.68,230.13,171.87,173.83,191,223.28,193.98,213.42,225.71,221.57,228.41,187.65,183.96,218.81,220.04,226.21,226.88,226.96,230.66,164.95,172.49,173.08,176.31,33.94
221.78,490.59,202.3,193.35,230.15,28.492,1.323,30.296,215.89,198.74,200.47,23.872,30.568,25.264,222.48,26.952,174.61,118.81,117.22,135.77,208.66,139.56,216.48,153.37,173.23,153.74,232.95,216.96,191.7,231.93,194.95,242.1,244.54,176.9,244.46,242.21,247,211.61,208.24,193.71,192.6,188.54,198.27,197.16,199.11,174.19,170.69,163.17,5.28,5.28,6.49,19.52,0,19.52,20.292,23.216,23.432,25.796,29.836,175.88,191.37,178.6,114.19,114.81,115.1,120.85,146.39,171.88,180.7,181.06,185.08,168.37,171.25,193.34,225.62,196.32,230.71,241.1,242.14,248.76,208,204.31,239.54,240.49,241.6,239.62,239.35,221.5,156.52,133.89,132.12,122.44,12.49
250.15,470.36,206.86,194.78,216.81,7.756,24.812,2.694,205.07,269,270.73,1.088,2.762,1.436,215.02,1.858,223.84,226.9,225.6,259.49,207.43,260.91,213.77,269.8,253.23,289.01,249.28,242.36,286.31,227.4,274.15,226.79,228.71,233.43,220.22,216.93,221.72,200.79,200.78,194.99,194.33,202.54,194.33,199.77,203.67,239.35,219.91,225.37,19.52,4.48,3.27,3.27,19.52,0,0.193,0.924,0.978,1.569,2.579,246.14,261.63,257.02,265.19,223.19,223.19,258.53,262.82,266.49,266.49,260.26,260.76,224.9,220.97,221.71,253.99,224.69,214.23,223.37,220.31,228.52,205.29,203.08,219.74,216.25,221.79,223.78,224.04,237.83,236.52,255.24,255.84,257.72,33.94
248.22,468.43,204.93,192.85,214.88,8.142,25.584,2.887,203.13,267.07,268.8,0.895,2.569,1.243,213.09,1.665,221.91,224.97,223.67,257.55,205.49,258.99,211.84,267.87,251.3,287.08,247.35,240.43,284.38,225.47,272.22,224.86,226.78,231.5,218.29,215,219.79,198.85,198.85,193.06,192.4,200.62,192.4,197.84,201.74,237.42,217.98,223.44,20.292,4.866,3.656,3.656,20.292,0.193,0,0.731,0.785,1.376,2.386,244.21,259.7,255.09,263.26,221.26,221.26,256.6,260.89,264.56,264.56,258.33,258.83,222.97,219.04,219.78,252.06,222.76,212.3,221.44,218.38,226.6,203.36,201.14,217.81,214.32,219.86,221.85,222.11,235.9,234.59,253.31,253.9,255.79,34.712
240.91,461.12,197.62,185.54,207.57,9.604,28.508,3.618,195.82,259.76,261.49,0.164,3.3,0.512,205.78,0.934,214.6,217.66,216.36,250.25,198.19,251.68,204.53,260.56,243.99,279.78,240.04,233.12,277.07,218.16,264.91,217.55,219.47,224.19,210.98,207.69,212.48,191.55,191.54,185.75,185.09,193.31,185.09,190.53,194.43,230.11,210.67,216.13,23.216,6.328,5.118,5.118,23.216,0.924,0.731,0,0.054,0.645,1.655,236.9,252.39,247.78,255.95,213.95,213.95,249.29,253.58,257.25,257.25,251.02,251.52,215.66,211.73,212.47,244.75,215.45,204.99,214.13,211.07,219.28,196.05,193.83,210.5,207.01,212.55,214.54,214.8,228.59,227.28,246,246.59,248.48,37.636
240.37,460.57,197.08,185,207.03,9.712,28.724,3.672,195.28,259.22,260.95,0.218,3.354,0.458,205.24,0.88,214.06,217.12,215.82,249.7,197.64,251.13,203.99,260.02,243.45,279.24,239.5,232.58,276.53,217.62,264.37,217.01,218.93,223.65,210.44,207.15,211.94,191,191,185.21,184.55,192.77,184.55,189.99,193.89,229.57,210.13,215.59,23.432,6.436,5.226,5.226,23.432,0.978,0.785,0.054,0,0.591,1.601,236.36,251.85,247.24,255.41,213.41,213.41,248.75,253.04,256.71,256.71,250.48,250.98,215.12,211.19,211.93,244.21,214.91,204.45,213.59,210.53,218.75,195.51,193.29,209.96,206.47,212.01,214,214.26,228.05,226.74,245.47,246.06,247.94,37.852
234.46,454.66,191.17,179.09,201.12,10.894,31.088,4.263,189.37,253.31,255.04,0.809,3.945,1.049,199.33,0.289,208.15,211.21,209.91,243.79,191.73,245.22,198.08,254.11,237.54,273.32,233.59,226.67,270.62,211.71,258.46,211.1,213.02,217.74,204.53,201.24,206.03,185.09,185.09,179.3,178.64,186.86,178.64,184.08,187.98,223.66,204.22,209.68,25.796,7.618,6.408,6.408,25.796,1.569,1.376,0.645,0.591,0,1.01,230.45,245.94,241.33,249.5,207.5,207.5,242.84,247.13,250.8,250.8,244.57,245.07,209.21,205.28,206.02,238.3,209,198.54,207.68,204.62,212.84,189.6,187.38,204.05,200.56,206.1,208.09,208.35,222.14,220.83,239.55,240.15,242.03,40.216
224.36,444.56,181.07,168.99,191.02,12.914,35.128,5.273,179.27,243.21,244.94,1.819,4.955,2.059,189.23,1.299,198.05,201.11,199.81,233.69,181.63,235.12,187.98,244.01,227.44,263.22,223.49,216.57,260.52,201.61,248.36,201,202.92,207.64,194.43,191.14,195.93,175,174.99,169.2,168.54,176.76,168.54,173.98,177.88,213.56,194.12,199.58,29.836,9.638,8.428,8.428,29.836,2.579,2.386,1.655,1.601,1.01,0,220.35,235.84,231.23,239.4,197.4,197.4,232.74,237.03,240.7,240.7,234.47,234.97,199.11,195.18,195.92,228.2,198.9,188.44,197.58,194.52,202.74,179.5,177.28,193.95,190.46,196,197.99,198.25,212.04,210.73,229.46,230.05,231.93,44.256
237.81,438.89,184.33,160.81,190.17,226.51,189.11,273.08,172.76,2.286,2.459,238.54,269.9,240.94,181.68,233.34,201.3,191.34,190.04,229.06,175.83,231.08,183.65,235.06,230.7,254.8,228.58,220.15,253,206.78,247.23,211.09,213.26,212.33,209.97,207.23,212.02,168.48,167.44,160.88,165.28,180.01,165.28,177.24,181.14,226.59,197.37,202.83,176.71,210.13,204.08,204.08,175.88,246.14,244.21,236.9,236.36,230.45,220.35,0,1.549,218.2,229.63,187.63,187.63,222.97,228.08,233.18,234.02,233.34,236.53,203.8,204.95,209.37,241.65,212.35,204.72,201.65,191.53,197.06,175.17,171.48,204.45,206,208.33,208.33,208.33,217.13,213.99,225.41,225.41,223.5,212.76
253.3,454.38,199.82,176.3,205.66,242,204.6,288.57,188.25,0.737,0.91,254.03,285.39,256.43,197.17,248.83,216.8,206.83,205.53,244.55,191.32,246.57,199.14,250.55,246.19,270.29,244.07,235.64,268.49,222.27,262.72,226.57,228.75,227.82,225.46,222.72,227.51,183.97,182.93,176.37,180.77,195.5,180.77,192.73,196.63,242.08,212.87,218.32,192.2,225.62,219.57,219.57,191.37,261.63,259.7,252.39,251.85,245.94,235.84,1.549,0,233.69,245.12,203.12,203.12,238.46,243.57,248.67,249.51,248.83,252.02,219.29,220.44,224.86,257.14,227.84,220.21,217.14,207.02,212.55,190.66,186.97,219.94,221.49,223.82,223.82,223.82,232.62,229.48,240.9,240.9,238.99,228.25
221.68,445.1,180.54,169.52,190.77,234.67,191.83,283.96,180.35,241.06,242.79,249.42,280.78,251.82,190.31,244.22,197.51,248.46,245.89,234.23,181.63,235.66,187.98,245.08,226.91,264.3,222.41,215.5,261.06,200.54,247.79,198.32,200.24,206.04,191.75,188.46,193.25,176.07,176.07,169.74,169.07,176.22,169.07,173.45,177.35,211.42,193.58,199.04,179.43,218.29,212.24,212.24,178.6,257.02,255.09,247.78,247.24,241.33,231.23,218.2,233.69,0,241.01,243.48,244.75,234.35,238.1,241.24,241.24,233.9,233.03,197.51,193.57,193.24,225.52,196.22,185.76,196.5,193.99,203.27,179.5,177.28,191.27,187.78,193.32,195.31,195.57,210.97,210.2,229.99,230.58,233,215.48
259.87,437.91,168.18,146.91,177.47,201.49,127.42,292.13,174.46,252.49,254.22,257.59,288.95,259.99,176.97,252.39,181.06,247.81,247.79,213.14,161.15,212.8,168.23,251.9,193.66,253.7,232.51,227.11,276.59,207.16,261.82,212.25,214.52,235.38,209.54,219.49,224.28,170.18,162.73,147.13,146.46,147.87,157.11,161.09,164.99,224.54,177.13,162.08,115.01,185.11,179.06,179.06,114.19,265.19,263.26,255.95,255.41,249.5,239.4,229.63,245.12,241.01,0,245.38,244.11,224.49,244.92,256.77,255.17,247.93,247.13,226.85,226.62,231.43,263.71,234.41,215.54,200.78,190.33,196.08,159.75,156.8,213.87,205.57,210.18,209.59,209.5,221.06,176.95,207.13,209.49,222.4,151.06
