0,452.34,246.61,218.37,206.78,252.81,247.38,268.01,253.42,246.58,248.31,233.47,264.83,235.87,262.44,228.27,227.54,216.65,215.04,229.36,221.72,231.97,225.11,234.04,226.21,253.78,226.87,212.44,251.98,220.85,258.38,214.28,216.55,260.65,187.4,214.6,219.39,249.14,248.2,218.37,218.37,218.37,240.82,239.52,243.42,225.15,223.61,209.5,234.97,236.43,230.38,230.38,234.15,241.07,239.14,231.83,231.29,225.38,215.28,223.72,239.21,213.13,228.61,212.63,212.94,221.95,227.06,232.16,244.21,244.49,247.71,252.13,259.99,2.844,5.476,2.546,247.76,210.95,219.59,210.51,216.63,217.37,207.81,183.43,212.28,211.62,211.53,215.42,209.5,226.3,225.71,222.48,271.02
452.34,0,418.53,423.44,499.97,490.12,501.66,488.28,421.25,456.27,458,453.74,485.1,456.14,435.92,448.54,432.79,435.86,434.56,444.68,463.92,447.29,470.26,455.51,434.78,467.41,423.4,413.46,461.14,408.48,447.53,413.57,415.81,440.26,385.3,400.77,405.56,416.97,421.68,453.21,422.99,405.72,409,408.06,415.34,426.88,428.86,416.56,491.91,473.91,467.86,467.69,488.43,461.34,459.41,452.1,451.56,445.65,435.55,433.41,448.9,435.01,432.83,432.15,432.15,435.05,448.53,441.32,433.67,433.64,432.83,431.73,429.76,423.9,456.18,426.88,403.47,454.98,474.32,24.183,461.78,459.57,395.5,381.33,410.88,410.88,410.82,411.95,418.07,441.62,441.03,436.11,527.96
246.61,418.53,0,165.26,181.43,223.88,215.53,233.8,180.68,207.19,208.92,199.26,230.62,201.66,187.9,194.06,189.9,170.09,168.47,177.82,176.04,180.41,182.26,195.09,175.57,202.25,177.31,161.81,210.64,171.69,200.74,186.18,188.8,204.92,185.29,193.59,198.38,176.4,173.66,165.33,173.05,177.82,183.01,217.16,0.319,192.49,185.97,162.58,204.18,207.5,201.45,201.45,202.3,206.86,204.93,197.62,197.08,191.17,181.07,184.33,199.82,180.54,168.18,166.06,166.38,170.42,188.11,190.82,186.49,186.85,190.87,196.39,206.22,218.17,250.45,221.15,200.76,173.23,166.94,176.7,173.78,171.69,181.32,181.32,187.18,183.87,183.43,165.86,158.86,174.74,174.17,170.95,240.23
218.37,423.44,165.26,0,194.2,195.5,206.58,214.41,189.37,182.98,184.71,179.87,211.23,182.27,208.62,174.67,159.2,143.93,142.63,166.38,203.72,169.58,207.11,177.61,177.2,184.42,179.2,166.24,204.39,169.93,201.55,175.76,177.94,203.67,159.4,162.38,167.17,185.09,194.38,200.78,200.47,167.55,175.1,162.93,162.07,155.25,155.27,153.05,195.5,179.19,173.14,173.07,193.35,187.47,185.54,178.23,177.69,171.78,161.68,160.12,175.61,161.68,144.34,140.22,140.22,151,170.63,184.57,187.37,187.66,190.88,195.14,197.43,189.93,222.21,192.91,165.08,175.35,174.76,181.61,198.63,199.37,158.17,155.43,172.8,173.01,173.01,167.75,160.49,163.91,162.73,153.12,231.55
206.78,499.97,181.43,194.2,0,229.68,241.22,228.98,193.46,199.11,200.84,194.44,225.8,196.84,209.61,189.24,184.44,175.42,174.12,189.5,230.03,192.7,237.12,200.17,187.22,210.69,180.02,170.08,207.22,165.09,195.86,168.58,170.76,192.41,139.75,151.5,156.29,189.18,195.37,217.2,193.75,176.58,179.8,173.59,178.24,175.55,180.51,166.79,231.47,213.47,207.42,207.25,227.99,202.04,200.11,192.8,192.26,186.35,176.25,176.25,191.74,176.25,174.03,171.71,171.71,178.34,193.19,187.4,181.9,181.97,182.78,183.88,184.33,178.34,210.62,181.32,154.2,204.64,217.6,258.14,228.64,225.69,148.69,135.77,165.21,165.83,165.83,168.57,170.51,187.03,185.85,179.4,267.52
252.81,490.12,223.88,195.5,229.68,0,33.784,13.144,228.52,243.52,245.25,9.932,13.28,10.628,230.52,11.472,207.26,188.77,187.34,183.17,210.74,184.6,218.56,195.12,188.09,214.04,193.34,174.33,204.14,199.27,196.8,213.76,216.38,200.98,219.02,228.23,233.02,224.24,216.28,195.79,194.82,190.76,214.59,214.84,220.69,215.57,203.33,180.79,28.492,8.966,7.756,2.243,28.492,7.756,8.142,9.604,9.712,10.894,12.914,220.66,236.15,228.82,195.47,184.93,185.06,193.25,188.14,184.32,182.55,182.91,186.93,192.45,202.28,224.37,256.65,227.35,232.83,214.56,232.19,248.29,210.08,206.39,215.36,215.05,214.76,211.45,211.01,181.89,171.38,178.93,179.52,182.74,42.912
247.38,501.66,215.53,206.58,241.22,33.784,0,35.588,229.12,211.97,213.7,29.164,35.86,30.556,235.71,32.244,187.84,132.04,130.45,149,221.89,152.79,229.71,163.51,186.46,166.97,202.91,183.9,191.65,208.84,191.37,223.33,225.95,195.55,230.3,239.76,244.55,224.84,221.47,206.94,205.83,201.77,211.5,210.39,212.34,187.41,183.91,176.4,7.926,7.926,9.136,24.812,1.323,24.812,25.584,28.508,28.724,31.088,35.128,189.11,204.6,191.83,127.42,128.04,128.33,134.08,156.53,171.83,177.12,177.48,181.5,187.02,196.85,218.94,251.22,221.92,244.52,224.13,243.59,259.83,221.23,217.54,226.89,226.34,224.33,221.02,220.58,191.46,169.75,147.12,145.35,135.67,15.136
268.01,488.28,233.8,214.41,228.98,13.144,35.588,0,232,277.79,279.52,3.782,5.456,4.13,241.96,4.552,237.76,242.39,241.09,235.22,225.89,236.06,232.13,246.32,229.88,267.19,231.79,216.12,254.16,226.29,244.92,232.25,234.52,244.74,218.96,225.82,230.61,227.72,227.72,214.63,213.96,213.38,221.27,226.71,230.61,248.14,233.83,213.38,30.296,9.868,8.658,8.658,30.296,2.694,2.887,3.618,3.672,4.263,5.273,254.93,270.42,265.81,265,238.68,238.68,258.33,239.34,234.35,230.82,231.03,233.44,236.21,239.33,239.57,271.85,242.55,229.92,228.28,230.47,246.45,223.64,221.54,214.99,214.99,229.72,229.59,229.5,220.34,213.17,230.39,231.58,235.9,44.716
253.42,421.25,180.68,189.37,193.46,228.52,229.12,232,0,195.62,197.35,197.47,228.83,199.86,235.32,192.27,177.49,177.93,177.07,187.56,195.91,190.14,200.78,207.07,183.18,211.52,186.2,172.36,223.12,176.07,214.78,189.35,191.88,218.74,186.82,195.38,200.17,0.428,221.08,194.85,193.7,172.34,222.65,186.66,177.49,169.37,173.56,164.96,218.37,212.47,206.42,206.09,215.89,205.07,203.13,195.82,195.28,189.38,179.27,172.76,188.25,180.35,174.46,174.66,174.22,179.16,200.09,203.3,200.53,200.89,204.91,210.21,217.31,224.98,257.25,227.95,201.28,173.01,168.69,179.42,192.3,191.56,183.76,182.85,188.96,186.95,186.6,174.75,166.47,184.47,183.91,180.22,254.42
246.58,456.27,207.19,182.98,199.11,243.52,211.97,277.79,195.62,0,1.647,243.25,274.61,245.65,204.54,238.05,211.14,202.76,201.45,202.1,194.12,202.94,199.73,213.19,196.76,234.07,198.74,183,224.16,194.25,215.06,208.56,211.1,215.89,198.86,204.85,209.64,191.34,190.3,183.13,182.68,185.17,188.14,200.1,204,231.3,207.21,183.95,199.57,227.14,221.09,221.09,198.74,250.85,248.92,241.61,241.07,235.16,225.06,2.286,0.737,222.91,225.36,199.04,199.04,218.7,206.21,204.34,200.88,201.16,204.04,207.36,213.06,218.14,250.42,221.12,208.22,198.79,201.21,214.44,191.25,189.77,194.89,194.89,208.81,206.17,205.81,187.29,180.05,197.27,198.45,202.77,235.62
248.31,458,208.92,184.71,200.84,245.25,213.7,279.52,197.35,1.647,0,244.98,276.34,247.38,206.27,239.78,212.87,204.48,203.19,203.83,195.85,204.67,201.46,214.92,198.49,235.8,200.47,184.72,225.89,195.97,216.79,210.29,212.83,217.62,200.59,206.58,211.37,193.07,192.03,184.86,184.41,186.91,189.87,201.83,205.73,233.03,208.94,185.68,201.3,228.87,222.82,222.82,200.47,252.58,250.65,243.34,242.8,236.89,226.79,2.459,0.91,224.64,227.09,200.78,200.78,220.43,207.94,206.07,202.61,202.89,205.78,209.09,214.79,219.87,252.15,222.85,209.95,200.52,202.94,216.17,192.98,191.5,196.62,196.62,210.55,207.9,207.55,189.02,181.78,199,200.18,204.5,237.35
233.47,453.74,199.26,179.87,194.44,9.932,29.164,3.782,197.46,243.25,244.98,0,3.464,0.676,207.42,1.098,203.22,207.85,206.55,200.69,191.35,201.52,197.58,211.78,195.34,232.65,197.25,181.58,219.63,191.75,210.38,197.71,199.98,210.2,184.42,191.28,196.08,193.18,193.19,180.08,179.42,178.84,186.73,192.17,196.07,213.6,199.29,178.84,23.872,6.656,5.446,5.446,23.872,1.088,0.895,0.164,0.218,0.809,1.819,220.39,235.88,231.27,230.46,204.14,204.14,223.79,204.8,199.81,196.28,196.49,198.9,201.67,204.79,205.03,237.31,208.01,195.38,193.74,195.93,211.91,189.11,187,180.45,180.45,195.18,195.05,194.97,185.8,178.63,195.86,197.04,201.35,38.292
264.83,485.1,230.62,211.23,225.8,13.28,35.86,5.456,228.83,274.61,276.34,3.464,0,3.812,238.78,4.234,234.58,239.21,237.91,232.04,222.71,232.88,228.94,243.14,226.71,264.01,228.61,212.94,250.98,223.11,241.74,229.07,231.34,241.56,215.78,222.64,227.44,224.54,224.54,211.44,210.78,210.2,218.09,223.53,227.43,244.96,230.65,210.2,30.568,10.004,8.794,8.794,30.568,2.762,2.569,3.3,3.354,3.945,4.955,251.75,267.24,262.63,261.81,235.5,235.5,255.15,236.16,231.16,227.64,227.85,230.26,233.03,236.15,236.39,268.67,239.37,226.74,225.1,227.29,243.27,220.47,218.36,211.81,211.81,226.54,226.41,226.32,217.16,210,227.21,228.39,232.71,44.988
235.87,456.14,201.66,182.27,196.84,10.628,30.556,4.13,199.87,245.65,247.38,0.676,3.812,0,209.82,1.338,205.62,210.25,208.95,203.08,193.75,203.92,199.99,214.18,197.74,235.06,199.65,183.98,222.03,194.15,212.78,200.11,202.38,212.6,186.82,193.69,198.47,195.58,195.58,182.49,181.82,181.24,189.13,194.57,198.47,216,201.69,181.24,25.264,7.352,6.142,6.142,25.264,1.436,1.243,0.512,0.458,1.049,2.059,222.79,238.28,233.67,232.86,206.54,206.54,226.19,207.2,202.21,198.68,198.89,201.31,204.07,207.19,207.43,239.71,210.41,197.78,196.14,198.33,214.31,191.5,189.4,182.85,182.85,197.58,197.45,197.37,188.2,181.03,198.25,199.44,203.76,39.684
262.44,435.92,187.9,208.62,209.61,230.52,235.71,241.97,235.32,204.54,206.27,207.42,238.78,209.83,0,202.22,183.94,178.06,176.76,196.56,215.24,199.71,220.1,212.54,199.07,216.54,201.4,188.43,236.88,189.63,230.62,199.42,201.86,232.89,197.57,204.35,209.14,231.04,1.424,219.7,211.11,186.02,217.72,190.75,184.71,176.59,180.01,174.92,224.96,214.3,208.25,208.09,222.48,215.03,213.09,205.78,205.24,199.33,189.23,181.68,197.17,190.31,176.98,174.35,174.35,183.65,205.56,217.06,216.44,216.73,219.94,224.36,230.17,234,266.28,236.98,205.95,190.41,186.09,194.09,211.62,210.89,194.53,193.6,198.92,196.93,196.67,189.95,182.36,194.04,192.91,185.24,261.01
228.27,448.54,194.06,174.67,189.24,11.472,32.244,4.552,192.27,238.05,239.78,1.098,4.234,1.338,202.22,0,198.02,202.65,201.35,195.48,186.15,196.33,192.38,206.58,190.14,227.46,192.05,176.38,214.42,186.55,205.18,192.51,194.78,205,179.22,186.09,190.88,187.98,187.98,174.88,174.22,173.64,181.53,186.97,190.87,208.4,194.09,173.64,26.952,8.196,6.986,6.986,26.952,1.858,1.665,0.934,0.88,0.289,1.299,215.19,230.68,226.07,225.25,198.94,198.94,218.6,199.6,194.6,191.08,191.29,193.7,196.47,199.59,199.83,232.11,202.81,190.18,188.54,190.73,206.71,183.91,181.8,175.25,175.25,189.98,189.85,189.76,180.6,173.44,190.66,191.83,196.15,41.372
227.54,432.79,189.9,159.2,184.44,207.26,187.85,237.76,177.49,211.14,212.87,203.22,234.58,205.62,183.94,198.02,0,165.58,164.28,184.56,172.1,186.57,179.18,196.81,186.63,210.53,188.58,171.51,207.64,184.12,198.4,193.83,196.28,197.03,187.53,193.02,197.81,173.2,169.7,159.27,163.86,175.48,173.08,182.81,186.71,193.37,0.393,177.32,175.44,191.04,184.99,184.83,174.62,210.82,208.89,201.58,201.04,195.13,185.03,188.28,203.77,184.49,175.15,161.87,161.87,178.17,189.83,187.82,184.29,184.51,186.29,188.5,192.43,199.1,231.38,202.08,194.65,184.59,185.8,190.96,170.7,167.75,184.25,183.56,193.33,191.35,191.08,177.13,169.92,180.91,180.91,179.23,211.49
216.65,435.86,170.09,143.93,175.42,188.77,132.04,242.39,177.93,202.76,204.49,207.85,239.21,210.25,178.06,202.65,165.58,0,225.56,170.89,159.1,171.14,166.92,184.35,159.54,203.25,170.68,151.67,193.35,170.86,186.01,176.05,178.32,189,168.49,175.6,180.39,173.65,163.82,144.15,143.48,142.13,161.75,162.14,166.9,174.81,161.65,139.11,119.64,172.56,166.5,166.34,118.81,215.45,213.52,206.21,205.67,199.76,189.66,179.9,195.38,221.33,220.68,223.15,0.371,184.61,177.37,173.53,171.76,172.12,176.14,180.47,183.8,188.21,220.49,191.19,179.48,176.38,181.78,194.03,158.44,154.75,165.14,164.52,174.05,173.39,173.3,159.23,142.83,165.47,167.24,171.95,155.69
215.03,434.56,168.47,142.63,174.12,187.34,130.45,241.09,177.07,201.45,203.19,206.55,237.91,208.95,176.76,201.35,164.28,225.56,0,169.59,157.8,169.84,165.62,183.27,158.24,201.95,169.38,150.37,192.05,169.26,184.71,174.75,177.02,187.38,167.19,174.21,179,172.79,162.52,142.85,142.18,140.83,160.14,160.84,165.28,173.51,160.35,137.81,118.04,170.96,164.91,164.91,117.22,214.15,212.22,204.91,204.37,198.46,188.36,178.6,194.09,218.75,220.65,0.241,221.85,183.31,176.29,172.23,170.46,170.82,174.84,178.85,182.18,186.59,218.88,189.58,177.86,175.4,180.79,192.73,157.14,153.45,164.13,163.22,172.75,172.09,172,157.93,141.53,164.17,165.94,170.65,154.09
229.36,444.68,177.82,166.38,189.5,183.17,149,235.22,187.56,202.1,203.83,200.69,232.04,203.08,196.56,195.49,184.56,170.89,169.59,0,179.42,221.86,186.5,211.92,202.71,236.94,203.24,189.77,218.23,191.62,208.91,188.6,190.78,207.37,179.38,182.49,187.27,183.28,182.32,166.59,165.92,165.74,171.87,170.73,174.63,177.54,180.63,172.84,136.59,166.79,160.74,160.74,135.77,208.28,206.35,199.04,198.5,192.6,182.5,179.24,194.73,182.61,193.05,167.18,167.18,203.52,204.94,198.41,194.88,195.02,196.63,198.84,200.83,200.92,233.2,203.9,184.11,187,196.38,202.85,178.02,175.07,176.97,175.42,185.85,185.85,185.85,191.79,186,216.19,0.365,205.64,172.64
221.72,463.92,176.04,203.72,230.04,210.74,221.89,225.89,195.91,194.12,195.85,191.35,222.71,193.75,215.24,186.15,172.1,159.1,157.8,179.42,0,182.62,256.24,190.37,186.4,198.02,185.6,172.63,215.11,176.46,210,178.46,180.55,208.46,159.49,164.54,169.33,191.63,201,242.23,203.27,175.76,181.64,171.51,172.85,168.16,168.17,162.73,210.81,194.5,188.45,188.31,208.66,198.95,197.02,189.71,189.17,183.26,173.16,171.26,186.75,172.63,158.47,155.39,155.39,165.13,183.39,195.29,195.97,196.11,197.72,199.93,201.64,193.28,225.56,196.26,167.24,193.48,206.45,222.09,247.75,0.435,160.33,155.52,174.96,175.62,175.71,174.15,169.69,176.95,175.77,166.72,246.86
231.97,447.29,180.41,169.57,192.7,184.6,152.79,236.07,190.14,202.94,204.67,201.53,232.88,203.92,199.71,196.33,186.57,171.14,169.84,221.86,182.62,0,189.65,212.76,207.09,236.6,207.03,193.56,219.07,194.23,209.75,190.62,192.8,208.21,182,185.09,189.88,185.86,185.47,169.79,169.12,169.53,174.48,173.32,177.22,178.38,182.65,176.63,140.38,168.22,162.17,162.17,139.56,209.13,207.2,199.88,199.34,193.44,183.34,180.08,195.57,183.45,193.89,167.43,167.43,203.18,205.78,199.24,195.72,195.86,197.47,199.68,202.26,203.53,235.81,206.51,186.13,188.69,198.4,205.46,181.17,178.27,179.58,178.03,187.87,187.87,187.87,195.58,190.38,0.567,218.21,205.3,176.43
225.11,470.26,182.26,207.11,237.12,218.56,229.71,232.13,200.78,199.73,201.46,197.58,228.95,199.99,220.1,192.39,179.18,166.92,165.62,186.5,256.24,189.65,0,196.71,191.27,205.1,190.46,177.5,220.71,179.85,214.13,181.85,183.94,212.59,161.51,167.93,172.72,196.5,205.86,243.41,206.66,180.63,186.51,177.12,179.07,175.01,175.25,168.33,218.63,202.32,196.27,196.13,216.48,205.19,203.26,195.94,195.41,189.5,179.4,176.87,192.36,178.97,165.55,163.21,163.21,172.21,189.73,200.89,200.1,200.24,201.85,204.06,205.03,196.67,228.95,199.65,170.63,199.83,212.79,228.43,0.848,251.88,163.72,157.54,178.35,179.01,179.1,179.01,174.56,183.98,182.85,173.8,254.68
234.04,455.51,195.09,177.61,200.17,195.12,163.51,246.32,207.07,213.19,214.92,211.78,243.14,214.18,212.54,206.58,196.81,184.35,183.27,211.92,190.37,212.76,196.71,0,199.61,246.02,200.32,185.85,252.91,190.91,227.78,187.63,189.81,220.51,178.05,184.37,189.16,202.79,198.3,177.83,177.16,175.81,192.32,189.95,191.9,188.64,192.88,181.04,151.11,178.9,172.85,172.69,150.28,219.38,217.45,210.14,209.6,203.69,193.59,190.33,205.82,194.12,212.04,180.86,180.64,233.05,0.698,233.09,226.04,213.89,213.09,211.98,210.02,205.6,237.88,208.58,189.87,187.59,202.84,213.68,188.23,186.02,178.68,174.08,184.88,184.88,184.88,188.87,182.9,207.09,208.27,214.72,187.16
226.21,434.78,175.57,177.2,187.22,188.09,186.46,229.89,183.18,196.76,198.49,195.35,226.71,197.75,199.07,190.14,186.63,159.54,158.24,202.71,186.4,207.09,191.27,199.61,0,217.46,219.84,224.92,214.57,203.14,208.78,189.91,192.09,206.2,175.17,183.93,188.72,178.9,184.83,177.2,180.18,188.28,172.31,171.46,172.38,172.2,182.7,204.77,174.06,171.71,165.66,165.66,173.23,202.94,201.02,193.7,193.16,187.25,177.16,173.9,189.39,177,177.5,155.83,155.83,184.04,192.63,194.75,194.75,194.89,196.5,197.67,199.23,197.77,230.05,200.75,185.99,183.85,191.59,192.95,182.79,182.05,180.79,171.2,187.16,187.16,187.16,208.39,1.671,201.42,199.06,186.16,210.11
253.78,467.41,202.25,184.42,210.69,214.04,166.97,267.2,211.52,234.07,235.8,232.66,264.01,235.06,216.54,227.45,210.53,203.25,201.95,236.94,198.02,236.6,205.1,246.02,217.46,0,221.21,206.88,249.71,213.23,240.4,214.23,216.5,238.27,202.92,206.76,211.55,207.24,202.3,184.63,183.97,182.61,196.29,195.16,199.06,209.51,206.6,189.72,154.56,197.66,191.61,191.61,153.74,240.25,238.32,231.02,230.48,224.56,214.47,211.21,226.7,215,227.15,199.54,199.54,244.08,239.04,229.89,226.36,226.51,228.11,229.74,229.76,225.34,257.62,228.32,209.61,212.19,218.01,225.58,196.62,193.67,198.59,198.95,212.23,211.57,211.48,209.76,200.75,230.93,233.29,3.13,190.61
226.87,423.4,177.31,179.2,180.02,193.34,202.91,231.79,186.2,198.74,200.47,197.25,228.61,199.65,201.4,192.05,188.58,170.68,169.38,203.24,185.6,207.03,190.46,200.32,219.84,221.21,0,221.47,213.76,213.62,207.98,187.6,189.69,205.39,164.99,180.86,185.65,181.92,187.16,179.13,181.6,189.32,172.77,172.17,174.12,174.19,184.65,193.29,191.09,176.96,170.91,170.91,189.68,204.85,202.92,195.61,195.07,189.16,179.06,175.88,191.37,178.57,187.22,166.97,166.97,188.23,193.34,193.94,193.94,194.09,195.69,196.86,198.43,198.43,230.71,201.41,188.51,182.92,187.24,181.57,181.98,181.25,178.05,161.02,184.1,184.76,184.85,1.145,203.13,201.36,199.59,189.91,227.14
212.44,413.46,161.81,166.24,170.08,174.33,183.9,216.12,172.36,183,184.72,181.58,212.94,183.98,188.43,176.38,171.51,151.67,150.37,189.77,172.63,193.56,177.5,185.85,224.92,206.88,221.47,0,203.78,196.12,199.28,173.12,175.22,195.83,152.02,166.38,171.17,168.08,174.19,166.16,169.17,177.87,159.05,157.7,158.62,158.44,167.58,181.82,172.08,157.95,151.9,151.9,170.67,189.18,187.25,179.94,179.4,173.49,163.39,160.13,175.63,163.24,171.24,147.96,147.96,173.46,178.87,183.96,185.32,185.39,186.2,187.3,188.42,184,216.28,186.98,174.04,168.44,172.76,171.63,169.02,168.28,163.58,148.06,169.62,170.28,170.37,210.02,208.21,187.89,186.12,175.58,208.13
251.98,461.14,210.64,204.39,207.22,204.14,191.65,254.17,223.12,224.16,225.89,219.63,250.98,222.03,236.88,214.43,207.64,193.35,192.05,218.22,215.11,219.07,220.71,252.91,214.57,249.71,213.76,203.78,0,202.64,245.72,192.79,195.06,238.45,175.71,192.11,196.9,218.84,222.64,204.6,203.82,202.58,208.13,206.72,207.45,199.61,203.71,197.85,179.24,187.76,181.71,181.71,178.42,227.22,225.3,217.98,217.45,211.54,201.44,201.3,216.79,200.9,217.55,189.64,189.64,225.5,245.93,1.982,259.27,231.83,231.03,229.92,227.96,223.54,255.82,226.52,205.91,190.75,204.31,219.31,212.23,210.76,186.42,171.74,190.8,190.13,190.05,202.31,197.85,213.39,214.57,218.41,215.29
220.85,408.48,171.69,169.93,165.09,199.27,208.84,226.29,176.07,194.24,195.97,191.75,223.11,194.15,189.63,186.55,184.12,170.86,169.26,191.62,176.46,194.23,179.85,190.91,203.14,213.23,213.62,196.12,202.64,0,195.09,203.45,205.27,193.55,174.29,201.47,206.26,171.79,175.39,171.15,170.01,171.99,164.19,164.19,168.5,169.69,180.19,182.85,197.02,182.89,176.84,176.84,195.61,199.35,197.42,190.11,189.57,183.66,173.56,171.38,186.88,172.82,182.54,166.85,167.15,180.34,183.93,182.82,181.06,181.21,182.81,185.02,187.99,192.41,224.69,195.39,193.37,192.14,188.02,166.65,171.37,172.11,209.89,170.33,197.7,200.34,200.7,202.17,186.43,188.56,187.97,181.93,233.07
258.38,447.53,200.74,201.55,195.86,196.8,191.37,244.92,214.78,215.06,216.79,210.38,241.74,212.78,230.62,205.18,198.4,186.01,184.71,208.91,210,209.75,214.13,227.78,208.78,240.4,207.98,199.28,245.72,195.1,0,183.48,185.75,264.01,164.56,183.46,188.25,210.5,216.38,201.77,201.1,200.47,200.25,197.55,197.55,190.5,194.47,188.99,178.96,180.42,174.37,174.37,178.14,217.98,216.05,208.74,208.2,202.29,192.19,192.2,207.69,191.66,208.31,182.3,182.3,212.43,220.8,225.9,262.82,1.389,259.89,255.48,247.61,229.94,262.22,232.92,200.05,181.44,193.24,205.7,205.65,205.65,176.68,160.59,181.48,180.82,180.73,196.53,192.07,204.08,205.26,209.1,215.01
214.28,413.57,186.18,175.76,168.58,213.76,223.33,232.25,189.35,208.56,210.29,197.72,229.08,200.11,199.42,192.51,193.83,176.05,174.75,188.6,178.46,190.62,181.85,187.63,189.91,214.23,187.6,173.12,192.79,203.45,183.48,0,217.42,181.94,184.09,211.27,216.06,185.07,185.18,176.23,175.76,176.48,177.71,178.68,182.99,184.18,189.9,178.26,211.51,197.38,191.33,191.33,210.1,205.31,203.38,196.07,195.53,189.63,179.52,185.71,201.19,177.6,188.69,172.34,172.34,182.4,180.65,172.97,169.45,169.59,171.2,173.41,177.34,185.84,218.12,188.82,203.17,183.52,186.3,171.74,173.37,174.11,219.68,180.12,209.84,212.49,0.275,176.15,173.2,184.95,184.95,182.93,247.56
216.55,415.81,188.8,177.94,170.76,216.38,225.95,234.52,191.88,211.1,212.83,199.98,231.34,202.38,201.86,194.78,196.28,178.32,177.02,190.78,180.55,192.8,183.94,189.81,192.09,216.5,189.69,175.22,195.06,205.28,185.75,217.42,0,184.21,186.53,213.71,218.5,187.6,187.62,178.32,177.94,178.75,180.15,181.3,185.61,186.8,192.35,180.36,214.13,200,193.95,193.95,212.72,207.58,205.65,198.34,197.8,191.89,181.79,188.24,203.73,179.78,190.95,174.61,174.61,184.67,182.83,175.24,171.72,171.86,173.47,175.67,179.61,188.11,220.39,191.09,205.61,185.78,188.48,173.98,175.46,176.2,222.13,182.56,212.37,0.493,214.67,178.24,175.38,187.13,187.13,185.2,250.18
260.65,440.26,204.92,203.67,192.41,200.98,195.55,244.74,218.74,215.89,217.62,210.2,241.56,212.6,232.89,205,197.03,189,187.38,207.37,208.46,208.21,212.59,220.51,206.2,238.27,205.39,195.83,238.45,193.55,264.01,181.94,184.2,0,161.1,181.92,186.71,214.46,218.65,203.76,203.37,202.02,204.44,201.73,201.73,191.33,193.1,187.45,183.14,184.6,178.55,178.55,182.32,217.8,215.87,208.56,208.02,202.11,192.01,193.03,208.52,190.94,208.08,184.97,185.29,208.35,213.53,218.63,249.83,250.12,253.33,0.853,249.89,232.22,264.5,235.19,202.32,179.9,191.69,198.43,204.11,204.11,175.13,157.14,179.94,179.27,179.19,193.94,189.49,202.54,203.72,206.97,219.19
187.4,385.3,185.29,159.4,139.75,219.02,230.3,218.96,186.82,198.86,200.59,184.42,215.78,186.82,197.57,179.22,187.53,168.49,167.19,179.38,159.49,182,161.52,178.05,175.17,202.92,164.99,152.02,175.71,174.29,164.56,184.09,186.53,161.1,0,175.17,179.96,182.54,183.33,159.32,159.55,161.11,175.01,175.24,182.1,181.09,183.6,164.1,220.26,202.64,196.59,196.59,217.08,192.02,190.09,182.78,182.24,176.33,166.23,176,191.49,164.62,172.74,164.78,164.78,170.52,171.07,155.89,150.6,150.67,151.47,152.57,154.54,158.96,191.24,161.94,167.07,153.95,165.34,143.47,153.04,155.14,228.54,0.397,228.07,181.6,181.34,153.54,158.46,176.32,175.74,171.62,256.31
214.6,400.77,193.59,162.38,151.5,228.23,239.76,225.82,195.38,204.85,206.58,191.28,222.65,193.69,204.35,186.09,193.02,175.6,174.21,182.49,164.54,185.1,167.93,184.37,183.93,206.76,180.86,166.38,192.11,201.47,183.46,211.27,213.71,181.92,175.17,0,0.479,191.11,190.11,162.31,162.53,163.88,181.68,181.68,190.4,185.38,189.09,170.99,230.65,212.01,205.96,205.8,226.53,198.88,196.95,189.65,189.1,183.19,173.1,181.99,197.48,171.49,176.87,171.8,171.89,174.4,177.39,172.29,169.43,169.57,171.18,173.39,177.32,186.16,218.44,189.14,199.29,178.32,180.46,158.94,159.45,160.19,198.86,171.2,210.77,208.78,208.52,169.41,167.22,179.43,178.84,175.46,266.7
219.39,405.56,198.38,167.17,156.29,233.02,244.55,230.62,200.17,209.64,211.37,196.08,227.44,198.48,209.14,190.88,197.81,180.39,179,187.27,169.33,189.88,172.72,189.16,188.72,211.55,185.65,171.17,196.9,206.26,188.25,216.06,218.5,186.71,179.96,0.479,0,195.89,194.9,167.1,167.32,168.68,186.47,186.47,195.19,190.17,193.88,175.78,235.44,216.8,210.75,210.59,231.32,203.67,201.75,194.44,193.89,187.98,177.88,186.78,202.27,176.28,181.66,176.59,176.68,179.19,182.18,177.08,174.22,174.36,175.97,178.18,182.11,190.95,223.23,193.93,204.08,183.11,185.25,163.73,164.24,164.98,203.66,175.99,215.56,213.57,213.31,174.2,172.01,184.22,183.63,180.25,271.49
249.13,416.97,176.4,185.09,189.18,224.24,224.84,227.72,0.428,191.34,193.07,193.18,224.54,195.58,231.04,187.99,173.21,173.65,172.79,183.28,191.63,185.86,196.5,202.79,178.9,207.24,181.92,168.08,218.84,171.79,210.5,185.07,187.6,214.46,182.54,191.1,195.89,0,216.8,190.57,189.42,168.06,218.37,182.38,173.21,165.09,169.28,160.68,214.09,208.19,202.14,201.81,211.61,200.79,198.85,191.54,191,185.09,175,168.48,183.97,176.07,170.18,170.38,169.94,174.88,195.81,199.02,196.25,196.61,200.63,205.93,213.03,220.69,252.97,223.67,197,168.73,164.41,175.14,188.02,187.28,179.48,178.57,184.68,182.67,182.32,170.47,162.19,180.19,179.63,175.94,250.14
248.2,421.68,173.66,194.38,195.37,216.28,221.47,227.73,221.08,190.3,192.03,193.19,224.55,195.58,1.424,187.99,169.7,163.82,162.52,182.32,201,185.47,205.86,198.3,184.83,202.3,187.16,174.19,222.64,175.39,216.38,185.18,187.62,218.65,183.33,190.11,194.9,216.8,0,205.46,196.87,171.78,203.48,176.51,170.47,162.35,165.77,160.68,210.72,200.06,194.01,193.85,208.24,200.78,198.86,191.54,191,185.1,174.99,167.44,182.93,176.07,162.73,160.11,160.11,169.41,191.32,202.82,202.2,202.49,205.7,210.12,215.93,219.76,252.04,222.74,191.71,176.17,171.85,179.85,197.38,196.65,180.3,179.36,184.68,182.69,182.43,175.71,168.12,179.8,178.67,171,246.77
218.37,453.21,165.33,200.78,217.21,195.79,206.94,214.63,194.85,183.13,184.86,180.09,211.44,182.49,219.7,174.89,159.27,144.15,142.85,166.59,242.23,169.79,243.4,177.83,177.2,184.63,179.13,166.16,204.6,171.15,201.77,176.23,178.32,203.76,159.32,162.31,167.1,190.57,205.46,0,200.18,167.55,177.25,162.92,162.14,155.33,155.34,153.05,195.86,179.55,173.5,173.36,193.71,187.69,185.75,178.45,177.91,172,161.9,160.27,175.76,161.9,144.55,140.44,140.44,151.21,170.85,184.78,187.59,187.88,191.09,195.23,197.5,189.93,222.21,192.91,165.01,182.77,195.74,211.38,234.93,237.88,158.1,155.35,172.73,173.39,173.48,167.68,160.49,164.12,162.94,153.33,231.91
218.37,422.99,173.05,200.47,193.75,194.82,205.83,213.96,193.7,182.68,184.41,179.42,210.78,181.82,211.11,174.22,163.86,143.48,142.18,165.93,203.27,169.13,206.66,177.16,180.18,183.97,181.6,169.17,203.82,170.01,201.1,175.76,177.94,203.37,159.55,162.53,167.32,189.42,196.87,200.18,0,182.65,179.52,176.81,169.86,156.43,159.93,159.93,194.75,178.44,172.39,172.39,192.6,187.02,185.09,177.78,177.24,171.33,161.23,159.82,175.31,161.23,143.89,139.77,139.77,150.55,170.18,184,186.92,187.21,190.43,194.84,197.28,189.93,222.21,192.91,165.23,175.07,174.31,181.16,198.18,198.92,158.32,155.58,172.95,173.01,173.01,170.15,163.47,163.45,162.28,152.67,230.8
218.37,405.72,177.82,167.55,176.58,190.76,201.77,213.38,172.34,185.17,186.91,178.84,210.2,181.24,186.02,173.64,175.48,142.13,140.83,165.74,175.76,169.53,180.63,175.81,188.28,182.61,189.32,177.87,202.58,171.99,200.47,176.48,178.75,202.02,161.11,163.88,168.68,168.06,171.78,167.55,182.65,0,177.01,175.65,174.63,162.31,171.55,178.36,191.01,174.38,168.33,168.33,188.54,186.44,184.51,177.2,176.66,170.75,160.65,162.31,177.8,160.12,142.53,138.42,138.42,149.19,168.83,182.76,186.29,186.58,189.8,193.49,196.25,189.93,222.21,192.91,166.59,169.56,163.24,163.89,172.15,171.41,159.98,157.14,174.46,173.82,173.73,177.87,171.57,163.86,162.09,151.31,227.06
240.82,409,183.01,175.1,179.8,214.59,211.5,221.27,222.65,188.14,189.87,186.73,218.09,189.13,217.72,181.53,173.08,161.75,160.14,171.87,181.64,174.48,186.51,192.32,172.31,196.29,172.77,159.05,208.13,164.19,200.25,177.71,180.15,204.44,175.01,181.68,186.47,218.37,203.48,177.25,179.52,177.01,0,197.4,179.82,163.58,169.15,155.6,200.74,198.37,192.32,192.16,198.27,194.33,192.4,185.09,184.55,178.64,168.54,165.28,180.77,169.07,157.11,157.73,158.05,163.77,185.34,188.31,186,186.37,190.38,195.91,203.71,212.38,244.66,215.36,188.55,162.07,157.75,167.17,178.03,177.3,171.04,171.04,177.21,175.22,174.96,161.31,155.6,168.81,168.22,164.99,236.79
239.52,408.06,217.16,162.92,173.59,214.84,210.39,226.71,186.66,200.1,201.83,192.17,223.53,194.57,190.75,186.97,182.81,162.14,160.84,170.73,171.51,173.32,177.12,189.95,171.46,195.15,172.17,157.7,206.72,164.19,197.55,178.68,181.3,201.73,175.24,181.68,186.47,182.38,176.51,162.92,176.81,175.65,197.4,0,213.97,181.5,178.88,158.47,199.04,198.46,192.41,192.41,197.16,199.77,197.84,190.53,189.99,184.08,173.98,177.24,192.73,173.45,161.09,158.43,158.43,163.32,182.97,186.9,183.3,183.66,187.68,193.2,202.35,211.08,243.36,214.06,187.82,163.42,157.9,166.23,168.64,167.16,172.18,171.27,179.33,176.37,175.93,160.72,154.75,167.65,167.08,163.85,235.09
243.42,415.34,0.319,162.07,178.24,220.69,212.34,230.61,177.49,204,205.73,196.07,227.43,198.47,184.71,190.87,186.71,166.9,165.28,174.63,172.85,177.22,179.07,191.9,172.38,199.06,174.12,158.62,207.45,168.5,197.55,182.99,185.61,201.73,182.1,190.4,195.19,173.21,170.47,162.14,169.86,174.63,179.82,213.97,0,189.3,182.78,159.39,200.99,204.31,198.26,198.26,199.11,203.67,201.74,194.43,193.89,187.98,177.88,181.14,196.63,177.35,164.99,162.87,163.19,167.22,184.92,187.63,183.3,183.66,187.68,193.2,203.03,214.98,247.26,217.96,197.57,170.04,163.75,173.51,170.59,168.5,178.13,178.13,183.99,180.68,180.24,162.67,155.67,171.55,170.98,167.75,237.04
225.15,426.88,192.49,155.25,175.55,215.57,187.42,248.14,169.37,231.3,233.03,213.6,244.96,216,176.59,208.4,193.37,174.81,173.51,177.54,168.16,178.38,175.02,188.63,172.2,209.51,174.19,158.44,199.61,169.69,190.5,184.18,186.8,191.33,181.09,185.38,190.17,165.09,162.35,155.32,156.43,162.31,163.58,181.5,189.3,0,189.44,159.39,175.01,199.19,193.14,193.14,174.19,221.2,219.27,211.96,211.42,205.51,195.41,208.44,223.93,193.27,197.41,171.1,171.1,190.75,181.66,179.79,176.32,176.61,179.49,182.8,188.5,196.71,228.99,199.69,188.76,174.24,176.09,185.05,166.53,163.8,177.12,177.12,184.96,181.87,181.43,162.74,155.49,172.71,173.89,178.21,211.06
223.61,428.86,185.97,155.27,180.51,203.33,183.92,233.83,173.56,207.21,208.94,199.29,230.65,201.69,180.01,194.09,0.393,161.65,160.35,180.63,168.17,182.65,175.25,192.88,182.7,206.6,184.65,167.58,203.71,180.19,194.47,189.9,192.35,193.1,183.6,189.09,193.88,169.28,165.77,155.34,159.93,171.55,169.15,178.88,182.78,189.44,0,173.39,171.51,187.11,181.06,180.9,170.69,206.89,204.96,197.65,197.11,191.2,181.1,184.35,199.84,180.56,171.22,157.94,157.94,174.24,185.9,183.89,180.36,180.58,182.36,184.57,188.5,195.17,227.45,198.15,190.72,180.66,181.87,187.03,166.77,163.82,180.32,179.63,189.4,187.42,187.15,173.2,165.99,176.97,176.98,175.3,207.56
209.5,416.56,162.58,153.05,166.79,180.79,176.4,213.38,164.96,183.95,185.68,178.84,210.2,181.24,174.92,173.64,177.32,139.11,137.81,172.84,162.73,176.63,168.33,181.04,204.77,189.72,193.29,181.82,197.86,182.85,188.99,178.26,180.36,187.45,164.1,170.99,175.78,160.68,160.68,153.05,159.93,178.36,155.6,158.47,159.39,159.39,173.39,0,164,164.57,158.52,158.36,163.17,186.44,184.51,177.2,176.66,170.75,160.65,161.09,176.58,160.12,149.63,135.4,135.4,156.29,174.06,178.03,174.95,175.1,176.71,178.91,181.38,181.06,213.34,184.04,171.09,172.89,170.08,174.73,159.85,158.38,166.4,160.13,174.76,175.43,175.51,181.84,188.06,170.96,169.19,158.42,200.05
234.97,491.91,204.18,195.5,231.47,28.492,7.926,30.296,218.37,199.56,201.29,23.872,30.568,25.264,224.96,26.952,175.44,119.64,118.04,136.59,210.81,140.38,218.63,151.11,174.06,154.56,191.09,172.08,179.24,197.02,178.96,211.51,214.13,183.14,220.26,230.65,235.44,214.09,210.72,195.86,194.75,191.01,200.74,199.04,200.99,175.01,171.51,164,0,5.28,6.49,19.52,5.28,19.52,20.292,23.216,23.432,25.796,29.836,176.7,192.19,179.42,115.01,115.63,115.93,121.67,144.13,159.42,164.71,165.07,169.09,174.61,184.44,206.53,238.81,209.51,234.59,212.31,232.95,250.08,210.15,206.46,217.16,216.29,212.51,209.2,208.76,179.64,157.35,134.71,132.94,123.26,3.605
236.43,473.91,207.5,179.19,213.47,8.966,7.926,9.868,212.47,227.14,228.87,6.656,10.004,7.352,214.3,8.196,191.04,172.55,170.96,166.79,194.5,168.22,202.32,178.9,171.71,197.66,176.96,157.95,187.76,182.89,180.42,197.38,200,184.6,202.64,212.01,216.8,208.19,200.06,179.55,178.44,174.38,198.37,198.46,204.31,199.19,187.11,164.57,5.28,0,0.605,4.48,5.28,4.48,4.866,6.328,6.436,7.618,9.638,204.28,219.77,212.44,179.09,168.55,168.84,176.87,171.92,167.94,166.17,166.53,170.55,176.07,185.9,207.99,240.27,210.97,216.77,198.18,215.98,232.08,193.84,190.15,199.14,198.67,198.38,195.07,194.63,165.51,155,162.55,163.14,166.36,12.49
230.38,467.86,201.45,173.14,207.42,7.756,9.136,8.658,206.41,221.09,222.82,5.446,8.794,6.142,208.25,6.986,184.99,166.5,164.91,160.74,188.45,162.17,196.27,172.85,165.66,191.61,170.91,151.9,181.71,176.84,174.37,191.33,193.95,178.55,196.59,205.96,210.75,202.13,194.01,173.5,172.39,168.33,192.32,192.41,198.26,193.14,181.06,158.52,6.49,0.605,0,3.27,6.49,3.27,3.656,5.118,5.226,6.408,8.428,198.23,213.72,206.39,173.04,162.5,162.79,170.82,165.87,161.89,160.12,160.48,164.5,170.02,179.85,201.94,234.22,204.92,210.72,192.13,209.93,226.03,187.79,184.1,193.09,192.62,192.33,189.02,188.58,159.46,148.95,156.5,157.09,160.31,13.7
230.38,467.69,201.45,173.07,207.25,2.243,24.812,8.658,206.09,221.09,222.82,5.446,8.794,6.142,208.09,6.986,184.83,166.34,164.91,160.74,188.31,162.17,196.13,172.69,165.66,191.61,170.91,151.9,181.71,176.84,174.37,191.33,193.95,178.55,196.59,205.8,210.59,201.81,193.85,173.36,172.39,168.33,192.16,192.41,198.26,193.14,180.9,158.36,19.52,4.48,3.27,0,19.52,3.27,3.656,5.118,5.226,6.408,8.428,198.23,213.72,206.39,173.04,162.5,162.63,170.82,165.71,161.89,160.12,160.48,164.5,170.02,179.85,201.94,234.22,204.92,210.4,192.13,209.76,225.86,187.65,183.96,192.93,192.62,192.33,189.02,188.58,159.46,148.95,156.5,157.09,160.31,33.94
234.15,488.43,202.3,193.35,227.99,28.492,1.323,30.296,215.89,198.74,200.47,23.872,30.568,25.264,222.48,26.952,174.61,118.81,117.22,135.77,208.66,139.56,216.48,150.28,173.23,153.74,189.68,170.67,178.42,195.61,178.14,210.1,212.72,182.32,217.07,226.53,231.32,211.61,208.24,193.71,192.6,188.54,198.27,197.16,199.11,174.19,170.69,163.17,5.28,5.28,6.49,19.52,0,19.52,20.292,23.216,23.432,25.796,29.836,175.88,191.37,178.6,114.19,114.81,115.1,120.85,143.3,158.6,163.89,164.25,168.27,173.79,183.62,205.71,237.99,208.69,231.29,210.9,230.35,246.6,208,204.31,213.66,213.1,211.1,207.79,207.35,178.23,156.52,133.89,132.12,122.44,12.49
241.07,461.34,206.86,187.47,202.04,7.756,24.812,2.694,205.07,250.85,252.58,1.088,2.762,1.436,215.02,1.858,210.82,215.45,214.15,208.28,198.95,209.13,205.18,219.38,202.94,240.25,204.85,189.18,227.22,199.35,217.98,205.31,207.58,217.8,192.02,198.88,203.67,200.79,200.78,187.69,187.02,186.44,194.33,199.77,203.67,221.2,206.89,186.44,19.52,4.48,3.27,3.27,19.52,0,0.193,0.924,0.978,1.569,2.579,227.99,243.48,238.87,238.06,211.74,211.74,231.4,212.4,207.4,203.88,204.09,206.5,209.27,212.39,212.63,244.91,215.61,202.98,201.34,203.53,219.51,196.71,194.6,188.05,188.05,202.78,202.65,202.56,193.4,186.23,203.46,204.64,208.96,33.94
239.14,459.41,204.93,185.54,200.11,8.142,25.584,2.887,203.13,248.92,250.65,0.895,2.569,1.243,213.09,1.665,208.89,213.52,212.22,206.35,197.02,207.2,203.26,217.45,201.02,238.32,202.92,187.25,225.29,197.42,216.05,203.38,205.65,215.87,190.09,196.95,201.74,198.85,198.85,185.75,185.09,184.51,192.4,197.84,201.74,219.27,204.96,184.51,20.292,4.866,3.656,3.656,20.292,0.193,0,0.731,0.785,1.376,2.386,226.06,241.55,236.94,236.13,209.81,209.81,229.46,210.47,205.48,201.95,202.16,204.57,207.34,210.47,210.7,242.98,213.68,201.05,199.41,201.6,217.58,194.77,192.67,186.12,186.12,200.85,200.72,200.63,191.47,184.31,201.52,202.71,207.03,34.712
231.83,452.1,197.62,178.23,192.8,9.604,28.508,3.618,195.82,241.61,243.34,0.164,3.3,0.512,205.78,0.934,201.58,206.21,204.91,199.04,189.71,199.89,195.94,210.14,193.7,231.02,195.61,179.94,217.98,190.11,208.74,196.07,198.34,208.56,182.78,189.65,194.44,191.55,191.54,178.44,177.78,177.2,185.09,190.53,194.43,211.96,197.65,177.2,23.216,6.328,5.118,5.118,23.216,0.924,0.731,0,0.054,0.645,1.655,218.75,234.24,229.63,228.81,202.5,202.5,222.16,203.16,198.16,194.64,194.85,197.26,200.03,203.16,203.39,235.67,206.37,193.74,192.1,194.29,210.27,187.46,185.36,178.81,178.81,193.54,193.41,193.32,184.16,177,194.22,195.4,199.72,37.636
231.29,451.56,197.08,177.69,192.26,9.712,28.724,3.672,195.28,241.07,242.8,0.218,3.354,0.458,205.24,0.88,201.04,205.67,204.37,198.5,189.17,199.34,195.41,209.6,193.16,230.47,195.07,179.4,217.44,189.57,208.2,195.53,197.8,208.02,182.24,189.11,193.89,191,191,177.91,177.24,176.66,184.55,189.99,193.89,211.42,197.11,176.66,23.432,6.436,5.226,5.226,23.432,0.978,0.785,0.054,0,0.591,1.601,218.21,233.7,229.09,228.28,201.96,201.96,221.61,202.62,197.63,194.1,194.31,196.72,199.49,202.62,202.85,235.13,205.83,193.2,191.56,193.75,209.73,186.92,184.82,178.27,178.27,193,192.87,192.78,183.62,176.46,193.67,194.86,199.18,37.852
225.38,445.65,191.17,171.78,186.35,10.894,31.088,4.263,189.37,235.16,236.89,0.809,3.945,1.049,199.33,0.289,195.13,199.76,198.46,192.6,183.26,193.44,189.5,203.69,187.25,224.56,189.16,173.49,211.54,183.66,202.29,189.63,191.89,202.11,176.33,183.19,187.98,185.09,185.09,171.99,171.33,170.75,178.64,184.08,187.98,205.51,191.2,170.75,25.796,7.618,6.408,6.408,25.796,1.569,1.376,0.645,0.591,0,1.01,212.3,227.79,223.18,222.37,196.05,196.05,215.7,196.71,191.72,188.19,188.4,190.82,193.58,196.71,196.94,229.22,199.92,187.29,185.65,187.84,203.82,181.01,178.91,172.36,172.36,187.09,186.96,186.88,177.71,170.55,187.76,188.95,193.26,40.216
215.28,435.55,181.07,161.68,176.25,12.914,35.128,5.273,179.27,225.06,226.79,1.819,4.955,2.059,189.23,1.299,185.03,189.66,188.36,182.49,173.16,183.34,179.39,193.59,177.15,214.47,179.06,163.39,201.44,173.56,192.19,179.53,181.79,192.01,166.23,173.09,177.88,175,174.99,161.9,161.23,160.65,168.54,173.98,177.88,195.41,181.1,160.65,29.836,9.638,8.428,8.428,29.836,2.579,2.386,1.655,1.601,1.01,0,202.2,217.69,213.08,212.27,185.95,185.95,205.6,186.61,181.62,178.09,178.3,180.71,183.48,186.61,186.84,219.12,189.82,177.19,175.55,177.74,193.72,170.91,168.81,162.26,162.26,176.99,176.86,176.77,167.61,160.44,177.66,178.85,183.17,44.256
223.72,433.41,184.33,160.12,176.25,220.66,189.11,254.93,172.76,2.286,2.459,220.39,251.75,222.79,181.68,215.19,188.28,179.89,178.6,179.24,171.26,180.08,176.87,190.33,173.9,211.21,175.88,160.13,201.3,171.38,192.2,185.7,188.24,193.03,176,181.99,186.78,168.48,167.44,160.27,159.82,162.31,165.28,177.24,181.14,208.44,184.35,161.09,176.71,204.28,198.23,198.23,175.88,227.99,226.06,218.75,218.21,212.3,202.2,0,1.549,200.05,202.5,176.18,176.19,195.84,183.35,181.48,178.02,178.3,181.19,184.5,190.2,195.28,227.56,198.26,185.36,175.93,178.35,191.58,168.39,166.91,172.03,172.03,185.95,183.31,182.95,164.43,157.19,174.41,175.59,179.91,212.76
239.21,448.9,199.82,175.61,191.74,236.15,204.6,270.42,188.25,0.737,0.91,235.88,267.24,238.28,197.17,230.68,203.77,195.39,194.08,194.73,186.75,195.57,192.36,205.82,189.39,226.7,191.37,175.63,216.79,186.88,207.68,201.19,203.73,208.52,191.49,197.48,202.27,183.97,182.93,175.76,175.31,177.81,180.77,192.73,196.63,223.93,199.84,176.58,192.2,219.77,213.72,213.72,191.37,243.48,241.55,234.24,233.7,227.79,217.69,1.549,0,215.54,217.99,191.67,191.68,211.33,198.84,196.97,193.51,193.8,196.67,199.99,205.69,210.77,243.05,213.75,200.85,191.42,193.84,207.07,183.88,182.4,187.52,187.52,201.44,198.8,198.44,179.92,172.68,189.9,191.08,195.4,228.25
213.13,435.01,180.54,161.68,176.25,228.82,191.83,265.81,180.35,222.91,224.64,231.27,262.63,233.67,190.31,226.07,184.49,221.33,218.75,182.61,172.63,183.45,178.97,194.12,177,215,178.57,163.23,200.9,172.82,191.66,177.6,179.78,190.94,164.62,171.49,176.28,176.07,176.07,161.9,161.23,160.12,169.07,173.45,177.35,193.27,180.56,160.12,179.43,212.44,206.39,206.39,178.6,238.87,236.94,229.63,229.09,223.18,213.08,200.05,215.54,0,213.87,216.35,217.62,207.21,187.14,181.08,177.55,177.77,180.18,182.41,184.69,184.69,216.97,187.67,175.58,175.01,177.2,193.18,170.49,168.27,160.65,160.65,174.85,174.85,174.85,167.12,160.29,177.78,178.96,183.7,215.48
228.61,432.83,168.18,144.34,174.03,195.47,127.42,265,174.46,225.36,227.09,230.46,261.81,232.85,176.97,225.25,175.15,220.68,220.65,193.05,158.47,193.89,165.55,212.04,177.5,227.15,187.22,171.24,217.55,182.54,208.31,188.68,190.95,208.08,172.74,176.87,181.66,170.18,162.73,144.55,143.89,142.53,157.11,161.09,164.99,197.41,171.22,149.63,115.01,179.09,173.04,173.04,114.19,238.06,236.13,228.81,228.28,222.37,212.27,202.5,217.99,213.87,0,218.24,216.97,206.34,205.06,197.73,194.2,194.42,196.83,199.55,203.15,200.17,232.45,203.15,184.24,183.71,180.68,191,157.07,154.12,168.45,168.77,186.69,186.02,185.94,175.77,160.79,188.22,189.4,195.85,151.06
